0.000     0.00000  
  0.100     0.00000  
  0.200     0.00000  
  0.300     0.00000  
  0.400     0.00000  
  0.500     0.00000  
  0.600     0.00000  
  0.700     0.00000  
  0.800     0.00000  
  0.900     0.00000  
  1.000     0.00000  
  1.100     0.00000  
  1.200     0.00000  
  1.300     0.00000  
  1.400     0.00000  
  1.500     0.00000  
  1.600     0.00000  
  1.700     0.00000  
  1.800     0.00000  
  1.900     0.00000  
  2.000     0.00000  
  2.100     0.00000  
  2.200     0.00000  
  2.300     0.00000  
  2.400     0.00000  
  2.500     0.00000  
  2.600     0.00000  
  2.700    -0.00001  
  2.800    -0.00001  
  2.900    -0.00001  
  3.000    -0.00001  
  3.100    -0.00001  
  3.200    -0.00001  
  3.300    -0.00001  
  3.400    -0.00002  
  3.500    -0.00002  
  3.600    -0.00002  
  3.700    -0.00002  
  3.800    -0.00003  
  3.900    -0.00003  
  4.000    -0.00003  
  4.100    -0.00004  
  4.200    -0.00004  
  4.300    -0.00005  
  4.400    -0.00005  
  4.500    -0.00006  
  4.600    -0.00006  
  4.700    -0.00007  
  4.800    -0.00007  
  4.900    -0.00008  
  5.000    -0.00009  
  5.100    -0.00010  
  5.200    -0.00011  
  5.300    -0.00012  
  5.400    -0.00013  
  5.500    -0.00014  
  5.600    -0.00015  
  5.700    -0.00016  
  5.800    -0.00017  
  5.900    -0.00018  
  6.000    -0.00020  
  6.100    -0.00021  
  6.200    -0.00023  
  6.300    -0.00024  
  6.400    -0.00026  
  6.500    -0.00028  
  6.600    -0.00030  
  6.700    -0.00032  
  6.800    -0.00034  
  6.900    -0.00036  
  7.000    -0.00038  
  7.100    -0.00040  
  7.200    -0.00043  
  7.300    -0.00045  
  7.400    -0.00048  
  7.500    -0.00050  
  7.600    -0.00053  
  7.700    -0.00056  
  7.800    -0.00059  
  7.900    -0.00062  
  8.000    -0.00065  
  8.100    -0.00069  
  8.200    -0.00072  
  8.300    -0.00076  
  8.400    -0.00079  
  8.500    -0.00083  
  8.600    -0.00087  
  8.700    -0.00091  
  8.800    -0.00095  
  8.900    -0.00099  
  9.000    -0.00104  
  9.100    -0.00108  
  9.200    -0.00113  
  9.300    -0.00118  
  9.400    -0.00123  
  9.500    -0.00128  
  9.600    -0.00133  
  9.700    -0.00138  
  9.800    -0.00144  
  9.900    -0.00150  
 10.000    -0.00155  
 10.100    -0.00161  
 10.200    -0.00167  
 10.300    -0.00174  
 10.400    -0.00180  
 10.500    -0.00186  
 10.600    -0.00193  
 10.700    -0.00200  
 10.800    -0.00207  
 10.900    -0.00214  
 11.000    -0.00221  
 11.100    -0.00229  
 11.200    -0.00236  
 11.300    -0.00244  
 11.400    -0.00252  
 11.500    -0.00260  
 11.600    -0.00269  
 11.700    -0.00277  
 11.800    -0.00286  
 11.900    -0.00295  
 12.000    -0.00303  
 12.100    -0.00313  
 12.200    -0.00322  
 12.300    -0.00331  
 12.400    -0.00341  
 12.500    -0.00351  
 12.600    -0.00361  
 12.700    -0.00371  
 12.800    -0.00382  
 12.900    -0.00392  
 13.000    -0.00403  
 13.100    -0.00414  
 13.200    -0.00425  
 13.300    -0.00436  
 13.400    -0.00448  
 13.500    -0.00459  
 13.600    -0.00471  
 13.700    -0.00483  
 13.800    -0.00495  
 13.900    -0.00508  
 14.000    -0.00520  
 14.100    -0.00533  
 14.200    -0.00546  
 14.300    -0.00559  
 14.400    -0.00572  
 14.500    -0.00586  
 14.600    -0.00600  
 14.700    -0.00613  
 14.800    -0.00628  
 14.900    -0.00642  
 15.000    -0.00656  
 15.100    -0.00671  
 15.200    -0.00686  
 15.300    -0.00701  
 15.400    -0.00716  
 15.500    -0.00732  
 15.600    -0.00747  
 15.700    -0.00763  
 15.800    -0.00779  
 15.900    -0.00796  
 16.000    -0.00812  
 16.100    -0.00829  
 16.200    -0.00846  
 16.300    -0.00863  
 16.400    -0.00880  
 16.500    -0.00897  
 16.600    -0.00915  
 16.700    -0.00933  
 16.800    -0.00951  
 16.900    -0.00969  
 17.000    -0.00988  
 17.100    -0.01006  
 17.200    -0.01025  
 17.300    -0.01044  
 17.400    -0.01064  
 17.500    -0.01083  
 17.600    -0.01103  
 17.700    -0.01123  
 17.800    -0.01143  
 17.900    -0.01163  
 18.000    -0.01183  
 18.100    -0.01204  
 18.200    -0.01225  
 18.300    -0.01246  
 18.400    -0.01267  
 18.500    -0.01289  
 18.600    -0.01311  
 18.700    -0.01332  
 18.800    -0.01354  
 18.900    -0.01377  
 19.000    -0.01399  
 19.100    -0.01422  
 19.200    -0.01445  
 19.300    -0.01468  
 19.400    -0.01491  
 19.500    -0.01515  
 19.600    -0.01539  
 19.700    -0.01563  
 19.800    -0.01587  
 19.900    -0.01611  
 20.000    -0.01636  
 20.100    -0.01660  
 20.200    -0.01685  
 20.300    -0.01710  
 20.400    -0.01736  
 20.500    -0.01761  
 20.600    -0.01787  
 20.700    -0.01813  
 20.800    -0.01839  
 20.900    -0.01865  
 21.000    -0.01892  
 21.100    -0.01919  
 21.200    -0.01945  
 21.300    -0.01973  
 21.400    -0.02000  
 21.500    -0.02028  
 21.600    -0.02055  
 21.700    -0.02083  
 21.800    -0.02111  
 21.900    -0.02140  
 22.000    -0.02168  
 22.100    -0.02197  
 22.200    -0.02226  
 22.300    -0.02255  
 22.400    -0.02284  
 22.500    -0.02314  
 22.600    -0.02344  
 22.700    -0.02373  
 22.800    -0.02404  
 22.900    -0.02434  
 23.000    -0.02464  
 23.100    -0.02495  
 23.200    -0.02526  
 23.300    -0.02557  
 23.400    -0.02588  
 23.500    -0.02620  
 23.600    -0.02651  
 23.700    -0.02683  
 23.800    -0.02715  
 23.900    -0.02747  
 24.000    -0.02780  
 24.100    -0.02813  
 24.200    -0.02845  
 24.300    -0.02878  
 24.400    -0.02911  
 24.500    -0.02945  
 24.600    -0.02978  
 24.700    -0.03012  
 24.800    -0.03046  
 24.900    -0.03080  
 25.000    -0.03115  
 25.100    -0.03149  
 25.200    -0.03184  
 25.300    -0.03219  
 25.400    -0.03254  
 25.500    -0.03289  
 25.600    -0.03324  
 25.700    -0.03360  
 25.800    -0.03396  
 25.900    -0.03432  
 26.000    -0.03468  
 26.100    -0.03504  
 26.200    -0.03541  
 26.300    -0.03577  
 26.400    -0.03614  
 26.500    -0.03651  
 26.600    -0.03689  
 26.700    -0.03726  
 26.800    -0.03764  
 26.900    -0.03801  
 27.000    -0.03839  
 27.100    -0.03878  
 27.200    -0.03916  
 27.300    -0.03954  
 27.400    -0.03993  
 27.500    -0.04032  
 27.600    -0.04071  
 27.700    -0.04110  
 27.800    -0.04150  
 27.900    -0.04189  
 28.000    -0.04229  
 28.100    -0.04269  
 28.200    -0.04309  
 28.300    -0.04349  
 28.400    -0.04389  
 28.500    -0.04430  
 28.600    -0.04471  
 28.700    -0.04512  
 28.800    -0.04553  
 28.900    -0.04594  
 29.000    -0.04636  
 29.100    -0.04677  
 29.200    -0.04719  
 29.300    -0.04761  
 29.400    -0.04803  
 29.500    -0.04845  
 29.600    -0.04888  
 29.700    -0.04930  
 29.800    -0.04973  
 29.900    -0.05016  
 30.000    -0.05059  
 30.100    -0.05102  
 30.200    -0.05146  
 30.300    -0.05189  
 30.400    -0.05233  
 30.500    -0.05277  
 30.600    -0.05321  
 30.700    -0.05365  
 30.800    -0.05410  
 30.900    -0.05454  
 31.000    -0.05499  
 31.100    -0.05544  
 31.200    -0.05589  
 31.300    -0.05634  
 31.400    -0.05679  
 31.500    -0.05725  
 31.600    -0.05770  
 31.700    -0.05816  
 31.800    -0.05862  
 31.900    -0.05908  
 32.000    -0.05954  
 32.100    -0.06001  
 32.200    -0.06047  
 32.300    -0.06094  
 32.400    -0.06141  
 32.500    -0.06188  
 32.600    -0.06235  
 32.700    -0.06282  
 32.800    -0.06330  
 32.900    -0.06377  
 33.000    -0.06425  
 33.100    -0.06473  
 33.200    -0.06521  
 33.300    -0.06569  
 33.400    -0.06618  
 33.500    -0.06666  
 33.600    -0.06715  
 33.700    -0.06764  
 33.800    -0.06812  
 33.900    -0.06861  
 34.000    -0.06911  
 34.100    -0.06960  
 34.200    -0.07010  
 34.300    -0.07059  
 34.400    -0.07109  
 34.500    -0.07159  
 34.600    -0.07209  
 34.700    -0.07259  
 34.800    -0.07309  
 34.900    -0.07360  
 35.000    -0.07411  
 35.100    -0.07461  
 35.200    -0.07512  
 35.300    -0.07563  
 35.400    -0.07614  
 35.500    -0.07666  
 35.600    -0.07717  
 35.700    -0.07768  
 35.800    -0.07820  
 35.900    -0.07872  
 36.000    -0.07924  
 36.100    -0.07976  
 36.200    -0.08028  
 36.300    -0.08081  
 36.400    -0.08133  
 36.500    -0.08186  
 36.600    -0.08238  
 36.700    -0.08291  
 36.800    -0.08344  
 36.900    -0.08397  
 37.000    -0.08451  
 37.100    -0.08504  
 37.200    -0.08557  
 37.300    -0.08611  
 37.400    -0.08665  
 37.500    -0.08719  
 37.600    -0.08773  
 37.700    -0.08827  
 37.800    -0.08881  
 37.900    -0.08935  
 38.000    -0.08990  
 38.100    -0.09044  
 38.200    -0.09099  
 38.300    -0.09154  
 38.400    -0.09209  
 38.500    -0.09264  
 38.600    -0.09319  
 38.700    -0.09375  
 38.800    -0.09430  
 38.900    -0.09486  
 39.000    -0.09541  
 39.100    -0.09597  
 39.200    -0.09653  
 39.300    -0.09709  
 39.400    -0.09765  
 39.500    -0.09821  
 39.600    -0.09878  
 39.700    -0.09934  
 39.800    -0.09991  
 39.900    -0.10047  
 40.000    -0.10104  
 40.100    -0.10161  
 40.200    -0.10218  
 40.300    -0.10275  
 40.400    -0.10333  
 40.500    -0.10390  
 40.600    -0.10448  
 40.700    -0.10505  
 40.800    -0.10563  
 40.900    -0.10621  
 41.000    -0.10679  
 41.100    -0.10737  
 41.200    -0.10795  
 41.300    -0.10853  
 41.400    -0.10911  
 41.500    -0.10970  
 41.600    -0.11028  
 41.700    -0.11087  
 41.800    -0.11146  
 41.900    -0.11205  
 42.000    -0.11264  
 42.100    -0.11323  
 42.200    -0.11382  
 42.300    -0.11441  
 42.400    -0.11501  
 42.500    -0.11560  
 42.600    -0.11620  
 42.700    -0.11679  
 42.800    -0.11739  
 42.900    -0.11799  
 43.000    -0.11859  
 43.100    -0.11919  
 43.200    -0.11979  
 43.300    -0.12039  
 43.400    -0.12100  
 43.500    -0.12160  
 43.600    -0.12221  
 43.700    -0.12281  
 43.800    -0.12342  
 43.900    -0.12403  
 44.000    -0.12464  
 44.100    -0.12525  
 44.200    -0.12586  
 44.300    -0.12647  
 44.400    -0.12709  
 44.500    -0.12770  
 44.600    -0.12832  
 44.700    -0.12893  
 44.800    -0.12955  
 44.900    -0.13017  
 45.000    -0.13078  
 45.100    -0.13140  
 45.200    -0.13202  
 45.300    -0.13264  
 45.400    -0.13327  
 45.500    -0.13389  
 45.600    -0.13451  
 45.700    -0.13514  
 45.800    -0.13576  
 45.900    -0.13639  
 46.000    -0.13702  
 46.100    -0.13765  
 46.200    -0.13828  
 46.300    -0.13890  
 46.400    -0.13954  
 46.500    -0.14017  
 46.600    -0.14080  
 46.700    -0.14143  
 46.800    -0.14207  
 46.900    -0.14270  
 47.000    -0.14334  
 47.100    -0.14397  
 47.200    -0.14461  
 47.300    -0.14525  
 47.400    -0.14589  
 47.500    -0.14653  
 47.600    -0.14717  
 47.700    -0.14781  
 47.800    -0.14845  
 47.900    -0.14909  
 48.000    -0.14974  
 48.100    -0.15038  
 48.200    -0.15103  
 48.300    -0.15167  
 48.400    -0.15232  
 48.500    -0.15297  
 48.600    -0.15361  
 48.700    -0.15426  
 48.800    -0.15491  
 48.900    -0.15556  
 49.000    -0.15621  
 49.100    -0.15687  
 49.200    -0.15752  
 49.300    -0.15817  
 49.400    -0.15883  
 49.500    -0.15948  
 49.600    -0.16014  
 49.700    -0.16079  
 49.800    -0.16145  
 49.900    -0.16211  
 50.000    -0.16277  
 50.100    -0.16342  
 50.200    -0.16408  
 50.300    -0.16474  
 50.400    -0.16540  
 50.500    -0.16607  
 50.600    -0.16673  
 50.700    -0.16739  
 50.800    -0.16806  
 50.900    -0.16872  
 51.000    -0.16939  
 51.100    -0.17005  
 51.200    -0.17072  
 51.300    -0.17138  
 51.400    -0.17205  
 51.500    -0.17272  
 51.600    -0.17339  
 51.700    -0.17406  
 51.800    -0.17473  
 51.900    -0.17540  
 52.000    -0.17607  
 52.100    -0.17674  
 52.200    -0.17742  
 52.300    -0.17809  
 52.400    -0.17876  
 52.500    -0.17944  
 52.600    -0.18011  
 52.700    -0.18079  
 52.800    -0.18147  
 52.900    -0.18214  
 53.000    -0.18282  
 53.100    -0.18350  
 53.200    -0.18418  
 53.300    -0.18486  
 53.400    -0.18554  
 53.500    -0.18622  
 53.600    -0.18690  
 53.700    -0.18758  
 53.800    -0.18826  
 53.900    -0.18895  
 54.000    -0.18963  
 54.100    -0.19032  
 54.200    -0.19100  
 54.300    -0.19168  
 54.400    -0.19237  
 54.500    -0.19306  
 54.600    -0.19374  
 54.700    -0.19443  
 54.800    -0.19512  
 54.900    -0.19581  
 55.000    -0.19650  
 55.100    -0.19719  
 55.200    -0.19788  
 55.300    -0.19857  
 55.400    -0.19926  
 55.500    -0.19995  
 55.600    -0.20064  
 55.700    -0.20133  
 55.800    -0.20203  
 55.900    -0.20272  
 56.000    -0.20341  
 56.100    -0.20411  
 56.200    -0.20480  
 56.300    -0.20550  
 56.400    -0.20620  
 56.500    -0.20689  
 56.600    -0.20759  
 56.700    -0.20829  
 56.800    -0.20898  
 56.900    -0.20968  
 57.000    -0.21038  
 57.100    -0.21108  
 57.200    -0.21178  
 57.300    -0.21248  
 57.400    -0.21318  
 57.500    -0.21388  
 57.600    -0.21459  
 57.700    -0.21529  
 57.800    -0.21599  
 57.900    -0.21669  
 58.000    -0.21740  
 58.100    -0.21810  
 58.200    -0.21881  
 58.300    -0.21951  
 58.400    -0.22022  
 58.500    -0.22092  
 58.600    -0.22163  
 58.700    -0.22233  
 58.800    -0.22304  
 58.900    -0.22375  
 59.000    -0.22446  
 59.100    -0.22516  
 59.200    -0.22587  
 59.300    -0.22658  
 59.400    -0.22729  
 59.500    -0.22800  
 59.600    -0.22871  
 59.700    -0.22942  
 59.800    -0.23013  
 59.900    -0.23084  
 60.000    -0.23156  
 60.100    -0.23227  
 60.200    -0.23298  
 60.300    -0.23369  
 60.400    -0.23441  
 60.500    -0.23512  
 60.600    -0.23584  
 60.700    -0.23655  
 60.800    -0.23726  
 60.900    -0.23798  
 61.000    -0.23870  
 61.100    -0.23941  
 61.200    -0.24013  
 61.300    -0.24085  
 61.400    -0.24156  
 61.500    -0.24228  
 61.600    -0.24300  
 61.700    -0.24372  
 61.800    -0.24443  
 61.900    -0.24515  
 62.000    -0.24587  
 62.100    -0.24659  
 62.200    -0.24731  
 62.300    -0.24803  
 62.400    -0.24875  
 62.500    -0.24947  
 62.600    -0.25019  
 62.700    -0.25091  
 62.800    -0.25164  
 62.900    -0.25236  
 63.000    -0.25308  
 63.100    -0.25380  
 63.200    -0.25453  
 63.300    -0.25525  
 63.400    -0.25597  
 63.500    -0.25670  
 63.600    -0.25742  
 63.700    -0.25815  
 63.800    -0.25887  
 63.900    -0.25960  
 64.000    -0.26032  
 64.100    -0.26105  
 64.200    -0.26177  
 64.300    -0.26250  
 64.400    -0.26323  
 64.500    -0.26395  
 64.600    -0.26468  
 64.700    -0.26541  
 64.800    -0.26614  
 64.900    -0.26686  
 65.000    -0.26759  
 65.100    -0.26832  
 65.200    -0.26905  
 65.300    -0.26978  
 65.400    -0.27051  
 65.500    -0.27124  
 65.600    -0.27197  
 65.700    -0.27270  
 65.800    -0.27343  
 65.900    -0.27416  
 66.000    -0.27489  
 66.100    -0.27562  
 66.200    -0.27635  
 66.300    -0.27708  
 66.400    -0.27781  
 66.500    -0.27855  
 66.600    -0.27928  
 66.700    -0.28001  
 66.800    -0.28074  
 66.900    -0.28148  
 67.000    -0.28221  
 67.100    -0.28294  
 67.200    -0.28368  
 67.300    -0.28441  
 67.400    -0.28515  
 67.500    -0.28588  
 67.600    -0.28661  
 67.700    -0.28735  
 67.800    -0.28808  
 67.900    -0.28882  
 68.000    -0.28955  
 68.100    -0.29029  
 68.200    -0.29103  
 68.300    -0.29176  
 68.400    -0.29250  
 68.500    -0.29323  
 68.600    -0.29397  
 68.700    -0.29471  
 68.800    -0.29544  
 68.900    -0.29618  
 69.000    -0.29692  
 69.100    -0.29766  
 69.200    -0.29839  
 69.300    -0.29913  
 69.400    -0.29987  
 69.500    -0.30061  
 69.600    -0.30135  
 69.700    -0.30209  
 69.800    -0.30282  
 69.900    -0.30356  
 70.000    -0.30430  
 70.100    -0.30504  
 70.200    -0.30578  
 70.300    -0.30652  
 70.400    -0.30726  
 70.500    -0.30800  
 70.600    -0.30874  
 70.700    -0.30948  
 70.800    -0.31022  
 70.900    -0.31096  
 71.000    -0.31170  
 71.100    -0.31244  
 71.200    -0.31318  
 71.300    -0.31393  
 71.400    -0.31467  
 71.500    -0.31541  
 71.600    -0.31615  
 71.700    -0.31689  
 71.800    -0.31763  
 71.900    -0.31838  
 72.000    -0.31912  
 72.100    -0.31986  
 72.200    -0.32060  
 72.300    -0.32135  
 72.400    -0.32209  
 72.500    -0.32283  
 72.600    -0.32358  
 72.700    -0.32432  
 72.800    -0.32506  
 72.900    -0.32580  
 73.000    -0.32655  
 73.100    -0.32729  
 73.200    -0.32804  
 73.300    -0.32878  
 73.400    -0.32952  
 73.500    -0.33027  
 73.600    -0.33101  
 73.700    -0.33175  
 73.800    -0.33250  
 73.900    -0.33324  
 74.000    -0.33399  
 74.100    -0.33473  
 74.200    -0.33548  
 74.300    -0.33622  
 74.400    -0.33697  
 74.500    -0.33771  
 74.600    -0.33846  
 74.700    -0.33920  
 74.800    -0.33995  
 74.900    -0.34069  
 75.000    -0.34144  
 75.100    -0.34218  
 75.200    -0.34293  
 75.300    -0.34368  
 75.400    -0.34442  
 75.500    -0.34517  
 75.600    -0.34591  
 75.700    -0.34666  
 75.800    -0.34741  
 75.900    -0.34815  
 76.000    -0.34890  
 76.100    -0.34964  
 76.200    -0.35039  
 76.300    -0.35114  
 76.400    -0.35188  
 76.500    -0.35263  
 76.600    -0.35338  
 76.700    -0.35412  
 76.800    -0.35487  
 76.900    -0.35562  
 77.000    -0.35636  
 77.100    -0.35711  
 77.200    -0.35786  
 77.300    -0.35861  
 77.400    -0.35935  
 77.500    -0.36010  
 77.600    -0.36085  
 77.700    -0.36159  
 77.800    -0.36234  
 77.900    -0.36309  
 78.000    -0.36384  
 78.100    -0.36458  
 78.200    -0.36533  
 78.300    -0.36608  
 78.400    -0.36683  
 78.500    -0.36757  
 78.600    -0.36832  
 78.700    -0.36907  
 78.800    -0.36982  
 78.900    -0.37057  
 79.000    -0.37131  
 79.100    -0.37206  
 79.200    -0.37281  
 79.300    -0.37356  
 79.400    -0.37430  
 79.500    -0.37505  
 79.600    -0.37580  
 79.700    -0.37655  
 79.800    -0.37730  
 79.900    -0.37804  
 80.000    -0.37879  
 80.100    -0.37954  
 80.200    -0.38029  
 80.300    -0.38104  
 80.400    -0.38179  
 80.500    -0.38253  
 80.600    -0.38328  
 80.700    -0.38403  
 80.800    -0.38478  
 80.900    -0.38553  
 81.000    -0.38627  
 81.100    -0.38702  
 81.200    -0.38777  
 81.300    -0.38852  
 81.400    -0.38927  
 81.500    -0.39001  
 81.600    -0.39076  
 81.700    -0.39151  
 81.800    -0.39226  
 81.900    -0.39301  
 82.000    -0.39375  
 82.100    -0.39450  
 82.200    -0.39525  
 82.300    -0.39600  
 82.400    -0.39675  
 82.500    -0.39750  
 82.600    -0.39824  
 82.700    -0.39899  
 82.800    -0.39974  
 82.900    -0.40049  
 83.000    -0.40124  
 83.100    -0.40198  
 83.200    -0.40273  
 83.300    -0.40348  
 83.400    -0.40423  
 83.500    -0.40498  
 83.600    -0.40572  
 83.700    -0.40647  
 83.800    -0.40722  
 83.900    -0.40797  
 84.000    -0.40871  
 84.100    -0.40946  
 84.200    -0.41021  
 84.300    -0.41096  
 84.400    -0.41171  
 84.500    -0.41245  
 84.600    -0.41320  
 84.700    -0.41395  
 84.800    -0.41470  
 84.900    -0.41544  
 85.000    -0.41619  
 85.100    -0.41694  
 85.200    -0.41768  
 85.300    -0.41843  
 85.400    -0.41918  
 85.500    -0.41993  
 85.600    -0.42067  
 85.700    -0.42142  
 85.800    -0.42217  
 85.900    -0.42292  
 86.000    -0.42366  
 86.100    -0.42441  
 86.200    -0.42516  
 86.300    -0.42590  
 86.400    -0.42665  
 86.500    -0.42740  
 86.600    -0.42814  
 86.700    -0.42889  
 86.800    -0.42964  
 86.900    -0.43038  
 87.000    -0.43113  
 87.100    -0.43187  
 87.200    -0.43262  
 87.300    -0.43337  
 87.400    -0.43411  
 87.500    -0.43486  
 87.600    -0.43561  
 87.700    -0.43635  
 87.800    -0.43710  
 87.900    -0.43784  
 88.000    -0.43859  
 88.100    -0.43933  
 88.200    -0.44008  
 88.300    -0.44083  
 88.400    -0.44157  
 88.500    -0.44232  
 88.600    -0.44306  
 88.700    -0.44381  
 88.800    -0.44455  
 88.900    -0.44530  
 89.000    -0.44604  
 89.100    -0.44679  
 89.200    -0.44753  
 89.300    -0.44828  
 89.400    -0.44902  
 89.500    -0.44977  
 89.600    -0.45051  
 89.700    -0.45126  
 89.800    -0.45200  
 89.900    -0.45274  
 90.000    -0.45349  
 90.100    -0.45423  
 90.200    -0.45498  
 90.300    -0.45572  
 90.400    -0.45646  
 90.500    -0.45721  
 90.600    -0.45795  
 90.700    -0.45869  
 90.800    -0.45944  
 90.900    -0.46018  
 91.000    -0.46092  
 91.100    -0.46167  
 91.200    -0.46241  
 91.300    -0.46315  
 91.400    -0.46390  
 91.500    -0.46464  
 91.600    -0.46538  
 91.700    -0.46613  
 91.800    -0.46687  
 91.900    -0.46761  
 92.000    -0.46835  
 92.100    -0.46909  
 92.200    -0.46984  
 92.300    -0.47058  
 92.400    -0.47132  
 92.500    -0.47206  
 92.600    -0.47280  
 92.700    -0.47354  
 92.800    -0.47429  
 92.900    -0.47503  
 93.000    -0.47577  
 93.100    -0.47651  
 93.200    -0.47725  
 93.300    -0.47799  
 93.400    -0.47873  
 93.500    -0.47947  
 93.600    -0.48021  
 93.700    -0.48095  
 93.800    -0.48169  
 93.900    -0.48243  
 94.000    -0.48317  
 94.100    -0.48391  
 94.200    -0.48465  
 94.300    -0.48539  
 94.400    -0.48613  
 94.500    -0.48687  
 94.600    -0.48761  
 94.700    -0.48835  
 94.800    -0.48909  
 94.900    -0.48983  
 95.000    -0.49057  
 95.100    -0.49131  
 95.200    -0.49204  
 95.300    -0.49278  
 95.400    -0.49352  
 95.500    -0.49426  
 95.600    -0.49500  
 95.700    -0.49573  
 95.800    -0.49647  
 95.900    -0.49721  
 96.000    -0.49795  
 96.100    -0.49868  
 96.200    -0.49942  
 96.300    -0.50016  
 96.400    -0.50090  
 96.500    -0.50163  
 96.600    -0.50237  
 96.700    -0.50311  
 96.800    -0.50384  
 96.900    -0.50458  
 97.000    -0.50531  
 97.100    -0.50605  
 97.200    -0.50679  
 97.300    -0.50752  
 97.400    -0.50826  
 97.500    -0.50899  
 97.600    -0.50973  
 97.700    -0.51046  
 97.800    -0.51120  
 97.900    -0.51193  
 98.000    -0.51267  
 98.100    -0.51340  
 98.200    -0.51414  
 98.300    -0.51487  
 98.400    -0.51560  
 98.500    -0.51634  
 98.600    -0.51707  
 98.700    -0.51781  
 98.800    -0.51854  
 98.900    -0.51927  
 99.000    -0.52001  
 99.100    -0.52074  
 99.200    -0.52147  
 99.300    -0.52220  
 99.400    -0.52294  
 99.500    -0.52367  
 99.600    -0.52440  
 99.700    -0.52513  
 99.800    -0.52587  
 99.900    -0.52660  
100.000    -0.52733  
100.100    -0.52806  
100.200    -0.52879  
100.300    -0.52952  
100.400    -0.53025  
100.500    -0.53098  
100.600    -0.53172  
100.700    -0.53245  
100.800    -0.53318  
100.900    -0.53391  
101.000    -0.53464  
101.100    -0.53537  
101.200    -0.53610  
101.300    -0.53682  
101.400    -0.53755  
101.500    -0.53828  
101.600    -0.53901  
101.700    -0.53974  
101.800    -0.54047  
101.900    -0.54120  
102.000    -0.54193  
102.100    -0.54265  
102.200    -0.54338  
102.300    -0.54411  
102.400    -0.54484  
102.500    -0.54556  
102.600    -0.54629  
102.700    -0.54702  
102.800    -0.54775  
102.900    -0.54847  
103.000    -0.54920  
103.100    -0.54993  
103.200    -0.55065  
103.300    -0.55138  
103.400    -0.55210  
103.500    -0.55283  
103.600    -0.55355  
103.700    -0.55428  
103.800    -0.55501  
103.900    -0.55573  
104.000    -0.55645  
104.100    -0.55718  
104.200    -0.55790  
104.300    -0.55863  
104.400    -0.55935  
104.500    -0.56008  
104.600    -0.56080  
104.700    -0.56152  
104.800    -0.56225  
104.900    -0.56297  
105.000    -0.56369  
105.100    -0.56442  
105.200    -0.56514  
105.300    -0.56586  
105.400    -0.56658  
105.500    -0.56730  
105.600    -0.56803  
105.700    -0.56875  
105.800    -0.56947  
105.900    -0.57019  
106.000    -0.57091  
106.100    -0.57163  
106.200    -0.57235  
106.300    -0.57307  
106.400    -0.57379  
106.500    -0.57451  
106.600    -0.57523  
106.700    -0.57595  
106.800    -0.57667  
106.900    -0.57739  
107.000    -0.57811  
107.100    -0.57883  
107.200    -0.57955  
107.300    -0.58027  
107.400    -0.58099  
107.500    -0.58171  
107.600    -0.58242  
107.700    -0.58314  
107.800    -0.58386  
107.900    -0.58458  
108.000    -0.58529  
108.100    -0.58601  
108.200    -0.58673  
108.300    -0.58744  
108.400    -0.58816  
108.500    -0.58888  
108.600    -0.58959  
108.700    -0.59031  
108.800    -0.59102  
108.900    -0.59174  
109.000    -0.59245  
109.100    -0.59317  
109.200    -0.59388  
109.300    -0.59460  
109.400    -0.59531  
109.500    -0.59603  
109.600    -0.59674  
109.700    -0.59745  
109.800    -0.59817  
109.900    -0.59888  
110.000    -0.59959  
110.100    -0.60031  
110.200    -0.60102  
110.300    -0.60173  
110.400    -0.60244  
110.500    -0.60316  
110.600    -0.60387  
110.700    -0.60458  
110.800    -0.60529  
110.900    -0.60600  
111.000    -0.60671  
111.100    -0.60742  
111.200    -0.60813  
111.300    -0.60885  
111.400    -0.60956  
111.500    -0.61027  
111.600    -0.61098  
111.700    -0.61168  
111.800    -0.61239  
111.900    -0.61310  
112.000    -0.61381  
112.100    -0.61452  
112.200    -0.61523  
112.300    -0.61594  
112.400    -0.61665  
112.500    -0.61735  
112.600    -0.61806  
112.700    -0.61877  
112.800    -0.61948  
112.900    -0.62018  
113.000    -0.62089  
113.100    -0.62160  
113.200    -0.62230  
113.300    -0.62301  
113.400    -0.62371  
113.500    -0.62442  
113.600    -0.62513  
113.700    -0.62583  
113.800    -0.62654  
113.900    -0.62724  
114.000    -0.62794  
114.100    -0.62865  
114.200    -0.62935  
114.300    -0.63006  
114.400    -0.63076  
114.500    -0.63146  
114.600    -0.63217  
114.700    -0.63287  
114.800    -0.63357  
114.900    -0.63428  
115.000    -0.63498  
115.100    -0.63568  
115.200    -0.63638  
115.300    -0.63708  
115.400    -0.63779  
115.500    -0.63849  
115.600    -0.63919  
115.700    -0.63989  
115.800    -0.64059  
115.900    -0.64129  
116.000    -0.64199  
116.100    -0.64269  
116.200    -0.64339  
116.300    -0.64409  
116.400    -0.64479  
116.500    -0.64549  
116.600    -0.64618  
116.700    -0.64688  
116.800    -0.64758  
116.900    -0.64828  
117.000    -0.64898  
117.100    -0.64967  
117.200    -0.65037  
117.300    -0.65107  
117.400    -0.65177  
117.500    -0.65246  
117.600    -0.65316  
117.700    -0.65385  
117.800    -0.65455  
117.900    -0.65525  
118.000    -0.65594  
118.100    -0.65664  
118.200    -0.65733  
118.300    -0.65803  
118.400    -0.65872  
118.500    -0.65942  
118.600    -0.66011  
118.700    -0.66080  
118.800    -0.66150  
118.900    -0.66219  
119.000    -0.66288  
119.100    -0.66358  
119.200    -0.66427  
119.300    -0.66496  
119.400    -0.66565  
119.500    -0.66635  
119.600    -0.66704  
119.700    -0.66773  
119.800    -0.66842  
119.900    -0.66911  
120.000    -0.66980  
120.100    -0.67049  
120.200    -0.67118  
120.300    -0.67187  
120.400    -0.67256  
120.500    -0.67325  
120.600    -0.67394  
120.700    -0.67463  
120.800    -0.67532  
120.900    -0.67601  
121.000    -0.67670  
121.100    -0.67738  
121.200    -0.67807  
121.300    -0.67876  
121.400    -0.67945  
121.500    -0.68013  
121.600    -0.68082  
121.700    -0.68151  
121.800    -0.68219  
121.900    -0.68288  
122.000    -0.68357  
122.100    -0.68425  
122.200    -0.68494  
122.300    -0.68562  
122.400    -0.68631  
122.500    -0.68699  
122.600    -0.68768  
122.700    -0.68836  
122.800    -0.68904  
122.900    -0.68973  
123.000    -0.69041  
123.100    -0.69110  
123.200    -0.69178  
123.300    -0.69246  
123.400    -0.69314  
123.500    -0.69383  
123.600    -0.69451  
123.700    -0.69519  
123.800    -0.69587  
123.900    -0.69655  
124.000    -0.69723  
124.100    -0.69791  
124.200    -0.69860  
124.300    -0.69928  
124.400    -0.69996  
124.500    -0.70064  
124.600    -0.70132  
124.700    -0.70199  
124.800    -0.70267  
124.900    -0.70335  
125.000    -0.70403  
125.100    -0.70471  
125.200    -0.70539  
125.300    -0.70607  
125.400    -0.70674  
125.500    -0.70742  
125.600    -0.70810  
125.700    -0.70877  
125.800    -0.70945  
125.900    -0.71013  
126.000    -0.71080  
126.100    -0.71148  
126.200    -0.71215  
126.300    -0.71283  
126.400    -0.71350  
126.500    -0.71418  
126.600    -0.71485  
126.700    -0.71553  
126.800    -0.71620  
126.900    -0.71688  
127.000    -0.71755  
127.100    -0.71822  
127.200    -0.71890  
127.300    -0.71957  
127.400    -0.72024  
127.500    -0.72091  
127.600    -0.72159  
127.700    -0.72226  
127.800    -0.72293  
127.900    -0.72360  
128.000    -0.72427  
128.100    -0.72494  
128.200    -0.72561  
128.300    -0.72628  
128.400    -0.72695  
128.500    -0.72762  
128.600    -0.72829  
128.700    -0.72896  
128.800    -0.72963  
128.900    -0.73030  
129.000    -0.73097  
129.100    -0.73164  
129.200    -0.73230  
129.300    -0.73297  
129.400    -0.73364  
129.500    -0.73431  
129.600    -0.73497  
129.700    -0.73564  
129.800    -0.73631  
129.900    -0.73697  
130.000    -0.73764  
130.100    -0.73830  
130.200    -0.73897  
130.300    -0.73963  
130.400    -0.74030  
130.500    -0.74096  
130.600    -0.74163  
130.700    -0.74229  
130.800    -0.74296  
130.900    -0.74362  
131.000    -0.74428  
131.100    -0.74495  
131.200    -0.74561  
131.300    -0.74627  
131.400    -0.74693  
131.500    -0.74760  
131.600    -0.74826  
131.700    -0.74892  
131.800    -0.74958  
131.900    -0.75024  
132.000    -0.75090  
132.100    -0.75156  
132.200    -0.75222  
132.300    -0.75288  
132.400    -0.75354  
132.500    -0.75420  
132.600    -0.75486  
132.700    -0.75552  
132.800    -0.75618  
132.900    -0.75684  
133.000    -0.75750  
133.100    -0.75815  
133.200    -0.75881  
133.300    -0.75947  
133.400    -0.76013  
133.500    -0.76078  
133.600    -0.76144  
133.700    -0.76210  
133.800    -0.76275  
133.900    -0.76341  
134.000    -0.76406  
134.100    -0.76472  
134.200    -0.76537  
134.300    -0.76603  
134.400    -0.76668  
134.500    -0.76734  
134.600    -0.76799  
134.700    -0.76864  
134.800    -0.76930  
134.900    -0.76995  
135.000    -0.77060  
135.100    -0.77126  
135.200    -0.77191  
135.300    -0.77256  
135.400    -0.77321  
135.500    -0.77386  
135.600    -0.77452  
135.700    -0.77517  
135.800    -0.77582  
135.900    -0.77647  
136.000    -0.77712  
136.100    -0.77777  
136.200    -0.77842  
136.300    -0.77907  
136.400    -0.77972  
136.500    -0.78037  
136.600    -0.78102  
136.700    -0.78166  
136.800    -0.78231  
136.900    -0.78296  
137.000    -0.78361  
137.100    -0.78425  
137.200    -0.78490  
137.300    -0.78555  
137.400    -0.78620  
137.500    -0.78684  
137.600    -0.78749  
137.700    -0.78813  
137.800    -0.78878  
137.900    -0.78942  
138.000    -0.79007  
138.100    -0.79071  
138.200    -0.79136  
138.300    -0.79200  
138.400    -0.79265  
138.500    -0.79329  
138.600    -0.79393  
138.700    -0.79458  
138.800    -0.79522  
138.900    -0.79586  
139.000    -0.79650  
139.100    -0.79715  
139.200    -0.79779  
139.300    -0.79843  
139.400    -0.79907  
139.500    -0.79971  
139.600    -0.80035  
139.700    -0.80099  
139.800    -0.80163  
139.900    -0.80227  
140.000    -0.80291  
140.100    -0.80355  
140.200    -0.80419  
140.300    -0.80483  
140.400    -0.80547  
140.500    -0.80611  
140.600    -0.80675  
140.700    -0.80738  
140.800    -0.80802  
140.900    -0.80866  
141.000    -0.80929  
141.100    -0.80993  
141.200    -0.81057  
141.300    -0.81120  
141.400    -0.81184  
141.500    -0.81247  
141.600    -0.81311  
141.700    -0.81375  
141.800    -0.81438  
141.900    -0.81501  
142.000    -0.81565  
142.100    -0.81628  
142.200    -0.81692  
142.300    -0.81755  
142.400    -0.81818  
142.500    -0.81882  
142.600    -0.81945  
142.700    -0.82008  
142.800    -0.82071  
142.900    -0.82135  
143.000    -0.82198  
143.100    -0.82261  
143.200    -0.82324  
143.300    -0.82387  
143.400    -0.82450  
143.500    -0.82513  
143.600    -0.82576  
143.700    -0.82639  
143.800    -0.82702  
143.900    -0.82765  
144.000    -0.82828  
144.100    -0.82891  
144.200    -0.82954  
144.300    -0.83016  
144.400    -0.83079  
144.500    -0.83142  
144.600    -0.83205  
144.700    -0.83267  
144.800    -0.83330  
144.900    -0.83393  
145.000    -0.83455  
145.100    -0.83518  
145.200    -0.83581  
145.300    -0.83643  
145.400    -0.83706  
145.500    -0.83768  
145.600    -0.83831  
145.700    -0.83893  
145.800    -0.83955  
145.900    -0.84018  
146.000    -0.84080  
146.100    -0.84142  
146.200    -0.84205  
146.300    -0.84267  
146.400    -0.84329  
146.500    -0.84391  
146.600    -0.84454  
146.700    -0.84516  
146.800    -0.84578  
146.900    -0.84640  
147.000    -0.84702  
147.100    -0.84764  
147.200    -0.84826  
147.300    -0.84888  
147.400    -0.84950  
147.500    -0.85012  
147.600    -0.85074  
147.700    -0.85136  
147.800    -0.85198  
147.900    -0.85260  
148.000    -0.85321  
148.100    -0.85383  
148.200    -0.85445  
148.300    -0.85507  
148.400    -0.85568  
148.500    -0.85630  
148.600    -0.85692  
148.700    -0.85753  
148.800    -0.85815  
148.900    -0.85876  
149.000    -0.85938  
149.100    -0.86000  
149.200    -0.86061  
149.300    -0.86122  
149.400    -0.86184  
149.500    -0.86245  
149.600    -0.86307  
149.700    -0.86368  
149.800    -0.86429  
149.900    -0.86491  
150.000    -0.86552  
150.100    -0.86613  
150.200    -0.86674  
150.300    -0.86736  
150.400    -0.86797  
150.500    -0.86858  
150.600    -0.86919  
150.700    -0.86980  
150.800    -0.87041  
150.900    -0.87102  
151.000    -0.87163  
151.100    -0.87224  
151.200    -0.87285  
151.300    -0.87346  
151.400    -0.87407  
151.500    -0.87468  
151.600    -0.87529  
151.700    -0.87589  
151.800    -0.87650  
151.900    -0.87711  
152.000    -0.87772  
152.100    -0.87832  
152.200    -0.87893  
152.300    -0.87954  
152.400    -0.88014  
152.500    -0.88075  
152.600    -0.88135  
152.700    -0.88196  
152.800    -0.88256  
152.900    -0.88317  
153.000    -0.88377  
153.100    -0.88438  
153.200    -0.88498  
153.300    -0.88559  
153.400    -0.88619  
153.500    -0.88679  
153.600    -0.88740  
153.700    -0.88800  
153.800    -0.88860  
153.900    -0.88920  
154.000    -0.88980  
154.100    -0.89041  
154.200    -0.89101  
154.300    -0.89161  
154.400    -0.89221  
154.500    -0.89281  
154.600    -0.89341  
154.700    -0.89401  
154.800    -0.89461  
154.900    -0.89521  
155.000    -0.89581  
155.100    -0.89641  
155.200    -0.89700  
155.300    -0.89760  
155.400    -0.89820  
155.500    -0.89880  
155.600    -0.89940  
155.700    -0.89999  
155.800    -0.90059  
155.900    -0.90119  
156.000    -0.90178  
156.100    -0.90238  
156.200    -0.90297  
156.300    -0.90357  
156.400    -0.90417  
156.500    -0.90476  
156.600    -0.90536  
156.700    -0.90595  
156.800    -0.90654  
156.900    -0.90714  
157.000    -0.90773  
157.100    -0.90832  
157.200    -0.90892  
157.300    -0.90951  
157.400    -0.91010  
157.500    -0.91070  
157.600    -0.91129  
157.700    -0.91188  
157.800    -0.91247  
157.900    -0.91306  
158.000    -0.91365  
158.100    -0.91424  
158.200    -0.91483  
158.300    -0.91542  
158.400    -0.91601  
158.500    -0.91660  
158.600    -0.91719  
158.700    -0.91778  
158.800    -0.91837  
158.900    -0.91896  
159.000    -0.91955  
159.100    -0.92014  
159.200    -0.92072  
159.300    -0.92131  
159.400    -0.92190  
159.500    -0.92249  
159.600    -0.92307  
159.700    -0.92366  
159.800    -0.92424  
159.900    -0.92483  
160.000    -0.92542  
160.100    -0.92600  
160.200    -0.92659  
160.300    -0.92717  
160.400    -0.92776  
160.500    -0.92834  
160.600    -0.92892  
160.700    -0.92951  
160.800    -0.93009  
160.900    -0.93067  
161.000    -0.93126  
161.100    -0.93184  
161.200    -0.93242  
161.300    -0.93300  
161.400    -0.93358  
161.500    -0.93417  
161.600    -0.93475  
161.700    -0.93533  
161.800    -0.93591  
161.900    -0.93649  
162.000    -0.93707  
162.100    -0.93765  
162.200    -0.93823  
162.300    -0.93881  
162.400    -0.93939  
162.500    -0.93997  
162.600    -0.94054  
162.700    -0.94112  
162.800    -0.94170  
162.900    -0.94228  
163.000    -0.94286  
163.100    -0.94343  
163.200    -0.94401  
163.300    -0.94459  
163.400    -0.94516  
163.500    -0.94574  
163.600    -0.94631  
163.700    -0.94689  
163.800    -0.94747  
163.900    -0.94804  
164.000    -0.94861  
164.100    -0.94919  
164.200    -0.94976  
164.300    -0.95034  
164.400    -0.95091  
164.500    -0.95148  
164.600    -0.95206  
164.700    -0.95263  
164.800    -0.95320  
164.900    -0.95378  
165.000    -0.95435  
165.100    -0.95492  
165.200    -0.95549  
165.300    -0.95606  
165.400    -0.95663  
165.500    -0.95720  
165.600    -0.95777  
165.700    -0.95834  
165.800    -0.95891  
165.900    -0.95948  
166.000    -0.96005  
166.100    -0.96062  
166.200    -0.96119  
166.300    -0.96176  
166.400    -0.96233  
166.500    -0.96289  
166.600    -0.96346  
166.700    -0.96403  
166.800    -0.96460  
166.900    -0.96516  
167.000    -0.96573  
167.100    -0.96630  
167.200    -0.96686  
167.300    -0.96743  
167.400    -0.96799  
167.500    -0.96856  
167.600    -0.96912  
167.700    -0.96969  
167.800    -0.97025  
167.900    -0.97082  
168.000    -0.97138  
168.100    -0.97195  
168.200    -0.97251  
168.300    -0.97307  
168.400    -0.97364  
168.500    -0.97420  
168.600    -0.97476  
168.700    -0.97532  
168.800    -0.97588  
168.900    -0.97645  
169.000    -0.97701  
169.100    -0.97757  
169.200    -0.97813  
169.300    -0.97869  
169.400    -0.97925  
169.500    -0.97981  
169.600    -0.98037  
169.700    -0.98093  
169.800    -0.98149  
169.900    -0.98205  
170.000    -0.98260  
170.100    -0.98316  
170.200    -0.98372  
170.300    -0.98428  
170.400    -0.98484  
170.500    -0.98539  
170.600    -0.98595  
170.700    -0.98651  
170.800    -0.98706  
170.900    -0.98762  
171.000    -0.98818  
171.100    -0.98873  
171.200    -0.98929  
171.300    -0.98984  
171.400    -0.99040  
171.500    -0.99095  
171.600    -0.99151  
171.700    -0.99206  
171.800    -0.99261  
171.900    -0.99317  
172.000    -0.99372  
172.100    -0.99427  
172.200    -0.99483  
172.300    -0.99538  
172.400    -0.99593  
172.500    -0.99648  
172.600    -0.99703  
172.700    -0.99759  
172.800    -0.99814  
172.900    -0.99869  
173.000    -0.99924  
173.100    -0.99979  
173.200    -1.00034  
173.300    -1.00089  
173.400    -1.00144  
173.500    -1.00199  
173.600    -1.00254  
173.700    -1.00308  
173.800    -1.00363  
173.900    -1.00418  
174.000    -1.00473  
174.100    -1.00528  
174.200    -1.00582  
174.300    -1.00637  
174.400    -1.00692  
174.500    -1.00746  
174.600    -1.00801  
174.700    -1.00856  
174.800    -1.00910  
174.900    -1.00965  
175.000    -1.01019  
175.100    -1.01074  
175.200    -1.01128  
175.300    -1.01183  
175.400    -1.01237  
175.500    -1.01292  
175.600    -1.01346  
175.700    -1.01400  
175.800    -1.01455  
175.900    -1.01509  
176.000    -1.01563  
176.100    -1.01617  
176.200    -1.01672  
176.300    -1.01726  
176.400    -1.01780  
176.500    -1.01834  
176.600    -1.01888  
176.700    -1.01942  
176.800    -1.01996  
176.900    -1.02050  
177.000    -1.02104  
177.100    -1.02158  
177.200    -1.02212  
177.300    -1.02266  
177.400    -1.02320  
177.500    -1.02374  
177.600    -1.02428  
177.700    -1.02482  
177.800    -1.02535  
177.900    -1.02589  
178.000    -1.02643  
178.100    -1.02697  
178.200    -1.02750  
178.300    -1.02804  
178.400    -1.02858  
178.500    -1.02911  
178.600    -1.02965  
178.700    -1.03018  
178.800    -1.03072  
178.900    -1.03125  
179.000    -1.03179  
179.100    -1.03232  
179.200    -1.03286  
179.300    -1.03339  
179.400    -1.03393  
179.500    -1.03446  
179.600    -1.03499  
179.700    -1.03552  
179.800    -1.03606  
179.900    -1.03659  
180.000    -1.03712  
180.100    -1.03765  
180.200    -1.03819  
180.300    -1.03872  
180.400    -1.03925  
180.500    -1.03978  
180.600    -1.04031  
180.700    -1.04084  
180.800    -1.04137  
180.900    -1.04190  
181.000    -1.04243  
181.100    -1.04296  
181.200    -1.04349  
181.300    -1.04402  
181.400    -1.04454  
181.500    -1.04507  
181.600    -1.04560  
181.700    -1.04613  
181.800    -1.04665  
181.900    -1.04718  
182.000    -1.04771  
182.100    -1.04824  
182.200    -1.04876  
182.300    -1.04929  
182.400    -1.04981  
182.500    -1.05034  
182.600    -1.05086  
182.700    -1.05139  
182.800    -1.05191  
182.900    -1.05244  
183.000    -1.05296  
183.100    -1.05349  
183.200    -1.05401  
183.300    -1.05454  
183.400    -1.05506  
183.500    -1.05558  
183.600    -1.05610  
183.700    -1.05663  
183.800    -1.05715  
183.900    -1.05767  
184.000    -1.05819  
184.100    -1.05871  
184.200    -1.05924  
184.300    -1.05976  
184.400    -1.06028  
184.500    -1.06080  
184.600    -1.06132  
184.700    -1.06184  
184.800    -1.06236  
184.900    -1.06288  
185.000    -1.06340  
185.100    -1.06392  
185.200    -1.06443  
185.300    -1.06495  
185.400    -1.06547  
185.500    -1.06599  
185.600    -1.06651  
185.700    -1.06702  
185.800    -1.06754  
185.900    -1.06806  
186.000    -1.06857  
186.100    -1.06909  
186.200    -1.06961  
186.300    -1.07012  
186.400    -1.07064  
186.500    -1.07115  
186.600    -1.07167  
186.700    -1.07218  
186.800    -1.07270  
186.900    -1.07321  
187.000    -1.07373  
187.100    -1.07424  
187.200    -1.07475  
187.300    -1.07527  
187.400    -1.07578  
187.500    -1.07629  
187.600    -1.07680  
187.700    -1.07732  
187.800    -1.07783  
187.900    -1.07834  
188.000    -1.07885  
188.100    -1.07936  
188.200    -1.07987  
188.300    -1.08038  
188.400    -1.08089  
188.500    -1.08140  
188.600    -1.08191  
188.700    -1.08242  
188.800    -1.08293  
188.900    -1.08344  
189.000    -1.08395  
189.100    -1.08446  
189.200    -1.08497  
189.300    -1.08548  
189.400    -1.08598  
189.500    -1.08649  
189.600    -1.08700  
189.700    -1.08751  
189.800    -1.08801  
189.900    -1.08852  
190.000    -1.08903  
190.100    -1.08953  
190.200    -1.09004  
190.300    -1.09054  
190.400    -1.09105  
190.500    -1.09155  
190.600    -1.09206  
190.700    -1.09256  
190.800    -1.09307  
190.900    -1.09357  
191.000    -1.09408  
191.100    -1.09458  
191.200    -1.09508  
191.300    -1.09559  
191.400    -1.09609  
191.500    -1.09659  
191.600    -1.09709  
191.700    -1.09760  
191.800    -1.09810  
191.900    -1.09860  
192.000    -1.09910  
192.100    -1.09960  
192.200    -1.10010  
192.300    -1.10060  
192.400    -1.10110  
192.500    -1.10160  
192.600    -1.10210  
192.700    -1.10260  
192.800    -1.10310  
192.900    -1.10360  
193.000    -1.10410  
193.100    -1.10460  
193.200    -1.10510  
193.300    -1.10559  
193.400    -1.10609  
193.500    -1.10659  
193.600    -1.10709  
193.700    -1.10758  
193.800    -1.10808  
193.900    -1.10858  
194.000    -1.10907  
194.100    -1.10957  
194.200    -1.11006  
194.300    -1.11056  
194.400    -1.11106  
194.500    -1.11155  
194.600    -1.11205  
194.700    -1.11254  
194.800    -1.11303  
194.900    -1.11353  
195.000    -1.11402  
195.100    -1.11452  
195.200    -1.11501  
195.300    -1.11550  
195.400    -1.11599  
195.500    -1.11649  
195.600    -1.11698  
195.700    -1.11747  
195.800    -1.11796  
195.900    -1.11845  
196.000    -1.11895  
196.100    -1.11944  
196.200    -1.11993  
196.300    -1.12042  
196.400    -1.12091  
196.500    -1.12140  
196.600    -1.12189  
196.700    -1.12238  
196.800    -1.12287  
196.900    -1.12336  
197.000    -1.12385  
197.100    -1.12433  
197.200    -1.12482  
197.300    -1.12531  
197.400    -1.12580  
197.500    -1.12629  
197.600    -1.12677  
197.700    -1.12726  
197.800    -1.12775  
197.900    -1.12823  
198.000    -1.12872  
198.100    -1.12921  
198.200    -1.12969  
198.300    -1.13018  
198.400    -1.13066  
198.500    -1.13115  
198.600    -1.13163  
198.700    -1.13212  
198.800    -1.13260  
198.900    -1.13309  
199.000    -1.13357  
199.100    -1.13405  
199.200    -1.13454  
199.300    -1.13502  
199.400    -1.13550  
199.500    -1.13599  
199.600    -1.13647  
199.700    -1.13695  
199.800    -1.13743  
199.900    -1.13791  
200.000    -1.13839  
200.100    -1.13888  
200.200    -1.13936  
200.300    -1.13984  
200.400    -1.14032  
200.500    -1.14080  
200.600    -1.14128  
200.700    -1.14176  
200.800    -1.14224  
200.900    -1.14272  
201.000    -1.14320  
201.100    -1.14367  
201.200    -1.14415  
201.300    -1.14463  
201.400    -1.14511  
201.500    -1.14559  
201.600    -1.14606  
201.700    -1.14654  
201.800    -1.14702  
201.900    -1.14750  
202.000    -1.14797  
202.100    -1.14845  
202.200    -1.14892  
202.300    -1.14940  
202.400    -1.14988  
202.500    -1.15035  
202.600    -1.15083  
202.700    -1.15130  
202.800    -1.15178  
202.900    -1.15225  
203.000    -1.15272  
203.100    -1.15320  
203.200    -1.15367  
203.300    -1.15414  
203.400    -1.15462  
203.500    -1.15509  
203.600    -1.15556  
203.700    -1.15604  
203.800    -1.15651  
203.900    -1.15698  
204.000    -1.15745  
204.100    -1.15792  
204.200    -1.15839  
204.300    -1.15887  
204.400    -1.15934  
204.500    -1.15981  
204.600    -1.16028  
204.700    -1.16075  
204.800    -1.16122  
204.900    -1.16169  
205.000    -1.16215  
205.100    -1.16262  
205.200    -1.16309  
205.300    -1.16356  
205.400    -1.16403  
205.500    -1.16450  
205.600    -1.16497  
205.700    -1.16543  
205.800    -1.16590  
205.900    -1.16637  
206.000    -1.16683  
206.100    -1.16730  
206.200    -1.16777  
206.300    -1.16823  
206.400    -1.16870  
206.500    -1.16917  
206.600    -1.16963  
206.700    -1.17010  
206.800    -1.17056  
206.900    -1.17103  
207.000    -1.17149  
207.100    -1.17195  
207.200    -1.17242  
207.300    -1.17288  
207.400    -1.17335  
207.500    -1.17381  
207.600    -1.17427  
207.700    -1.17474  
207.800    -1.17520  
207.900    -1.17566  
208.000    -1.17612  
208.100    -1.17658  
208.200    -1.17705  
208.300    -1.17751  
208.400    -1.17797  
208.500    -1.17843  
208.600    -1.17889  
208.700    -1.17935  
208.800    -1.17981  
208.900    -1.18027  
209.000    -1.18073  
209.100    -1.18119  
209.200    -1.18165  
209.300    -1.18211  
209.400    -1.18257  
209.500    -1.18303  
209.600    -1.18348  
209.700    -1.18394  
209.800    -1.18440  
209.900    -1.18486  
210.000    -1.18531  
210.100    -1.18577  
210.200    -1.18623  
210.300    -1.18669  
210.400    -1.18714  
210.500    -1.18760  
210.600    -1.18805  
210.700    -1.18851  
210.800    -1.18897  
210.900    -1.18942  
211.000    -1.18988  
211.100    -1.19033  
211.200    -1.19079  
211.300    -1.19124  
211.400    -1.19169  
211.500    -1.19215  
211.600    -1.19260  
211.700    -1.19305  
211.800    -1.19351  
211.900    -1.19396  
212.000    -1.19441  
212.100    -1.19487  
212.200    -1.19532  
212.300    -1.19577  
212.400    -1.19622  
212.500    -1.19667  
212.600    -1.19713  
212.700    -1.19758  
212.800    -1.19803  
212.900    -1.19848  
213.000    -1.19893  
213.100    -1.19938  
213.200    -1.19983  
213.300    -1.20028  
213.400    -1.20073  
213.500    -1.20118  
213.600    -1.20163  
213.700    -1.20207  
213.800    -1.20252  
213.900    -1.20297  
214.000    -1.20342  
214.100    -1.20387  
214.200    -1.20431  
214.300    -1.20476  
214.400    -1.20521  
214.500    -1.20566  
214.600    -1.20610  
214.700    -1.20655  
214.800    -1.20700  
214.900    -1.20744  
215.000    -1.20789  
215.100    -1.20833  
215.200    -1.20878  
215.300    -1.20922  
215.400    -1.20967  
215.500    -1.21011  
215.600    -1.21056  
215.700    -1.21100  
215.800    -1.21144  
215.900    -1.21189  
216.000    -1.21233  
216.100    -1.21278  
216.200    -1.21322  
216.300    -1.21366  
216.400    -1.21410  
216.500    -1.21455  
216.600    -1.21499  
216.700    -1.21543  
216.800    -1.21587  
216.900    -1.21631  
217.000    -1.21675  
217.100    -1.21719  
217.200    -1.21764  
217.300    -1.21808  
217.400    -1.21852  
217.500    -1.21896  
217.600    -1.21940  
217.700    -1.21984  
217.800    -1.22028  
217.900    -1.22071  
218.000    -1.22115  
218.100    -1.22159  
218.200    -1.22203  
218.300    -1.22247  
218.400    -1.22291  
218.500    -1.22334  
218.600    -1.22378  
218.700    -1.22422  
218.800    -1.22466  
218.900    -1.22509  
219.000    -1.22553  
219.100    -1.22597  
219.200    -1.22640  
219.300    -1.22684  
219.400    -1.22727  
219.500    -1.22771  
219.600    -1.22815  
219.700    -1.22858  
219.800    -1.22901  
219.900    -1.22945  
220.000    -1.22988  
220.100    -1.23032  
220.200    -1.23075  
220.300    -1.23119  
220.400    -1.23162  
220.500    -1.23205  
220.600    -1.23249  
220.700    -1.23292  
220.800    -1.23335  
220.900    -1.23378  
221.000    -1.23422  
221.100    -1.23465  
221.200    -1.23508  
221.300    -1.23551  
221.400    -1.23594  
221.500    -1.23637  
221.600    -1.23680  
221.700    -1.23723  
221.800    -1.23766  
221.900    -1.23809  
222.000    -1.23852  
222.100    -1.23895  
222.200    -1.23938  
222.300    -1.23981  
222.400    -1.24024  
222.500    -1.24067  
222.600    -1.24110  
222.700    -1.24153  
222.800    -1.24196  
222.900    -1.24238  
223.000    -1.24281  
223.100    -1.24324  
223.200    -1.24367  
223.300    -1.24409  
223.400    -1.24452  
223.500    -1.24495  
223.600    -1.24537  
223.700    -1.24580  
223.800    -1.24623  
223.900    -1.24665  
224.000    -1.24708  
224.100    -1.24750  
224.200    -1.24793  
224.300    -1.24835  
224.400    -1.24878  
224.500    -1.24920  
224.600    -1.24962  
224.700    -1.25005  
224.800    -1.25047  
224.900    -1.25090  
225.000    -1.25132  
225.100    -1.25174  
225.200    -1.25216  
225.300    -1.25259  
225.400    -1.25301  
225.500    -1.25343  
225.600    -1.25385  
225.700    -1.25428  
225.800    -1.25470  
225.900    -1.25512  
226.000    -1.25554  
226.100    -1.25596  
226.200    -1.25638  
226.300    -1.25680  
226.400    -1.25722  
226.500    -1.25764  
226.600    -1.25806  
226.700    -1.25848  
226.800    -1.25890  
226.900    -1.25932  
227.000    -1.25974  
227.100    -1.26016  
227.200    -1.26058  
227.300    -1.26099  
227.400    -1.26141  
227.500    -1.26183  
227.600    -1.26225  
227.700    -1.26266  
227.800    -1.26308  
227.900    -1.26350  
228.000    -1.26392  
228.100    -1.26433  
228.200    -1.26475  
228.300    -1.26516  
228.400    -1.26558  
228.500    -1.26600  
228.600    -1.26641  
228.700    -1.26683  
228.800    -1.26724  
228.900    -1.26766  
229.000    -1.26807  
229.100    -1.26848  
229.200    -1.26890  
229.300    -1.26931  
229.400    -1.26973  
229.500    -1.27014  
229.600    -1.27055  
229.700    -1.27097  
229.800    -1.27138  
229.900    -1.27179  
230.000    -1.27220  
230.100    -1.27262  
230.200    -1.27303  
230.300    -1.27344  
230.400    -1.27385  
230.500    -1.27426  
230.600    -1.27467  
230.700    -1.27508  
230.800    -1.27550  
230.900    -1.27591  
231.000    -1.27632  
231.100    -1.27673  
231.200    -1.27714  
231.300    -1.27755  
231.400    -1.27796  
231.500    -1.27836  
231.600    -1.27877  
231.700    -1.27918  
231.800    -1.27959  
231.900    -1.28000  
232.000    -1.28041  
232.100    -1.28082  
232.200    -1.28122  
232.300    -1.28163  
232.400    -1.28204  
232.500    -1.28245  
232.600    -1.28285  
232.700    -1.28326  
232.800    -1.28367  
232.900    -1.28407  
233.000    -1.28448  
233.100    -1.28488  
233.200    -1.28529  
233.300    -1.28569  
233.400    -1.28610  
233.500    -1.28650  
233.600    -1.28691  
233.700    -1.28731  
233.800    -1.28772  
233.900    -1.28812  
234.000    -1.28853  
234.100    -1.28893  
234.200    -1.28933  
234.300    -1.28974  
234.400    -1.29014  
234.500    -1.29054  
234.600    -1.29095  
234.700    -1.29135  
234.800    -1.29175  
234.900    -1.29215  
235.000    -1.29255  
235.100    -1.29296  
235.200    -1.29336  
235.300    -1.29376  
235.400    -1.29416  
235.500    -1.29456  
235.600    -1.29496  
235.700    -1.29536  
235.800    -1.29576  
235.900    -1.29616  
236.000    -1.29656  
236.100    -1.29696  
236.200    -1.29736  
236.300    -1.29776  
236.400    -1.29816  
236.500    -1.29856  
236.600    -1.29896  
236.700    -1.29935  
236.800    -1.29975  
236.900    -1.30015  
237.000    -1.30055  
237.100    -1.30094  
237.200    -1.30134  
237.300    -1.30174  
237.400    -1.30214  
237.500    -1.30253  
237.600    -1.30293  
237.700    -1.30333  
237.800    -1.30372  
237.900    -1.30412  
238.000    -1.30451  
238.100    -1.30491  
238.200    -1.30530  
238.300    -1.30570  
238.400    -1.30609  
238.500    -1.30649  
238.600    -1.30688  
238.700    -1.30728  
238.800    -1.30767  
238.900    -1.30806  
239.000    -1.30846  
239.100    -1.30885  
239.200    -1.30924  
239.300    -1.30964  
239.400    -1.31003  
239.500    -1.31042  
239.600    -1.31081  
239.700    -1.31121  
239.800    -1.31160  
239.900    -1.31199  
240.000    -1.31238  
240.100    -1.31277  
240.200    -1.31316  
240.300    -1.31356  
240.400    -1.31395  
240.500    -1.31434  
240.600    -1.31473  
240.700    -1.31512  
240.800    -1.31551  
240.900    -1.31590  
241.000    -1.31629  
241.100    -1.31668  
241.200    -1.31706  
241.300    -1.31745  
241.400    -1.31784  
241.500    -1.31823  
241.600    -1.31862  
241.700    -1.31901  
241.800    -1.31940  
241.900    -1.31978  
242.000    -1.32017  
242.100    -1.32056  
242.200    -1.32094  
242.300    -1.32133  
242.400    -1.32172  
242.500    -1.32210  
242.600    -1.32249  
242.700    -1.32288  
242.800    -1.32326  
242.900    -1.32365  
243.000    -1.32403  
243.100    -1.32442  
243.200    -1.32480  
243.300    -1.32519  
243.400    -1.32557  
243.500    -1.32596  
243.600    -1.32634  
243.700    -1.32673  
243.800    -1.32711  
243.900    -1.32749  
244.000    -1.32788  
244.100    -1.32826  
244.200    -1.32864  
244.300    -1.32903  
244.400    -1.32941  
244.500    -1.32979  
244.600    -1.33017  
244.700    -1.33056  
244.800    -1.33094  
244.900    -1.33132  
245.000    -1.33170  
245.100    -1.33208  
245.200    -1.33246  
245.300    -1.33285  
245.400    -1.33323  
245.500    -1.33361  
245.600    -1.33399  
245.700    -1.33437  
245.800    -1.33475  
245.900    -1.33513  
246.000    -1.33551  
246.100    -1.33589  
246.200    -1.33626  
246.300    -1.33664  
246.400    -1.33702  
246.500    -1.33740  
246.600    -1.33778  
246.700    -1.33816  
246.800    -1.33853  
246.900    -1.33891  
247.000    -1.33929  
247.100    -1.33967  
247.200    -1.34004  
247.300    -1.34042  
247.400    -1.34080  
247.500    -1.34117  
247.600    -1.34155  
247.700    -1.34193  
247.800    -1.34230  
247.900    -1.34268  
248.000    -1.34305  
248.100    -1.34343  
248.200    -1.34381  
248.300    -1.34418  
248.400    -1.34456  
248.500    -1.34493  
248.600    -1.34530  
248.700    -1.34568  
248.800    -1.34605  
248.900    -1.34643  
249.000    -1.34680  
249.100    -1.34717  
249.200    -1.34755  
249.300    -1.34792  
249.400    -1.34829  
249.500    -1.34867  
249.600    -1.34904  
249.700    -1.34941  
249.800    -1.34978  
249.900    -1.35015  
250.000    -1.35053  
250.100    -1.35090  
250.200    -1.35127  
250.300    -1.35164  
250.400    -1.35201  
250.500    -1.35238  
250.600    -1.35275  
250.700    -1.35312  
250.800    -1.35349  
250.900    -1.35386  
251.000    -1.35423  
251.100    -1.35460  
251.200    -1.35497  
251.300    -1.35534  
251.400    -1.35571  
251.500    -1.35608  
251.600    -1.35645  
251.700    -1.35682  
251.800    -1.35718  
251.900    -1.35755  
252.000    -1.35792  
252.100    -1.35829  
252.200    -1.35866  
252.300    -1.35902  
252.400    -1.35939  
252.500    -1.35976  
252.600    -1.36012  
252.700    -1.36049  
252.800    -1.36086  
252.900    -1.36122  
253.000    -1.36159  
253.100    -1.36196  
253.200    -1.36232  
253.300    -1.36269  
253.400    -1.36305  
253.500    -1.36342  
253.600    -1.36378  
253.700    -1.36415  
253.800    -1.36451  
253.900    -1.36487  
254.000    -1.36524  
254.100    -1.36560  
254.200    -1.36597  
254.300    -1.36633  
254.400    -1.36669  
254.500    -1.36706  
254.600    -1.36742  
254.700    -1.36778  
254.800    -1.36815  
254.900    -1.36851  
255.000    -1.36887  
255.100    -1.36923  
255.200    -1.36959  
255.300    -1.36996  
255.400    -1.37032  
255.500    -1.37068  
255.600    -1.37104  
255.700    -1.37140  
255.800    -1.37176  
255.900    -1.37212  
256.000    -1.37248  
256.100    -1.37284  
256.200    -1.37320  
256.300    -1.37356  
256.400    -1.37392  
256.500    -1.37428  
256.600    -1.37464  
256.700    -1.37500  
256.800    -1.37536  
256.900    -1.37572  
257.000    -1.37608  
257.100    -1.37643  
257.200    -1.37679  
257.300    -1.37715  
257.400    -1.37751  
257.500    -1.37787  
257.600    -1.37822  
257.700    -1.37858  
257.800    -1.37894  
257.900    -1.37929  
258.000    -1.37965  
258.100    -1.38001  
258.200    -1.38036  
258.300    -1.38072  
258.400    -1.38108  
258.500    -1.38143  
258.600    -1.38179  
258.700    -1.38214  
258.800    -1.38250  
258.900    -1.38285  
259.000    -1.38321  
259.100    -1.38356  
259.200    -1.38392  
259.300    -1.38427  
259.400    -1.38463  
259.500    -1.38498  
259.600    -1.38533  
259.700    -1.38569  
259.800    -1.38604  
259.900    -1.38639  
260.000    -1.38675  
260.100    -1.38710  
260.200    -1.38745  
260.300    -1.38780  
260.400    -1.38816  
260.500    -1.38851  
260.600    -1.38886  
260.700    -1.38921  
260.800    -1.38956  
260.900    -1.38992  
261.000    -1.39027  
261.100    -1.39062  
261.200    -1.39097  
261.300    -1.39132  
261.400    -1.39167  
261.500    -1.39202  
261.600    -1.39237  
261.700    -1.39272  
261.800    -1.39307  
261.900    -1.39342  
262.000    -1.39377  
262.100    -1.39412  
262.200    -1.39447  
262.300    -1.39482  
262.400    -1.39516  
262.500    -1.39551  
262.600    -1.39586  
262.700    -1.39621  
262.800    -1.39656  
262.900    -1.39691  
263.000    -1.39725  
263.100    -1.39760  
263.200    -1.39795  
263.300    -1.39830  
263.400    -1.39864  
263.500    -1.39899  
263.600    -1.39934  
263.700    -1.39968  
263.800    -1.40003  
263.900    -1.40037  
264.000    -1.40072  
264.100    -1.40107  
264.200    -1.40141  
264.300    -1.40176  
264.400    -1.40210  
264.500    -1.40245  
264.600    -1.40279  
264.700    -1.40314  
264.800    -1.40348  
264.900    -1.40382  
265.000    -1.40417  
265.100    -1.40451  
265.200    -1.40486  
265.300    -1.40520  
265.400    -1.40554  
265.500    -1.40589  
265.600    -1.40623  
265.700    -1.40657  
265.800    -1.40692  
265.900    -1.40726  
266.000    -1.40760  
266.100    -1.40794  
266.200    -1.40828  
266.300    -1.40863  
266.400    -1.40897  
266.500    -1.40931  
266.600    -1.40965  
266.700    -1.40999  
266.800    -1.41033  
266.900    -1.41067  
267.000    -1.41101  
267.100    -1.41135  
267.200    -1.41169  
267.300    -1.41203  
267.400    -1.41237  
267.500    -1.41271  
267.600    -1.41305  
267.700    -1.41339  
267.800    -1.41373  
267.900    -1.41407  
268.000    -1.41441  
268.100    -1.41475  
268.200    -1.41509  
268.300    -1.41543  
268.400    -1.41576  
268.500    -1.41610  
268.600    -1.41644  
268.700    -1.41678  
268.800    -1.41711  
268.900    -1.41745  
269.000    -1.41779  
269.100    -1.41813  
269.200    -1.41846  
269.300    -1.41880  
269.400    -1.41914  
269.500    -1.41947  
269.600    -1.41981  
269.700    -1.42014  
269.800    -1.42048  
269.900    -1.42082  
270.000    -1.42115  
270.100    -1.42149  
270.200    -1.42182  
270.300    -1.42216  
270.400    -1.42249  
270.500    -1.42283  
270.600    -1.42316  
270.700    -1.42349  
270.800    -1.42383  
270.900    -1.42416  
271.000    -1.42450  
271.100    -1.42483  
271.200    -1.42516  
271.300    -1.42550  
271.400    -1.42583  
271.500    -1.42616  
271.600    -1.42649  
271.700    -1.42683  
271.800    -1.42716  
271.900    -1.42749  
272.000    -1.42782  
272.100    -1.42816  
272.200    -1.42849  
272.300    -1.42882  
272.400    -1.42915  
272.500    -1.42948  
272.600    -1.42981  
272.700    -1.43014  
272.800    -1.43047  
272.900    -1.43081  
273.000    -1.43114  
273.100    -1.43147  
273.200    -1.43180  
273.300    -1.43213  
273.400    -1.43246  
273.500    -1.43278  
273.600    -1.43311  
273.700    -1.43344  
273.800    -1.43377  
273.900    -1.43410  
274.000    -1.43443  
274.100    -1.43476  
274.200    -1.43509  
274.300    -1.43542  
274.400    -1.43574  
274.500    -1.43607  
274.600    -1.43640  
274.700    -1.43673  
274.800    -1.43705  
274.900    -1.43738  
275.000    -1.43771  
275.100    -1.43803  
275.200    -1.43836  
275.300    -1.43869  
275.400    -1.43901  
275.500    -1.43934  
275.600    -1.43967  
275.700    -1.43999  
275.800    -1.44032  
275.900    -1.44064  
276.000    -1.44097  
276.100    -1.44129  
276.200    -1.44162  
276.300    -1.44194  
276.400    -1.44227  
276.500    -1.44259  
276.600    -1.44292  
276.700    -1.44324  
276.800    -1.44357  
276.900    -1.44389  
277.000    -1.44421  
277.100    -1.44454  
277.200    -1.44486  
277.300    -1.44518  
277.400    -1.44551  
277.500    -1.44583  
277.600    -1.44615  
277.700    -1.44648  
277.800    -1.44680  
277.900    -1.44712  
278.000    -1.44744  
278.100    -1.44776  
278.200    -1.44809  
278.300    -1.44841  
278.400    -1.44873  
278.500    -1.44905  
278.600    -1.44937  
278.700    -1.44969  
278.800    -1.45001  
278.900    -1.45033  
279.000    -1.45065  
279.100    -1.45098  
279.200    -1.45130  
279.300    -1.45162  
279.400    -1.45194  
279.500    -1.45225  
279.600    -1.45257  
279.700    -1.45289  
279.800    -1.45321  
279.900    -1.45353  
280.000    -1.45385  
280.100    -1.45417  
280.200    -1.45449  
280.300    -1.45481  
280.400    -1.45513  
280.500    -1.45544  
280.600    -1.45576  
280.700    -1.45608  
280.800    -1.45640  
280.900    -1.45671  
281.000    -1.45703  
281.100    -1.45735  
281.200    -1.45767  
281.300    -1.45798  
281.400    -1.45830  
281.500    -1.45862  
281.600    -1.45893  
281.700    -1.45925  
281.800    -1.45956  
281.900    -1.45988  
282.000    -1.46020  
282.100    -1.46051  
282.200    -1.46083  
282.300    -1.46114  
282.400    -1.46146  
282.500    -1.46177  
282.600    -1.46209  
282.700    -1.46240  
282.800    -1.46272  
282.900    -1.46303  
283.000    -1.46334  
283.100    -1.46366  
283.200    -1.46397  
283.300    -1.46429  
283.400    -1.46460  
283.500    -1.46491  
283.600    -1.46523  
283.700    -1.46554  
283.800    -1.46585  
283.900    -1.46616  
284.000    -1.46648  
284.100    -1.46679  
284.200    -1.46710  
284.300    -1.46741  
284.400    -1.46773  
284.500    -1.46804  
284.600    -1.46835  
284.700    -1.46866  
284.800    -1.46897  
284.900    -1.46928  
285.000    -1.46960  
285.100    -1.46991  
285.200    -1.47022  
285.300    -1.47053  
285.400    -1.47084  
285.500    -1.47115  
285.600    -1.47146  
285.700    -1.47177  
285.800    -1.47208  
285.900    -1.47239  
286.000    -1.47270  
286.100    -1.47301  
286.200    -1.47332  
286.300    -1.47362  
286.400    -1.47393  
286.500    -1.47424  
286.600    -1.47455  
286.700    -1.47486  
286.800    -1.47517  
286.900    -1.47548  
287.000    -1.47578  
287.100    -1.47609  
287.200    -1.47640  
287.300    -1.47671  
287.400    -1.47701  
287.500    -1.47732  
287.600    -1.47763  
287.700    -1.47794  
287.800    -1.47824  
287.900    -1.47855  
288.000    -1.47886  
288.100    -1.47916  
288.200    -1.47947  
288.300    -1.47977  
288.400    -1.48008  
288.500    -1.48039  
288.600    -1.48069  
288.700    -1.48100  
288.800    -1.48130  
288.900    -1.48161  
289.000    -1.48191  
289.100    -1.48222  
289.200    -1.48252  
289.300    -1.48283  
289.400    -1.48313  
289.500    -1.48343  
289.600    -1.48374  
289.700    -1.48404  
289.800    -1.48435  
289.900    -1.48465  
290.000    -1.48495  
290.100    -1.48526  
290.200    -1.48556  
290.300    -1.48586  
290.400    -1.48617  
290.500    -1.48647  
290.600    -1.48677  
290.700    -1.48707  
290.800    -1.48738  
290.900    -1.48768  
291.000    -1.48798  
291.100    -1.48828  
291.200    -1.48858  
291.300    -1.48888  
291.400    -1.48919  
291.500    -1.48949  
291.600    -1.48979  
291.700    -1.49009  
291.800    -1.49039  
291.900    -1.49069  
292.000    -1.49099  
292.100    -1.49129  
292.200    -1.49159  
292.300    -1.49189  
292.400    -1.49219  
292.500    -1.49249  
292.600    -1.49279  
292.700    -1.49309  
292.800    -1.49339  
292.900    -1.49369  
293.000    -1.49399  
293.100    -1.49429  
293.200    -1.49458  
293.300    -1.49488  
293.400    -1.49518  
293.500    -1.49548  
293.600    -1.49578  
293.700    -1.49608  
293.800    -1.49637  
293.900    -1.49667  
294.000    -1.49697  
294.100    -1.49727  
294.200    -1.49756  
294.300    -1.49786  
294.400    -1.49816  
294.500    -1.49845  
294.600    -1.49875  
294.700    -1.49905  
294.800    -1.49934  
294.900    -1.49964  
295.000    -1.49994  
295.100    -1.50023  
295.200    -1.50053  
295.300    -1.50082  
295.400    -1.50112  
295.500    -1.50142  
295.600    -1.50171  
295.700    -1.50201  
295.800    -1.50230  
295.900    -1.50260  
296.000    -1.50289  
296.100    -1.50318  
296.200    -1.50348  
296.300    -1.50377  
296.400    -1.50407  
296.500    -1.50436  
296.600    -1.50466  
296.700    -1.50495  
296.800    -1.50524  
296.900    -1.50554  
297.000    -1.50583  
297.100    -1.50612  
297.200    -1.50642  
297.300    -1.50671  
297.400    -1.50700  
297.500    -1.50729  
297.600    -1.50759  
297.700    -1.50788  
297.800    -1.50817  
297.900    -1.50846  
298.000    -1.50875  
298.100    -1.50905  
298.200    -1.50934  
298.300    -1.50963  
298.400    -1.50992  
298.500    -1.51021  
298.600    -1.51050  
298.700    -1.51079  
298.800    -1.51108  
298.900    -1.51137  
299.000    -1.51167  
299.100    -1.51196  
299.200    -1.51225  
299.300    -1.51254  
299.400    -1.51283  
299.500    -1.51312  
299.600    -1.51340  
299.700    -1.51369  
299.800    -1.51398  
299.900    -1.51427  
300.000    -1.51456  
300.100    -1.51485  
300.200    -1.51514  
300.300    -1.51543  
300.400    -1.51572  
300.500    -1.51601  
300.600    -1.51629  
300.700    -1.51658  
300.800    -1.51687  
300.900    -1.51716  
301.000    -1.51744  
301.100    -1.51773  
301.200    -1.51802  
301.300    -1.51831  
301.400    -1.51859  
301.500    -1.51888  
301.600    -1.51917  
301.700    -1.51945  
301.800    -1.51974  
301.900    -1.52003  
302.000    -1.52031  
302.100    -1.52060  
302.200    -1.52089  
302.300    -1.52117  
302.400    -1.52146  
302.500    -1.52174  
302.600    -1.52203  
302.700    -1.52231  
302.800    -1.52260  
302.900    -1.52288  
303.000    -1.52317  
303.100    -1.52345  
303.200    -1.52374  
303.300    -1.52402  
303.400    -1.52431  
303.500    -1.52459  
303.600    -1.52488  
303.700    -1.52516  
303.800    -1.52544  
303.900    -1.52573  
304.000    -1.52601  
304.100    -1.52630  
304.200    -1.52658  
304.300    -1.52686  
304.400    -1.52714  
304.500    -1.52743  
304.600    -1.52771  
304.700    -1.52799  
304.800    -1.52828  
304.900    -1.52856  
305.000    -1.52884  
305.100    -1.52912  
305.200    -1.52940  
305.300    -1.52969  
305.400    -1.52997  
305.500    -1.53025  
305.600    -1.53053  
305.700    -1.53081  
305.800    -1.53109  
305.900    -1.53137  
306.000    -1.53166  
306.100    -1.53194  
306.200    -1.53222  
306.300    -1.53250  
306.400    -1.53278  
306.500    -1.53306  
306.600    -1.53334  
306.700    -1.53362  
306.800    -1.53390  
306.900    -1.53418  
307.000    -1.53446  
307.100    -1.53474  
307.200    -1.53502  
307.300    -1.53529  
307.400    -1.53557  
307.500    -1.53585  
307.600    -1.53613  
307.700    -1.53641  
307.800    -1.53669  
307.900    -1.53697  
308.000    -1.53725  
308.100    -1.53752  
308.200    -1.53780  
308.300    -1.53808  
308.400    -1.53836  
308.500    -1.53864  
308.600    -1.53891  
308.700    -1.53919  
308.800    -1.53947  
308.900    -1.53974  
309.000    -1.54002  
309.100    -1.54030  
309.200    -1.54057  
309.300    -1.54085  
309.400    -1.54113  
309.500    -1.54140  
309.600    -1.54168  
309.700    -1.54196  
309.800    -1.54223  
309.900    -1.54251  
310.000    -1.54278  
310.100    -1.54306  
310.200    -1.54334  
310.300    -1.54361  
310.400    -1.54389  
310.500    -1.54416  
310.600    -1.54444  
310.700    -1.54471  
310.800    -1.54498  
310.900    -1.54526  
311.000    -1.54553  
311.100    -1.54581  
311.200    -1.54608  
311.300    -1.54636  
311.400    -1.54663  
311.500    -1.54690  
311.600    -1.54718  
311.700    -1.54745  
311.800    -1.54772  
311.900    -1.54800  
312.000    -1.54827  
312.100    -1.54854  
312.200    -1.54882  
312.300    -1.54909  
312.400    -1.54936  
312.500    -1.54963  
312.600    -1.54991  
312.700    -1.55018  
312.800    -1.55045  
312.900    -1.55072  
313.000    -1.55100  
313.100    -1.55127  
313.200    -1.55154  
313.300    -1.55181  
313.400    -1.55208  
313.500    -1.55235  
313.600    -1.55262  
313.700    -1.55290  
313.800    -1.55317  
313.900    -1.55344  
314.000    -1.55371  
314.100    -1.55398  
314.200    -1.55425  
314.300    -1.55452  
314.400    -1.55479  
314.500    -1.55506  
314.600    -1.55533  
314.700    -1.55560  
314.800    -1.55587  
314.900    -1.55614  
315.000    -1.55641  
315.100    -1.55668  
315.200    -1.55695  
315.300    -1.55721  
315.400    -1.55748  
315.500    -1.55775  
315.600    -1.55802  
315.700    -1.55829  
315.800    -1.55856  
315.900    -1.55883  
316.000    -1.55909  
316.100    -1.55936  
316.200    -1.55963  
316.300    -1.55990  
316.400    -1.56017  
316.500    -1.56043  
316.600    -1.56070  
316.700    -1.56097  
316.800    -1.56123  
316.900    -1.56150  
317.000    -1.56177  
317.100    -1.56204  
317.200    -1.56230  
317.300    -1.56257  
317.400    -1.56283  
317.500    -1.56310  
317.600    -1.56337  
317.700    -1.56363  
317.800    -1.56390  
317.900    -1.56417  
318.000    -1.56443  
318.100    -1.56470  
318.200    -1.56496  
318.300    -1.56523  
318.400    -1.56549  
318.500    -1.56576  
318.600    -1.56602  
318.700    -1.56629  
318.800    -1.56655  
318.900    -1.56682  
319.000    -1.56708  
319.100    -1.56735  
319.200    -1.56761  
319.300    -1.56787  
319.400    -1.56814  
319.500    -1.56840  
319.600    -1.56867  
319.700    -1.56893  
319.800    -1.56919  
319.900    -1.56946  
320.000    -1.56972  
320.100    -1.56998  
320.200    -1.57025  
320.300    -1.57051  
320.400    -1.57077  
320.500    -1.57103  
320.600    -1.57130  
320.700    -1.57156  
320.800    -1.57182  
320.900    -1.57208  
321.000    -1.57235  
321.100    -1.57261  
321.200    -1.57287  
321.300    -1.57313  
321.400    -1.57339  
321.500    -1.57366  
321.600    -1.57392  
321.700    -1.57418  
321.800    -1.57444  
321.900    -1.57470  
322.000    -1.57496  
322.100    -1.57522  
322.200    -1.57548  
322.300    -1.57574  
322.400    -1.57600  
322.500    -1.57627  
322.600    -1.57653  
322.700    -1.57679  
322.800    -1.57705  
322.900    -1.57731  
323.000    -1.57757  
323.100    -1.57783  
323.200    -1.57808  
323.300    -1.57834  
323.400    -1.57860  
323.500    -1.57886  
323.600    -1.57912  
323.700    -1.57938  
323.800    -1.57964  
323.900    -1.57990  
324.000    -1.58016  
324.100    -1.58042  
324.200    -1.58067  
324.300    -1.58093  
324.400    -1.58119  
324.500    -1.58145  
324.600    -1.58171  
324.700    -1.58197  
324.800    -1.58222  
324.900    -1.58248  
325.000    -1.58274  
325.100    -1.58300  
325.200    -1.58325  
325.300    -1.58351  
325.400    -1.58377  
325.500    -1.58402  
325.600    -1.58428  
325.700    -1.58454  
325.800    -1.58479  
325.900    -1.58505  
326.000    -1.58531  
326.100    -1.58556  
326.200    -1.58582  
326.300    -1.58608  
326.400    -1.58633  
326.500    -1.58659  
326.600    -1.58684  
326.700    -1.58710  
326.800    -1.58735  
326.900    -1.58761  
327.000    -1.58786  
327.100    -1.58812  
327.200    -1.58837  
327.300    -1.58863  
327.400    -1.58888  
327.500    -1.58914  
327.600    -1.58939  
327.700    -1.58965  
327.800    -1.58990  
327.900    -1.59016  
328.000    -1.59041  
328.100    -1.59067  
328.200    -1.59092  
328.300    -1.59117  
328.400    -1.59143  
328.500    -1.59168  
328.600    -1.59193  
328.700    -1.59219  
328.800    -1.59244  
328.900    -1.59269  
329.000    -1.59295  
329.100    -1.59320  
329.200    -1.59345  
329.300    -1.59370  
329.400    -1.59396  
329.500    -1.59421  
329.600    -1.59446  
329.700    -1.59471  
329.800    -1.59497  
329.900    -1.59522  
330.000    -1.59547  
330.100    -1.59572  
330.200    -1.59597  
330.300    -1.59623  
330.400    -1.59648  
330.500    -1.59673  
330.600    -1.59698  
330.700    -1.59723  
330.800    -1.59748  
330.900    -1.59773  
331.000    -1.59798  
331.100    -1.59824  
331.200    -1.59849  
331.300    -1.59874  
331.400    -1.59899  
331.500    -1.59924  
331.600    -1.59949  
331.700    -1.59974  
331.800    -1.59999  
331.900    -1.60024  
332.000    -1.60049  
332.100    -1.60074  
332.200    -1.60099  
332.300    -1.60124  
332.400    -1.60149  
332.500    -1.60174  
332.600    -1.60198  
332.700    -1.60223  
332.800    -1.60248  
332.900    -1.60273  
333.000    -1.60298  
333.100    -1.60323  
333.200    -1.60348  
333.300    -1.60373  
333.400    -1.60397  
333.500    -1.60422  
333.600    -1.60447  
333.700    -1.60472  
333.800    -1.60497  
333.900    -1.60521  
334.000    -1.60546  
334.100    -1.60571  
334.200    -1.60596  
334.300    -1.60620  
334.400    -1.60645  
334.500    -1.60670  
334.600    -1.60695  
334.700    -1.60719  
334.800    -1.60744  
334.900    -1.60769  
335.000    -1.60793  
335.100    -1.60818  
335.200    -1.60843  
335.300    -1.60867  
335.400    -1.60892  
335.500    -1.60916  
335.600    -1.60941  
335.700    -1.60966  
335.800    -1.60990  
335.900    -1.61015  
336.000    -1.61039  
336.100    -1.61064  
336.200    -1.61088  
336.300    -1.61113  
336.400    -1.61138  
336.500    -1.61162  
336.600    -1.61187  
336.700    -1.61211  
336.800    -1.61235  
336.900    -1.61260  
337.000    -1.61284  
337.100    -1.61309  
337.200    -1.61333  
337.300    -1.61358  
337.400    -1.61382  
337.500    -1.61407  
337.600    -1.61431  
337.700    -1.61455  
337.800    -1.61480  
337.900    -1.61504  
338.000    -1.61528  
338.100    -1.61553  
338.200    -1.61577  
338.300    -1.61601  
338.400    -1.61626  
338.500    -1.61650  
338.600    -1.61674  
338.700    -1.61699  
338.800    -1.61723  
338.900    -1.61747  
339.000    -1.61771  
339.100    -1.61796  
339.200    -1.61820  
339.300    -1.61844  
339.400    -1.61868  
339.500    -1.61893  
339.600    -1.61917  
339.700    -1.61941  
339.800    -1.61965  
339.900    -1.61989  
340.000    -1.62013  
340.100    -1.62038  
340.200    -1.62062  
340.300    -1.62086  
340.400    -1.62110  
340.500    -1.62134  
340.600    -1.62158  
340.700    -1.62182  
340.800    -1.62206  
340.900    -1.62230  
341.000    -1.62254  
341.100    -1.62278  
341.200    -1.62303  
341.300    -1.62327  
341.400    -1.62351  
341.500    -1.62375  
341.600    -1.62399  
341.700    -1.62423  
341.800    -1.62447  
341.900    -1.62471  
342.000    -1.62494  
342.100    -1.62518  
342.200    -1.62542  
342.300    -1.62566  
342.400    -1.62590  
342.500    -1.62614  
342.600    -1.62638  
342.700    -1.62662  
342.800    -1.62686  
342.900    -1.62710  
343.000    -1.62734  
343.100    -1.62757  
343.200    -1.62781  
343.300    -1.62805  
343.400    -1.62829  
343.500    -1.62853  
343.600    -1.62877  
343.700    -1.62900  
343.800    -1.62924  
343.900    -1.62948  
344.000    -1.62972  
344.100    -1.62995  
344.200    -1.63019  
344.300    -1.63043  
344.400    -1.63067  
344.500    -1.63090  
344.600    -1.63114  
344.700    -1.63138  
344.800    -1.63161  
344.900    -1.63185  
345.000    -1.63209  
345.100    -1.63232  
345.200    -1.63256  
345.300    -1.63280  
345.400    -1.63303  
345.500    -1.63327  
345.600    -1.63351  
345.700    -1.63374  
345.800    -1.63398  
345.900    -1.63421  
346.000    -1.63445  
346.100    -1.63469  
346.200    -1.63492  
346.300    -1.63516  
346.400    -1.63539  
346.500    -1.63563  
346.600    -1.63586  
346.700    -1.63610  
346.800    -1.63633  
346.900    -1.63657  
347.000    -1.63680  
347.100    -1.63704  
347.200    -1.63727  
347.300    -1.63751  
347.400    -1.63774  
347.500    -1.63798  
347.600    -1.63821  
347.700    -1.63844  
347.800    -1.63868  
347.900    -1.63891  
348.000    -1.63915  
348.100    -1.63938  
348.200    -1.63961  
348.300    -1.63985  
348.400    -1.64008  
348.500    -1.64031  
348.600    -1.64055  
348.700    -1.64078  
348.800    -1.64101  
348.900    -1.64125  
349.000    -1.64148  
349.100    -1.64171  
349.200    -1.64195  
349.300    -1.64218  
349.400    -1.64241  
349.500    -1.64264  
349.600    -1.64288  
349.700    -1.64311  
349.800    -1.64334  
349.900    -1.64357  
350.000    -1.64380  