 0.000     0.00000  
  0.100     0.00000  
  0.200     0.00000  
  0.300     0.00000  
  0.400     0.00000  
  0.500     0.00000  
  0.600     0.00000  
  0.700     0.00000  
  0.800     0.00000  
  0.900     0.00000  
  1.000     0.00000  
  1.100     0.00000  
  1.200     0.00000  
  1.300     0.00000  
  1.400     0.00000  
  1.500     0.00000  
  1.600     0.00000  
  1.700     0.00000  
  1.800     0.00000  
  1.900     0.00000  
  2.000     0.00000  
  2.100     0.00000  
  2.200     0.00000  
  2.300     0.00000  
  2.400     0.00000  
  2.500     0.00000  
  2.600     0.00000  
  2.700     0.00000  
  2.800     0.00000  
  2.900     0.00000  
  3.000     0.00000  
  3.100     0.00000  
  3.200     0.00000  
  3.300     0.00000  
  3.400     0.00000  
  3.500     0.00000  
  3.600     0.00000  
  3.700     0.00000  
  3.800     0.00000  
  3.900     0.00000  
  4.000     0.00000  
  4.100     0.00000  
  4.200     0.00000  
  4.300     0.00000  
  4.400     0.00000  
  4.500     0.00000  
  4.600     0.00000  
  4.700     0.00000  
  4.800     0.00000  
  4.900     0.00000  
  5.000     0.00000  
  5.100     0.00000  
  5.200     0.00000  
  5.300     0.00000  
  5.400     0.00000  
  5.500     0.00000  
  5.600     0.00000  
  5.700     0.00000  
  5.800     0.00000  
  5.900     0.00000  
  6.000     0.00000  
  6.100     0.00000  
  6.200     0.00000  
  6.300     0.00000  
  6.400     0.00000  
  6.500     0.00000  
  6.600     0.00000  
  6.700     0.00000  
  6.800     0.00000  
  6.900     0.00000  
  7.000     0.00000  
  7.100     0.00000  
  7.200     0.00000  
  7.300     0.00000  
  7.400     0.00000  
  7.500     0.00000  
  7.600     0.00000  
  7.700     0.00000  
  7.800     0.00000  
  7.900     0.00000  
  8.000     0.00000  
  8.100     0.00000  
  8.200     0.00000  
  8.300     0.00000  
  8.400     0.00000  
  8.500     0.00000  
  8.600     0.00000  
  8.700     0.00000  
  8.800     0.00000  
  8.900     0.00000  
  9.000     0.00000  
  9.100     0.00000  
  9.200     0.00000  
  9.300     0.00000  
  9.400     0.00000  
  9.500     0.00000  
  9.600     0.00000  
  9.700     0.00000  
  9.800     0.00000  
  9.900     0.00000  
 10.000     0.00000  
 10.100     0.00000  
 10.200     0.00000  
 10.300     0.00000  
 10.400     0.00000  
 10.500     0.00000  
 10.600     0.00000  
 10.700     0.00000  
 10.800     0.00000  
 10.900     0.00000  
 11.000     0.00000  
 11.100     0.00001  
 11.200     0.00001  
 11.300     0.00001  
 11.400     0.00001  
 11.500     0.00001  
 11.600     0.00001  
 11.700     0.00001  
 11.800     0.00001  
 11.900     0.00001  
 12.000     0.00001  
 12.100     0.00001  
 12.200     0.00001  
 12.300     0.00001  
 12.400     0.00001  
 12.500     0.00001  
 12.600     0.00001  
 12.700     0.00001  
 12.800     0.00001  
 12.900     0.00001  
 13.000     0.00001  
 13.100     0.00001  
 13.200     0.00001  
 13.300     0.00001  
 13.400     0.00001  
 13.500     0.00001  
 13.600     0.00001  
 13.700     0.00001  
 13.800     0.00001  
 13.900     0.00002  
 14.000     0.00002  
 14.100     0.00002  
 14.200     0.00002  
 14.300     0.00002  
 14.400     0.00002  
 14.500     0.00002  
 14.600     0.00002  
 14.700     0.00002  
 14.800     0.00002  
 14.900     0.00002  
 15.000     0.00002  
 15.100     0.00002  
 15.200     0.00002  
 15.300     0.00003  
 15.400     0.00003  
 15.500     0.00003  
 15.600     0.00003  
 15.700     0.00003  
 15.800     0.00003  
 15.900     0.00003  
 16.000     0.00003  
 16.100     0.00003  
 16.200     0.00003  
 16.300     0.00003  
 16.400     0.00004  
 16.500     0.00004  
 16.600     0.00004  
 16.700     0.00004  
 16.800     0.00004  
 16.900     0.00004  
 17.000     0.00004  
 17.100     0.00004  
 17.200     0.00004  
 17.300     0.00005  
 17.400     0.00005  
 17.500     0.00005  
 17.600     0.00005  
 17.700     0.00005  
 17.800     0.00005  
 17.900     0.00005  
 18.000     0.00005  
 18.100     0.00006  
 18.200     0.00006  
 18.300     0.00006  
 18.400     0.00006  
 18.500     0.00006  
 18.600     0.00006  
 18.700     0.00006  
 18.800     0.00007  
 18.900     0.00007  
 19.000     0.00007  
 19.100     0.00007  
 19.200     0.00007  
 19.300     0.00007  
 19.400     0.00008  
 19.500     0.00008  
 19.600     0.00008  
 19.700     0.00008  
 19.800     0.00008  
 19.900     0.00008  
 20.000     0.00009  
 20.100     0.00009  
 20.200     0.00009  
 20.300     0.00009  
 20.400     0.00009  
 20.500     0.00010  
 20.600     0.00010  
 20.700     0.00010  
 20.800     0.00010  
 20.900     0.00010  
 21.000     0.00011  
 21.100     0.00011  
 21.200     0.00011  
 21.300     0.00011  
 21.400     0.00012  
 21.500     0.00012  
 21.600     0.00012  
 21.700     0.00012  
 21.800     0.00013  
 21.900     0.00013  
 22.000     0.00013  
 22.100     0.00013  
 22.200     0.00014  
 22.300     0.00014  
 22.400     0.00014  
 22.500     0.00014  
 22.600     0.00015  
 22.700     0.00015  
 22.800     0.00015  
 22.900     0.00015  
 23.000     0.00016  
 23.100     0.00016  
 23.200     0.00016  
 23.300     0.00017  
 23.400     0.00017  
 23.500     0.00017  
 23.600     0.00017  
 23.700     0.00018  
 23.800     0.00018  
 23.900     0.00018  
 24.000     0.00019  
 24.100     0.00019  
 24.200     0.00019  
 24.300     0.00020  
 24.400     0.00020  
 24.500     0.00020  
 24.600     0.00021  
 24.700     0.00021  
 24.800     0.00021  
 24.900     0.00022  
 25.000     0.00022  
 25.100     0.00022  
 25.200     0.00023  
 25.300     0.00023  
 25.400     0.00024  
 25.500     0.00024  
 25.600     0.00024  
 25.700     0.00025  
 25.800     0.00025  
 25.900     0.00026  
 26.000     0.00026  
 26.100     0.00026  
 26.200     0.00027  
 26.300     0.00027  
 26.400     0.00028  
 26.500     0.00028  
 26.600     0.00028  
 26.700     0.00029  
 26.800     0.00029  
 26.900     0.00030  
 27.000     0.00030  
 27.100     0.00031  
 27.200     0.00031  
 27.300     0.00032  
 27.400     0.00032  
 27.500     0.00032  
 27.600     0.00033  
 27.700     0.00033  
 27.800     0.00034  
 27.900     0.00034  
 28.000     0.00035  
 28.100     0.00035  
 28.200     0.00036  
 28.300     0.00036  
 28.400     0.00037  
 28.500     0.00037  
 28.600     0.00038  
 28.700     0.00038  
 28.800     0.00039  
 28.900     0.00039  
 29.000     0.00040  
 29.100     0.00040  
 29.200     0.00041  
 29.300     0.00042  
 29.400     0.00042  
 29.500     0.00043  
 29.600     0.00043  
 29.700     0.00044  
 29.800     0.00044  
 29.900     0.00045  
 30.000     0.00045  
 30.100     0.00046  
 30.200     0.00047  
 30.300     0.00047  
 30.400     0.00048  
 30.500     0.00048  
 30.600     0.00049  
 30.700     0.00050  
 30.800     0.00050  
 30.900     0.00051  
 31.000     0.00051  
 31.100     0.00052  
 31.200     0.00053  
 31.300     0.00053  
 31.400     0.00054  
 31.500     0.00055  
 31.600     0.00055  
 31.700     0.00056  
 31.800     0.00057  
 31.900     0.00057  
 32.000     0.00058  
 32.100     0.00059  
 32.200     0.00059  
 32.300     0.00060  
 32.400     0.00061  
 32.500     0.00061  
 32.600     0.00062  
 32.700     0.00063  
 32.800     0.00063  
 32.900     0.00064  
 33.000     0.00065  
 33.100     0.00066  
 33.200     0.00066  
 33.300     0.00067  
 33.400     0.00068  
 33.500     0.00069  
 33.600     0.00069  
 33.700     0.00070  
 33.800     0.00071  
 33.900     0.00072  
 34.000     0.00072  
 34.100     0.00073  
 34.200     0.00074  
 34.300     0.00075  
 34.400     0.00076  
 34.500     0.00076  
 34.600     0.00077  
 34.700     0.00078  
 34.800     0.00079  
 34.900     0.00080  
 35.000     0.00080  
 35.100     0.00081  
 35.200     0.00082  
 35.300     0.00083  
 35.400     0.00084  
 35.500     0.00085  
 35.600     0.00085  
 35.700     0.00086  
 35.800     0.00087  
 35.900     0.00088  
 36.000     0.00089  
 36.100     0.00090  
 36.200     0.00091  
 36.300     0.00092  
 36.400     0.00093  
 36.500     0.00093  
 36.600     0.00094  
 36.700     0.00095  
 36.800     0.00096  
 36.900     0.00097  
 37.000     0.00098  
 37.100     0.00099  
 37.200     0.00100  
 37.300     0.00101  
 37.400     0.00102  
 37.500     0.00103  
 37.600     0.00104  
 37.700     0.00105  
 37.800     0.00106  
 37.900     0.00107  
 38.000     0.00108  
 38.100     0.00109  
 38.200     0.00110  
 38.300     0.00111  
 38.400     0.00112  
 38.500     0.00113  
 38.600     0.00114  
 38.700     0.00115  
 38.800     0.00116  
 38.900     0.00117  
 39.000     0.00118  
 39.100     0.00119  
 39.200     0.00120  
 39.300     0.00121  
 39.400     0.00122  
 39.500     0.00123  
 39.600     0.00124  
 39.700     0.00125  
 39.800     0.00126  
 39.900     0.00128  
 40.000     0.00129  
 40.100     0.00130  
 40.200     0.00131  
 40.300     0.00132  
 40.400     0.00133  
 40.500     0.00134  
 40.600     0.00135  
 40.700     0.00136  
 40.800     0.00138  
 40.900     0.00139  
 41.000     0.00140  
 41.100     0.00141  
 41.200     0.00142  
 41.300     0.00143  
 41.400     0.00145  
 41.500     0.00146  
 41.600     0.00147  
 41.700     0.00148  
 41.800     0.00149  
 41.900     0.00151  
 42.000     0.00152  
 42.100     0.00153  
 42.200     0.00154  
 42.300     0.00155  
 42.400     0.00157  
 42.500     0.00158  
 42.600     0.00159  
 42.700     0.00160  
 42.800     0.00162  
 42.900     0.00163  
 43.000     0.00164  
 43.100     0.00166  
 43.200     0.00167  
 43.300     0.00168  
 43.400     0.00169  
 43.500     0.00171  
 43.600     0.00172  
 43.700     0.00173  
 43.800     0.00175  
 43.900     0.00176  
 44.000     0.00177  
 44.100     0.00179  
 44.200     0.00180  
 44.300     0.00181  
 44.400     0.00183  
 44.500     0.00184  
 44.600     0.00185  
 44.700     0.00187  
 44.800     0.00188  
 44.900     0.00190  
 45.000     0.00191  
 45.100     0.00192  
 45.200     0.00194  
 45.300     0.00195  
 45.400     0.00197  
 45.500     0.00198  
 45.600     0.00199  
 45.700     0.00201  
 45.800     0.00202  
 45.900     0.00204  
 46.000     0.00205  
 46.100     0.00207  
 46.200     0.00208  
 46.300     0.00209  
 46.400     0.00211  
 46.500     0.00212  
 46.600     0.00214  
 46.700     0.00215  
 46.800     0.00217  
 46.900     0.00218  
 47.000     0.00220  
 47.100     0.00221  
 47.200     0.00223  
 47.300     0.00224  
 47.400     0.00226  
 47.500     0.00227  
 47.600     0.00229  
 47.700     0.00231  
 47.800     0.00232  
 47.900     0.00234  
 48.000     0.00235  
 48.100     0.00237  
 48.200     0.00238  
 48.300     0.00240  
 48.400     0.00241  
 48.500     0.00243  
 48.600     0.00245  
 48.700     0.00246  
 48.800     0.00248  
 48.900     0.00249  
 49.000     0.00251  
 49.100     0.00253  
 49.200     0.00254  
 49.300     0.00256  
 49.400     0.00258  
 49.500     0.00259  
 49.600     0.00261  
 49.700     0.00263  
 49.800     0.00264  
 49.900     0.00266  
 50.000     0.00268  
 50.100     0.00269  
 50.200     0.00271  
 50.300     0.00273  
 50.400     0.00274  
 50.500     0.00276  
 50.600     0.00278  
 50.700     0.00280  
 50.800     0.00281  
 50.900     0.00283  
 51.000     0.00285  
 51.100     0.00287  
 51.200     0.00288  
 51.300     0.00290  
 51.400     0.00292  
 51.500     0.00294  
 51.600     0.00295  
 51.700     0.00297  
 51.800     0.00299  
 51.900     0.00301  
 52.000     0.00303  
 52.100     0.00304  
 52.200     0.00306  
 52.300     0.00308  
 52.400     0.00310  
 52.500     0.00312  
 52.600     0.00313  
 52.700     0.00315  
 52.800     0.00317  
 52.900     0.00319  
 53.000     0.00321  
 53.100     0.00323  
 53.200     0.00325  
 53.300     0.00326  
 53.400     0.00328  
 53.500     0.00330  
 53.600     0.00332  
 53.700     0.00334  
 53.800     0.00336  
 53.900     0.00338  
 54.000     0.00340  
 54.100     0.00342  
 54.200     0.00344  
 54.300     0.00345  
 54.400     0.00347  
 54.500     0.00349  
 54.600     0.00351  
 54.700     0.00353  
 54.800     0.00355  
 54.900     0.00357  
 55.000     0.00359  
 55.100     0.00361  
 55.200     0.00363  
 55.300     0.00365  
 55.400     0.00367  
 55.500     0.00369  
 55.600     0.00371  
 55.700     0.00373  
 55.800     0.00375  
 55.900     0.00377  
 56.000     0.00379  
 56.100     0.00381  
 56.200     0.00383  
 56.300     0.00385  
 56.400     0.00387  
 56.500     0.00389  
 56.600     0.00391  
 56.700     0.00394  
 56.800     0.00396  
 56.900     0.00398  
 57.000     0.00400  
 57.100     0.00402  
 57.200     0.00404  
 57.300     0.00406  
 57.400     0.00408  
 57.500     0.00410  
 57.600     0.00412  
 57.700     0.00415  
 57.800     0.00417  
 57.900     0.00419  
 58.000     0.00421  
 58.100     0.00423  
 58.200     0.00425  
 58.300     0.00427  
 58.400     0.00430  
 58.500     0.00432  
 58.600     0.00434  
 58.700     0.00436  
 58.800     0.00438  
 58.900     0.00441  
 59.000     0.00443  
 59.100     0.00445  
 59.200     0.00447  
 59.300     0.00449  
 59.400     0.00452  
 59.500     0.00454  
 59.600     0.00456  
 59.700     0.00458  
 59.800     0.00461  
 59.900     0.00463  
 60.000     0.00465  
 60.100     0.00467  
 60.200     0.00470  
 60.300     0.00472  
 60.400     0.00474  
 60.500     0.00477  
 60.600     0.00479  
 60.700     0.00481  
 60.800     0.00484  
 60.900     0.00486  
 61.000     0.00488  
 61.100     0.00491  
 61.200     0.00493  
 61.300     0.00495  
 61.400     0.00498  
 61.500     0.00500  
 61.600     0.00502  
 61.700     0.00505  
 61.800     0.00507  
 61.900     0.00509  
 62.000     0.00512  
 62.100     0.00514  
 62.200     0.00516  
 62.300     0.00519  
 62.400     0.00521  
 62.500     0.00524  
 62.600     0.00526  
 62.700     0.00529  
 62.800     0.00531  
 62.900     0.00533  
 63.000     0.00536  
 63.100     0.00538  
 63.200     0.00541  
 63.300     0.00543  
 63.400     0.00546  
 63.500     0.00548  
 63.600     0.00550  
 63.700     0.00553  
 63.800     0.00555  
 63.900     0.00558  
 64.000     0.00560  
 64.100     0.00563  
 64.200     0.00565  
 64.300     0.00568  
 64.400     0.00570  
 64.500     0.00573  
 64.600     0.00576  
 64.700     0.00578  
 64.800     0.00581  
 64.900     0.00583  
 65.000     0.00586  
 65.100     0.00588  
 65.200     0.00591  
 65.300     0.00593  
 65.400     0.00596  
 65.500     0.00598  
 65.600     0.00601  
 65.700     0.00604  
 65.800     0.00606  
 65.900     0.00609  
 66.000     0.00611  
 66.100     0.00614  
 66.200     0.00617  
 66.300     0.00619  
 66.400     0.00622  
 66.500     0.00625  
 66.600     0.00627  
 66.700     0.00630  
 66.800     0.00632  
 66.900     0.00635  
 67.000     0.00638  
 67.100     0.00640  
 67.200     0.00643  
 67.300     0.00646  
 67.400     0.00648  
 67.500     0.00651  
 67.600     0.00654  
 67.700     0.00656  
 67.800     0.00659  
 67.900     0.00662  
 68.000     0.00665  
 68.100     0.00667  
 68.200     0.00670  
 68.300     0.00673  
 68.400     0.00676  
 68.500     0.00678  
 68.600     0.00681  
 68.700     0.00684  
 68.800     0.00687  
 68.900     0.00689  
 69.000     0.00692  
 69.100     0.00695  
 69.200     0.00698  
 69.300     0.00700  
 69.400     0.00703  
 69.500     0.00706  
 69.600     0.00709  
 69.700     0.00712  
 69.800     0.00714  
 69.900     0.00717  
 70.000     0.00720  
 70.100     0.00723  
 70.200     0.00726  
 70.300     0.00729  
 70.400     0.00731  
 70.500     0.00734  
 70.600     0.00737  
 70.700     0.00740  
 70.800     0.00743  
 70.900     0.00746  
 71.000     0.00749  
 71.100     0.00751  
 71.200     0.00754  
 71.300     0.00757  
 71.400     0.00760  
 71.500     0.00763  
 71.600     0.00766  
 71.700     0.00769  
 71.800     0.00772  
 71.900     0.00775  
 72.000     0.00778  
 72.100     0.00781  
 72.200     0.00783  
 72.300     0.00786  
 72.400     0.00789  
 72.500     0.00792  
 72.600     0.00795  
 72.700     0.00798  
 72.800     0.00801  
 72.900     0.00804  
 73.000     0.00807  
 73.100     0.00810  
 73.200     0.00813  
 73.300     0.00816  
 73.400     0.00819  
 73.500     0.00822  
 73.600     0.00825  
 73.700     0.00828  
 73.800     0.00831  
 73.900     0.00834  
 74.000     0.00837  
 74.100     0.00840  
 74.200     0.00843  
 74.300     0.00846  
 74.400     0.00849  
 74.500     0.00853  
 74.600     0.00856  
 74.700     0.00859  
 74.800     0.00862  
 74.900     0.00865  
 75.000     0.00868  
 75.100     0.00871  
 75.200     0.00874  
 75.300     0.00877  
 75.400     0.00880  
 75.500     0.00883  
 75.600     0.00887  
 75.700     0.00890  
 75.800     0.00893  
 75.900     0.00896  
 76.000     0.00899  
 76.100     0.00902  
 76.200     0.00905  
 76.300     0.00909  
 76.400     0.00912  
 76.500     0.00915  
 76.600     0.00918  
 76.700     0.00921  
 76.800     0.00924  
 76.900     0.00928  
 77.000     0.00931  
 77.100     0.00934  
 77.200     0.00937  
 77.300     0.00940  
 77.400     0.00944  
 77.500     0.00947  
 77.600     0.00950  
 77.700     0.00953  
 77.800     0.00956  
 77.900     0.00960  
 78.000     0.00963  
 78.100     0.00966  
 78.200     0.00969  
 78.300     0.00973  
 78.400     0.00976  
 78.500     0.00979  
 78.600     0.00982  
 78.700     0.00986  
 78.800     0.00989  
 78.900     0.00992  
 79.000     0.00996  
 79.100     0.00999  
 79.200     0.01002  
 79.300     0.01006  
 79.400     0.01009  
 79.500     0.01012  
 79.600     0.01015  
 79.700     0.01019  
 79.800     0.01022  
 79.900     0.01025  
 80.000     0.01029  
 80.100     0.01032  
 80.200     0.01035  
 80.300     0.01039  
 80.400     0.01042  
 80.500     0.01046  
 80.600     0.01049  
 80.700     0.01052  
 80.800     0.01056  
 80.900     0.01059  
 81.000     0.01062  
 81.100     0.01066  
 81.200     0.01069  
 81.300     0.01073  
 81.400     0.01076  
 81.500     0.01079  
 81.600     0.01083  
 81.700     0.01086  
 81.800     0.01090  
 81.900     0.01093  
 82.000     0.01097  
 82.100     0.01100  
 82.200     0.01104  
 82.300     0.01107  
 82.400     0.01110  
 82.500     0.01114  
 82.600     0.01117  
 82.700     0.01121  
 82.800     0.01124  
 82.900     0.01128  
 83.000     0.01131  
 83.100     0.01135  
 83.200     0.01138  
 83.300     0.01142  
 83.400     0.01145  
 83.500     0.01149  
 83.600     0.01152  
 83.700     0.01156  
 83.800     0.01159  
 83.900     0.01163  
 84.000     0.01166  
 84.100     0.01170  
 84.200     0.01173  
 84.300     0.01177  
 84.400     0.01181  
 84.500     0.01184  
 84.600     0.01188  
 84.700     0.01191  
 84.800     0.01195  
 84.900     0.01198  
 85.000     0.01202  
 85.100     0.01206  
 85.200     0.01209  
 85.300     0.01213  
 85.400     0.01216  
 85.500     0.01220  
 85.600     0.01224  
 85.700     0.01227  
 85.800     0.01231  
 85.900     0.01234  
 86.000     0.01238  
 86.100     0.01242  
 86.200     0.01245  
 86.300     0.01249  
 86.400     0.01253  
 86.500     0.01256  
 86.600     0.01260  
 86.700     0.01264  
 86.800     0.01267  
 86.900     0.01271  
 87.000     0.01275  
 87.100     0.01278  
 87.200     0.01282  
 87.300     0.01286  
 87.400     0.01289  
 87.500     0.01293  
 87.600     0.01297  
 87.700     0.01301  
 87.800     0.01304  
 87.900     0.01308  
 88.000     0.01312  
 88.100     0.01315  
 88.200     0.01319  
 88.300     0.01323  
 88.400     0.01327  
 88.500     0.01330  
 88.600     0.01334  
 88.700     0.01338  
 88.800     0.01342  
 88.900     0.01345  
 89.000     0.01349  
 89.100     0.01353  
 89.200     0.01357  
 89.300     0.01360  
 89.400     0.01364  
 89.500     0.01368  
 89.600     0.01372  
 89.700     0.01376  
 89.800     0.01379  
 89.900     0.01383  
 90.000     0.01387  
 90.100     0.01391  
 90.200     0.01395  
 90.300     0.01399  
 90.400     0.01402  
 90.500     0.01406  
 90.600     0.01410  
 90.700     0.01414  
 90.800     0.01418  
 90.900     0.01422  
 91.000     0.01425  
 91.100     0.01429  
 91.200     0.01433  
 91.300     0.01437  
 91.400     0.01441  
 91.500     0.01445  
 91.600     0.01449  
 91.700     0.01453  
 91.800     0.01456  
 91.900     0.01460  
 92.000     0.01464  
 92.100     0.01468  
 92.200     0.01472  
 92.300     0.01476  
 92.400     0.01480  
 92.500     0.01484  
 92.600     0.01488  
 92.700     0.01492  
 92.800     0.01496  
 92.900     0.01500  
 93.000     0.01503  
 93.100     0.01507  
 93.200     0.01511  
 93.300     0.01515  
 93.400     0.01519  
 93.500     0.01523  
 93.600     0.01527  
 93.700     0.01531  
 93.800     0.01535  
 93.900     0.01539  
 94.000     0.01543  
 94.100     0.01547  
 94.200     0.01551  
 94.300     0.01555  
 94.400     0.01559  
 94.500     0.01563  
 94.600     0.01567  
 94.700     0.01571  
 94.800     0.01575  
 94.900     0.01579  
 95.000     0.01583  
 95.100     0.01587  
 95.200     0.01591  
 95.300     0.01596  
 95.400     0.01600  
 95.500     0.01604  
 95.600     0.01608  
 95.700     0.01612  
 95.800     0.01616  
 95.900     0.01620  
 96.000     0.01624  
 96.100     0.01628  
 96.200     0.01632  
 96.300     0.01636  
 96.400     0.01640  
 96.500     0.01644  
 96.600     0.01648  
 96.700     0.01653  
 96.800     0.01657  
 96.900     0.01661  
 97.000     0.01665  
 97.100     0.01669  
 97.200     0.01673  
 97.300     0.01677  
 97.400     0.01681  
 97.500     0.01686  
 97.600     0.01690  
 97.700     0.01694  
 97.800     0.01698  
 97.900     0.01702  
 98.000     0.01706  
 98.100     0.01710  
 98.200     0.01715  
 98.300     0.01719  
 98.400     0.01723  
 98.500     0.01727  
 98.600     0.01731  
 98.700     0.01736  
 98.800     0.01740  
 98.900     0.01744  
 99.000     0.01748  
 99.100     0.01752  
 99.200     0.01757  
 99.300     0.01761  
 99.400     0.01765  
 99.500     0.01769  
 99.600     0.01773  
 99.700     0.01778  
 99.800     0.01782  
 99.900     0.01786  
100.000     0.01790  
100.100     0.01795  
100.200     0.01799  
100.300     0.01803  
100.400     0.01807  
100.500     0.01812  
100.600     0.01816  
100.700     0.01820  
100.800     0.01824  
100.900     0.01829  
101.000     0.01833  
101.100     0.01837  
101.200     0.01842  
101.300     0.01846  
101.400     0.01850  
101.500     0.01854  
101.600     0.01859  
101.700     0.01863  
101.800     0.01867  
101.900     0.01872  
102.000     0.01876  
102.100     0.01880  
102.200     0.01885  
102.300     0.01889  
102.400     0.01893  
102.500     0.01898  
102.600     0.01902  
102.700     0.01906  
102.800     0.01911  
102.900     0.01915  
103.000     0.01919  
103.100     0.01924  
103.200     0.01928  
103.300     0.01933  
103.400     0.01937  
103.500     0.01941  
103.600     0.01946  
103.700     0.01950  
103.800     0.01954  
103.900     0.01959  
104.000     0.01963  
104.100     0.01968  
104.200     0.01972  
104.300     0.01977  
104.400     0.01981  
104.500     0.01985  
104.600     0.01990  
104.700     0.01994  
104.800     0.01999  
104.900     0.02003  
105.000     0.02008  
105.100     0.02012  
105.200     0.02016  
105.300     0.02021  
105.400     0.02025  
105.500     0.02030  
105.600     0.02034  
105.700     0.02039  
105.800     0.02043  
105.900     0.02048  
106.000     0.02052  
106.100     0.02057  
106.200     0.02061  
106.300     0.02066  
106.400     0.02070  
106.500     0.02075  
106.600     0.02079  
106.700     0.02084  
106.800     0.02088  
106.900     0.02093  
107.000     0.02097  
107.100     0.02102  
107.200     0.02106  
107.300     0.02111  
107.400     0.02115  
107.500     0.02120  
107.600     0.02124  
107.700     0.02129  
107.800     0.02133  
107.900     0.02138  
108.000     0.02142  
108.100     0.02147  
108.200     0.02152  
108.300     0.02156  
108.400     0.02161  
108.500     0.02165  
108.600     0.02170  
108.700     0.02174  
108.800     0.02179  
108.900     0.02184  
109.000     0.02188  
109.100     0.02193  
109.200     0.02197  
109.300     0.02202  
109.400     0.02207  
109.500     0.02211  
109.600     0.02216  
109.700     0.02220  
109.800     0.02225  
109.900     0.02230  
110.000     0.02234  
110.100     0.02239  
110.200     0.02243  
110.300     0.02248  
110.400     0.02253  
110.500     0.02257  
110.600     0.02262  
110.700     0.02267  
110.800     0.02271  
110.900     0.02276  
111.000     0.02281  
111.100     0.02285  
111.200     0.02290  
111.300     0.02295  
111.400     0.02299  
111.500     0.02304  
111.600     0.02309  
111.700     0.02313  
111.800     0.02318  
111.900     0.02323  
112.000     0.02327  
112.100     0.02332  
112.200     0.02337  
112.300     0.02342  
112.400     0.02346  
112.500     0.02351  
112.600     0.02356  
112.700     0.02360  
112.800     0.02365  
112.900     0.02370  
113.000     0.02375  
113.100     0.02379  
113.200     0.02384  
113.300     0.02389  
113.400     0.02394  
113.500     0.02398  
113.600     0.02403  
113.700     0.02408  
113.800     0.02413  
113.900     0.02417  
114.000     0.02422  
114.100     0.02427  
114.200     0.02432  
114.300     0.02437  
114.400     0.02441  
114.500     0.02446  
114.600     0.02451  
114.700     0.02456  
114.800     0.02460  
114.900     0.02465  
115.000     0.02470  
115.100     0.02475  
115.200     0.02480  
115.300     0.02484  
115.400     0.02489  
115.500     0.02494  
115.600     0.02499  
115.700     0.02504  
115.800     0.02509  
115.900     0.02513  
116.000     0.02518  
116.100     0.02523  
116.200     0.02528  
116.300     0.02533  
116.400     0.02538  
116.500     0.02542  
116.600     0.02547  
116.700     0.02552  
116.800     0.02557  
116.900     0.02562  
117.000     0.02567  
117.100     0.02572  
117.200     0.02577  
117.300     0.02581  
117.400     0.02586  
117.500     0.02591  
117.600     0.02596  
117.700     0.02601  
117.800     0.02606  
117.900     0.02611  
118.000     0.02616  
118.100     0.02621  
118.200     0.02626  
118.300     0.02630  
118.400     0.02635  
118.500     0.02640  
118.600     0.02645  
118.700     0.02650  
118.800     0.02655  
118.900     0.02660  
119.000     0.02665  
119.100     0.02670  
119.200     0.02675  
119.300     0.02680  
119.400     0.02685  
119.500     0.02690  
119.600     0.02695  
119.700     0.02700  
119.800     0.02704  
119.900     0.02709  
120.000     0.02714  
120.100     0.02719  
120.200     0.02724  
120.300     0.02729  
120.400     0.02734  
120.500     0.02739  
120.600     0.02744  
120.700     0.02749  
120.800     0.02754  
120.900     0.02759  
121.000     0.02764  
121.100     0.02769  
121.200     0.02774  
121.300     0.02779  
121.400     0.02784  
121.500     0.02789  
121.600     0.02794  
121.700     0.02799  
121.800     0.02804  
121.900     0.02809  
122.000     0.02814  
122.100     0.02820  
122.200     0.02825  
122.300     0.02830  
122.400     0.02835  
122.500     0.02840  
122.600     0.02845  
122.700     0.02850  
122.800     0.02855  
122.900     0.02860  
123.000     0.02865  
123.100     0.02870  
123.200     0.02875  
123.300     0.02880  
123.400     0.02885  
123.500     0.02890  
123.600     0.02895  
123.700     0.02901  
123.800     0.02906  
123.900     0.02911  
124.000     0.02916  
124.100     0.02921  
124.200     0.02926  
124.300     0.02931  
124.400     0.02936  
124.500     0.02941  
124.600     0.02946  
124.700     0.02952  
124.800     0.02957  
124.900     0.02962  
125.000     0.02967  
125.100     0.02972  
125.200     0.02977  
125.300     0.02982  
125.400     0.02987  
125.500     0.02993  
125.600     0.02998  
125.700     0.03003  
125.800     0.03008  
125.900     0.03013  
126.000     0.03018  
126.100     0.03024  
126.200     0.03029  
126.300     0.03034  
126.400     0.03039  
126.500     0.03044  
126.600     0.03049  
126.700     0.03055  
126.800     0.03060  
126.900     0.03065  
127.000     0.03070  
127.100     0.03075  
127.200     0.03081  
127.300     0.03086  
127.400     0.03091  
127.500     0.03096  
127.600     0.03101  
127.700     0.03107  
127.800     0.03112  
127.900     0.03117  
128.000     0.03122  
128.100     0.03127  
128.200     0.03133  
128.300     0.03138  
128.400     0.03143  
128.500     0.03148  
128.600     0.03154  
128.700     0.03159  
128.800     0.03164  
128.900     0.03169  
129.000     0.03175  
129.100     0.03180  
129.200     0.03185  
129.300     0.03190  
129.400     0.03196  
129.500     0.03201  
129.600     0.03206  
129.700     0.03211  
129.800     0.03217  
129.900     0.03222  
130.000     0.03227  
130.100     0.03232  
130.200     0.03238  
130.300     0.03243  
130.400     0.03248  
130.500     0.03254  
130.600     0.03259  
130.700     0.03264  
130.800     0.03270  
130.900     0.03275  
131.000     0.03280  
131.100     0.03285  
131.200     0.03291  
131.300     0.03296  
131.400     0.03301  
131.500     0.03307  
131.600     0.03312  
131.700     0.03317  
131.800     0.03323  
131.900     0.03328  
132.000     0.03333  
132.100     0.03339  
132.200     0.03344  
132.300     0.03349  
132.400     0.03355  
132.500     0.03360  
132.600     0.03365  
132.700     0.03371  
132.800     0.03376  
132.900     0.03381  
133.000     0.03387  
133.100     0.03392  
133.200     0.03398  
133.300     0.03403  
133.400     0.03408  
133.500     0.03414  
133.600     0.03419  
133.700     0.03424  
133.800     0.03430  
133.900     0.03435  
134.000     0.03441  
134.100     0.03446  
134.200     0.03451  
134.300     0.03457  
134.400     0.03462  
134.500     0.03468  
134.600     0.03473  
134.700     0.03478  
134.800     0.03484  
134.900     0.03489  
135.000     0.03495  
135.100     0.03500  
135.200     0.03506  
135.300     0.03511  
135.400     0.03516  
135.500     0.03522  
135.600     0.03527  
135.700     0.03533  
135.800     0.03538  
135.900     0.03544  
136.000     0.03549  
136.100     0.03554  
136.200     0.03560  
136.300     0.03565  
136.400     0.03571  
136.500     0.03576  
136.600     0.03582  
136.700     0.03587  
136.800     0.03593  
136.900     0.03598  
137.000     0.03604  
137.100     0.03609  
137.200     0.03615  
137.300     0.03620  
137.400     0.03626  
137.500     0.03631  
137.600     0.03637  
137.700     0.03642  
137.800     0.03648  
137.900     0.03653  
138.000     0.03658  
138.100     0.03664  
138.200     0.03670  
138.300     0.03675  
138.400     0.03681  
138.500     0.03686  
138.600     0.03692  
138.700     0.03697  
138.800     0.03703  
138.900     0.03708  
139.000     0.03714  
139.100     0.03719  
139.200     0.03725  
139.300     0.03730  
139.400     0.03736  
139.500     0.03741  
139.600     0.03747  
139.700     0.03752  
139.800     0.03758  
139.900     0.03763  
140.000     0.03769  
140.100     0.03775  
140.200     0.03780  
140.300     0.03786  
140.400     0.03791  
140.500     0.03797  
140.600     0.03802  
140.700     0.03808  
140.800     0.03814  
140.900     0.03819  
141.000     0.03825  
141.100     0.03830  
141.200     0.03836  
141.300     0.03841  
141.400     0.03847  
141.500     0.03853  
141.600     0.03858  
141.700     0.03864  
141.800     0.03869  
141.900     0.03875  
142.000     0.03881  
142.100     0.03886  
142.200     0.03892  
142.300     0.03897  
142.400     0.03903  
142.500     0.03909  
142.600     0.03914  
142.700     0.03920  
142.800     0.03925  
142.900     0.03931  
143.000     0.03937  
143.100     0.03942  
143.200     0.03948  
143.300     0.03954  
143.400     0.03959  
143.500     0.03965  
143.600     0.03971  
143.700     0.03976  
143.800     0.03982  
143.900     0.03987  
144.000     0.03993  
144.100     0.03999  
144.200     0.04004  
144.300     0.04010  
144.400     0.04016  
144.500     0.04021  
144.600     0.04027  
144.700     0.04033  
144.800     0.04038  
144.900     0.04044  
145.000     0.04050  
145.100     0.04055  
145.200     0.04061  
145.300     0.04067  
145.400     0.04073  
145.500     0.04078  
145.600     0.04084  
145.700     0.04090  
145.800     0.04095  
145.900     0.04101  
146.000     0.04107  
146.100     0.04112  
146.200     0.04118  
146.300     0.04124  
146.400     0.04130  
146.500     0.04135  
146.600     0.04141  
146.700     0.04147  
146.800     0.04152  
146.900     0.04158  
147.000     0.04164  
147.100     0.04170  
147.200     0.04175  
147.300     0.04181  
147.400     0.04187  
147.500     0.04193  
147.600     0.04198  
147.700     0.04204  
147.800     0.04210  
147.900     0.04216  
148.000     0.04221  
148.100     0.04227  
148.200     0.04233  
148.300     0.04239  
148.400     0.04244  
148.500     0.04250  
148.600     0.04256  
148.700     0.04262  
148.800     0.04267  
148.900     0.04273  
149.000     0.04279  
149.100     0.04285  
149.200     0.04290  
149.300     0.04296  
149.400     0.04302  
149.500     0.04308  
149.600     0.04314  
149.700     0.04319  
149.800     0.04325  
149.900     0.04331
150.000     0.04337  
150.100     0.04343  
150.200     0.04348  
150.300     0.04354  
150.400     0.04360  
150.500     0.04366  
150.600     0.04372  
150.700     0.04377  
150.800     0.04383  
150.900     0.04389  
151.000     0.04395  
151.100     0.04401  
151.200     0.04407  
151.300     0.04412  
151.400     0.04418  
151.500     0.04424  
151.600     0.04430  
151.700     0.04436  
151.800     0.04442  
151.900     0.04447  
152.000     0.04453  
152.100     0.04459  
152.200     0.04465  
152.300     0.04471  
152.400     0.04477  
152.500     0.04482  
152.600     0.04488  
152.700     0.04494  
152.800     0.04500  
152.900     0.04506  
153.000     0.04512  
153.100     0.04518  
153.200     0.04523  
153.300     0.04529  
153.400     0.04535  
153.500     0.04541  
153.600     0.04547  
153.700     0.04553  
153.800     0.04559  
153.900     0.04565  
154.000     0.04570  
154.100     0.04576  
154.200     0.04582  
154.300     0.04588  
154.400     0.04594  
154.500     0.04600  
154.600     0.04606  
154.700     0.04612  
154.800     0.04618  
154.900     0.04624  
155.000     0.04629  
155.100     0.04635  
155.200     0.04641  
155.300     0.04647  
155.400     0.04653  
155.500     0.04659  
155.600     0.04665  
155.700     0.04671  
155.800     0.04677  
155.900     0.04683  
156.000     0.04689  
156.100     0.04695  
156.200     0.04701  
156.300     0.04707  
156.400     0.04712  
156.500     0.04718  
156.600     0.04724  
156.700     0.04730  
156.800     0.04736  
156.900     0.04742  
157.000     0.04748  
157.100     0.04754  
157.200     0.04760  
157.300     0.04766  
157.400     0.04772  
157.500     0.04778  
157.600     0.04784  
157.700     0.04790  
157.800     0.04796  
157.900     0.04802  
158.000     0.04808  
158.100     0.04814  
158.200     0.04820  
158.300     0.04826  
158.400     0.04832  
158.500     0.04838  
158.600     0.04844  
158.700     0.04850  
158.800     0.04856  
158.900     0.04862  
159.000     0.04868  
159.100     0.04874  
159.200     0.04880  
159.300     0.04886  
159.400     0.04892  
159.500     0.04898  
159.600     0.04904  
159.700     0.04910  
159.800     0.04916  
159.900     0.04922  
160.000     0.04928  
160.100     0.04934  
160.200     0.04940  
160.300     0.04946  
160.400     0.04952  
160.500     0.04958  
160.600     0.04964  
160.700     0.04970  
160.800     0.04976  
160.900     0.04982  
161.000     0.04988  
161.100     0.04994  
161.200     0.05000  
161.300     0.05006  
161.400     0.05012  
161.500     0.05018  
161.600     0.05024  
161.700     0.05030  
161.800     0.05036  
161.900     0.05043  
162.000     0.05049  
162.100     0.05055  
162.200     0.05061  
162.300     0.05067  
162.400     0.05073  
162.500     0.05079  
162.600     0.05085  
162.700     0.05091  
162.800     0.05097  
162.900     0.05103  
163.000     0.05109  
163.100     0.05115  
163.200     0.05121  
163.300     0.05128  
163.400     0.05134  
163.500     0.05140  
163.600     0.05146  
163.700     0.05152  
163.800     0.05158  
163.900     0.05164  
164.000     0.05170  
164.100     0.05176  
164.200     0.05182  
164.300     0.05188  
164.400     0.05195  
164.500     0.05201  
164.600     0.05207  
164.700     0.05213  
164.800     0.05219  
164.900     0.05225  
165.000     0.05231  
165.100     0.05237  
165.200     0.05243  
165.300     0.05250  
165.400     0.05256  
165.500     0.05262  
165.600     0.05268  
165.700     0.05274  
165.800     0.05280  
165.900     0.05286  
166.000     0.05292  
166.100     0.05299  
166.200     0.05305  
166.300     0.05311  
166.400     0.05317  
166.500     0.05323  
166.600     0.05329  
166.700     0.05336  
166.800     0.05342  
166.900     0.05348  
167.000     0.05354  
167.100     0.05360  
167.200     0.05366  
167.300     0.05372  
167.400     0.05379  
167.500     0.05385  
167.600     0.05391  
167.700     0.05397  
167.800     0.05403  
167.900     0.05410  
168.000     0.05416  
168.100     0.05422  
168.200     0.05428  
168.300     0.05434  
168.400     0.05440  
168.500     0.05447  
168.600     0.05453  
168.700     0.05459  
168.800     0.05465  
168.900     0.05471  
169.000     0.05478  
169.100     0.05484  
169.200     0.05490  
169.300     0.05496  
169.400     0.05502  
169.500     0.05509  
169.600     0.05515  
169.700     0.05521  
169.800     0.05527  
169.900     0.05533  
170.000     0.05540  
170.100     0.05546  
170.200     0.05552  
170.300     0.05558  
170.400     0.05564  
170.500     0.05571  
170.600     0.05577  
170.700     0.05583  
170.800     0.05589  
170.900     0.05596  
171.000     0.05602  
171.100     0.05608  
171.200     0.05614  
171.300     0.05621  
171.400     0.05627  
171.500     0.05633  
171.600     0.05639  
171.700     0.05646  
171.800     0.05652  
171.900     0.05658  
172.000     0.05664  
172.100     0.05671  
172.200     0.05677  
172.300     0.05683  
172.400     0.05689  
172.500     0.05696  
172.600     0.05702  
172.700     0.05708  
172.800     0.05714  
172.900     0.05721  
173.000     0.05727  
173.100     0.05733  
173.200     0.05739  
173.300     0.05746  
173.400     0.05752  
173.500     0.05758  
173.600     0.05765  
173.700     0.05771  
173.800     0.05777  
173.900     0.05783  
174.000     0.05790  
174.100     0.05796  
174.200     0.05802  
174.300     0.05809  
174.400     0.05815  
174.500     0.05821  
174.600     0.05827  
174.700     0.05834  
174.800     0.05840  
174.900     0.05846  
175.000     0.05853  
175.100     0.05859  
175.200     0.05865  
175.300     0.05872  
175.400     0.05878  
175.500     0.05884  
175.600     0.05891  
175.700     0.05897  
175.800     0.05903  
175.900     0.05909  
176.000     0.05916  
176.100     0.05922  
176.200     0.05928  
176.300     0.05935  
176.400     0.05941  
176.500     0.05947  
176.600     0.05954  
176.700     0.05960  
176.800     0.05966  
176.900     0.05973  
177.000     0.05979  
177.100     0.05985  
177.200     0.05992  
177.300     0.05998  
177.400     0.06004  
177.500     0.06011  
177.600     0.06017  
177.700     0.06024  
177.800     0.06030  
177.900     0.06036  
178.000     0.06043  
178.100     0.06049  
178.200     0.06055  
178.300     0.06062  
178.400     0.06068  
178.500     0.06074  
178.600     0.06081  
178.700     0.06087  
178.800     0.06094  
178.900     0.06100  
179.000     0.06106  
179.100     0.06113  
179.200     0.06119  
179.300     0.06125  
179.400     0.06132  
179.500     0.06138  
179.600     0.06145  
179.700     0.06151  
179.800     0.06157  
179.900     0.06164  
180.000     0.06170  
180.100     0.06176  
180.200     0.06183  
180.300     0.06189  
180.400     0.06196  
180.500     0.06202  
180.600     0.06208  
180.700     0.06215  
180.800     0.06221  
180.900     0.06228  
181.000     0.06234  
181.100     0.06241  
181.200     0.06247  
181.300     0.06253  
181.400     0.06260  
181.500     0.06266  
181.600     0.06273  
181.700     0.06279  
181.800     0.06285  
181.900     0.06292  
182.000     0.06298  
182.100     0.06305  
182.200     0.06311  
182.300     0.06318  
182.400     0.06324  
182.500     0.06330  
182.600     0.06337  
182.700     0.06343  
182.800     0.06350  
182.900     0.06356  
183.000     0.06363  
183.100     0.06369  
183.200     0.06376  
183.300     0.06382  
183.400     0.06388  
183.500     0.06395  
183.600     0.06401  
183.700     0.06408  
183.800     0.06414  
183.900     0.06421  
184.000     0.06427  
184.100     0.06434  
184.200     0.06440  
184.300     0.06447  
184.400     0.06453  
184.500     0.06459  
184.600     0.06466  
184.700     0.06472  
184.800     0.06479  
184.900     0.06485  
185.000     0.06492  
185.100     0.06498  
185.200     0.06505  
185.300     0.06511  
185.400     0.06518  
185.500     0.06524  
185.600     0.06531  
185.700     0.06537  
185.800     0.06544  
185.900     0.06550  
186.000     0.06557  
186.100     0.06563  
186.200     0.06570  
186.300     0.06576  
186.400     0.06583  
186.500     0.06589  
186.600     0.06596  
186.700     0.06602  
186.800     0.06609  
186.900     0.06615  
187.000     0.06622  
187.100     0.06628  
187.200     0.06635  
187.300     0.06641  
187.400     0.06648  
187.500     0.06654  
187.600     0.06661  
187.700     0.06667  
187.800     0.06674  
187.900     0.06680  
188.000     0.06687  
188.100     0.06693  
188.200     0.06700  
188.300     0.06706  
188.400     0.06713  
188.500     0.06719  
188.600     0.06726  
188.700     0.06732  
188.800     0.06739  
188.900     0.06746  
189.000     0.06752  
189.100     0.06759  
189.200     0.06765  
189.300     0.06772  
189.400     0.06778  
189.500     0.06785  
189.600     0.06791  
189.700     0.06798  
189.800     0.06804  
189.900     0.06811  
190.000     0.06817  
190.100     0.06824  
190.200     0.06831  
190.300     0.06837  
190.400     0.06844  
190.500     0.06850  
190.600     0.06857  
190.700     0.06863  
190.800     0.06870  
190.900     0.06877  
191.000     0.06883  
191.100     0.06890  
191.200     0.06896  
191.300     0.06903  
191.400     0.06909  
191.500     0.06916  
191.600     0.06922  
191.700     0.06929  
191.800     0.06936  
191.900     0.06942  
192.000     0.06949  
192.100     0.06955  
192.200     0.06962  
192.300     0.06969  
192.400     0.06975  
192.500     0.06982  
192.600     0.06988  
192.700     0.06995  
192.800     0.07001  
192.900     0.07008  
193.000     0.07015  
193.100     0.07021  
193.200     0.07028  
193.300     0.07034  
193.400     0.07041  
193.500     0.07048  
193.600     0.07054  
193.700     0.07061  
193.800     0.07067  
193.900     0.07074  
194.000     0.07081  
194.100     0.07087  
194.200     0.07094  
194.300     0.07101  
194.400     0.07107  
194.500     0.07114  
194.600     0.07120  
194.700     0.07127  
194.800     0.07134  
194.900     0.07140  
195.000     0.07147  
195.100     0.07153  
195.200     0.07160  
195.300     0.07167  
195.400     0.07173  
195.500     0.07180  
195.600     0.07187  
195.700     0.07193  
195.800     0.07200  
195.900     0.07207  
196.000     0.07213  
196.100     0.07220  
196.200     0.07226  
196.300     0.07233  
196.400     0.07240  
196.500     0.07246  
196.600     0.07253  
196.700     0.07260  
196.800     0.07266  
196.900     0.07273  
197.000     0.07280  
197.100     0.07286  
197.200     0.07293  
197.300     0.07300  
197.400     0.07306  
197.500     0.07313  
197.600     0.07320  
197.700     0.07326  
197.800     0.07333  
197.900     0.07340  
198.000     0.07346  
198.100     0.07353  
198.200     0.07360  
198.300     0.07366  
198.400     0.07373  
198.500     0.07380  
198.600     0.07386  
198.700     0.07393  
198.800     0.07400  
198.900     0.07406  
199.000     0.07413  
199.100     0.07420  
199.200     0.07426  
199.300     0.07433  
199.400     0.07440  
199.500     0.07446  
199.600     0.07453  
199.700     0.07460  
199.800     0.07467  
199.900     0.07473  
200.000     0.07480  
200.100     0.07487  
200.200     0.07493  
200.300     0.07500  
200.400     0.07507  
200.500     0.07513  
200.600     0.07520  
200.700     0.07527  
200.800     0.07533  
200.900     0.07540  
201.000     0.07547  
201.100     0.07554  
201.200     0.07560  
201.300     0.07567  
201.400     0.07574  
201.500     0.07580  
201.600     0.07587  
201.700     0.07594  
201.800     0.07601  
201.900     0.07607  
202.000     0.07614  
202.100     0.07621  
202.200     0.07627  
202.300     0.07634  
202.400     0.07641  
202.500     0.07648  
202.600     0.07654  
202.700     0.07661  
202.800     0.07668  
202.900     0.07675  
203.000     0.07681  
203.100     0.07688  
203.200     0.07695  
203.300     0.07702  
203.400     0.07708  
203.500     0.07715  
203.600     0.07722  
203.700     0.07729  
203.800     0.07735  
203.900     0.07742  
204.000     0.07749  
204.100     0.07755  
204.200     0.07762  
204.300     0.07769  
204.400     0.07776  
204.500     0.07783  
204.600     0.07789  
204.700     0.07796  
204.800     0.07803  
204.900     0.07810  
205.000     0.07816  
205.100     0.07823  
205.200     0.07830  
205.300     0.07837  
205.400     0.07843  
205.500     0.07850  
205.600     0.07857  
205.700     0.07864  
205.800     0.07870  
205.900     0.07877  
206.000     0.07884  
206.100     0.07891  
206.200     0.07898  
206.300     0.07904  
206.400     0.07911  
206.500     0.07918  
206.600     0.07925  
206.700     0.07931  
206.800     0.07938  
206.900     0.07945  
207.000     0.07952  
207.100     0.07959  
207.200     0.07965  
207.300     0.07972  
207.400     0.07979  
207.500     0.07986  
207.600     0.07993  
207.700     0.07999  
207.800     0.08006  
207.900     0.08013  
208.000     0.08020  
208.100     0.08027  
208.200     0.08033  
208.300     0.08040  
208.400     0.08047  
208.500     0.08054  
208.600     0.08061  
208.700     0.08067  
208.800     0.08074  
208.900     0.08081  
209.000     0.08088  
209.100     0.08095  
209.200     0.08101  
209.300     0.08108  
209.400     0.08115  
209.500     0.08122  
209.600     0.08129  
209.700     0.08136  
209.800     0.08142  
209.900     0.08149  
210.000     0.08156  
210.100     0.08163  
210.200     0.08170  
210.300     0.08176  
210.400     0.08183  
210.500     0.08190  
210.600     0.08197  
210.700     0.08204  
210.800     0.08211  
210.900     0.08217  
211.000     0.08224  
211.100     0.08231  
211.200     0.08238  
211.300     0.08245  
211.400     0.08252  
211.500     0.08258  
211.600     0.08265  
211.700     0.08272  
211.800     0.08279  
211.900     0.08286  
212.000     0.08293  
212.100     0.08300  
212.200     0.08306  
212.300     0.08313  
212.400     0.08320  
212.500     0.08327  
212.600     0.08334  
212.700     0.08341  
212.800     0.08347  
212.900     0.08354  
213.000     0.08361  
213.100     0.08368  
213.200     0.08375  
213.300     0.08382  
213.400     0.08389  
213.500     0.08396  
213.600     0.08402  
213.700     0.08409  
213.800     0.08416  
213.900     0.08423  
214.000     0.08430  
214.100     0.08437  
214.200     0.08444  
214.300     0.08450  
214.400     0.08457  
214.500     0.08464  
214.600     0.08471  
214.700     0.08478  
214.800     0.08485  
214.900     0.08492  
215.000     0.08499  
215.100     0.08505  
215.200     0.08512  
215.300     0.08519  
215.400     0.08526  
215.500     0.08533  
215.600     0.08540  
215.700     0.08547  
215.800     0.08554  
215.900     0.08561  
216.000     0.08567  
216.100     0.08574  
216.200     0.08581  
216.300     0.08588  
216.400     0.08595  
216.500     0.08602  
216.600     0.08609  
216.700     0.08616  
216.800     0.08623  
216.900     0.08630  
217.000     0.08636  
217.100     0.08643  
217.200     0.08650  
217.300     0.08657  
217.400     0.08664  
217.500     0.08671  
217.600     0.08678  
217.700     0.08685  
217.800     0.08692  
217.900     0.08699  
218.000     0.08706  
218.100     0.08713  
218.200     0.08719  
218.300     0.08726  
218.400     0.08733  
218.500     0.08740  
218.600     0.08747  
218.700     0.08754  
218.800     0.08761  
218.900     0.08768  
219.000     0.08775  
219.100     0.08782  
219.200     0.08789  
219.300     0.08796  
219.400     0.08803  
219.500     0.08810  
219.600     0.08816  
219.700     0.08823  
219.800     0.08830  
219.900     0.08837  
220.000     0.08844  
220.100     0.08851  
220.200     0.08858  
220.300     0.08865  
220.400     0.08872  
220.500     0.08879  
220.600     0.08886  
220.700     0.08893  
220.800     0.08900  
220.900     0.08907  
221.000     0.08914  
221.100     0.08921  
221.200     0.08928  
221.300     0.08935  
221.400     0.08941  
221.500     0.08948  
221.600     0.08955  
221.700     0.08962  
221.800     0.08969  
221.900     0.08976  
222.000     0.08983  
222.100     0.08990  
222.200     0.08997  
222.300     0.09004  
222.400     0.09011  
222.500     0.09018  
222.600     0.09025  
222.700     0.09032  
222.800     0.09039  
222.900     0.09046  
223.000     0.09053  
223.100     0.09060  
223.200     0.09067  
223.300     0.09074  
223.400     0.09081  
223.500     0.09088  
223.600     0.09095  
223.700     0.09102  
223.800     0.09109  
223.900     0.09116  
224.000     0.09123  
224.100     0.09130  
224.200     0.09137  
224.300     0.09144  
224.400     0.09151  
224.500     0.09158  
224.600     0.09165  
224.700     0.09172  
224.800     0.09179  
224.900     0.09186  
225.000     0.09193  
225.100     0.09200  
225.200     0.09207  
225.300     0.09214  
225.400     0.09221  
225.500     0.09228  
225.600     0.09235  
225.700     0.09242  
225.800     0.09249  
225.900     0.09256  
226.000     0.09263  
226.100     0.09270  
226.200     0.09277  
226.300     0.09284  
226.400     0.09291  
226.500     0.09298  
226.600     0.09305  
226.700     0.09312  
226.800     0.09319  
226.900     0.09326  
227.000     0.09333  
227.100     0.09340  
227.200     0.09347  
227.300     0.09354  
227.400     0.09361  
227.500     0.09368  
227.600     0.09375  
227.700     0.09382  
227.800     0.09389  
227.900     0.09396  
228.000     0.09403  
228.100     0.09410  
228.200     0.09417  
228.300     0.09424  
228.400     0.09431  
228.500     0.09438  
228.600     0.09445  
228.700     0.09452  
228.800     0.09459  
228.900     0.09466  
229.000     0.09473  
229.100     0.09480  
229.200     0.09487  
229.300     0.09494  
229.400     0.09501  
229.500     0.09508  
229.600     0.09515  
229.700     0.09522  
229.800     0.09529  
229.900     0.09536  
230.000     0.09543  
230.100     0.09551  
230.200     0.09558  
230.300     0.09565  
230.400     0.09572  
230.500     0.09579  
230.600     0.09586  
230.700     0.09593  
230.800     0.09600  
230.900     0.09607  
231.000     0.09614  
231.100     0.09621  
231.200     0.09628  
231.300     0.09635  
231.400     0.09642  
231.500     0.09649  
231.600     0.09656  
231.700     0.09663  
231.800     0.09670  
231.900     0.09678  
232.000     0.09685  
232.100     0.09692  
232.200     0.09699  
232.300     0.09706  
232.400     0.09713  
232.500     0.09720  
232.600     0.09727  
232.700     0.09734  
232.800     0.09741  
232.900     0.09748  
233.000     0.09755  
233.100     0.09762  
233.200     0.09769  
233.300     0.09776  
233.400     0.09784  
233.500     0.09791  
233.600     0.09798  
233.700     0.09805  
233.800     0.09812  
233.900     0.09819  
234.000     0.09826  
234.100     0.09833  
234.200     0.09840  
234.300     0.09847  
234.400     0.09854  
234.500     0.09861  
234.600     0.09869  
234.700     0.09876  
234.800     0.09883  
234.900     0.09890  
235.000     0.09897  
235.100     0.09904  
235.200     0.09911  
235.300     0.09918  
235.400     0.09925  
235.500     0.09932  
235.600     0.09939  
235.700     0.09947  
235.800     0.09954  
235.900     0.09961  
236.000     0.09968  
236.100     0.09975  
236.200     0.09982  
236.300     0.09989  
236.400     0.09996  
236.500     0.10003  
236.600     0.10010  
236.700     0.10018  
236.800     0.10025  
236.900     0.10032  
237.000     0.10039  
237.100     0.10046  
237.200     0.10053  
237.300     0.10060  
237.400     0.10067  
237.500     0.10074  
237.600     0.10082  
237.700     0.10089  
237.800     0.10096  
237.900     0.10103  
238.000     0.10110  
238.100     0.10117  
238.200     0.10124  
238.300     0.10131  
238.400     0.10138  
238.500     0.10146  
238.600     0.10153  
238.700     0.10160  
238.800     0.10167  
238.900     0.10174  
239.000     0.10181  
239.100     0.10188  
239.200     0.10195  
239.300     0.10203  
239.400     0.10210  
239.500     0.10217  
239.600     0.10224  
239.700     0.10231  
239.800     0.10238  
239.900     0.10245  
240.000     0.10252  
240.100     0.10260  
240.200     0.10267  
240.300     0.10274  
240.400     0.10281  
240.500     0.10288  
240.600     0.10295  
240.700     0.10302  
240.800     0.10310  
240.900     0.10317  
241.000     0.10324  
241.100     0.10331  
241.200     0.10338  
241.300     0.10345  
241.400     0.10352  
241.500     0.10360  
241.600     0.10367  
241.700     0.10374  
241.800     0.10381  
241.900     0.10388  
242.000     0.10395  
242.100     0.10403  
242.200     0.10410  
242.300     0.10417  
242.400     0.10424  
242.500     0.10431  
242.600     0.10438  
242.700     0.10445  
242.800     0.10453  
242.900     0.10460  
243.000     0.10467  
243.100     0.10474  
243.200     0.10481  
243.300     0.10488  
243.400     0.10496  
243.500     0.10503  
243.600     0.10510  
243.700     0.10517  
243.800     0.10524  
243.900     0.10531  
244.000     0.10539  
244.100     0.10546  
244.200     0.10553  
244.300     0.10560  
244.400     0.10567  
244.500     0.10575  
244.600     0.10582  
244.700     0.10589  
244.800     0.10596  
244.900     0.10603  
245.000     0.10610  
245.100     0.10618  
245.200     0.10625  
245.300     0.10632  
245.400     0.10639  
245.500     0.10646  
245.600     0.10653  
245.700     0.10661  
245.800     0.10668  
245.900     0.10675  
246.000     0.10682  
246.100     0.10689  
246.200     0.10697  
246.300     0.10704  
246.400     0.10711  
246.500     0.10718  
246.600     0.10725  
246.700     0.10733  
246.800     0.10740  
246.900     0.10747  
247.000     0.10754  
247.100     0.10761  
247.200     0.10769  
247.300     0.10776  
247.400     0.10783  
247.500     0.10790  
247.600     0.10797  
247.700     0.10805  
247.800     0.10812  
247.900     0.10819  
248.000     0.10826  
248.100     0.10833  
248.200     0.10841  
248.300     0.10848  
248.400     0.10855  
248.500     0.10862  
248.600     0.10869  
248.700     0.10877  
248.800     0.10884  
248.900     0.10891  
249.000     0.10898  
249.100     0.10905  
249.200     0.10913  
249.300     0.10920  
249.400     0.10927  
249.500     0.10934  
249.600     0.10941  
249.700     0.10949  
249.800     0.10956  
249.900     0.10963  
250.000     0.10970  
250.100     0.10978  
250.200     0.10985  
250.300     0.10992  
250.400     0.10999  
250.500     0.11006  
250.600     0.11014  
250.700     0.11021  
250.800     0.11028  
250.900     0.11035  
251.000     0.11043  
251.100     0.11050  
251.200     0.11057  
251.300     0.11064  
251.400     0.11071  
251.500     0.11079  
251.600     0.11086  
251.700     0.11093  
251.800     0.11100  
251.900     0.11108  
252.000     0.11115  
252.100     0.11122  
252.200     0.11129  
252.300     0.11136  
252.400     0.11144  
252.500     0.11151  
252.600     0.11158  
252.700     0.11165  
252.800     0.11173  
252.900     0.11180  
253.000     0.11187  
253.100     0.11194  
253.200     0.11202  
253.300     0.11209  
253.400     0.11216  
253.500     0.11223  
253.600     0.11231  
253.700     0.11238  
253.800     0.11245  
253.900     0.11252  
254.000     0.11260  
254.100     0.11267  
254.200     0.11274  
254.300     0.11281  
254.400     0.11289  
254.500     0.11296  
254.600     0.11303  
254.700     0.11310  
254.800     0.11318  
254.900     0.11325  
255.000     0.11332  
255.100     0.11339  
255.200     0.11347  
255.300     0.11354  
255.400     0.11361  
255.500     0.11368  
255.600     0.11376  
255.700     0.11383  
255.800     0.11390  
255.900     0.11397  
256.000     0.11405  
256.100     0.11412  
256.200     0.11419  
256.300     0.11426  
256.400     0.11434  
256.500     0.11441  
256.600     0.11448  
256.700     0.11456  
256.800     0.11463  
256.900     0.11470  
257.000     0.11477  
257.100     0.11485  
257.200     0.11492  
257.300     0.11499  
257.400     0.11506  
257.500     0.11514  
257.600     0.11521  
257.700     0.11528  
257.800     0.11536  
257.900     0.11543  
258.000     0.11550  
258.100     0.11557  
258.200     0.11565  
258.300     0.11572  
258.400     0.11579  
258.500     0.11586  
258.600     0.11594  
258.700     0.11601  
258.800     0.11608  
258.900     0.11616  
259.000     0.11623  
259.100     0.11630  
259.200     0.11637  
259.300     0.11645  
259.400     0.11652  
259.500     0.11659  
259.600     0.11667  
259.700     0.11674  
259.800     0.11681  
259.900     0.11689  
260.000     0.11696  
260.100     0.11703  
260.200     0.11710  
260.300     0.11718  
260.400     0.11725  
260.500     0.11732  
260.600     0.11740  
260.700     0.11747  
260.800     0.11754  
260.900     0.11761  
261.000     0.11769  
261.100     0.11776  
261.200     0.11783  
261.300     0.11791  
261.400     0.11798  
261.500     0.11805  
261.600     0.11813  
261.700     0.11820  
261.800     0.11827  
261.900     0.11834  
262.000     0.11842  
262.100     0.11849  
262.200     0.11856  
262.300     0.11864  
262.400     0.11871  
262.500     0.11878  
262.600     0.11886  
262.700     0.11893  
262.800     0.11900  
262.900     0.11908  
263.000     0.11915  
263.100     0.11922  
263.200     0.11929  
263.300     0.11937  
263.400     0.11944  
263.500     0.11951  
263.600     0.11959  
263.700     0.11966  
263.800     0.11973  
263.900     0.11981  
264.000     0.11988  
264.100     0.11995  
264.200     0.12003  
264.300     0.12010  
264.400     0.12017  
264.500     0.12025  
264.600     0.12032  
264.700     0.12039  
264.800     0.12047  
264.900     0.12054  
265.000     0.12061  
265.100     0.12069  
265.200     0.12076  
265.300     0.12083  
265.400     0.12090  
265.500     0.12098  
265.600     0.12105  
265.700     0.12112  
265.800     0.12120  
265.900     0.12127  
266.000     0.12134  
266.100     0.12142  
266.200     0.12149  
266.300     0.12156  
266.400     0.12164  
266.500     0.12171  
266.600     0.12178  
266.700     0.12186  
266.800     0.12193  
266.900     0.12200  
267.000     0.12208  
267.100     0.12215  
267.200     0.12222  
267.300     0.12230  
267.400     0.12237  
267.500     0.12244  
267.600     0.12252  
267.700     0.12259  
267.800     0.12266  
267.900     0.12274  
268.000     0.12281  
268.100     0.12288  
268.200     0.12296  
268.300     0.12303  
268.400     0.12311  
268.500     0.12318  
268.600     0.12325  
268.700     0.12333  
268.800     0.12340  
268.900     0.12347  
269.000     0.12355  
269.100     0.12362  
269.200     0.12369  
269.300     0.12377  
269.400     0.12384  
269.500     0.12391  
269.600     0.12399  
269.700     0.12406  
269.800     0.12413  
269.900     0.12421  
270.000     0.12428  
270.100     0.12435  
270.200     0.12443  
270.300     0.12450  
270.400     0.12458  
270.500     0.12465  
270.600     0.12472  
270.700     0.12480  
270.800     0.12487  
270.900     0.12494  
271.000     0.12502  
271.100     0.12509  
271.200     0.12516  
271.300     0.12524  
271.400     0.12531  
271.500     0.12538  
271.600     0.12546  
271.700     0.12553  
271.800     0.12561  
271.900     0.12568  
272.000     0.12575  
272.100     0.12583  
272.200     0.12590  
272.300     0.12597  
272.400     0.12605  
272.500     0.12612  
272.600     0.12620  
272.700     0.12627  
272.800     0.12634  
272.900     0.12642  
273.000     0.12649  
273.100     0.12656  
273.200     0.12664  
273.300     0.12671  
273.400     0.12679  
273.500     0.12686  
273.600     0.12693  
273.700     0.12701  
273.800     0.12708  
273.900     0.12715  
274.000     0.12723  
274.100     0.12730  
274.200     0.12738  
274.300     0.12745  
274.400     0.12752  
274.500     0.12760  
274.600     0.12767  
274.700     0.12774  
274.800     0.12782  
274.900     0.12789  
275.000     0.12797  
275.100     0.12804  
275.200     0.12811  
275.300     0.12819  
275.400     0.12826  
275.500     0.12834  
275.600     0.12841  
275.700     0.12848  
275.800     0.12856  
275.900     0.12863  
276.000     0.12870  
276.100     0.12878  
276.200     0.12885  
276.300     0.12893  
276.400     0.12900  
276.500     0.12907  
276.600     0.12915  
276.700     0.12922  
276.800     0.12930  
276.900     0.12937  
277.000     0.12944  
277.100     0.12952  
277.200     0.12959  
277.300     0.12967  
277.400     0.12974  
277.500     0.12981  
277.600     0.12989  
277.700     0.12996  
277.800     0.13004  
277.900     0.13011  
278.000     0.13018  
278.100     0.13026  
278.200     0.13033  
278.300     0.13041  
278.400     0.13048  
278.500     0.13055  
278.600     0.13063  
278.700     0.13070  
278.800     0.13078  
278.900     0.13085  
279.000     0.13092  
279.100     0.13100  
279.200     0.13107  
279.300     0.13115  
279.400     0.13122  
279.500     0.13129  
279.600     0.13137  
279.700     0.13144  
279.800     0.13152  
279.900     0.13159  
280.000     0.13166  
280.100     0.13174  
280.200     0.13181  
280.300     0.13189  
280.400     0.13196  
280.500     0.13203  
280.600     0.13211  
280.700     0.13218  
280.800     0.13226  
280.900     0.13233  
281.000     0.13240  
281.100     0.13248  
281.200     0.13255  
281.300     0.13263  
281.400     0.13270  
281.500     0.13278  
281.600     0.13285  
281.700     0.13292  
281.800     0.13300  
281.900     0.13307  
282.000     0.13315  
282.100     0.13322  
282.200     0.13329  
282.300     0.13337  
282.400     0.13344  
282.500     0.13352  
282.600     0.13359  
282.700     0.13367  
282.800     0.13374  
282.900     0.13381  
283.000     0.13389  
283.100     0.13396  
283.200     0.13404  
283.300     0.13411  
283.400     0.13419  
283.500     0.13426  
283.600     0.13433  
283.700     0.13441  
283.800     0.13448  
283.900     0.13456  
284.000     0.13463  
284.100     0.13471  
284.200     0.13478  
284.300     0.13485  
284.400     0.13493  
284.500     0.13500  
284.600     0.13508  
284.700     0.13515  
284.800     0.13523  
284.900     0.13530  
285.000     0.13537  
285.100     0.13545  
285.200     0.13552  
285.300     0.13560  
285.400     0.13567  
285.500     0.13575  
285.600     0.13582  
285.700     0.13589  
285.800     0.13597  
285.900     0.13604  
286.000     0.13612  
286.100     0.13619  
286.200     0.13627  
286.300     0.13634  
286.400     0.13642  
286.500     0.13649  
286.600     0.13656  
286.700     0.13664  
286.800     0.13671  
286.900     0.13679  
287.000     0.13686  
287.100     0.13694  
287.200     0.13701  
287.300     0.13709  
287.400     0.13716  
287.500     0.13723  
287.600     0.13731  
287.700     0.13738  
287.800     0.13746  
287.900     0.13753  
288.000     0.13761  
288.100     0.13768  
288.200     0.13776  
288.300     0.13783  
288.400     0.13790  
288.500     0.13798  
288.600     0.13805  
288.700     0.13813  
288.800     0.13820  
288.900     0.13828  
289.000     0.13835  
289.100     0.13843  
289.200     0.13850  
289.300     0.13858  
289.400     0.13865  
289.500     0.13872  
289.600     0.13880  
289.700     0.13887  
289.800     0.13895  
289.900     0.13902  
290.000     0.13910  
290.100     0.13917  
290.200     0.13925  
290.300     0.13932  
290.400     0.13940  
290.500     0.13947  
290.600     0.13954  
290.700     0.13962  
290.800     0.13969  
290.900     0.13977  
291.000     0.13984  
291.100     0.13992  
291.200     0.13999  
291.300     0.14007  
291.400     0.14014  
291.500     0.14022  
291.600     0.14029  
291.700     0.14037  
291.800     0.14044  
291.900     0.14051  
292.000     0.14059  
292.100     0.14066  
292.200     0.14074  
292.300     0.14081  
292.400     0.14089  
292.500     0.14096  
292.600     0.14104  
292.700     0.14111  
292.800     0.14119  
292.900     0.14126  
293.000     0.14134  
293.100     0.14141  
293.200     0.14148  
293.300     0.14156  
293.400     0.14163  
293.500     0.14171  
293.600     0.14178  
293.700     0.14186  
293.800     0.14193  
293.900     0.14201  
294.000     0.14208  
294.100     0.14216  
294.200     0.14223  
294.300     0.14231  
294.400     0.14238  
294.500     0.14246  
294.600     0.14253  
294.700     0.14261  
294.800     0.14268  
294.900     0.14276  
295.000     0.14283  
295.100     0.14290  
295.200     0.14298  
295.300     0.14305  
295.400     0.14313  
295.500     0.14320  
295.600     0.14328  
295.700     0.14335  
295.800     0.14343  
295.900     0.14350  
296.000     0.14358  
296.100     0.14365  
296.200     0.14373  
296.300     0.14380  
296.400     0.14388  
296.500     0.14395  
296.600     0.14403  
296.700     0.14410  
296.800     0.14418  
296.900     0.14425  
297.000     0.14433  
297.100     0.14440  
297.200     0.14448  
297.300     0.14455  
297.400     0.14463  
297.500     0.14470  
297.600     0.14478  
297.700     0.14485  
297.800     0.14492  
297.900     0.14500  
298.000     0.14507  
298.100     0.14515  
298.200     0.14522  
298.300     0.14530  
298.400     0.14537  
298.500     0.14545  
298.600     0.14552  
298.700     0.14560  
298.800     0.14567  
298.900     0.14575  
299.000     0.14582  
299.100     0.14590  
299.200     0.14597  
299.300     0.14605  
299.400     0.14612  
299.500     0.14620  
299.600     0.14627  
299.700     0.14635  
299.800     0.14642  
299.900     0.14650  
300.000     0.14657  
300.100     0.14665  
300.200     0.14672  
300.300     0.14680  
300.400     0.14687  
300.500     0.14695  
300.600     0.14702  
300.700     0.14710  
300.800     0.14717  
300.900     0.14725  
301.000     0.14732  
301.100     0.14740  
301.200     0.14747  
301.300     0.14755  
301.400     0.14762  
301.500     0.14770  
301.600     0.14777  
301.700     0.14785  
301.800     0.14792  
301.900     0.14800  
302.000     0.14807  
302.100     0.14815  
302.200     0.14822  
302.300     0.14830  
302.400     0.14837  
302.500     0.14845  
302.600     0.14852  
302.700     0.14860  
302.800     0.14867  
302.900     0.14875  
303.000     0.14882  
303.100     0.14890  
303.200     0.14897  
303.300     0.14905  
303.400     0.14912  
303.500     0.14920  
303.600     0.14927  
303.700     0.14935  
303.800     0.14942  
303.900     0.14950  
304.000     0.14957  
304.100     0.14965  
304.200     0.14972  
304.300     0.14980  
304.400     0.14987  
304.500     0.14995  
304.600     0.15002  
304.700     0.15010  
304.800     0.15017  
304.900     0.15025  
305.000     0.15032  
305.100     0.15040  
305.200     0.15047  
305.300     0.15055  
305.400     0.15062  
305.500     0.15070  
305.600     0.15077  
305.700     0.15085  
305.800     0.15092  
305.900     0.15100  
306.000     0.15108  
306.100     0.15115  
306.200     0.15123  
306.300     0.15130  
306.400     0.15138  
306.500     0.15145  
306.600     0.15153  
306.700     0.15160  
306.800     0.15168  
306.900     0.15175  
307.000     0.15183  
307.100     0.15190  
307.200     0.15198  
307.300     0.15205  
307.400     0.15213  
307.500     0.15220  
307.600     0.15228  
307.700     0.15235  
307.800     0.15243  
307.900     0.15250  
308.000     0.15258  
308.100     0.15265  
308.200     0.15273  
308.300     0.15280  
308.400     0.15288  
308.500     0.15295  
308.600     0.15303  
308.700     0.15311  
308.800     0.15318  
308.900     0.15326  
309.000     0.15333  
309.100     0.15341  
309.200     0.15348  
309.300     0.15356  
309.400     0.15363  
309.500     0.15371  
309.600     0.15378  
309.700     0.15386  
309.800     0.15393  
309.900     0.15401  
310.000     0.15408  
310.100     0.15416  
310.200     0.15423  
310.300     0.15431  
310.400     0.15438  
310.500     0.15446  
310.600     0.15453  
310.700     0.15461  
310.800     0.15469  
310.900     0.15476  
311.000     0.15484  
311.100     0.15491  
311.200     0.15499  
311.300     0.15506  
311.400     0.15514  
311.500     0.15521  
311.600     0.15529  
311.700     0.15536  
311.800     0.15544  
311.900     0.15551  
312.000     0.15559  
312.100     0.15566  
312.200     0.15574  
312.300     0.15581  
312.400     0.15589  
312.500     0.15596  
312.600     0.15604  
312.700     0.15612  
312.800     0.15619  
312.900     0.15627  
313.000     0.15634  
313.100     0.15642  
313.200     0.15649  
313.300     0.15657  
313.400     0.15664  
313.500     0.15672  
313.600     0.15679  
313.700     0.15687  
313.800     0.15694  
313.900     0.15702  
314.000     0.15709  
314.100     0.15717  
314.200     0.15725  
314.300     0.15732  
314.400     0.15740  
314.500     0.15747  
314.600     0.15755  
314.700     0.15762  
314.800     0.15770  
314.900     0.15777  
315.000     0.15785  
315.100     0.15792  
315.200     0.15800  
315.300     0.15807  
315.400     0.15815  
315.500     0.15822  
315.600     0.15830  
315.700     0.15838  
315.800     0.15845  
315.900     0.15853  
316.000     0.15860  
316.100     0.15868  
316.200     0.15875  
316.300     0.15883  
316.400     0.15890  
316.500     0.15898  
316.600     0.15905  
316.700     0.15913  
316.800     0.15920  
316.900     0.15928  
317.000     0.15936  
317.100     0.15943  
317.200     0.15951  
317.300     0.15958  
317.400     0.15966  
317.500     0.15973  
317.600     0.15981  
317.700     0.15988  
317.800     0.15996  
317.900     0.16003  
318.000     0.16011  
318.100     0.16019  
318.200     0.16026  
318.300     0.16034  
318.400     0.16041  
318.500     0.16049  
318.600     0.16056  
318.700     0.16064  
318.800     0.16071  
318.900     0.16079  
319.000     0.16086  
319.100     0.16094  
319.200     0.16102  
319.300     0.16109  
319.400     0.16117  
319.500     0.16124  
319.600     0.16132  
319.700     0.16139  
319.800     0.16147  
319.900     0.16154  
320.000     0.16162  
320.100     0.16169  
320.200     0.16177  
320.300     0.16185  
320.400     0.16192  
320.500     0.16200  
320.600     0.16207  
320.700     0.16215  
320.800     0.16222  
320.900     0.16230  
321.000     0.16237  
321.100     0.16245  
321.200     0.16252  
321.300     0.16260  
321.400     0.16268  
321.500     0.16275  
321.600     0.16283  
321.700     0.16290  
321.800     0.16298  
321.900     0.16305  
322.000     0.16313  
322.100     0.16320  
322.200     0.16328  
322.300     0.16336  
322.400     0.16343  
322.500     0.16351  
322.600     0.16358  
322.700     0.16366  
322.800     0.16373  
322.900     0.16381  
323.000     0.16388  
323.100     0.16396  
323.200     0.16403  
323.300     0.16411  
323.400     0.16419  
323.500     0.16426  
323.600     0.16434  
323.700     0.16441  
323.800     0.16449  
323.900     0.16456  
324.000     0.16464  
324.100     0.16471  
324.200     0.16479  
324.300     0.16487  
324.400     0.16494  
324.500     0.16502  
324.600     0.16509  
324.700     0.16517  
324.800     0.16524  
324.900     0.16532  
325.000     0.16539  
325.100     0.16547  
325.200     0.16555  
325.300     0.16562  
325.400     0.16570  
325.500     0.16577  
325.600     0.16585  
325.700     0.16592  
325.800     0.16600  
325.900     0.16607  
326.000     0.16615  
326.100     0.16623  
326.200     0.16630  
326.300     0.16638  
326.400     0.16645  
326.500     0.16653  
326.600     0.16660  
326.700     0.16668  
326.800     0.16675  
326.900     0.16683  
327.000     0.16691  
327.100     0.16698  
327.200     0.16706  
327.300     0.16713  
327.400     0.16721  
327.500     0.16728  
327.600     0.16736  
327.700     0.16743  
327.800     0.16751  
327.900     0.16759  
328.000     0.16766  
328.100     0.16774  
328.200     0.16781  
328.300     0.16789  
328.400     0.16796  
328.500     0.16804  
328.600     0.16811  
328.700     0.16819  
328.800     0.16827  
328.900     0.16834  
329.000     0.16842  
329.100     0.16849  
329.200     0.16857  
329.300     0.16864  
329.400     0.16872  
329.500     0.16879  
329.600     0.16887  
329.700     0.16895  
329.800     0.16902  
329.900     0.16910  
330.000     0.16917  
330.100     0.16925  
330.200     0.16932  
330.300     0.16940  
330.400     0.16948  
330.500     0.16955  
330.600     0.16963  
330.700     0.16970  
330.800     0.16978  
330.900     0.16985  
331.000     0.16993  
331.100     0.17000  
331.200     0.17008  
331.300     0.17016  
331.400     0.17023  
331.500     0.17031  
331.600     0.17038  
331.700     0.17046  
331.800     0.17053  
331.900     0.17061  
332.000     0.17069  
332.100     0.17076  
332.200     0.17084  
332.300     0.17091  
332.400     0.17099  
332.500     0.17106  
332.600     0.17114  
332.700     0.17121  
332.800     0.17129  
332.900     0.17137  
333.000     0.17144  
333.100     0.17152  
333.200     0.17159  
333.300     0.17167  
333.400     0.17174  
333.500     0.17182  
333.600     0.17190  
333.700     0.17197  
333.800     0.17205  
333.900     0.17212  
334.000     0.17220  
334.100     0.17227  
334.200     0.17235  
334.300     0.17242  
334.400     0.17250  
334.500     0.17258  
334.600     0.17265  
334.700     0.17273  
334.800     0.17280  
334.900     0.17288  
335.000     0.17295  
335.100     0.17303  
335.200     0.17311  
335.300     0.17318  
335.400     0.17326  
335.500     0.17333  
335.600     0.17341  
335.700     0.17348  
335.800     0.17356  
335.900     0.17363  
336.000     0.17371  
336.100     0.17379  
336.200     0.17386  
336.300     0.17394  
336.400     0.17401  
336.500     0.17409  
336.600     0.17416  
336.700     0.17424  
336.800     0.17432  
336.900     0.17439  
337.000     0.17447  
337.100     0.17454  
337.200     0.17462  
337.300     0.17469  
337.400     0.17477  
337.500     0.17485  
337.600     0.17492  
337.700     0.17500  
337.800     0.17507  
337.900     0.17515  
338.000     0.17522  
338.100     0.17530  
338.200     0.17538  
338.300     0.17545  
338.400     0.17553  
338.500     0.17560  
338.600     0.17568  
338.700     0.17575  
338.800     0.17583  
338.900     0.17590  
339.000     0.17598  
339.100     0.17606  
339.200     0.17613  
339.300     0.17621  
339.400     0.17628  
339.500     0.17636  
339.600     0.17643  
339.700     0.17651  
339.800     0.17659  
339.900     0.17666  
340.000     0.17674  
340.100     0.17681  
340.200     0.17689  
340.300     0.17696  
340.400     0.17704  
340.500     0.17712  
340.600     0.17719  
340.700     0.17727  
340.800     0.17734  
340.900     0.17742  
341.000     0.17749  
341.100     0.17757  
341.200     0.17764  
341.300     0.17772  
341.400     0.17780  
341.500     0.17787  
341.600     0.17795  
341.700     0.17802  
341.800     0.17810  
341.900     0.17817  
342.000     0.17825  
342.100     0.17833  
342.200     0.17840  
342.300     0.17848  
342.400     0.17855  
342.500     0.17863  
342.600     0.17870  
342.700     0.17878  
342.800     0.17886  
342.900     0.17893  
343.000     0.17901  
343.100     0.17908  
343.200     0.17916  
343.300     0.17923  
343.400     0.17931  
343.500     0.17939  
343.600     0.17946  
343.700     0.17954  
343.800     0.17961  
343.900     0.17969  
344.000     0.17976  
344.100     0.17984  
344.200     0.17991  
344.300     0.17999  
344.400     0.18007  
344.500     0.18014  
344.600     0.18022  
344.700     0.18029  
344.800     0.18037  
344.900     0.18044  
345.000     0.18052  
345.100     0.18060  
345.200     0.18067  
345.300     0.18075  
345.400     0.18082  
345.500     0.18090  
345.600     0.18097  
345.700     0.18105  
345.800     0.18113  
345.900     0.18120  
346.000     0.18128  
346.100     0.18135  
346.200     0.18143  
346.300     0.18150  
346.400     0.18158  
346.500     0.18166  
346.600     0.18173  
346.700     0.18181  
346.800     0.18188  
346.900     0.18196  
347.000     0.18203  
347.100     0.18211  
347.200     0.18218  
347.300     0.18226  
347.400     0.18234  
347.500     0.18241  
347.600     0.18249  
347.700     0.18256  
347.800     0.18264  
347.900     0.18271  
348.000     0.18279  
348.100     0.18287  
348.200     0.18294  
348.300     0.18302  
348.400     0.18309  
348.500     0.18317  
348.600     0.18324  
348.700     0.18332  
348.800     0.18340  
348.900     0.18347  
349.000     0.18355  
349.100     0.18362  
349.200     0.18370  
349.300     0.18377  
349.400     0.18385  
349.500     0.18392  
349.600     0.18400  
349.700     0.18408  
349.800     0.18415  
349.900     0.18423  
350.000     0.18430  