0.000     0.00000  
  0.100     0.00000  
  0.200     0.00002  
  0.300     0.00006  
  0.400     0.00012  
  0.500     0.00021  
  0.600     0.00033  
  0.700     0.00047  
  0.800     0.00066  
  0.900     0.00087  
  1.000     0.00112  
  1.100     0.00140  
  1.200     0.00173  
  1.300     0.00208  
  1.400     0.00248  
  1.500     0.00292  
  1.600     0.00339  
  1.700     0.00390  
  1.800     0.00445  
  1.900     0.00504  
  2.000     0.00566  
  2.100     0.00633  
  2.200     0.00703  
  2.300     0.00778  
  2.400     0.00856  
  2.500     0.00938  
  2.600     0.01024  
  2.700     0.01113  
  2.800     0.01207  
  2.900     0.01304  
  3.000     0.01404  
  3.100     0.01525  
  3.200     0.01645  
  3.300     0.01766  
  3.400     0.01887  
  3.500     0.02007  
  3.600     0.02128  
  3.700     0.02248  
  3.800     0.02369  
  3.900     0.02489  
  4.000     0.02610  
  4.100     0.02764  
  4.200     0.02918  
  4.300     0.03072  
  4.400     0.03226  
  4.500     0.03380  
  4.600     0.03534  
  4.700     0.03688  
  4.800     0.03842  
  4.900     0.03996  
  5.000     0.04150  
  5.100     0.04318  
  5.200     0.04499  
  5.300     0.04688  
  5.400     0.04880  
  5.500     0.05070  
  5.600     0.05254  
  5.700     0.05434  
  5.800     0.05614  
  5.900     0.05798  
  6.000     0.05989  
  6.100     0.06190  
  6.200     0.06399  
  6.300     0.06613  
  6.400     0.06827  
  6.500     0.07040  
  6.600     0.07249  
  6.700     0.07456  
  6.800     0.07663  
  6.900     0.07874  
  7.000     0.08091  
  7.100     0.08317  
  7.200     0.08549  
  7.300     0.08785  
  7.400     0.09022  
  7.500     0.09257  
  7.600     0.09489  
  7.700     0.09720  
  7.800     0.09950  
  7.900     0.10184  
  8.000     0.10424  
  8.100     0.10671  
  8.200     0.10923  
  8.300     0.11179  
  8.400     0.11436  
  8.500     0.11691  
  8.600     0.11944  
  8.700     0.12194  
  8.800     0.12446  
  8.900     0.12700  
  9.000     0.12959  
  9.100     0.13224  
  9.200     0.13494  
  9.300     0.13768  
  9.400     0.14042  
  9.500     0.14315  
  9.600     0.14585  
  9.700     0.14854  
  9.800     0.15123  
  9.900     0.15395  
 10.000     0.15671  
 10.100     0.15952  
 10.200     0.16238  
 10.300     0.16529  
 10.400     0.16822  
 10.500     0.17119  
 10.600     0.17417  
 10.700     0.17715  
 10.800     0.18014  
 10.900     0.18311  
 11.000     0.18607  
 11.100     0.18900  
 11.200     0.19192  
 11.300     0.19482  
 11.400     0.19771  
 11.500     0.20061  
 11.600     0.20353  
 11.700     0.20646  
 11.800     0.20941  
 11.900     0.21240  
 12.000     0.21543  
 12.100     0.21851  
 12.200     0.22163  
 12.300     0.22478  
 12.400     0.22796  
 12.500     0.23116  
 12.600     0.23437  
 12.700     0.23759  
 12.800     0.24081  
 12.900     0.24402  
 13.000     0.24722  
 13.100     0.25040  
 13.200     0.25356  
 13.300     0.25671  
 13.400     0.25986  
 13.500     0.26301  
 13.600     0.26617  
 13.700     0.26935  
 13.800     0.27254  
 13.900     0.27576  
 14.000     0.27901  
 14.100     0.28230  
 14.200     0.28562  
 14.300     0.28897  
 14.400     0.29234  
 14.500     0.29573  
 14.600     0.29913  
 14.700     0.30253  
 14.800     0.30593  
 14.900     0.30933  
 15.000     0.31271  
 15.100     0.31608  
 15.200     0.31944  
 15.300     0.32279  
 15.400     0.32613  
 15.500     0.32948  
 15.600     0.33284  
 15.700     0.33620  
 15.800     0.33959  
 15.900     0.34299  
 16.000     0.34642  
 16.100     0.34988  
 16.200     0.35336  
 16.300     0.35687  
 16.400     0.36039  
 16.500     0.36393  
 16.600     0.36747  
 16.700     0.37102  
 16.800     0.37457  
 16.900     0.37812  
 17.000     0.38165  
 17.100     0.38517  
 17.200     0.38868  
 17.300     0.39219  
 17.400     0.39569  
 17.500     0.39920  
 17.600     0.40271  
 17.700     0.40623  
 17.800     0.40976  
 17.900     0.41331  
 18.000     0.41688  
 18.100     0.42048  
 18.200     0.42409  
 18.300     0.42773  
 18.400     0.43138  
 18.500     0.43504  
 18.600     0.43870  
 18.700     0.44237  
 18.800     0.44604  
 18.900     0.44970  
 19.000     0.45336  
 19.100     0.45701  
 19.200     0.46064  
 19.300     0.46428  
 19.400     0.46791  
 19.500     0.47154  
 19.600     0.47518  
 19.700     0.47882  
 19.800     0.48248  
 19.900     0.48615  
 20.000     0.48984  
 20.100     0.49354  
 20.200     0.49727  
 20.300     0.50101  
 20.400     0.50476  
 20.500     0.50852  
 20.600     0.51228  
 20.700     0.51605  
 20.800     0.51982  
 20.900     0.52358  
 21.000     0.52734  
 21.100     0.53109  
 21.200     0.53483  
 21.300     0.53857  
 21.400     0.54231  
 21.500     0.54604  
 21.600     0.54979  
 21.700     0.55353  
 21.800     0.55729  
 21.900     0.56106  
 22.000     0.56484  
 22.100     0.56864  
 22.200     0.57246  
 22.300     0.57628  
 22.400     0.58012  
 22.500     0.58396  
 22.600     0.58781  
 22.700     0.59166  
 22.800     0.59552  
 22.900     0.59937  
 23.000     0.60321  
 23.100     0.60705  
 23.200     0.61088  
 23.300     0.61472  
 23.400     0.61854  
 23.500     0.62237  
 23.600     0.62620  
 23.700     0.63004  
 23.800     0.63388  
 23.900     0.63772  
 24.000     0.64158  
 24.100     0.64544  
 24.200     0.64931  
 24.300     0.65320  
 24.400     0.65708  
 24.500     0.66098  
 24.600     0.66488  
 24.700     0.66878  
 24.800     0.67269  
 24.900     0.67660  
 25.000     0.68051  
 25.100     0.68442  
 25.200     0.68834  
 25.300     0.69225  
 25.400     0.69617  
 25.500     0.70010  
 25.600     0.70402  
 25.700     0.70795  
 25.800     0.71189  
 25.900     0.71584  
 26.000     0.71979  
 26.100     0.72375  
 26.200     0.72771  
 26.300     0.73168  
 26.400     0.73566  
 26.500     0.73964  
 26.600     0.74362  
 26.700     0.74760  
 26.800     0.75158  
 26.900     0.75555  
 27.000     0.75953  
 27.100     0.76350  
 27.200     0.76746  
 27.300     0.77143  
 27.400     0.77539  
 27.500     0.77936  
 27.600     0.78333  
 27.700     0.78730  
 27.800     0.79128  
 27.900     0.79527  
 28.000     0.79927  
 28.100     0.80328  
 28.200     0.80729  
 28.300     0.81132  
 28.400     0.81535  
 28.500     0.81939  
 28.600     0.82343  
 28.700     0.82747  
 28.800     0.83150  
 28.900     0.83554  
 29.000     0.83957  
 29.100     0.84359  
 29.200     0.84761  
 29.300     0.85163  
 29.400     0.85564  
 29.500     0.85966  
 29.600     0.86369  
 29.700     0.86772  
 29.800     0.87176  
 29.900     0.87580  
 30.000     0.87987  
 30.100     0.88394  
 30.200     0.88803  
 30.300     0.89213  
 30.400     0.89624  
 30.500     0.90035  
 30.600     0.90448  
 30.700     0.90860  
 30.800     0.91273  
 30.900     0.91685  
 31.000     0.92098  
 31.100     0.92510  
 31.200     0.92922  
 31.300     0.93333  
 31.400     0.93745  
 31.500     0.94156  
 31.600     0.94566  
 31.700     0.94977  
 31.800     0.95388  
 31.900     0.95799  
 32.000     0.96209  
 32.100     0.96620  
 32.200     0.97031  
 32.300     0.97442  
 32.400     0.97853  
 32.500     0.98264  
 32.600     0.98675  
 32.700     0.99086  
 32.800     0.99498  
 32.900     0.99909  
 33.000     1.00321  
 33.100     1.00732  
 33.200     1.01144  
 33.300     1.01556  
 33.400     1.01967  
 33.500     1.02379  
 33.600     1.02790  
 33.700     1.03201  
 33.800     1.03612  
 33.900     1.04022  
 34.000     1.04432  
 34.100     1.04842  
 34.200     1.05251  
 34.300     1.05661  
 34.400     1.06070  
 34.500     1.06480  
 34.600     1.06891  
 34.700     1.07302  
 34.800     1.07715  
 34.900     1.08129  
 35.000     1.08544  
 35.100     1.08960  
 35.200     1.09378  
 35.300     1.09797  
 35.400     1.10218  
 35.500     1.10639  
 35.600     1.11060  
 35.700     1.11482  
 35.800     1.11905  
 35.900     1.12327  
 36.000     1.12749  
 36.100     1.13170  
 36.200     1.13591  
 36.300     1.14012  
 36.400     1.14433  
 36.500     1.14853  
 36.600     1.15274  
 36.700     1.15694  
 36.800     1.16114  
 36.900     1.16534  
 37.000     1.16954  
 37.100     1.17374  
 37.200     1.17794  
 37.300     1.18214  
 37.400     1.18635  
 37.500     1.19055  
 37.600     1.19476  
 37.700     1.19897  
 37.800     1.20317  
 37.900     1.20738  
 38.000     1.21159  
 38.100     1.21580  
 38.200     1.22001  
 38.300     1.22421  
 38.400     1.22842  
 38.500     1.23263  
 38.600     1.23684  
 38.700     1.24104  
 38.800     1.24524  
 38.900     1.24944  
 39.000     1.25364  
 39.100     1.25783  
 39.200     1.26203  
 39.300     1.26622  
 39.400     1.27041  
 39.500     1.27461  
 39.600     1.27881  
 39.700     1.28302  
 39.800     1.28723  
 39.900     1.29145  
 40.000     1.29569  
 40.100     1.29994  
 40.200     1.30419  
 40.300     1.30846  
 40.400     1.31274  
 40.500     1.31702  
 40.600     1.32130  
 40.700     1.32559  
 40.800     1.32988  
 40.900     1.33417  
 41.000     1.33846  
 41.100     1.34274  
 41.200     1.34703  
 41.300     1.35131  
 41.400     1.35558  
 41.500     1.35986  
 41.600     1.36413  
 41.700     1.36841  
 41.800     1.37268  
 41.900     1.37695  
 42.000     1.38123  
 42.100     1.38550  
 42.200     1.38978  
 42.300     1.39405  
 42.400     1.39833  
 42.500     1.40261  
 42.600     1.40688  
 42.700     1.41116  
 42.800     1.41544  
 42.900     1.41972  
 43.000     1.42400  
 43.100     1.42828  
 43.200     1.43256  
 43.300     1.43684  
 43.400     1.44112  
 43.500     1.44539  
 43.600     1.44967  
 43.700     1.45395  
 43.800     1.45822  
 43.900     1.46250  
 44.000     1.46677  
 44.100     1.47103  
 44.200     1.47530  
 44.300     1.47957  
 44.400     1.48384  
 44.500     1.48811  
 44.600     1.49238  
 44.700     1.49666  
 44.800     1.50094  
 44.900     1.50524  
 45.000     1.50954  
 45.100     1.51384  
 45.200     1.51816  
 45.300     1.52248  
 45.400     1.52681  
 45.500     1.53115  
 45.600     1.53549  
 45.700     1.53983  
 45.800     1.54417  
 45.900     1.54851  
 46.000     1.55285  
 46.100     1.55718  
 46.200     1.56152  
 46.300     1.56585  
 46.400     1.57018  
 46.500     1.57452  
 46.600     1.57884  
 46.700     1.58317  
 46.800     1.58750  
 46.900     1.59183  
 47.000     1.59616  
 47.100     1.60049  
 47.200     1.60482  
 47.300     1.60915  
 47.400     1.61348  
 47.500     1.61781  
 47.600     1.62214  
 47.700     1.62647  
 47.800     1.63081  
 47.900     1.63514  
 48.000     1.63947  
 48.100     1.64380  
 48.200     1.64814  
 48.300     1.65247  
 48.400     1.65680  
 48.500     1.66114  
 48.600     1.66547  
 48.700     1.66980  
 48.800     1.67413  
 48.900     1.67846  
 49.000     1.68278  
 49.100     1.68711  
 49.200     1.69143  
 49.300     1.69576  
 49.400     1.70008  
 49.500     1.70441  
 49.600     1.70874  
 49.700     1.71307  
 49.800     1.71740  
 49.900     1.72175  
 50.000     1.72609  
 50.100     1.73045  
 50.200     1.73481  
 50.300     1.73917  
 50.400     1.74354  
 50.500     1.74791  
 50.600     1.75229  
 50.700     1.75666  
 50.800     1.76104  
 50.900     1.76542  
 51.000     1.76980  
 51.100     1.77417  
 51.200     1.77854  
 51.300     1.78291  
 51.400     1.78728  
 51.500     1.79165  
 51.600     1.79602  
 51.700     1.80039  
 51.800     1.80476  
 51.900     1.80913  
 52.000     1.81350  
 52.100     1.81787  
 52.200     1.82223  
 52.300     1.82660  
 52.400     1.83097  
 52.500     1.83534  
 52.600     1.83971  
 52.700     1.84408  
 52.800     1.84846  
 52.900     1.85283  
 53.000     1.85720  
 53.100     1.86157  
 53.200     1.86594  
 53.300     1.87031  
 53.400     1.87468  
 53.500     1.87905  
 53.600     1.88342  
 53.700     1.88779  
 53.800     1.89216  
 53.900     1.89653  
 54.000     1.90090  
 54.100     1.90527  
 54.200     1.90963  
 54.300     1.91400  
 54.400     1.91836  
 54.500     1.92273  
 54.600     1.92710  
 54.700     1.93147  
 54.800     1.93584  
 54.900     1.94022  
 55.000     1.94460  
 55.100     1.94898  
 55.200     1.95337  
 55.300     1.95776  
 55.400     1.96216  
 55.500     1.96656  
 55.600     1.97095  
 55.700     1.97535  
 55.800     1.97975  
 55.900     1.98415  
 56.000     1.98855  
 56.100     1.99295  
 56.200     1.99735  
 56.300     2.00174  
 56.400     2.00614  
 56.500     2.01053  
 56.600     2.01493  
 56.700     2.01932  
 56.800     2.02371  
 56.900     2.02811  
 57.000     2.03250  
 57.100     2.03690  
 57.200     2.04129  
 57.300     2.04569  
 57.400     2.05008  
 57.500     2.05448  
 57.600     2.05887  
 57.700     2.06327  
 57.800     2.06766  
 57.900     2.07206  
 58.000     2.07645  
 58.100     2.08085  
 58.200     2.08524  
 58.300     2.08964  
 58.400     2.09404  
 58.500     2.09843  
 58.600     2.10283  
 58.700     2.10722  
 58.800     2.11162  
 58.900     2.11601  
 59.000     2.12040  
 59.100     2.12480  
 59.200     2.12919  
 59.300     2.13358  
 59.400     2.13798  
 59.500     2.14237  
 59.600     2.14676  
 59.700     2.15116  
 59.800     2.15556  
 59.900     2.15995  
 60.000     2.16435  
 60.100     2.16876  
 60.200     2.17316  
 60.300     2.17756  
 60.400     2.18197  
 60.500     2.18638  
 60.600     2.19079  
 60.700     2.19520  
 60.800     2.19961  
 60.900     2.20401  
 61.000     2.20842  
 61.100     2.21283  
 61.200     2.21724  
 61.300     2.22165  
 61.400     2.22605  
 61.500     2.23046  
 61.600     2.23487  
 61.700     2.23927  
 61.800     2.24368  
 61.900     2.24809  
 62.000     2.25249  
 62.100     2.25690  
 62.200     2.26131  
 62.300     2.26571  
 62.400     2.27012  
 62.500     2.27453  
 62.600     2.27893  
 62.700     2.28334  
 62.800     2.28775  
 62.900     2.29215  
 63.000     2.29656  
 63.100     2.30097  
 63.200     2.30537  
 63.300     2.30978  
 63.400     2.31419  
 63.500     2.31860  
 63.600     2.32300  
 63.700     2.32741  
 63.800     2.33182  
 63.900     2.33622  
 64.000     2.34063  
 64.100     2.34504  
 64.200     2.34944  
 64.300     2.35385  
 64.400     2.35826  
 64.500     2.36266  
 64.600     2.36707  
 64.700     2.37148  
 64.800     2.37588  
 64.900     2.38029  
 65.000     2.38470  
 65.100     2.38910  
 65.200     2.39351  
 65.300     2.39792  
 65.400     2.40232  
 65.500     2.40673  
 65.600     2.41114  
 65.700     2.41554  
 65.800     2.41995  
 65.900     2.42436  
 66.000     2.42876  
 66.100     2.43317  
 66.200     2.43757  
 66.300     2.44198  
 66.400     2.44639  
 66.500     2.45079  
 66.600     2.45520  
 66.700     2.45961  
 66.800     2.46401  
 66.900     2.46842  
 67.000     2.47283  
 67.100     2.47723  
 67.200     2.48164  
 67.300     2.48604  
 67.400     2.49045  
 67.500     2.49486  
 67.600     2.49926  
 67.700     2.50367  
 67.800     2.50808  
 67.900     2.51248  
 68.000     2.51689  
 68.100     2.52129  
 68.200     2.52570  
 68.300     2.53011  
 68.400     2.53451  
 68.500     2.53892  
 68.600     2.54332  
 68.700     2.54773  
 68.800     2.55214  
 68.900     2.55654  
 69.000     2.56095  
 69.100     2.56536  
 69.200     2.56977  
 69.300     2.57418  
 69.400     2.57859  
 69.500     2.58299  
 69.600     2.58740  
 69.700     2.59181  
 69.800     2.59621  
 69.900     2.60061  
 70.000     2.60502  
 70.100     2.60942  
 70.200     2.61381  
 70.300     2.61821  
 70.400     2.62260  
 70.500     2.62700  
 70.600     2.63139  
 70.700     2.63578  
 70.800     2.64017  
 70.900     2.64457  
 71.000     2.64896  
 71.100     2.65335  
 71.200     2.65775  
 71.300     2.66214  
 71.400     2.66653  
 71.500     2.67093  
 71.600     2.67532  
 71.700     2.67972  
 71.800     2.68411  
 71.900     2.68851  
 72.000     2.69290  
 72.100     2.69730  
 72.200     2.70169  
 72.300     2.70609  
 72.400     2.71048  
 72.500     2.71488  
 72.600     2.71927  
 72.700     2.72366  
 72.800     2.72806  
 72.900     2.73245  
 73.000     2.73685  
 73.100     2.74124  
 73.200     2.74563  
 73.300     2.75002  
 73.400     2.75442  
 73.500     2.75881  
 73.600     2.76321  
 73.700     2.76760  
 73.800     2.77200  
 73.900     2.77639  
 74.000     2.78079  
 74.100     2.78519  
 74.200     2.78958  
 74.300     2.79398  
 74.400     2.79838  
 74.500     2.80278  
 74.600     2.80717  
 74.700     2.81157  
 74.800     2.81596  
 74.900     2.82035  
 75.000     2.82473  
 75.100     2.82911  
 75.200     2.83349  
 75.300     2.83786  
 75.400     2.84224  
 75.500     2.84661  
 75.600     2.85097  
 75.700     2.85534  
 75.800     2.85971  
 75.900     2.86408  
 76.000     2.86844  
 76.100     2.87281  
 76.200     2.87718  
 76.300     2.88155  
 76.400     2.88593  
 76.500     2.89030  
 76.600     2.89467  
 76.700     2.89904  
 76.800     2.90341  
 76.900     2.90779  
 77.000     2.91216  
 77.100     2.91653  
 77.200     2.92090  
 77.300     2.92528  
 77.400     2.92965  
 77.500     2.93402  
 77.600     2.93839  
 77.700     2.94276  
 77.800     2.94713  
 77.900     2.95150  
 78.000     2.95587  
 78.100     2.96024  
 78.200     2.96461  
 78.300     2.96898  
 78.400     2.97335  
 78.500     2.97773  
 78.600     2.98210  
 78.700     2.98647  
 78.800     2.99084  
 78.900     2.99521  
 79.000     2.99959  
 79.100     3.00397  
 79.200     3.00834  
 79.300     3.01272  
 79.400     3.01710  
 79.500     3.02147  
 79.600     3.02585  
 79.700     3.03022  
 79.800     3.03458  
 79.900     3.03895  
 80.000     3.04330  
 80.100     3.04766  
 80.200     3.05200  
 80.300     3.05635  
 80.400     3.06069  
 80.500     3.06503  
 80.600     3.06936  
 80.700     3.07369  
 80.800     3.07803  
 80.900     3.08236  
 81.000     3.08669  
 81.100     3.09103  
 81.200     3.09536  
 81.300     3.09970  
 81.400     3.10404  
 81.500     3.10838  
 81.600     3.11272  
 81.700     3.11706  
 81.800     3.12140  
 81.900     3.12574  
 82.000     3.13008  
 82.100     3.13442  
 82.200     3.13876  
 82.300     3.14310  
 82.400     3.14744  
 82.500     3.15178  
 82.600     3.15612  
 82.700     3.16046  
 82.800     3.16479  
 82.900     3.16913  
 83.000     3.17347  
 83.100     3.17781  
 83.200     3.18214  
 83.300     3.18648  
 83.400     3.19082  
 83.500     3.19515  
 83.600     3.19949  
 83.700     3.20383  
 83.800     3.20817  
 83.900     3.21251  
 84.000     3.21686  
 84.100     3.22120  
 84.200     3.22555  
 84.300     3.22989  
 84.400     3.23424  
 84.500     3.23858  
 84.600     3.24293  
 84.700     3.24726  
 84.800     3.25160  
 84.900     3.25592  
 85.000     3.26024  
 85.100     3.26456  
 85.200     3.26887  
 85.300     3.27317  
 85.400     3.27747  
 85.500     3.28176  
 85.600     3.28606  
 85.700     3.29035  
 85.800     3.29464  
 85.900     3.29893  
 86.000     3.30322  
 86.100     3.30751  
 86.200     3.31180  
 86.300     3.31610  
 86.400     3.32040  
 86.500     3.32469  
 86.600     3.32899  
 86.700     3.33329  
 86.800     3.33759  
 86.900     3.34189  
 87.000     3.34619  
 87.100     3.35049  
 87.200     3.35479  
 87.300     3.35908  
 87.400     3.36338  
 87.500     3.36768  
 87.600     3.37198  
 87.700     3.37627  
 87.800     3.38057  
 87.900     3.38486  
 88.000     3.38916  
 88.100     3.39345  
 88.200     3.39775  
 88.300     3.40204  
 88.400     3.40634  
 88.500     3.41063  
 88.600     3.41493  
 88.700     3.41923  
 88.800     3.42353  
 88.900     3.42783  
 89.000     3.43213  
 89.100     3.43644  
 89.200     3.44074  
 89.300     3.44505  
 89.400     3.44935  
 89.500     3.45366  
 89.600     3.45796  
 89.700     3.46225  
 89.800     3.46654  
 89.900     3.47083  
 90.000     3.47510  
 90.100     3.47937  
 90.200     3.48363  
 90.300     3.48789  
 90.400     3.49213  
 90.500     3.49638  
 90.600     3.50062  
 90.700     3.50486  
 90.800     3.50910  
 90.900     3.51334  
 91.000     3.51758  
 91.100     3.52182  
 91.200     3.52606  
 91.300     3.53031  
 91.400     3.53455  
 91.500     3.53880  
 91.600     3.54305  
 91.700     3.54730  
 91.800     3.55155  
 91.900     3.55580  
 92.000     3.56005  
 92.100     3.56430  
 92.200     3.56855  
 92.300     3.57280  
 92.400     3.57705  
 92.500     3.58129  
 92.600     3.58554  
 92.700     3.58979  
 92.800     3.59403  
 92.900     3.59828  
 93.000     3.60252  
 93.100     3.60677  
 93.200     3.61101  
 93.300     3.61526  
 93.400     3.61950  
 93.500     3.62375  
 93.600     3.62799  
 93.700     3.63224  
 93.800     3.63649  
 93.900     3.64074  
 94.000     3.64500  
 94.100     3.64925  
 94.200     3.65351  
 94.300     3.65777  
 94.400     3.66203  
 94.500     3.66628  
 94.600     3.67053  
 94.700     3.67478  
 94.800     3.67902  
 94.900     3.68325  
 95.000     3.68747  
 95.100     3.69169  
 95.200     3.69589  
 95.300     3.70009  
 95.400     3.70428  
 95.500     3.70847  
 95.600     3.71265  
 95.700     3.71684  
 95.800     3.72102  
 95.900     3.72520  
 96.000     3.72938  
 96.100     3.73356  
 96.200     3.73775  
 96.300     3.74194  
 96.400     3.74613  
 96.500     3.75032  
 96.600     3.75451  
 96.700     3.75870  
 96.800     3.76290  
 96.900     3.76709  
 97.000     3.77128  
 97.100     3.77548  
 97.200     3.77967  
 97.300     3.78386  
 97.400     3.78805  
 97.500     3.79224  
 97.600     3.79643  
 97.700     3.80062  
 97.800     3.80481  
 97.900     3.80900  
 98.000     3.81319  
 98.100     3.81738  
 98.200     3.82156  
 98.300     3.82575  
 98.400     3.82994  
 98.500     3.83413  
 98.600     3.83832  
 98.700     3.84251  
 98.800     3.84670  
 98.900     3.85090  
 99.000     3.85509  
 99.100     3.85930  
 99.200     3.86350  
 99.300     3.86770  
 99.400     3.87190  
 99.500     3.87610  
 99.600     3.88029  
 99.700     3.88448  
 99.800     3.88866  
 99.900     3.89284  
100.000     3.89700  
100.100     3.90115  
100.200     3.90530  
100.300     3.90943  
100.400     3.91355  
100.500     3.91767  
100.600     3.92177  
100.700     3.92587  
100.800     3.92997  
100.900     3.93406  
101.000     3.93814  
101.100     3.94222  
101.200     3.94630  
101.300     3.95037  
101.400     3.95444  
101.500     3.95851  
101.600     3.96258  
101.700     3.96665  
101.800     3.97072  
101.900     3.97479  
102.000     3.97887  
102.100     3.98294  
102.200     3.98702  
102.300     3.99110  
102.400     3.99519  
102.500     3.99928  
102.600     4.00337  
102.700     4.00746  
102.800     4.01155  
102.900     4.01564  
103.000     4.01974  
103.100     4.02384  
103.200     4.02793  
103.300     4.03203  
103.400     4.03613  
103.500     4.04023  
103.600     4.04433  
103.700     4.04843  
103.800     4.05253  
103.900     4.05663  
104.000     4.06073  
104.100     4.06483  
104.200     4.06893  
104.300     4.07303  
104.400     4.07712  
104.500     4.08122  
104.600     4.08532  
104.700     4.08941  
104.800     4.09351  
104.900     4.09760  
105.000     4.10169  
105.100     4.10579  
105.200     4.10988  
105.300     4.11397  
105.400     4.11806  
105.500     4.12215  
105.600     4.12624  
105.700     4.13033  
105.800     4.13442  
105.900     4.13851  
106.000     4.14260  
106.100     4.14668  
106.200     4.15077  
106.300     4.15485  
106.400     4.15894  
106.500     4.16303  
106.600     4.16711  
106.700     4.17120  
106.800     4.17529  
106.900     4.17937  
107.000     4.18346  
107.100     4.18755  
107.200     4.19165  
107.300     4.19574  
107.400     4.19984  
107.500     4.20393  
107.600     4.20803  
107.700     4.21214  
107.800     4.21624  
107.900     4.22035  
108.000     4.22446  
108.100     4.22858  
108.200     4.23269  
108.300     4.23681  
108.400     4.24093  
108.500     4.24505  
108.600     4.24917  
108.700     4.25329  
108.800     4.25740  
108.900     4.26152  
109.000     4.26562  
109.100     4.26973  
109.200     4.27383  
109.300     4.27792  
109.400     4.28200  
109.500     4.28608  
109.600     4.29015  
109.700     4.29421  
109.800     4.29826  
109.900     4.30230  
110.000     4.30633  
110.100     4.31034  
110.200     4.31434  
110.300     4.31833  
110.400     4.32232  
110.500     4.32629  
110.600     4.33025  
110.700     4.33421  
110.800     4.33816  
110.900     4.34210  
111.000     4.34604  
111.100     4.34997  
111.200     4.35390  
111.300     4.35782  
111.400     4.36175  
111.500     4.36567  
111.600     4.36959  
111.700     4.37351  
111.800     4.37743  
111.900     4.38136  
112.000     4.38528  
112.100     4.38921  
112.200     4.39315  
112.300     4.39708  
112.400     4.40102  
112.500     4.40496  
112.600     4.40891  
112.700     4.41285  
112.800     4.41680  
112.900     4.42075  
113.000     4.42470  
113.100     4.42865  
113.200     4.43260  
113.300     4.43656  
113.400     4.44051  
113.500     4.44447  
113.600     4.44842  
113.700     4.45238  
113.800     4.45633  
113.900     4.46029  
114.000     4.46424  
114.100     4.46820  
114.200     4.47215  
114.300     4.47611  
114.400     4.48006  
114.500     4.48401  
114.600     4.48796  
114.700     4.49191  
114.800     4.49586  
114.900     4.49981  
115.000     4.50376  
115.100     4.50771  
115.200     4.51165  
115.300     4.51560  
115.400     4.51954  
115.500     4.52349  
115.600     4.52743  
115.700     4.53138  
115.800     4.53532  
115.900     4.53926  
116.000     4.54320  
116.100     4.54714  
116.200     4.55108  
116.300     4.55502  
116.400     4.55896  
116.500     4.56290  
116.600     4.56684  
116.700     4.57078  
116.800     4.57472  
116.900     4.57867  
117.000     4.58261  
117.100     4.58656  
117.200     4.59050  
117.300     4.59445  
117.400     4.59840  
117.500     4.60235  
117.600     4.60631  
117.700     4.61027  
117.800     4.61423  
117.900     4.61819  
118.000     4.62216  
118.100     4.62613  
118.200     4.63011  
118.300     4.63408  
118.400     4.63806  
118.500     4.64204  
118.600     4.64601  
118.700     4.64999  
118.800     4.65396  
118.900     4.65793  
119.000     4.66189  
119.100     4.66585  
119.200     4.66981  
119.300     4.67375  
119.400     4.67769  
119.500     4.68162  
119.600     4.68554  
119.700     4.68946  
119.800     4.69336  
119.900     4.69724  
120.000     4.70112  
120.100     4.70498  
120.200     4.70883  
120.300     4.71267  
120.400     4.71650  
120.500     4.72031  
120.600     4.72412  
120.700     4.72792  
120.800     4.73171  
120.900     4.73549  
121.000     4.73927  
121.100     4.74304  
121.200     4.74681  
121.300     4.75058  
121.400     4.75434  
121.500     4.75810  
121.600     4.76186  
121.700     4.76562  
121.800     4.76939  
121.900     4.77315  
122.000     4.77692  
122.100     4.78069  
122.200     4.78446  
122.300     4.78824  
122.400     4.79202  
122.500     4.79580  
122.600     4.79958  
122.700     4.80337  
122.800     4.80716  
122.900     4.81095  
123.000     4.81474  
123.100     4.81854  
123.200     4.82233  
123.300     4.82613  
123.400     4.82993  
123.500     4.83372  
123.600     4.83752  
123.700     4.84132  
123.800     4.84512  
123.900     4.84892  
124.000     4.85271  
124.100     4.85651  
124.200     4.86031  
124.300     4.86410  
124.400     4.86790  
124.500     4.87169  
124.600     4.87548  
124.700     4.87928  
124.800     4.88307  
124.900     4.88686  
125.000     4.89065  
125.100     4.89444  
125.200     4.89823  
125.300     4.90202  
125.400     4.90580  
125.500     4.90959  
125.600     4.91338  
125.700     4.91716  
125.800     4.92095  
125.900     4.92473  
126.000     4.92851  
126.100     4.93229  
126.200     4.93608  
126.300     4.93986  
126.400     4.94364  
126.500     4.94742  
126.600     4.95120  
126.700     4.95498  
126.800     4.95877  
126.900     4.96255  
127.000     4.96634  
127.100     4.97012  
127.200     4.97391  
127.300     4.97770  
127.400     4.98149  
127.500     4.98529  
127.600     4.98909  
127.700     4.99289  
127.800     4.99669  
127.900     5.00050  
128.000     5.00431  
128.100     5.00812  
128.200     5.01194  
128.300     5.01576  
128.400     5.01958  
128.500     5.02340  
128.600     5.02722  
128.700     5.03104  
128.800     5.03485  
128.900     5.03866  
129.000     5.04247  
129.100     5.04627  
129.200     5.05007  
129.300     5.05386  
129.400     5.05764  
129.500     5.06141  
129.600     5.06517  
129.700     5.06892  
129.800     5.07266  
129.900     5.07639  
130.000     5.08011  
130.100     5.08381  
130.200     5.08749  
130.300     5.09117  
130.400     5.09483  
130.500     5.09848  
130.600     5.10213  
130.700     5.10576  
130.800     5.10939  
130.900     5.11301  
131.000     5.11662  
131.100     5.12023  
131.200     5.12383  
131.300     5.12743  
131.400     5.13103  
131.500     5.13462  
131.600     5.13822  
131.700     5.14181  
131.800     5.14541  
131.900     5.14900  
132.000     5.15260  
132.100     5.15621  
132.200     5.15982  
132.300     5.16343  
132.400     5.16704  
132.500     5.17066  
132.600     5.17428  
132.700     5.17790  
132.800     5.18153  
132.900     5.18515  
133.000     5.18878  
133.100     5.19241  
133.200     5.19604  
133.300     5.19967  
133.400     5.20330  
133.500     5.20694  
133.600     5.21057  
133.700     5.21421  
133.800     5.21784  
133.900     5.22147  
134.000     5.22510  
134.100     5.22874  
134.200     5.23237  
134.300     5.23600  
134.400     5.23963  
134.500     5.24326  
134.600     5.24689  
134.700     5.25051  
134.800     5.25414  
134.900     5.25777  
135.000     5.26139  
135.100     5.26502  
135.200     5.26864  
135.300     5.27226  
135.400     5.27589  
135.500     5.27951  
135.600     5.28313  
135.700     5.28675  
135.800     5.29037  
135.900     5.29399  
136.000     5.29760  
136.100     5.30122  
136.200     5.30484  
136.300     5.30845  
136.400     5.31207  
136.500     5.31569  
136.600     5.31930  
136.700     5.32292  
136.800     5.32654  
136.900     5.33016  
137.000     5.33378  
137.100     5.33740  
137.200     5.34102  
137.300     5.34465  
137.400     5.34828  
137.500     5.35191  
137.600     5.35554  
137.700     5.35918  
137.800     5.36281  
137.900     5.36646  
138.000     5.37010  
138.100     5.37375  
138.200     5.37740  
138.300     5.38106  
138.400     5.38471  
138.500     5.38837  
138.600     5.39202  
138.700     5.39568  
138.800     5.39933  
138.900     5.40297  
139.000     5.40662  
139.100     5.41025  
139.200     5.41389  
139.300     5.41751  
139.400     5.42113  
139.500     5.42473  
139.600     5.42833  
139.700     5.43192  
139.800     5.43549  
139.900     5.43905  
140.000     5.44260  
140.100     5.44614  
140.200     5.44966  
140.300     5.45317  
140.400     5.45666  
140.500     5.46015  
140.600     5.46363  
140.700     5.46709  
140.800     5.47055  
140.900     5.47401  
141.000     5.47745  
141.100     5.48089  
141.200     5.48433  
141.300     5.48776  
141.400     5.49119  
141.500     5.49462  
141.600     5.49805  
141.700     5.50148  
141.800     5.50491  
141.900     5.50834  
142.000     5.51177  
142.100     5.51521  
142.200     5.51865  
142.300     5.52210  
142.400     5.52554  
142.500     5.52899  
142.600     5.53245  
142.700     5.53590  
142.800     5.53936  
142.900     5.54282  
143.000     5.54628  
143.100     5.54975  
143.200     5.55321  
143.300     5.55668  
143.400     5.56014  
143.500     5.56361  
143.600     5.56708  
143.700     5.57054  
143.800     5.57401  
143.900     5.57748  
144.000     5.58094  
144.100     5.58441  
144.200     5.58787  
144.300     5.59134  
144.400     5.59480  
144.500     5.59826  
144.600     5.60173  
144.700     5.60519  
144.800     5.60865  
144.900     5.61211  
145.000     5.61557  
145.100     5.61902  
145.200     5.62248  
145.300     5.62594  
145.400     5.62939  
145.500     5.63285  
145.600     5.63630  
145.700     5.63976  
145.800     5.64321  
145.900     5.64666  
146.000     5.65011  
146.100     5.65356  
146.200     5.65702  
146.300     5.66046  
146.400     5.66391  
146.500     5.66736  
146.600     5.67082  
146.700     5.67427  
146.800     5.67772  
146.900     5.68117  
147.000     5.68463  
147.100     5.68808  
147.200     5.69154  
147.300     5.69500  
147.400     5.69846  
147.500     5.70192  
147.600     5.70539  
147.700     5.70886  
147.800     5.71233  
147.900     5.71581  
148.000     5.71928  
148.100     5.72277  
148.200     5.72625  
148.300     5.72974  
148.400     5.73323  
148.500     5.73672  
148.600     5.74020  
148.700     5.74369  
148.800     5.74717  
148.900     5.75065  
149.000     5.75413  
149.100     5.75760  
149.200     5.76107  
149.300     5.76452  
149.400     5.76797  
149.500     5.77141  
149.600     5.77484  
149.700     5.77827  
149.800     5.78167  
149.900     5.78507  
150.000     5.78845  
150.100     5.79182  
150.200     5.79518  
150.300     5.79853  
150.400     5.80186  
150.500     5.80518  
150.600     5.80849  
150.700     5.81180  
150.800     5.81509  
150.900     5.81838  
151.000     5.82166  
151.100     5.82494  
151.200     5.82822  
151.300     5.83149  
151.400     5.83475  
151.500     5.83802  
151.600     5.84128  
151.700     5.84455  
151.800     5.84781  
151.900     5.85108  
152.000     5.85435  
152.100     5.85763  
152.200     5.86091  
152.300     5.86419  
152.400     5.86747  
152.500     5.87076  
152.600     5.87405  
152.700     5.87734  
152.800     5.88064  
152.900     5.88393  
153.000     5.88723  
153.100     5.89053  
153.200     5.89383  
153.300     5.89713  
153.400     5.90043  
153.500     5.90374  
153.600     5.90704  
153.700     5.91035  
153.800     5.91365  
153.900     5.91695  
154.000     5.92025  
154.100     5.92356  
154.200     5.92686  
154.300     5.93016  
154.400     5.93346  
154.500     5.93675  
154.600     5.94005  
154.700     5.94335  
154.800     5.94665  
154.900     5.94994  
155.000     5.95324  
155.100     5.95653  
155.200     5.95983  
155.300     5.96312  
155.400     5.96641  
155.500     5.96970  
155.600     5.97299  
155.700     5.97628  
155.800     5.97957  
155.900     5.98286  
156.000     5.98615  
156.100     5.98944  
156.200     5.99273  
156.300     5.99602  
156.400     5.99930  
156.500     6.00259  
156.600     6.00588  
156.700     6.00916  
156.800     6.01245  
156.900     6.01574  
157.000     6.01903  
157.100     6.02231  
157.200     6.02560  
157.300     6.02889  
157.400     6.03218  
157.500     6.03547  
157.600     6.03877  
157.700     6.04206  
157.800     6.04535  
157.900     6.04865  
158.000     6.05194  
158.100     6.05524  
158.200     6.05854  
158.300     6.06184  
158.400     6.06514  
158.500     6.06845  
158.600     6.07176  
158.700     6.07506  
158.800     6.07837  
158.900     6.08169  
159.000     6.08500  
159.100     6.08832  
159.200     6.09164  
159.300     6.09495  
159.400     6.09826  
159.500     6.10157  
159.600     6.10487  
159.700     6.10816  
159.800     6.11144  
159.900     6.11470  
160.000     6.11795  
160.100     6.12118  
160.200     6.12440  
160.300     6.12760  
160.400     6.13078  
160.500     6.13395  
160.600     6.13711  
160.700     6.14026  
160.800     6.14340  
160.900     6.14653  
161.000     6.14966  
161.100     6.15277  
161.200     6.15588  
161.300     6.15899  
161.400     6.16209  
161.500     6.16519  
161.600     6.16830  
161.700     6.17140  
161.800     6.17450  
161.900     6.17760  
162.000     6.18071  
162.100     6.18382  
162.200     6.18694  
162.300     6.19006  
162.400     6.19319  
162.500     6.19631  
162.600     6.19945  
162.700     6.20258  
162.800     6.20572  
162.900     6.20886  
163.000     6.21200  
163.100     6.21514  
163.200     6.21829  
163.300     6.22144  
163.400     6.22458  
163.500     6.22773  
163.600     6.23088  
163.700     6.23403  
163.800     6.23718  
163.900     6.24032  
164.000     6.24347  
164.100     6.24662  
164.200     6.24976  
164.300     6.25291  
164.400     6.25605  
164.500     6.25919  
164.600     6.26233  
164.700     6.26547  
164.800     6.26861  
164.900     6.27175  
165.000     6.27489  
165.100     6.27803  
165.200     6.28116  
165.300     6.28430  
165.400     6.28743  
165.500     6.29057  
165.600     6.29370  
165.700     6.29684  
165.800     6.29997  
165.900     6.30310  
166.000     6.30623  
166.100     6.30936  
166.200     6.31249  
166.300     6.31562  
166.400     6.31875  
166.500     6.32188  
166.600     6.32501  
166.700     6.32814  
166.800     6.33127  
166.900     6.33441  
167.000     6.33754  
167.100     6.34068  
167.200     6.34381  
167.300     6.34695  
167.400     6.35009  
167.500     6.35324  
167.600     6.35638  
167.700     6.35953  
167.800     6.36268  
167.900     6.36583  
168.000     6.36899  
168.100     6.37215  
168.200     6.37531  
168.300     6.37848  
168.400     6.38164  
168.500     6.38481  
168.600     6.38797  
168.700     6.39113  
168.800     6.39429  
168.900     6.39745  
169.000     6.40060  
169.100     6.40375  
169.200     6.40690  
169.300     6.41003  
169.400     6.41316  
169.500     6.41629  
169.600     6.41940  
169.700     6.42250  
169.800     6.42560  
169.900     6.42868  
170.000     6.43175  
170.100     6.43481  
170.200     6.43785  
170.300     6.44089  
170.400     6.44391  
170.500     6.44693  
170.600     6.44993  
170.700     6.45293  
170.800     6.45592  
170.900     6.45891  
171.000     6.46189  
171.100     6.46486  
171.200     6.46784  
171.300     6.47080  
171.400     6.47377  
171.500     6.47673  
171.600     6.47970  
171.700     6.48266  
171.800     6.48563  
171.900     6.48859  
172.000     6.49156  
172.100     6.49453  
172.200     6.49751  
172.300     6.50049  
172.400     6.50347  
172.500     6.50645  
172.600     6.50944  
172.700     6.51243  
172.800     6.51542  
172.900     6.51841  
173.000     6.52140  
173.100     6.52440  
173.200     6.52739  
173.300     6.53039  
173.400     6.53339  
173.500     6.53638  
173.600     6.53938  
173.700     6.54238  
173.800     6.54538  
173.900     6.54838  
174.000     6.55137  
174.100     6.55437  
174.200     6.55737  
174.300     6.56036  
174.400     6.56336  
174.500     6.56635  
174.600     6.56934  
174.700     6.57234  
174.800     6.57533  
174.900     6.57832  
175.000     6.58131  
175.100     6.58430  
175.200     6.58729  
175.300     6.59028  
175.400     6.59327  
175.500     6.59626  
175.600     6.59924  
175.700     6.60223  
175.800     6.60522  
175.900     6.60820  
176.000     6.61119  
176.100     6.61417  
176.200     6.61715  
176.300     6.62014  
176.400     6.62312  
176.500     6.62610  
176.600     6.62909  
176.700     6.63207  
176.800     6.63506  
176.900     6.63804  
177.000     6.64103  
177.100     6.64402  
177.200     6.64701  
177.300     6.65000  
177.400     6.65299  
177.500     6.65599  
177.600     6.65898  
177.700     6.66198  
177.800     6.66499  
177.900     6.66799  
178.000     6.67100  
178.100     6.67401  
178.200     6.67702  
178.300     6.68004  
178.400     6.68305  
178.500     6.68607  
178.600     6.68908  
178.700     6.69210  
178.800     6.69511  
178.900     6.69812  
179.000     6.70112  
179.100     6.70412  
179.200     6.70712  
179.300     6.71011  
179.400     6.71309  
179.500     6.71607  
179.600     6.71903  
179.700     6.72199  
179.800     6.72494  
179.900     6.72788  
180.000     6.73081  
180.100     6.73373  
180.200     6.73663  
180.300     6.73953  
180.400     6.74242  
180.500     6.74529  
180.600     6.74816  
180.700     6.75103  
180.800     6.75388  
180.900     6.75673  
181.000     6.75958  
181.100     6.76242  
181.200     6.76526  
181.300     6.76809  
181.400     6.77092  
181.500     6.77375  
181.600     6.77658  
181.700     6.77941  
181.800     6.78224  
181.900     6.78508  
182.000     6.78791  
182.100     6.79075  
182.200     6.79359  
182.300     6.79644  
182.400     6.79928  
182.500     6.80213  
182.600     6.80498  
182.700     6.80783  
182.800     6.81069  
182.900     6.81355  
183.000     6.81640  
183.100     6.81926  
183.200     6.82212  
183.300     6.82498  
183.400     6.82784  
183.500     6.83071  
183.600     6.83357  
183.700     6.83643  
183.800     6.83929  
183.900     6.84215  
184.000     6.84501  
184.100     6.84788  
184.200     6.85074  
184.300     6.85360  
184.400     6.85645  
184.500     6.85931  
184.600     6.86217  
184.700     6.86503  
184.800     6.86788  
184.900     6.87074  
185.000     6.87360  
185.100     6.87645  
185.200     6.87930  
185.300     6.88216  
185.400     6.88501  
185.500     6.88786  
185.600     6.89072  
185.700     6.89357  
185.800     6.89642  
185.900     6.89927  
186.000     6.90212  
186.100     6.90497  
186.200     6.90781  
186.300     6.91066  
186.400     6.91351  
186.500     6.91636  
186.600     6.91921  
186.700     6.92206  
186.800     6.92491  
186.900     6.92776  
187.000     6.93061  
187.100     6.93346  
187.200     6.93632  
187.300     6.93917  
187.400     6.94203  
187.500     6.94489  
187.600     6.94775  
187.700     6.95061  
187.800     6.95348  
187.900     6.95635  
188.000     6.95922  
188.100     6.96209  
188.200     6.96497  
188.300     6.96784  
188.400     6.97072  
188.500     6.97360  
188.600     6.97647  
188.700     6.97935  
188.800     6.98222  
188.900     6.98510  
189.000     6.98796  
189.100     6.99083  
189.200     6.99369  
189.300     6.99654  
189.400     6.99939  
189.500     7.00223  
189.600     7.00507  
189.700     7.00789  
189.800     7.01071  
189.900     7.01352  
190.000     7.01632  
190.100     7.01911  
190.200     7.02189  
190.300     7.02466  
190.400     7.02742  
190.500     7.03017  
190.600     7.03292  
190.700     7.03566  
190.800     7.03839  
190.900     7.04112  
191.000     7.04384  
191.100     7.04656  
191.200     7.04928  
191.300     7.05200  
191.400     7.05471  
191.500     7.05742  
191.600     7.06013  
191.700     7.06284  
191.800     7.06555  
191.900     7.06827  
192.000     7.07098  
192.100     7.07370  
192.200     7.07642  
192.300     7.07914  
192.400     7.08187  
192.500     7.08460  
192.600     7.08733  
192.700     7.09006  
192.800     7.09279  
192.900     7.09552  
193.000     7.09826  
193.100     7.10100  
193.200     7.10373  
193.300     7.10647  
193.400     7.10921  
193.500     7.11195  
193.600     7.11469  
193.700     7.11743  
193.800     7.12017  
193.900     7.12291  
194.000     7.12564  
194.100     7.12838  
194.200     7.13112  
194.300     7.13386  
194.400     7.13659  
194.500     7.13933  
194.600     7.14206  
194.700     7.14480  
194.800     7.14753  
194.900     7.15026  
195.000     7.15300  
195.100     7.15573  
195.200     7.15846  
195.300     7.16119  
195.400     7.16392  
195.500     7.16665  
195.600     7.16938  
195.700     7.17212  
195.800     7.17485  
195.900     7.17758  
196.000     7.18030  
196.100     7.18303  
196.200     7.18576  
196.300     7.18849  
196.400     7.19122  
196.500     7.19395  
196.600     7.19668  
196.700     7.19941  
196.800     7.20214  
196.900     7.20487  
197.000     7.20760  
197.100     7.21034  
197.200     7.21307  
197.300     7.21580  
197.400     7.21854  
197.500     7.22127  
197.600     7.22401  
197.700     7.22675  
197.800     7.22949  
197.900     7.23223  
198.000     7.23497  
198.100     7.23771  
198.200     7.24045  
198.300     7.24320  
198.400     7.24594  
198.500     7.24869  
198.600     7.25143  
198.700     7.25418  
198.800     7.25692  
198.900     7.25966  
199.000     7.26240  
199.100     7.26514  
199.200     7.26788  
199.300     7.27061  
199.400     7.27334  
199.500     7.27606  
199.600     7.27879  
199.700     7.28150  
199.800     7.28422  
199.900     7.28693  
200.000     7.28963  
200.100     7.29233  
200.200     7.29502  
200.300     7.29771  
200.400     7.30039  
200.500     7.30306  
200.600     7.30574  
200.700     7.30840  
200.800     7.31106  
200.900     7.31372  
201.000     7.31638  
201.100     7.31903  
201.200     7.32167  
201.300     7.32432  
201.400     7.32695  
201.500     7.32959  
201.600     7.33222  
201.700     7.33485  
201.800     7.33748  
201.900     7.34010  
202.000     7.34272  
202.100     7.34534  
202.200     7.34795  
202.300     7.35057  
202.400     7.35318  
202.500     7.35579  
202.600     7.35840  
202.700     7.36101  
202.800     7.36361  
202.900     7.36622  
203.000     7.36882  
203.100     7.37142  
203.200     7.37402  
203.300     7.37663  
203.400     7.37923  
203.500     7.38183  
203.600     7.38443  
203.700     7.38703  
203.800     7.38963  
203.900     7.39223  
204.000     7.39483  
204.100     7.39744  
204.200     7.40004  
204.300     7.40265  
204.400     7.40525  
204.500     7.40786  
204.600     7.41047  
204.700     7.41308  
204.800     7.41569  
204.900     7.41831  
205.000     7.42092  
205.100     7.42354  
205.200     7.42616  
205.300     7.42879  
205.400     7.43141  
205.500     7.43404  
205.600     7.43667  
205.700     7.43930  
205.800     7.44193  
205.900     7.44457  
206.000     7.44720  
206.100     7.44984  
206.200     7.45247  
206.300     7.45511  
206.400     7.45775  
206.500     7.46039  
206.600     7.46303  
206.700     7.46567  
206.800     7.46831  
206.900     7.47095  
207.000     7.47359  
207.100     7.47623  
207.200     7.47887  
207.300     7.48151  
207.400     7.48415  
207.500     7.48679  
207.600     7.48943  
207.700     7.49207  
207.800     7.49470  
207.900     7.49734  
208.000     7.49997  
208.100     7.50261  
208.200     7.50524  
208.300     7.50787  
208.400     7.51050  
208.500     7.51312  
208.600     7.51575  
208.700     7.51837  
208.800     7.52099  
208.900     7.52361  
209.000     7.52622  
209.100     7.52884  
209.200     7.53145  
209.300     7.53405  
209.400     7.53666  
209.500     7.53926  
209.600     7.54186  
209.700     7.54446  
209.800     7.54705  
209.900     7.54964  
210.000     7.55222  
210.100     7.55480  
210.200     7.55738  
210.300     7.55995  
210.400     7.56252  
210.500     7.56509  
210.600     7.56765  
210.700     7.57021  
210.800     7.57277  
210.900     7.57533  
211.000     7.57788  
211.100     7.58043  
211.200     7.58298  
211.300     7.58552  
211.400     7.58806  
211.500     7.59060  
211.600     7.59314  
211.700     7.59568  
211.800     7.59821  
211.900     7.60074  
212.000     7.60327  
212.100     7.60580  
212.200     7.60833  
212.300     7.61085  
212.400     7.61338  
212.500     7.61590  
212.600     7.61842  
212.700     7.62095  
212.800     7.62347  
212.900     7.62599  
213.000     7.62851  
213.100     7.63102  
213.200     7.63354  
213.300     7.63606  
213.400     7.63858  
213.500     7.64110  
213.600     7.64362  
213.700     7.64613  
213.800     7.64865  
213.900     7.65117  
214.000     7.65369  
214.100     7.65621  
214.200     7.65873  
214.300     7.66125  
214.400     7.66378  
214.500     7.66630  
214.600     7.66883  
214.700     7.67135  
214.800     7.67388  
214.900     7.67641  
215.000     7.67894  
215.100     7.68147  
215.200     7.68400  
215.300     7.68654  
215.400     7.68908  
215.500     7.69161  
215.600     7.69415  
215.700     7.69669  
215.800     7.69923  
215.900     7.70178  
216.000     7.70432  
216.100     7.70686  
216.200     7.70941  
216.300     7.71195  
216.400     7.71450  
216.500     7.71705  
216.600     7.71959  
216.700     7.72214  
216.800     7.72468  
216.900     7.72723  
217.000     7.72978  
217.100     7.73232  
217.200     7.73487  
217.300     7.73741  
217.400     7.73996  
217.500     7.74250  
217.600     7.74505  
217.700     7.74759  
217.800     7.75013  
217.900     7.75267  
218.000     7.75521  
218.100     7.75775  
218.200     7.76029  
218.300     7.76283  
218.400     7.76536  
218.500     7.76790  
218.600     7.77043  
218.700     7.77296  
218.800     7.77549  
218.900     7.77801  
219.000     7.78054  
219.100     7.78306  
219.200     7.78558  
219.300     7.78810  
219.400     7.79062  
219.500     7.79313  
219.600     7.79564  
219.700     7.79815  
219.800     7.80065  
219.900     7.80316  
220.000     7.80565  
220.100     7.80815  
220.200     7.81065  
220.300     7.81314  
220.400     7.81562  
220.500     7.81811  
220.600     7.82059  
220.700     7.82307  
220.800     7.82555  
220.900     7.82803  
221.000     7.83050  
221.100     7.83297  
221.200     7.83544  
221.300     7.83791  
221.400     7.84037  
221.500     7.84283  
221.600     7.84530  
221.700     7.84776  
221.800     7.85021  
221.900     7.85267  
222.000     7.85513  
222.100     7.85758  
222.200     7.86004  
222.300     7.86249  
222.400     7.86494  
222.500     7.86739  
222.600     7.86984  
222.700     7.87229  
222.800     7.87473  
222.900     7.87718  
223.000     7.87963  
223.100     7.88208  
223.200     7.88452  
223.300     7.88697  
223.400     7.88941  
223.500     7.89186  
223.600     7.89431  
223.700     7.89675  
223.800     7.89920  
223.900     7.90164  
224.000     7.90409  
224.100     7.90654  
224.200     7.90899  
224.300     7.91143  
224.400     7.91388  
224.500     7.91633  
224.600     7.91878  
224.700     7.92124  
224.800     7.92369  
224.900     7.92614  
225.000     7.92860  
225.100     7.93106  
225.200     7.93351  
225.300     7.93597  
225.400     7.93843  
225.500     7.94090  
225.600     7.94336  
225.700     7.94582  
225.800     7.94829  
225.900     7.95075  
226.000     7.95322  
226.100     7.95568  
226.200     7.95815  
226.300     7.96062  
226.400     7.96308  
226.500     7.96555  
226.600     7.96802  
226.700     7.97049  
226.800     7.97296  
226.900     7.97542  
227.000     7.97789  
227.100     7.98036  
227.200     7.98283  
227.300     7.98530  
227.400     7.98776  
227.500     7.99023  
227.600     7.99270  
227.700     7.99516  
227.800     7.99763  
227.900     8.00009  
228.000     8.00256  
228.100     8.00502  
228.200     8.00748  
228.300     8.00994  
228.400     8.01240  
228.500     8.01486  
228.600     8.01732  
228.700     8.01977  
228.800     8.02223  
228.900     8.02468  
229.000     8.02713  
229.100     8.02958  
229.200     8.03203  
229.300     8.03447  
229.400     8.03692  
229.500     8.03936  
229.600     8.04180  
229.700     8.04424  
229.800     8.04668  
229.900     8.04911  
230.000     8.05154  
230.100     8.05397  
230.200     8.05640  
230.300     8.05882  
230.400     8.06125  
230.500     8.06367  
230.600     8.06609  
230.700     8.06850  
230.800     8.07092  
230.900     8.07333  
231.000     8.07574  
231.100     8.07815  
231.200     8.08056  
231.300     8.08297  
231.400     8.08537  
231.500     8.08777  
231.600     8.09018  
231.700     8.09258  
231.800     8.09498  
231.900     8.09737  
232.000     8.09977  
232.100     8.10217  
232.200     8.10456  
232.300     8.10696  
232.400     8.10935  
232.500     8.11174  
232.600     8.11414  
232.700     8.11653  
232.800     8.11892  
232.900     8.12131  
233.000     8.12370  
233.100     8.12609  
233.200     8.12848  
233.300     8.13087  
233.400     8.13326  
233.500     8.13565  
233.600     8.13804  
233.700     8.14043  
233.800     8.14282  
233.900     8.14521  
234.000     8.14760  
234.100     8.14999  
234.200     8.15238  
234.300     8.15477  
234.400     8.15716  
234.500     8.15955  
234.600     8.16195  
234.700     8.16434  
234.800     8.16673  
234.900     8.16913  
235.000     8.17153  
235.100     8.17392  
235.200     8.17632  
235.300     8.17872  
235.400     8.18112  
235.500     8.18352  
235.600     8.18592  
235.700     8.18833  
235.800     8.19073  
235.900     8.19313  
236.000     8.19554  
236.100     8.19794  
236.200     8.20035  
236.300     8.20275  
236.400     8.20516  
236.500     8.20756  
236.600     8.20997  
236.700     8.21238  
236.800     8.21478  
236.900     8.21719  
237.000     8.21960  
237.100     8.22200  
237.200     8.22441  
237.300     8.22682  
237.400     8.22922  
237.500     8.23163  
237.600     8.23403  
237.700     8.23644  
237.800     8.23884  
237.900     8.24124  
238.000     8.24365  
238.100     8.24605  
238.200     8.24845  
238.300     8.25085  
238.400     8.25325  
238.500     8.25565  
238.600     8.25805  
238.700     8.26045  
238.800     8.26285  
238.900     8.26524  
239.000     8.26764  
239.100     8.27003  
239.200     8.27242  
239.300     8.27481  
239.400     8.27720  
239.500     8.27959  
239.600     8.28198  
239.700     8.28436  
239.800     8.28675  
239.900     8.28913  
240.000     8.29151  
240.100     8.29389  
240.200     8.29626  
240.300     8.29864  
240.400     8.30101  
240.500     8.30339  
240.600     8.30576  
240.700     8.30813  
240.800     8.31049  
240.900     8.31286  
241.000     8.31523  
241.100     8.31759  
241.200     8.31995  
241.300     8.32231  
241.400     8.32467  
241.500     8.32703  
241.600     8.32939  
241.700     8.33175  
241.800     8.33411  
241.900     8.33646  
242.000     8.33882  
242.100     8.34117  
242.200     8.34353  
242.300     8.34588  
242.400     8.34823  
242.500     8.35058  
242.600     8.35294  
242.700     8.35529  
242.800     8.35764  
242.900     8.35999  
243.000     8.36234  
243.100     8.36469  
243.200     8.36704  
243.300     8.36938  
243.400     8.37173  
243.500     8.37408  
243.600     8.37643  
243.700     8.37878  
243.800     8.38113  
243.900     8.38348  
244.000     8.38583  
244.100     8.38818  
244.200     8.39053  
244.300     8.39288  
244.400     8.39523  
244.500     8.39758  
244.600     8.39993  
244.700     8.40228  
244.800     8.40463  
244.900     8.40699  
245.000     8.40934  
245.100     8.41169  
245.200     8.41405  
245.300     8.41640  
245.400     8.41876  
245.500     8.42112  
245.600     8.42348  
245.700     8.42583  
245.800     8.42819  
245.900     8.43055  
246.000     8.43291  
246.100     8.43527  
246.200     8.43763  
246.300     8.43999  
246.400     8.44235  
246.500     8.44471  
246.600     8.44707  
246.700     8.44943  
246.800     8.45179  
246.900     8.45415  
247.000     8.45651  
247.100     8.45887  
247.200     8.46123  
247.300     8.46359  
247.400     8.46596  
247.500     8.46832  
247.600     8.47068  
247.700     8.47304  
247.800     8.47540  
247.900     8.47776  
248.000     8.48011  
248.100     8.48247  
248.200     8.48483  
248.300     8.48719  
248.400     8.48955  
248.500     8.49190  
248.600     8.49426  
248.700     8.49662  
248.800     8.49897  
248.900     8.50133  
249.000     8.50368  
249.100     8.50603  
249.200     8.50838  
249.300     8.51074  
249.400     8.51309  
249.500     8.51544  
249.600     8.51778  
249.700     8.52013  
249.800     8.52248  
249.900     8.52483  
250.000     8.52717  
250.100     8.52951  
250.200     8.53186  
250.300     8.53420  
250.400     8.53654  
250.500     8.53888  
250.600     8.54122  
250.700     8.54355  
250.800     8.54589  
250.900     8.54823  
251.000     8.55056  
251.100     8.55290  
251.200     8.55523  
251.300     8.55756  
251.400     8.55990  
251.500     8.56223  
251.600     8.56456  
251.700     8.56689  
251.800     8.56922  
251.900     8.57155  
252.000     8.57388  
252.100     8.57620  
252.200     8.57853  
252.300     8.58086  
252.400     8.58319  
252.500     8.58551  
252.600     8.58784  
252.700     8.59016  
252.800     8.59249  
252.900     8.59481  
253.000     8.59714  
253.100     8.59946  
253.200     8.60179  
253.300     8.60411  
253.400     8.60644  
253.500     8.60876  
253.600     8.61109  
253.700     8.61341  
253.800     8.61573  
253.900     8.61806  
254.000     8.62038  
254.100     8.62271  
254.200     8.62503  
254.300     8.62736  
254.400     8.62968  
254.500     8.63201  
254.600     8.63433  
254.700     8.63666  
254.800     8.63898  
254.900     8.64131  
255.000     8.64363  
255.100     8.64596  
255.200     8.64829  
255.300     8.65062  
255.400     8.65295  
255.500     8.65527  
255.600     8.65760  
255.700     8.65993  
255.800     8.66226  
255.900     8.66459  
256.000     8.66692  
256.100     8.66925  
256.200     8.67158  
256.300     8.67391  
256.400     8.67624  
256.500     8.67857  
256.600     8.68090  
256.700     8.68323  
256.800     8.68556  
256.900     8.68789  
257.000     8.69023  
257.100     8.69256  
257.200     8.69489  
257.300     8.69722  
257.400     8.69955  
257.500     8.70188  
257.600     8.70421  
257.700     8.70654  
257.800     8.70887  
257.900     8.71121  
258.000     8.71354  
258.100     8.71587  
258.200     8.71820  
258.300     8.72053  
258.400     8.72286  
258.500     8.72519  
258.600     8.72752  
258.700     8.72985  
258.800     8.73218  
258.900     8.73451  
259.000     8.73683  
259.100     8.73916  
259.200     8.74149  
259.300     8.74382  
259.400     8.74615  
259.500     8.74847  
259.600     8.75080  
259.700     8.75313  
259.800     8.75545  
259.900     8.75778  
260.000     8.76010  
260.100     8.76243  
260.200     8.76475  
260.300     8.76707  
260.400     8.76940  
260.500     8.77172  
260.600     8.77404  
260.700     8.77636  
260.800     8.77868  
260.900     8.78100  
261.000     8.78332  
261.100     8.78564  
261.200     8.78796  
261.300     8.79028  
261.400     8.79260  
261.500     8.79492  
261.600     8.79724  
261.700     8.79956  
261.800     8.80188  
261.900     8.80419  
262.000     8.80651  
262.100     8.80883  
262.200     8.81115  
262.300     8.81346  
262.400     8.81578  
262.500     8.81809  
262.600     8.82041  
262.700     8.82273  
262.800     8.82504  
262.900     8.82736  
263.000     8.82967  
263.100     8.83199  
263.200     8.83430  
263.300     8.83662  
263.400     8.83893  
263.500     8.84125  
263.600     8.84356  
263.700     8.84588  
263.800     8.84819  
263.900     8.85051  
264.000     8.85282  
264.100     8.85514  
264.200     8.85745  
264.300     8.85976  
264.400     8.86208  
264.500     8.86439  
264.600     8.86671  
264.700     8.86902  
264.800     8.87134  
264.900     8.87365  
265.000     8.87597  
265.100     8.87828  
265.200     8.88060  
265.300     8.88291  
265.400     8.88523  
265.500     8.88754  
265.600     8.88986  
265.700     8.89217  
265.800     8.89449  
265.900     8.89680  
266.000     8.89912  
266.100     8.90144  
266.200     8.90375  
266.300     8.90607  
266.400     8.90838  
266.500     8.91070  
266.600     8.91302  
266.700     8.91533  
266.800     8.91765  
266.900     8.91997  
267.000     8.92228  
267.100     8.92460  
267.200     8.92692  
267.300     8.92923  
267.400     8.93155  
267.500     8.93387  
267.600     8.93619  
267.700     8.93850  
267.800     8.94082  
267.900     8.94314  
268.000     8.94546  
268.100     8.94777  
268.200     8.95009  
268.300     8.95241  
268.400     8.95473  
268.500     8.95705  
268.600     8.95936  
268.700     8.96168  
268.800     8.96400  
268.900     8.96632  
269.000     8.96864  
269.100     8.97096  
269.200     8.97328  
269.300     8.97560  
269.400     8.97792  
269.500     8.98023  
269.600     8.98255  
269.700     8.98487  
269.800     8.98719  
269.900     8.98951  
270.000     8.99183  
270.100     8.99415  
270.200     8.99647  
270.300     8.99879  
270.400     9.00111  
270.500     9.00343  
270.600     9.00575  
270.700     9.00808  
270.800     9.01040  
270.900     9.01272  
271.000     9.01504  
271.100     9.01736  
271.200     9.01968  
271.300     9.02200  
271.400     9.02432  
271.500     9.02664  
271.600     9.02896  
271.700     9.03128  
271.800     9.03360  
271.900     9.03593  
272.000     9.03825  
272.100     9.04057  
272.200     9.04289  
272.300     9.04521  
272.400     9.04753  
272.500     9.04985  
272.600     9.05217  
272.700     9.05449  
272.800     9.05681  
272.900     9.05913  
273.000     9.06146  
273.100     9.06378  
273.200     9.06610  
273.300     9.06842  
273.400     9.07074  
273.500     9.07306  
273.600     9.07538  
273.700     9.07770  
273.800     9.08002  
273.900     9.08234  
274.000     9.08466  
274.100     9.08698  
274.200     9.08930  
274.300     9.09161  
274.400     9.09393  
274.500     9.09625  
274.600     9.09857  
274.700     9.10089  
274.800     9.10321  
274.900     9.10553  
275.000     9.10784  
275.100     9.11016  
275.200     9.11248  
275.300     9.11480  
275.400     9.11711  
275.500     9.11943  
275.600     9.12175  
275.700     9.12407  
275.800     9.12638  
275.900     9.12870  
276.000     9.13102  
276.100     9.13333  
276.200     9.13565  
276.300     9.13797  
276.400     9.14028  
276.500     9.14260  
276.600     9.14492  
276.700     9.14723  
276.800     9.14955  
276.900     9.15187  
277.000     9.15419  
277.100     9.15650  
277.200     9.15882  
277.300     9.16114  
277.400     9.16346  
277.500     9.16577  
277.600     9.16809  
277.700     9.17041  
277.800     9.17273  
277.900     9.17505  
278.000     9.17737  
278.100     9.17969  
278.200     9.18201  
278.300     9.18433  
278.400     9.18665  
278.500     9.18897  
278.600     9.19130  
278.700     9.19362  
278.800     9.19594  
278.900     9.19826  
279.000     9.20059  
279.100     9.20291  
279.200     9.20524  
279.300     9.20756  
279.400     9.20989  
279.500     9.21221  
279.600     9.21454  
279.700     9.21687  
279.800     9.21920  
279.900     9.22153  
280.000     9.22385  
280.100     9.22619  
280.200     9.22852  
280.300     9.23085  
280.400     9.23318  
280.500     9.23551  
280.600     9.23785  
280.700     9.24018  
280.800     9.24251  
280.900     9.24485  
281.000     9.24718  
281.100     9.24952  
281.200     9.25186  
281.300     9.25419  
281.400     9.25653  
281.500     9.25887  
281.600     9.26120  
281.700     9.26354  
281.800     9.26588  
281.900     9.26822  
282.000     9.27056  
282.100     9.27290  
282.200     9.27524  
282.300     9.27758  
282.400     9.27991  
282.500     9.28225  
282.600     9.28459  
282.700     9.28693  
282.800     9.28927  
282.900     9.29161  
283.000     9.29395  
283.100     9.29629  
283.200     9.29863  
283.300     9.30097  
283.400     9.30331  
283.500     9.30565  
283.600     9.30799  
283.700     9.31033  
283.800     9.31267  
283.900     9.31501  
284.000     9.31735  
284.100     9.31969  
284.200     9.32202  
284.300     9.32436  
284.400     9.32670  
284.500     9.32904  
284.600     9.33137  
284.700     9.33371  
284.800     9.33605  
284.900     9.33838  
285.000     9.34072  
285.100     9.34305  
285.200     9.34539  
285.300     9.34772  
285.400     9.35005  
285.500     9.35239  
285.600     9.35472  
285.700     9.35705  
285.800     9.35939  
285.900     9.36172  
286.000     9.36405  
286.100     9.36638  
286.200     9.36871  
286.300     9.37105  
286.400     9.37338  
286.500     9.37571  
286.600     9.37804  
286.700     9.38037  
286.800     9.38270  
286.900     9.38504  
287.000     9.38737  
287.100     9.38970  
287.200     9.39203  
287.300     9.39437  
287.400     9.39670  
287.500     9.39903  
287.600     9.40137  
287.700     9.40370  
287.800     9.40604  
287.900     9.40837  
288.000     9.41071  
288.100     9.41304  
288.200     9.41538  
288.300     9.41772  
288.400     9.42006  
288.500     9.42240  
288.600     9.42474  
288.700     9.42708  
288.800     9.42942  
288.900     9.43176  
289.000     9.43410  
289.100     9.43644  
289.200     9.43879  
289.300     9.44113  
289.400     9.44348  
289.500     9.44583  
289.600     9.44818  
289.700     9.45053  
289.800     9.45288  
289.900     9.45523  
290.000     9.45758  
290.100     9.45994  
290.200     9.46229  
290.300     9.46465  
290.400     9.46700  
290.500     9.46936  
290.600     9.47172  
290.700     9.47408  
290.800     9.47644  
290.900     9.47881  
291.000     9.48117  
291.100     9.48353  
291.200     9.48590  
291.300     9.48826  
291.400     9.49063  
291.500     9.49300  
291.600     9.49537  
291.700     9.49773  
291.800     9.50010  
291.900     9.50247  
292.000     9.50484  
292.100     9.50721  
292.200     9.50958  
292.300     9.51195  
292.400     9.51432  
292.500     9.51670  
292.600     9.51907  
292.700     9.52144  
292.800     9.52381  
292.900     9.52618  
293.000     9.52856  
293.100     9.53093  
293.200     9.53330  
293.300     9.53567  
293.400     9.53805  
293.500     9.54042  
293.600     9.54279  
293.700     9.54516  
293.800     9.54753  
293.900     9.54990  
294.000     9.55228  
294.100     9.55465  
294.200     9.55702  
294.300     9.55939  
294.400     9.56176  
294.500     9.56413  
294.600     9.56649  
294.700     9.56886  
294.800     9.57123  
294.900     9.57360  
295.000     9.57596  
295.100     9.57833  
295.200     9.58069  
295.300     9.58305  
295.400     9.58542  
295.500     9.58778  
295.600     9.59014  
295.700     9.59250  
295.800     9.59487  
295.900     9.59723  
296.000     9.59959  
296.100     9.60195  
296.200     9.60431  
296.300     9.60667  
296.400     9.60903  
296.500     9.61139  
296.600     9.61375  
296.700     9.61611  
296.800     9.61847  
296.900     9.62083  
297.000     9.62319  
297.100     9.62555  
297.200     9.62791  
297.300     9.63027  
297.400     9.63264  
297.500     9.63500  
297.600     9.63736  
297.700     9.63972  
297.800     9.64209  
297.900     9.64445  
298.000     9.64682  
298.100     9.64918  
298.200     9.65155  
298.300     9.65392  
298.400     9.65629  
298.500     9.65866  
298.600     9.66103  
298.700     9.66340  
298.800     9.66577  
298.900     9.66814  
299.000     9.67052  
299.100     9.67289  
299.200     9.67527  
299.300     9.67765  
299.400     9.68003  
299.500     9.68241  
299.600     9.68479  
299.700     9.68718  
299.800     9.68956  
299.900     9.69195  
300.000     9.69434  
300.100     9.69673  
300.200     9.69912  
300.300     9.70152  
300.400     9.70391  
300.500     9.70631  
300.600     9.70871  
300.700     9.71111  
300.800     9.71351  
300.900     9.71591  
301.000     9.71832  
301.100     9.72072  
301.200     9.72313  
301.300     9.72554  
301.400     9.72794  
301.500     9.73035  
301.600     9.73276  
301.700     9.73517  
301.800     9.73759  
301.900     9.74000  
302.000     9.74241  
302.100     9.74483  
302.200     9.74724  
302.300     9.74965  
302.400     9.75207  
302.500     9.75449  
302.600     9.75690  
302.700     9.75932  
302.800     9.76174  
302.900     9.76415  
303.000     9.76657  
303.100     9.76899  
303.200     9.77140  
303.300     9.77382  
303.400     9.77624  
303.500     9.77865  
303.600     9.78107  
303.700     9.78349  
303.800     9.78590  
303.900     9.78832  
304.000     9.79074  
304.100     9.79315  
304.200     9.79557  
304.300     9.79798  
304.400     9.80039  
304.500     9.80281  
304.600     9.80522  
304.700     9.80763  
304.800     9.81004  
304.900     9.81245  
305.000     9.81486  
305.100     9.81727  
305.200     9.81968  
305.300     9.82208  
305.400     9.82449  
305.500     9.82689  
305.600     9.82930  
305.700     9.83170  
305.800     9.83410  
305.900     9.83651  
306.000     9.83891  
306.100     9.84131  
306.200     9.84371  
306.300     9.84611  
306.400     9.84851  
306.500     9.85091  
306.600     9.85332  
306.700     9.85572  
306.800     9.85812  
306.900     9.86052  
307.000     9.86292  
307.100     9.86532  
307.200     9.86772  
307.300     9.87013  
307.400     9.87253  
307.500     9.87493  
307.600     9.87734  
307.700     9.87974  
307.800     9.88215  
307.900     9.88455  
308.000     9.88696  
308.100     9.88937  
308.200     9.89178  
308.300     9.89419  
308.400     9.89660  
308.500     9.89901  
308.600     9.90143  
308.700     9.90384  
308.800     9.90626  
308.900     9.90867  
309.000     9.91109  
309.100     9.91351  
309.200     9.91594  
309.300     9.91836  
309.400     9.92079  
309.500     9.92321  
309.600     9.92564  
309.700     9.92807  
309.800     9.93051  
309.900     9.93294  
310.000     9.93538  
310.100     9.93782  
310.200     9.94026  
310.300     9.94271  
310.400     9.94515  
310.500     9.94760  
310.600     9.95005  
310.700     9.95250  
310.800     9.95495  
310.900     9.95741  
311.000     9.95986  
311.100     9.96232  
311.200     9.96478  
311.300     9.96724  
311.400     9.96970  
311.500     9.97217  
311.600     9.97463  
311.700     9.97710  
311.800     9.97956  
311.900     9.98203  
312.000     9.98450  
312.100     9.98697  
312.200     9.98944  
312.300     9.99191  
312.400     9.99438  
312.500     9.99685  
312.600     9.99932  
312.700    10.00179  
312.800    10.00427  
312.900    10.00674  
313.000    10.00921  
313.100    10.01169  
313.200    10.01416  
313.300    10.01663  
313.400    10.01911  
313.500    10.02158  
313.600    10.02405  
313.700    10.02653  
313.800    10.02900  
313.900    10.03147  
314.000    10.03394  
314.100    10.03642  
314.200    10.03889  
314.300    10.04136  
314.400    10.04383  
314.500    10.04629  
314.600    10.04876  
314.700    10.05123  
314.800    10.05369  
314.900    10.05616  
315.000    10.05862  
315.100    10.06109  
315.200    10.06355  
315.300    10.06601  
315.400    10.06847  
315.500    10.07093  
315.600    10.07338  
315.700    10.07584  
315.800    10.07830  
315.900    10.08075  
316.000    10.08321  
316.100    10.08566  
316.200    10.08812  
316.300    10.09057  
316.400    10.09302  
316.500    10.09548  
316.600    10.09793  
316.700    10.10038  
316.800    10.10284  
316.900    10.10529  
317.000    10.10775  
317.100    10.11020  
317.200    10.11266  
317.300    10.11511  
317.400    10.11757  
317.500    10.12002  
317.600    10.12248  
317.700    10.12494  
317.800    10.12740  
317.900    10.12986  
318.000    10.13232  
318.100    10.13478  
318.200    10.13724  
318.300    10.13971  
318.400    10.14217  
318.500    10.14464  
318.600    10.14711  
318.700    10.14958  
318.800    10.15205  
318.900    10.15453  
319.000    10.15700  
319.100    10.15948  
319.200    10.16196  
319.300    10.16444  
319.400    10.16692  
319.500    10.16940  
319.600    10.17189  
319.700    10.17438  
319.800    10.17687  
319.900    10.17937  
320.000    10.18187  
320.100    10.18436  
320.200    10.18687  
320.300    10.18937  
320.400    10.19188  
320.500    10.19439  
320.600    10.19690  
320.700    10.19941  
320.800    10.20193  
320.900    10.20444  
321.000    10.20696  
321.100    10.20948  
321.200    10.21201  
321.300    10.21453  
321.400    10.21706  
321.500    10.21959  
321.600    10.22211  
321.700    10.22464  
321.800    10.22718  
321.900    10.22971  
322.000    10.23224  
322.100    10.23478  
322.200    10.23731  
322.300    10.23985  
322.400    10.24239  
322.500    10.24492  
322.600    10.24746  
322.700    10.25000  
322.800    10.25254  
322.900    10.25508  
323.000    10.25762  
323.100    10.26016  
323.200    10.26270  
323.300    10.26524  
323.400    10.26778  
323.500    10.27032  
323.600    10.27286  
323.700    10.27540  
323.800    10.27794  
323.900    10.28048  
324.000    10.28302  
324.100    10.28556  
324.200    10.28810  
324.300    10.29063  
324.400    10.29317  
324.500    10.29570  
324.600    10.29824  
324.700    10.30077  
324.800    10.30330  
324.900    10.30583  
325.000    10.30836  
325.100    10.31089  
325.200    10.31341  
325.300    10.31594  
325.400    10.31846  
325.500    10.32099  
325.600    10.32351  
325.700    10.32603  
325.800    10.32855  
325.900    10.33107  
326.000    10.33359  
326.100    10.33611  
326.200    10.33862  
326.300    10.34114  
326.400    10.34366  
326.500    10.34618  
326.600    10.34869  
326.700    10.35121  
326.800    10.35373  
326.900    10.35625  
327.000    10.35876  
327.100    10.36128  
327.200    10.36380  
327.300    10.36632  
327.400    10.36884  
327.500    10.37136  
327.600    10.37388  
327.700    10.37640  
327.800    10.37893  
327.900    10.38145  
328.000    10.38397  
328.100    10.38650  
328.200    10.38903  
328.300    10.39156  
328.400    10.39409  
328.500    10.39662  
328.600    10.39916  
328.700    10.40169  
328.800    10.40423  
328.900    10.40677  
329.000    10.40931  
329.100    10.41185  
329.200    10.41440  
329.300    10.41695  
329.400    10.41950  
329.500    10.42205  
329.600    10.42461  
329.700    10.42716  
329.800    10.42972  
329.900    10.43229  
330.000    10.43486  
330.100    10.43742  
330.200    10.44000  
330.300    10.44257  
330.400    10.44515  
330.500    10.44773  
330.600    10.45031  
330.700    10.45290  
330.800    10.45549  
330.900    10.45808  
331.000    10.46067  
331.100    10.46326  
331.200    10.46586  
331.300    10.46846  
331.400    10.47106  
331.500    10.47366  
331.600    10.47626  
331.700    10.47887  
331.800    10.48147  
331.900    10.48408  
332.000    10.48669  
332.100    10.48930  
332.200    10.49191  
332.300    10.49452  
332.400    10.49714  
332.500    10.49975  
332.600    10.50236  
332.700    10.50498  
332.800    10.50760  
332.900    10.51021  
333.000    10.51283  
333.100    10.51544  
333.200    10.51806  
333.300    10.52068  
333.400    10.52329  
333.500    10.52591  
333.600    10.52853  
333.700    10.53114  
333.800    10.53376  
333.900    10.53638  
334.000    10.53899  
334.100    10.54160  
334.200    10.54422  
334.300    10.54683  
334.400    10.54944  
334.500    10.55205  
334.600    10.55466  
334.700    10.55727  
334.800    10.55988  
334.900    10.56248  
335.000    10.56509  
335.100    10.56769  
335.200    10.57029  
335.300    10.57289  
335.400    10.57549  
335.500    10.57808  
335.600    10.58068  
335.700    10.58327  
335.800    10.58587  
335.900    10.58846  
336.000    10.59105  
336.100    10.59365  
336.200    10.59624  
336.300    10.59883  
336.400    10.60142  
336.500    10.60401  
336.600    10.60660  
336.700    10.60919  
336.800    10.61178  
336.900    10.61437  
337.000    10.61696  
337.100    10.61955  
337.200    10.62215  
337.300    10.62474  
337.400    10.62733  
337.500    10.62993  
337.600    10.63252  
337.700    10.63512  
337.800    10.63771  
337.900    10.64031  
338.000    10.64291  
338.100    10.64551  
338.200    10.64811  
338.300    10.65072  
338.400    10.65332  
338.500    10.65593  
338.600    10.65854  
338.700    10.66115  
338.800    10.66376  
338.900    10.66638  
339.000    10.66899  
339.100    10.67161  
339.200    10.67424  
339.300    10.67686  
339.400    10.67949  
339.500    10.68212  
339.600    10.68475  
339.700    10.68739  
339.800    10.69003  
339.900    10.69267  
340.000    10.69531  
340.100    10.69796  
340.200    10.70061  
340.300    10.70327  
340.400    10.70593  
340.500    10.70859  
340.600    10.71125  
340.700    10.71392  
340.800    10.71659  
340.900    10.71926  
341.000    10.72193  
341.100    10.72461  
341.200    10.72729  
341.300    10.72997  
341.400    10.73265  
341.500    10.73534  
341.600    10.73802  
341.700    10.74071  
341.800    10.74340  
341.900    10.74609  
342.000    10.74878  
342.100    10.75148  
342.200    10.75417  
342.300    10.75687  
342.400    10.75957  
342.500    10.76227  
342.600    10.76496  
342.700    10.76766  
342.800    10.77036  
342.900    10.77307  
343.000    10.77577  
343.100    10.77847  
343.200    10.78117  
343.300    10.78387  
343.400    10.78657  
343.500    10.78927  
343.600    10.79198  
343.700    10.79468  
343.800    10.79738  
343.900    10.80008  
344.000    10.80278  
344.100    10.80548  
344.200    10.80817  
344.300    10.81087  
344.400    10.81357  
344.500    10.81626  
344.600    10.81896  
344.700    10.82165  
344.800    10.82434  
344.900    10.82703  
345.000    10.82972  
345.100    10.83240  
345.200    10.83509  
345.300    10.83777  
345.400    10.84045  
345.500    10.84313  
345.600    10.84581  
345.700    10.84849  
345.800    10.85116  
345.900    10.85384  
346.000    10.85652  
346.100    10.85919  
346.200    10.86186  
346.300    10.86454  
346.400    10.86721  
346.500    10.86988  
346.600    10.87256  
346.700    10.87523  
346.800    10.87790  
346.900    10.88057  
347.000    10.88325  
347.100    10.88592  
347.200    10.88860  
347.300    10.89127  
347.400    10.89395  
347.500    10.89662  
347.600    10.89930  
347.700    10.90198  
347.800    10.90466  
347.900    10.90734  
348.000    10.91002  
348.100    10.91270  
348.200    10.91539  
348.300    10.91808  
348.400    10.92077  
348.500    10.92346  
348.600    10.92615  
348.700    10.92884  
348.800    10.93154  
348.900    10.93424  
349.000    10.93694  
349.100    10.93965  
349.200    10.94235  
349.300    10.94506  
349.400    10.94778  
349.500    10.95049  
349.600    10.95321  
349.700    10.95593  
349.800    10.95866  
349.900    10.96139  
350.000    10.96412  