0.000     0.00000  
  0.100     0.00000  
  0.200     0.00000  
  0.300     0.00000  
  0.400     0.00000  
  0.500     0.00000  
  0.600     0.00000  
  0.700     0.00000  
  0.800     0.00000  
  0.900     0.00000  
  1.000     0.00000  
  1.100     0.00000  
  1.200     0.00000  
  1.300     0.00000  
  1.400     0.00000  
  1.500     0.00000  
  1.600     0.00000  
  1.700     0.00000  
  1.800     0.00000  
  1.900     0.00000  
  2.000     0.00000  
  2.100     0.00000  
  2.200     0.00000  
  2.300     0.00000  
  2.400     0.00000  
  2.500     0.00000  
  2.600     0.00000  
  2.700     0.00000  
  2.800     0.00000  
  2.900     0.00000  
  3.000     0.00000  
  3.100     0.00000  
  3.200     0.00000  
  3.300     0.00000  
  3.400     0.00000  
  3.500     0.00000  
  3.600     0.00000  
  3.700     0.00000  
  3.800     0.00000  
  3.900     0.00000  
  4.000     0.00000  
  4.100     0.00000  
  4.200     0.00000  
  4.300     0.00000  
  4.400     0.00000  
  4.500     0.00000  
  4.600     0.00000  
  4.700     0.00000  
  4.800     0.00000  
  4.900     0.00000  
  5.000     0.00000  
  5.100     0.00000  
  5.200     0.00000  
  5.300     0.00000  
  5.400     0.00000  
  5.500     0.00000  
  5.600     0.00000  
  5.700     0.00000  
  5.800     0.00000  
  5.900     0.00000  
  6.000     0.00000  
  6.100     0.00000  
  6.200     0.00000  
  6.300     0.00000  
  6.400     0.00000  
  6.500     0.00000  
  6.600     0.00000  
  6.700     0.00000  
  6.800     0.00000  
  6.900     0.00000  
  7.000     0.00000  
  7.100     0.00000  
  7.200     0.00000  
  7.300     0.00000  
  7.400     0.00000  
  7.500     0.00000  
  7.600     0.00000  
  7.700     0.00000  
  7.800     0.00000  
  7.900     0.00000  
  8.000     0.00000  
  8.100     0.00000  
  8.200     0.00000  
  8.300     0.00000  
  8.400     0.00000  
  8.500     0.00000  
  8.600     0.00000  
  8.700     0.00000  
  8.800     0.00000  
  8.900     0.00000  
  9.000     0.00000  
  9.100     0.00000  
  9.200     0.00000  
  9.300     0.00000  
  9.400     0.00000  
  9.500     0.00000  
  9.600     0.00000  
  9.700     0.00000  
  9.800     0.00000  
  9.900     0.00000  
 10.000     0.00000  
 10.100     0.00000  
 10.200     0.00000  
 10.300     0.00000  
 10.400     0.00000  
 10.500     0.00000  
 10.600     0.00000  
 10.700     0.00000  
 10.800     0.00000  
 10.900     0.00000  
 11.000     0.00000  
 11.100     0.00000  
 11.200     0.00000  
 11.300     0.00000  
 11.400     0.00000  
 11.500     0.00000  
 11.600     0.00000  
 11.700     0.00000  
 11.800     0.00000  
 11.900     0.00000  
 12.000     0.00000  
 12.100     0.00000  
 12.200     0.00000  
 12.300     0.00000  
 12.400     0.00000  
 12.500     0.00000  
 12.600     0.00000  
 12.700     0.00000  
 12.800     0.00000  
 12.900     0.00000  
 13.000     0.00000  
 13.100     0.00001  
 13.200     0.00001  
 13.300     0.00001  
 13.400     0.00001  
 13.500     0.00001  
 13.600     0.00001  
 13.700     0.00001  
 13.800     0.00001  
 13.900     0.00001  
 14.000     0.00001  
 14.100     0.00001  
 14.200     0.00001  
 14.300     0.00001  
 14.400     0.00001  
 14.500     0.00001  
 14.600     0.00001  
 14.700     0.00001  
 14.800     0.00001  
 14.900     0.00001  
 15.000     0.00001  
 15.100     0.00001  
 15.200     0.00001  
 15.300     0.00001  
 15.400     0.00001  
 15.500     0.00001  
 15.600     0.00001  
 15.700     0.00001  
 15.800     0.00001  
 15.900     0.00002  
 16.000     0.00002  
 16.100     0.00002  
 16.200     0.00002  
 16.300     0.00002  
 16.400     0.00002  
 16.500     0.00002  
 16.600     0.00002  
 16.700     0.00002  
 16.800     0.00002  
 16.900     0.00002  
 17.000     0.00002  
 17.100     0.00002  
 17.200     0.00002  
 17.300     0.00002  
 17.400     0.00003  
 17.500     0.00003  
 17.600     0.00003  
 17.700     0.00003  
 17.800     0.00003  
 17.900     0.00003  
 18.000     0.00003  
 18.100     0.00003  
 18.200     0.00003  
 18.300     0.00003  
 18.400     0.00003  
 18.500     0.00003  
 18.600     0.00004  
 18.700     0.00004  
 18.800     0.00004  
 18.900     0.00004  
 19.000     0.00004  
 19.100     0.00004  
 19.200     0.00004  
 19.300     0.00004  
 19.400     0.00004  
 19.500     0.00004  
 19.600     0.00005  
 19.700     0.00005  
 19.800     0.00005  
 19.900     0.00005  
 20.000     0.00005  
 20.100     0.00005  
 20.200     0.00005  
 20.300     0.00006  
 20.400     0.00006  
 20.500     0.00006  
 20.600     0.00006  
 20.700     0.00006  
 20.800     0.00006  
 20.900     0.00006  
 21.000     0.00007  
 21.100     0.00007  
 21.200     0.00007  
 21.300     0.00007  
 21.400     0.00007  
 21.500     0.00007  
 21.600     0.00007  
 21.700     0.00008  
 21.800     0.00008  
 21.900     0.00008  
 22.000     0.00008  
 22.100     0.00008  
 22.200     0.00008  
 22.300     0.00009  
 22.400     0.00009  
 22.500     0.00009  
 22.600     0.00009  
 22.700     0.00009  
 22.800     0.00010  
 22.900     0.00010  
 23.000     0.00010  
 23.100     0.00010  
 23.200     0.00011  
 23.300     0.00011  
 23.400     0.00011  
 23.500     0.00011  
 23.600     0.00011  
 23.700     0.00012  
 23.800     0.00012  
 23.900     0.00012  
 24.000     0.00012  
 24.100     0.00013  
 24.200     0.00013  
 24.300     0.00013  
 24.400     0.00013  
 24.500     0.00014  
 24.600     0.00014  
 24.700     0.00014  
 24.800     0.00014  
 24.900     0.00015  
 25.000     0.00015  
 25.100     0.00015  
 25.200     0.00015  
 25.300     0.00016  
 25.400     0.00016  
 25.500     0.00016  
 25.600     0.00017  
 25.700     0.00017  
 25.800     0.00017  
 25.900     0.00017  
 26.000     0.00018  
 26.100     0.00018  
 26.200     0.00018  
 26.300     0.00019  
 26.400     0.00019  
 26.500     0.00019  
 26.600     0.00020  
 26.700     0.00020  
 26.800     0.00020  
 26.900     0.00021  
 27.000     0.00021  
 27.100     0.00021  
 27.200     0.00022  
 27.300     0.00022  
 27.400     0.00023  
 27.500     0.00023  
 27.600     0.00023  
 27.700     0.00024  
 27.800     0.00024  
 27.900     0.00024  
 28.000     0.00025  
 28.100     0.00025  
 28.200     0.00026  
 28.300     0.00026  
 28.400     0.00026  
 28.500     0.00027  
 28.600     0.00027  
 28.700     0.00028  
 28.800     0.00028  
 28.900     0.00029  
 29.000     0.00029  
 29.100     0.00029  
 29.200     0.00030  
 29.300     0.00030  
 29.400     0.00031  
 29.500     0.00031  
 29.600     0.00032  
 29.700     0.00032  
 29.800     0.00033  
 29.900     0.00033  
 30.000     0.00034  
 30.100     0.00034  
 30.200     0.00035  
 30.300     0.00035  
 30.400     0.00036  
 30.500     0.00036  
 30.600     0.00037  
 30.700     0.00037  
 30.800     0.00038  
 30.900     0.00038  
 31.000     0.00039  
 31.100     0.00039  
 31.200     0.00040  
 31.300     0.00040  
 31.400     0.00041  
 31.500     0.00041  
 31.600     0.00042  
 31.700     0.00042  
 31.800     0.00043  
 31.900     0.00044  
 32.000     0.00044  
 32.100     0.00045  
 32.200     0.00045  
 32.300     0.00046  
 32.400     0.00046  
 32.500     0.00047  
 32.600     0.00048  
 32.700     0.00048  
 32.800     0.00049  
 32.900     0.00050  
 33.000     0.00050  
 33.100     0.00051  
 33.200     0.00051  
 33.300     0.00052  
 33.400     0.00053  
 33.500     0.00053  
 33.600     0.00054  
 33.700     0.00055  
 33.800     0.00055  
 33.900     0.00056  
 34.000     0.00057  
 34.100     0.00057  
 34.200     0.00058  
 34.300     0.00059  
 34.400     0.00059  
 34.500     0.00060  
 34.600     0.00061  
 34.700     0.00062  
 34.800     0.00062  
 34.900     0.00063  
 35.000     0.00064  
 35.100     0.00065  
 35.200     0.00065  
 35.300     0.00066  
 35.400     0.00067  
 35.500     0.00068  
 35.600     0.00068  
 35.700     0.00069  
 35.800     0.00070  
 35.900     0.00071  
 36.000     0.00072  
 36.100     0.00072  
 36.200     0.00073  
 36.300     0.00074  
 36.400     0.00075  
 36.500     0.00076  
 36.600     0.00076  
 36.700     0.00077  
 36.800     0.00078  
 36.900     0.00079  
 37.000     0.00080  
 37.100     0.00081  
 37.200     0.00081  
 37.300     0.00082  
 37.400     0.00083  
 37.500     0.00084  
 37.600     0.00085  
 37.700     0.00086  
 37.800     0.00087  
 37.900     0.00087  
 38.000     0.00088  
 38.100     0.00089  
 38.200     0.00090  
 38.300     0.00091  
 38.400     0.00092  
 38.500     0.00093  
 38.600     0.00094  
 38.700     0.00095  
 38.800     0.00096  
 38.900     0.00097  
 39.000     0.00098  
 39.100     0.00099  
 39.200     0.00100  
 39.300     0.00101  
 39.400     0.00102  
 39.500     0.00103  
 39.600     0.00104  
 39.700     0.00105  
 39.800     0.00106  
 39.900     0.00107  
 40.000     0.00108  
 40.100     0.00109  
 40.200     0.00110  
 40.300     0.00111  
 40.400     0.00112  
 40.500     0.00113  
 40.600     0.00114  
 40.700     0.00115  
 40.800     0.00116  
 40.900     0.00117  
 41.000     0.00118  
 41.100     0.00119  
 41.200     0.00121  
 41.300     0.00122  
 41.400     0.00123  
 41.500     0.00124  
 41.600     0.00125  
 41.700     0.00126  
 41.800     0.00127  
 41.900     0.00128  
 42.000     0.00130  
 42.100     0.00131  
 42.200     0.00132  
 42.300     0.00133  
 42.400     0.00134  
 42.500     0.00135  
 42.600     0.00137  
 42.700     0.00138  
 42.800     0.00139  
 42.900     0.00140  
 43.000     0.00141  
 43.100     0.00143  
 43.200     0.00144  
 43.300     0.00145  
 43.400     0.00146  
 43.500     0.00148  
 43.600     0.00149  
 43.700     0.00150  
 43.800     0.00151  
 43.900     0.00153  
 44.000     0.00154  
 44.100     0.00155  
 44.200     0.00156  
 44.300     0.00158  
 44.400     0.00159  
 44.500     0.00160  
 44.600     0.00162  
 44.700     0.00163  
 44.800     0.00164  
 44.900     0.00166  
 45.000     0.00167  
 45.100     0.00168  
 45.200     0.00170  
 45.300     0.00171  
 45.400     0.00172  
 45.500     0.00174  
 45.600     0.00175  
 45.700     0.00176  
 45.800     0.00178  
 45.900     0.00179  
 46.000     0.00181  
 46.100     0.00182  
 46.200     0.00184  
 46.300     0.00185  
 46.400     0.00186  
 46.500     0.00188  
 46.600     0.00189  
 46.700     0.00191  
 46.800     0.00192  
 46.900     0.00194  
 47.000     0.00195  
 47.100     0.00197  
 47.200     0.00198  
 47.300     0.00200  
 47.400     0.00201  
 47.500     0.00203  
 47.600     0.00204  
 47.700     0.00206  
 47.800     0.00207  
 47.900     0.00209  
 48.000     0.00210  
 48.100     0.00212  
 48.200     0.00213  
 48.300     0.00215  
 48.400     0.00216  
 48.500     0.00218  
 48.600     0.00219  
 48.700     0.00221  
 48.800     0.00223  
 48.900     0.00224  
 49.000     0.00226  
 49.100     0.00227  
 49.200     0.00229  
 49.300     0.00231  
 49.400     0.00232  
 49.500     0.00234  
 49.600     0.00236  
 49.700     0.00237  
 49.800     0.00239  
 49.900     0.00241  
 50.000     0.00242  
 50.100     0.00244  
 50.200     0.00246  
 50.300     0.00247  
 50.400     0.00249  
 50.500     0.00251  
 50.600     0.00252  
 50.700     0.00254  
 50.800     0.00256  
 50.900     0.00258  
 51.000     0.00259  
 51.100     0.00261  
 51.200     0.00263  
 51.300     0.00265  
 51.400     0.00266  
 51.500     0.00268  
 51.600     0.00270  
 51.700     0.00272  
 51.800     0.00273  
 51.900     0.00275  
 52.000     0.00277  
 52.100     0.00279  
 52.200     0.00281  
 52.300     0.00282  
 52.400     0.00284  
 52.500     0.00286  
 52.600     0.00288  
 52.700     0.00290  
 52.800     0.00292  
 52.900     0.00293  
 53.000     0.00295  
 53.100     0.00297  
 53.200     0.00299  
 53.300     0.00301  
 53.400     0.00303  
 53.500     0.00305  
 53.600     0.00307  
 53.700     0.00309  
 53.800     0.00311  
 53.900     0.00312  
 54.000     0.00314  
 54.100     0.00316  
 54.200     0.00318  
 54.300     0.00320  
 54.400     0.00322  
 54.500     0.00324  
 54.600     0.00326  
 54.700     0.00328  
 54.800     0.00330  
 54.900     0.00332  
 55.000     0.00334  
 55.100     0.00336  
 55.200     0.00338  
 55.300     0.00340  
 55.400     0.00342  
 55.500     0.00344  
 55.600     0.00346  
 55.700     0.00348  
 55.800     0.00350  
 55.900     0.00352  
 56.000     0.00355  
 56.100     0.00357  
 56.200     0.00359  
 56.300     0.00361  
 56.400     0.00363  
 56.500     0.00365  
 56.600     0.00367  
 56.700     0.00369  
 56.800     0.00371  
 56.900     0.00373  
 57.000     0.00376  
 57.100     0.00378  
 57.200     0.00380  
 57.300     0.00382  
 57.400     0.00384  
 57.500     0.00386  
 57.600     0.00388  
 57.700     0.00391  
 57.800     0.00393  
 57.900     0.00395  
 58.000     0.00397  
 58.100     0.00399  
 58.200     0.00402  
 58.300     0.00404  
 58.400     0.00406  
 58.500     0.00408  
 58.600     0.00411  
 58.700     0.00413  
 58.800     0.00415  
 58.900     0.00417  
 59.000     0.00420  
 59.100     0.00422  
 59.200     0.00424  
 59.300     0.00426  
 59.400     0.00429  
 59.500     0.00431  
 59.600     0.00433  
 59.700     0.00436  
 59.800     0.00438  
 59.900     0.00440  
 60.000     0.00443  
 60.100     0.00445  
 60.200     0.00447  
 60.300     0.00450  
 60.400     0.00452  
 60.500     0.00454  
 60.600     0.00457  
 60.700     0.00459  
 60.800     0.00462  
 60.900     0.00464  
 61.000     0.00466  
 61.100     0.00469  
 61.200     0.00471  
 61.300     0.00474  
 61.400     0.00476  
 61.500     0.00478  
 61.600     0.00481  
 61.700     0.00483  
 61.800     0.00486  
 61.900     0.00488  
 62.000     0.00491  
 62.100     0.00493  
 62.200     0.00496  
 62.300     0.00498  
 62.400     0.00501  
 62.500     0.00503  
 62.600     0.00506  
 62.700     0.00508  
 62.800     0.00511  
 62.900     0.00513  
 63.000     0.00516  
 63.100     0.00518  
 63.200     0.00521  
 63.300     0.00523  
 63.400     0.00526  
 63.500     0.00528  
 63.600     0.00531  
 63.700     0.00533  
 63.800     0.00536  
 63.900     0.00539  
 64.000     0.00541  
 64.100     0.00544  
 64.200     0.00546  
 64.300     0.00549  
 64.400     0.00552  
 64.500     0.00554  
 64.600     0.00557  
 64.700     0.00560  
 64.800     0.00562  
 64.900     0.00565  
 65.000     0.00568  
 65.100     0.00570  
 65.200     0.00573  
 65.300     0.00576  
 65.400     0.00578  
 65.500     0.00581  
 65.600     0.00584  
 65.700     0.00586  
 65.800     0.00589  
 65.900     0.00592  
 66.000     0.00594  
 66.100     0.00597  
 66.200     0.00600  
 66.300     0.00603  
 66.400     0.00605  
 66.500     0.00608  
 66.600     0.00611  
 66.700     0.00614  
 66.800     0.00616  
 66.900     0.00619  
 67.000     0.00622  
 67.100     0.00625  
 67.200     0.00628  
 67.300     0.00630  
 67.400     0.00633  
 67.500     0.00636  
 67.600     0.00639  
 67.700     0.00642  
 67.800     0.00645  
 67.900     0.00647  
 68.000     0.00650  
 68.100     0.00653  
 68.200     0.00656  
 68.300     0.00659  
 68.400     0.00662  
 68.500     0.00665  
 68.600     0.00667  
 68.700     0.00670  
 68.800     0.00673  
 68.900     0.00676  
 69.000     0.00679  
 69.100     0.00682  
 69.200     0.00685  
 69.300     0.00688  
 69.400     0.00691  
 69.500     0.00694  
 69.600     0.00697  
 69.700     0.00700  
 69.800     0.00702  
 69.900     0.00705  
 70.000     0.00708  
 70.100     0.00711  
 70.200     0.00714  
 70.300     0.00717  
 70.400     0.00720  
 70.500     0.00723  
 70.600     0.00726  
 70.700     0.00729  
 70.800     0.00732  
 70.900     0.00735  
 71.000     0.00739  
 71.100     0.00742  
 71.200     0.00745  
 71.300     0.00748  
 71.400     0.00751  
 71.500     0.00754  
 71.600     0.00757  
 71.700     0.00760  
 71.800     0.00763  
 71.900     0.00766  
 72.000     0.00769  
 72.100     0.00772  
 72.200     0.00775  
 72.300     0.00778  
 72.400     0.00782  
 72.500     0.00785  
 72.600     0.00788  
 72.700     0.00791  
 72.800     0.00794  
 72.900     0.00797  
 73.000     0.00800  
 73.100     0.00804  
 73.200     0.00807  
 73.300     0.00810  
 73.400     0.00813  
 73.500     0.00816  
 73.600     0.00819  
 73.700     0.00823  
 73.800     0.00826  
 73.900     0.00829  
 74.000     0.00832  
 74.100     0.00835  
 74.200     0.00839  
 74.300     0.00842  
 74.400     0.00845  
 74.500     0.00848  
 74.600     0.00852  
 74.700     0.00855  
 74.800     0.00858  
 74.900     0.00861  
 75.000     0.00865  
 75.100     0.00868  
 75.200     0.00871  
 75.300     0.00875  
 75.400     0.00878  
 75.500     0.00881  
 75.600     0.00884  
 75.700     0.00888  
 75.800     0.00891  
 75.900     0.00894  
 76.000     0.00898  
 76.100     0.00901  
 76.200     0.00904  
 76.300     0.00908  
 76.400     0.00911  
 76.500     0.00914  
 76.600     0.00918  
 76.700     0.00921  
 76.800     0.00925  
 76.900     0.00928  
 77.000     0.00931  
 77.100     0.00935  
 77.200     0.00938  
 77.300     0.00942  
 77.400     0.00945  
 77.500     0.00948  
 77.600     0.00952  
 77.700     0.00955  
 77.800     0.00959  
 77.900     0.00962  
 78.000     0.00965  
 78.100     0.00969  
 78.200     0.00972  
 78.300     0.00976  
 78.400     0.00979  
 78.500     0.00983  
 78.600     0.00986  
 78.700     0.00990  
 78.800     0.00993  
 78.900     0.00997  
 79.000     0.01000  
 79.100     0.01004  
 79.200     0.01007  
 79.300     0.01011  
 79.400     0.01014  
 79.500     0.01018  
 79.600     0.01021  
 79.700     0.01025  
 79.800     0.01028  
 79.900     0.01032  
 80.000     0.01036  
 80.100     0.01039  
 80.200     0.01043  
 80.300     0.01046  
 80.400     0.01050  
 80.500     0.01053  
 80.600     0.01057  
 80.700     0.01061  
 80.800     0.01064  
 80.900     0.01068  
 81.000     0.01071  
 81.100     0.01075  
 81.200     0.01079  
 81.300     0.01082  
 81.400     0.01086  
 81.500     0.01090  
 81.600     0.01093  
 81.700     0.01097  
 81.800     0.01100  
 81.900     0.01104  
 82.000     0.01108  
 82.100     0.01111  
 82.200     0.01115  
 82.300     0.01119  
 82.400     0.01123  
 82.500     0.01126  
 82.600     0.01130  
 82.700     0.01134  
 82.800     0.01137  
 82.900     0.01141  
 83.000     0.01145  
 83.100     0.01149  
 83.200     0.01152  
 83.300     0.01156  
 83.400     0.01160  
 83.500     0.01163  
 83.600     0.01167  
 83.700     0.01171  
 83.800     0.01175  
 83.900     0.01179  
 84.000     0.01182  
 84.100     0.01186  
 84.200     0.01190  
 84.300     0.01194  
 84.400     0.01197  
 84.500     0.01201  
 84.600     0.01205  
 84.700     0.01209  
 84.800     0.01213  
 84.900     0.01216  
 85.000     0.01220  
 85.100     0.01224  
 85.200     0.01228  
 85.300     0.01232  
 85.400     0.01236  
 85.500     0.01239  
 85.600     0.01243  
 85.700     0.01247  
 85.800     0.01251  
 85.900     0.01255  
 86.000     0.01259  
 86.100     0.01263  
 86.200     0.01267  
 86.300     0.01270  
 86.400     0.01274  
 86.500     0.01278  
 86.600     0.01282  
 86.700     0.01286  
 86.800     0.01290  
 86.900     0.01294  
 87.000     0.01298  
 87.100     0.01302  
 87.200     0.01306  
 87.300     0.01310  
 87.400     0.01314  
 87.500     0.01318  
 87.600     0.01322  
 87.700     0.01325  
 87.800     0.01329  
 87.900     0.01333  
 88.000     0.01337  
 88.100     0.01341  
 88.200     0.01345  
 88.300     0.01349  
 88.400     0.01353  
 88.500     0.01357  
 88.600     0.01361  
 88.700     0.01365  
 88.800     0.01369  
 88.900     0.01373  
 89.000     0.01377  
 89.100     0.01382  
 89.200     0.01386  
 89.300     0.01390  
 89.400     0.01394  
 89.500     0.01398  
 89.600     0.01402  
 89.700     0.01406  
 89.800     0.01410  
 89.900     0.01414  
 90.000     0.01418  
 90.100     0.01422  
 90.200     0.01426  
 90.300     0.01430  
 90.400     0.01434  
 90.500     0.01438  
 90.600     0.01443  
 90.700     0.01447  
 90.800     0.01451  
 90.900     0.01455  
 91.000     0.01459  
 91.100     0.01463  
 91.200     0.01467  
 91.300     0.01472  
 91.400     0.01476  
 91.500     0.01480  
 91.600     0.01484  
 91.700     0.01488  
 91.800     0.01492  
 91.900     0.01496  
 92.000     0.01501  
 92.100     0.01505  
 92.200     0.01509  
 92.300     0.01513  
 92.400     0.01517  
 92.500     0.01522  
 92.600     0.01526  
 92.700     0.01530  
 92.800     0.01534  
 92.900     0.01538  
 93.000     0.01543  
 93.100     0.01547  
 93.200     0.01551  
 93.300     0.01555  
 93.400     0.01560  
 93.500     0.01564  
 93.600     0.01568  
 93.700     0.01572  
 93.800     0.01577  
 93.900     0.01581  
 94.000     0.01585  
 94.100     0.01589  
 94.200     0.01594  
 94.300     0.01598  
 94.400     0.01602  
 94.500     0.01606  
 94.600     0.01611  
 94.700     0.01615  
 94.800     0.01619  
 94.900     0.01624  
 95.000     0.01628  
 95.100     0.01632  
 95.200     0.01637  
 95.300     0.01641  
 95.400     0.01645  
 95.500     0.01650  
 95.600     0.01654  
 95.700     0.01658  
 95.800     0.01663  
 95.900     0.01667  
 96.000     0.01671  
 96.100     0.01676  
 96.200     0.01680  
 96.300     0.01684  
 96.400     0.01689  
 96.500     0.01693  
 96.600     0.01698  
 96.700     0.01702  
 96.800     0.01706  
 96.900     0.01711  
 97.000     0.01715  
 97.100     0.01720  
 97.200     0.01724  
 97.300     0.01728  
 97.400     0.01733  
 97.500     0.01737  
 97.600     0.01742  
 97.700     0.01746  
 97.800     0.01751  
 97.900     0.01755  
 98.000     0.01759  
 98.100     0.01764  
 98.200     0.01768  
 98.300     0.01773  
 98.400     0.01777  
 98.500     0.01782  
 98.600     0.01786  
 98.700     0.01791  
 98.800     0.01795  
 98.900     0.01800  
 99.000     0.01804  
 99.100     0.01809  
 99.200     0.01813  
 99.300     0.01818  
 99.400     0.01822  
 99.500     0.01827  
 99.600     0.01831  
 99.700     0.01836  
 99.800     0.01840  
 99.900     0.01845  
100.000     0.01849  
100.100     0.01854  
100.200     0.01858  
100.300     0.01863  
100.400     0.01867  
100.500     0.01872  
100.600     0.01877  
100.700     0.01881  
100.800     0.01886  
100.900     0.01890  
101.000     0.01895  
101.100     0.01899  
101.200     0.01904  
101.300     0.01909  
101.400     0.01913  
101.500     0.01918  
101.600     0.01922  
101.700     0.01927  
101.800     0.01932  
101.900     0.01936  
102.000     0.01941  
102.100     0.01945  
102.200     0.01950  
102.300     0.01955  
102.400     0.01959  
102.500     0.01964  
102.600     0.01969  
102.700     0.01973  
102.800     0.01978  
102.900     0.01983  
103.000     0.01987  
103.100     0.01992  
103.200     0.01997  
103.300     0.02001  
103.400     0.02006  
103.500     0.02011  
103.600     0.02015  
103.700     0.02020  
103.800     0.02025  
103.900     0.02029  
104.000     0.02034  
104.100     0.02039  
104.200     0.02043  
104.300     0.02048  
104.400     0.02053  
104.500     0.02058  
104.600     0.02062  
104.700     0.02067  
104.800     0.02072  
104.900     0.02076  
105.000     0.02081  
105.100     0.02086  
105.200     0.02091  
105.300     0.02095  
105.400     0.02100  
105.500     0.02105  
105.600     0.02110  
105.700     0.02114  
105.800     0.02119  
105.900     0.02124  
106.000     0.02129  
106.100     0.02133  
106.200     0.02138  
106.300     0.02143  
106.400     0.02148  
106.500     0.02153  
106.600     0.02157  
106.700     0.02162  
106.800     0.02167  
106.900     0.02172  
107.000     0.02177  
107.100     0.02181  
107.200     0.02186  
107.300     0.02191  
107.400     0.02196  
107.500     0.02201  
107.600     0.02206  
107.700     0.02210  
107.800     0.02215  
107.900     0.02220  
108.000     0.02225  
108.100     0.02230  
108.200     0.02235  
108.300     0.02239  
108.400     0.02244  
108.500     0.02249  
108.600     0.02254  
108.700     0.02259  
108.800     0.02264  
108.900     0.02269  
109.000     0.02274  
109.100     0.02279  
109.200     0.02283  
109.300     0.02288  
109.400     0.02293  
109.500     0.02298  
109.600     0.02303  
109.700     0.02308  
109.800     0.02313  
109.900     0.02318  
110.000     0.02323  
110.100     0.02328  
110.200     0.02333  
110.300     0.02337  
110.400     0.02342  
110.500     0.02347  
110.600     0.02352  
110.700     0.02357  
110.800     0.02362  
110.900     0.02367  
111.000     0.02372  
111.100     0.02377  
111.200     0.02382  
111.300     0.02387  
111.400     0.02392  
111.500     0.02397  
111.600     0.02402  
111.700     0.02407  
111.800     0.02412  
111.900     0.02417  
112.000     0.02422  
112.100     0.02427  
112.200     0.02432  
112.300     0.02437  
112.400     0.02442  
112.500     0.02447  
112.600     0.02452  
112.700     0.02457  
112.800     0.02462  
112.900     0.02467  
113.000     0.02472  
113.100     0.02477  
113.200     0.02482  
113.300     0.02487  
113.400     0.02492  
113.500     0.02497  
113.600     0.02502  
113.700     0.02507  
113.800     0.02512  
113.900     0.02517  
114.000     0.02522  
114.100     0.02528  
114.200     0.02533  
114.300     0.02538  
114.400     0.02543  
114.500     0.02548  
114.600     0.02553  
114.700     0.02558  
114.800     0.02563  
114.900     0.02568  
115.000     0.02573  
115.100     0.02578  
115.200     0.02583  
115.300     0.02589  
115.400     0.02594  
115.500     0.02599  
115.600     0.02604  
115.700     0.02609  
115.800     0.02614  
115.900     0.02619  
116.000     0.02624  
116.100     0.02630  
116.200     0.02635  
116.300     0.02640  
116.400     0.02645  
116.500     0.02650  
116.600     0.02655  
116.700     0.02660  
116.800     0.02666  
116.900     0.02671  
117.000     0.02676  
117.100     0.02681  
117.200     0.02686  
117.300     0.02691  
117.400     0.02697  
117.500     0.02702  
117.600     0.02707  
117.700     0.02712  
117.800     0.02717  
117.900     0.02722  
118.000     0.02728  
118.100     0.02733  
118.200     0.02738  
118.300     0.02743  
118.400     0.02748  
118.500     0.02754  
118.600     0.02759  
118.700     0.02764  
118.800     0.02769  
118.900     0.02774  
119.000     0.02780  
119.100     0.02785  
119.200     0.02790  
119.300     0.02795  
119.400     0.02801  
119.500     0.02806  
119.600     0.02811  
119.700     0.02816  
119.800     0.02822  
119.900     0.02827  
120.000     0.02832  
120.100     0.02837  
120.200     0.02843  
120.300     0.02848  
120.400     0.02853  
120.500     0.02858  
120.600     0.02864  
120.700     0.02869  
120.800     0.02874  
120.900     0.02879  
121.000     0.02885  
121.100     0.02890  
121.200     0.02895  
121.300     0.02901  
121.400     0.02906  
121.500     0.02911  
121.600     0.02916  
121.700     0.02922  
121.800     0.02927  
121.900     0.02932  
122.000     0.02938  
122.100     0.02943  
122.200     0.02948  
122.300     0.02954  
122.400     0.02959  
122.500     0.02964  
122.600     0.02970  
122.700     0.02975  
122.800     0.02980  
122.900     0.02986  
123.000     0.02991  
123.100     0.02996  
123.200     0.03002  
123.300     0.03007  
123.400     0.03012  
123.500     0.03018  
123.600     0.03023  
123.700     0.03028  
123.800     0.03034  
123.900     0.03039  
124.000     0.03044  
124.100     0.03050  
124.200     0.03055  
124.300     0.03061  
124.400     0.03066  
124.500     0.03071  
124.600     0.03077  
124.700     0.03082  
124.800     0.03088  
124.900     0.03093  
125.000     0.03098  
125.100     0.03104  
125.200     0.03109  
125.300     0.03115  
125.400     0.03120  
125.500     0.03125  
125.600     0.03131  
125.700     0.03136  
125.800     0.03142  
125.900     0.03147  
126.000     0.03152  
126.100     0.03158  
126.200     0.03163  
126.300     0.03169  
126.400     0.03174  
126.500     0.03180  
126.600     0.03185  
126.700     0.03191  
126.800     0.03196  
126.900     0.03201  
127.000     0.03207  
127.100     0.03212  
127.200     0.03218  
127.300     0.03223  
127.400     0.03229  
127.500     0.03234  
127.600     0.03240  
127.700     0.03245  
127.800     0.03251  
127.900     0.03256  
128.000     0.03261  
128.100     0.03267  
128.200     0.03272  
128.300     0.03278  
128.400     0.03283  
128.500     0.03289  
128.600     0.03294  
128.700     0.03300  
128.800     0.03305  
128.900     0.03311  
129.000     0.03316  
129.100     0.03322  
129.200     0.03327  
129.300     0.03333  
129.400     0.03338  
129.500     0.03344  
129.600     0.03350  
129.700     0.03355  
129.800     0.03361  
129.900     0.03366  
130.000     0.03372  
130.100     0.03377  
130.200     0.03383  
130.300     0.03388  
130.400     0.03394  
130.500     0.03399  
130.600     0.03405  
130.700     0.03410  
130.800     0.03416  
130.900     0.03421  
131.000     0.03427  
131.100     0.03433  
131.200     0.03438  
131.300     0.03444  
131.400     0.03449  
131.500     0.03455  
131.600     0.03460  
131.700     0.03466  
131.800     0.03471  
131.900     0.03477  
132.000     0.03483  
132.100     0.03488  
132.200     0.03494  
132.300     0.03499  
132.400     0.03505  
132.500     0.03511  
132.600     0.03516  
132.700     0.03522  
132.800     0.03527  
132.900     0.03533  
133.000     0.03539  
133.100     0.03544  
133.200     0.03550  
133.300     0.03555  
133.400     0.03561  
133.500     0.03567  
133.600     0.03572  
133.700     0.03578  
133.800     0.03583  
133.900     0.03589  
134.000     0.03595  
134.100     0.03600  
134.200     0.03606  
134.300     0.03612  
134.400     0.03617  
134.500     0.03623  
134.600     0.03628  
134.700     0.03634  
134.800     0.03640  
134.900     0.03645  
135.000     0.03651  
135.100     0.03657  
135.200     0.03662  
135.300     0.03668  
135.400     0.03674  
135.500     0.03679  
135.600     0.03685  
135.700     0.03691  
135.800     0.03696  
135.900     0.03702  
136.000     0.03708  
136.100     0.03713  
136.200     0.03719  
136.300     0.03725  
136.400     0.03730  
136.500     0.03736  
136.600     0.03742  
136.700     0.03747  
136.800     0.03753  
136.900     0.03759  
137.000     0.03764  
137.100     0.03770  
137.200     0.03776  
137.300     0.03782  
137.400     0.03787  
137.500     0.03793  
137.600     0.03799  
137.700     0.03804  
137.800     0.03810  
137.900     0.03816  
138.000     0.03821  
138.100     0.03827  
138.200     0.03833  
138.300     0.03839  
138.400     0.03844  
138.500     0.03850  
138.600     0.03856  
138.700     0.03862  
138.800     0.03867  
138.900     0.03873  
139.000     0.03879  
139.100     0.03884  
139.200     0.03890  
139.300     0.03896  
139.400     0.03902  
139.500     0.03907  
139.600     0.03913  
139.700     0.03919  
139.800     0.03925  
139.900     0.03930  
140.000     0.03936  
140.100     0.03942  
140.200     0.03948  
140.300     0.03953  
140.400     0.03959  
140.500     0.03965  
140.600     0.03971  
140.700     0.03977  
140.800     0.03982  
140.900     0.03988  
141.000     0.03994  
141.100     0.04000  
141.200     0.04005  
141.300     0.04011  
141.400     0.04017  
141.500     0.04023  
141.600     0.04029  
141.700     0.04034  
141.800     0.04040  
141.900     0.04046  
142.000     0.04052  
142.100     0.04058  
142.200     0.04063  
142.300     0.04069  
142.400     0.04075  
142.500     0.04081  
142.600     0.04087  
142.700     0.04092  
142.800     0.04098  
142.900     0.04104  
143.000     0.04110  
143.100     0.04116  
143.200     0.04121  
143.300     0.04127  
143.400     0.04133  
143.500     0.04139  
143.600     0.04145  
143.700     0.04151  
143.800     0.04156  
143.900     0.04162  
144.000     0.04168  
144.100     0.04174  
144.200     0.04180  
144.300     0.04186  
144.400     0.04191  
144.500     0.04197  
144.600     0.04203  
144.700     0.04209  
144.800     0.04215  
144.900     0.04221  
145.000     0.04227  
145.100     0.04232  
145.200     0.04238  
145.300     0.04244  
145.400     0.04250  
145.500     0.04256  
145.600     0.04262  
145.700     0.04268  
145.800     0.04273  
145.900     0.04279  
146.000     0.04285  
146.100     0.04291  
146.200     0.04297  
146.300     0.04303  
146.400     0.04309  
146.500     0.04315  
146.600     0.04320  
146.700     0.04326  
146.800     0.04332  
146.900     0.04338  
147.000     0.04344  
147.100     0.04350  
147.200     0.04356  
147.300     0.04362  
147.400     0.04368  
147.500     0.04373  
147.600     0.04379  
147.700     0.04385  
147.800     0.04391  
147.900     0.04397  
148.000     0.04403  
148.100     0.04409  
148.200     0.04415  
148.300     0.04421  
148.400     0.04427  
148.500     0.04433  
148.600     0.04438  
148.700     0.04444  
148.800     0.04450  
148.900     0.04456  
149.000     0.04462  
149.100     0.04468  
149.200     0.04474  
149.300     0.04480  
149.400     0.04486  
149.500     0.04492  
149.600     0.04498  
149.700     0.04504  
149.800     0.04510  
149.900     0.04516  
150.000     0.04521  
150.100     0.04527  
150.200     0.04533  
150.300     0.04539  
150.400     0.04545  
150.500     0.04551  
150.600     0.04557  
150.700     0.04563  
150.800     0.04569  
150.900     0.04575  
151.000     0.04581  
151.100     0.04587  
151.200     0.04593  
151.300     0.04599  
151.400     0.04605  
151.500     0.04611  
151.600     0.04617  
151.700     0.04623  
151.800     0.04629  
151.900     0.04635  
152.000     0.04641  
152.100     0.04647  
152.200     0.04653  
152.300     0.04659  
152.400     0.04665  
152.500     0.04671  
152.600     0.04677  
152.700     0.04683  
152.800     0.04689  
152.900     0.04695  
153.000     0.04701  
153.100     0.04707  
153.200     0.04713  
153.300     0.04719  
153.400     0.04724  
153.500     0.04730  
153.600     0.04736  
153.700     0.04742  
153.800     0.04748  
153.900     0.04754  
154.000     0.04760  
154.100     0.04767  
154.200     0.04773  
154.300     0.04779  
154.400     0.04785  
154.500     0.04791  
154.600     0.04797  
154.700     0.04803  
154.800     0.04809  
154.900     0.04815  
155.000     0.04821  
155.100     0.04827  
155.200     0.04833  
155.300     0.04839  
155.400     0.04845  
155.500     0.04851  
155.600     0.04857  
155.700     0.04863  
155.800     0.04869  
155.900     0.04875  
156.000     0.04881  
156.100     0.04887  
156.200     0.04893  
156.300     0.04899  
156.400     0.04905  
156.500     0.04911  
156.600     0.04917  
156.700     0.04923  
156.800     0.04929  
156.900     0.04935  
157.000     0.04941  
157.100     0.04947  
157.200     0.04953  
157.300     0.04959  
157.400     0.04966  
157.500     0.04972  
157.600     0.04978  
157.700     0.04984  
157.800     0.04990  
157.900     0.04996  
158.000     0.05002  
158.100     0.05008  
158.200     0.05014  
158.300     0.05020  
158.400     0.05026  
158.500     0.05032  
158.600     0.05038  
158.700     0.05044  
158.800     0.05050  
158.900     0.05057  
159.000     0.05063  
159.100     0.05069  
159.200     0.05075  
159.300     0.05081  
159.400     0.05087  
159.500     0.05093  
159.600     0.05099  
159.700     0.05105  
159.800     0.05111  
159.900     0.05117  
160.000     0.05123  
160.100     0.05129  
160.200     0.05136  
160.300     0.05142  
160.400     0.05148  
160.500     0.05154  
160.600     0.05160  
160.700     0.05166  
160.800     0.05172  
160.900     0.05178  
161.000     0.05184  
161.100     0.05190  
161.200     0.05197  
161.300     0.05203  
161.400     0.05209  
161.500     0.05215  
161.600     0.05221  
161.700     0.05227  
161.800     0.05233  
161.900     0.05239  
162.000     0.05245  
162.100     0.05252  
162.200     0.05258  
162.300     0.05264  
162.400     0.05270  
162.500     0.05276  
162.600     0.05282  
162.700     0.05288  
162.800     0.05294  
162.900     0.05301  
163.000     0.05307  
163.100     0.05313  
163.200     0.05319  
163.300     0.05325  
163.400     0.05331  
163.500     0.05337  
163.600     0.05344  
163.700     0.05350  
163.800     0.05356  
163.900     0.05362  
164.000     0.05368  
164.100     0.05374  
164.200     0.05380  
164.300     0.05387  
164.400     0.05393  
164.500     0.05399  
164.600     0.05405  
164.700     0.05411  
164.800     0.05417  
164.900     0.05423  
165.000     0.05430  
165.100     0.05436  
165.200     0.05442  
165.300     0.05448  
165.400     0.05454  
165.500     0.05460  
165.600     0.05467  
165.700     0.05473  
165.800     0.05479  
165.900     0.05485  
166.000     0.05491  
166.100     0.05497  
166.200     0.05504  
166.300     0.05510  
166.400     0.05516  
166.500     0.05522  
166.600     0.05528  
166.700     0.05534  
166.800     0.05541  
166.900     0.05547  
167.000     0.05553  
167.100     0.05559  
167.200     0.05565  
167.300     0.05571  
167.400     0.05578  
167.500     0.05584  
167.600     0.05590  
167.700     0.05596  
167.800     0.05602  
167.900     0.05609  
168.000     0.05615  
168.100     0.05621  
168.200     0.05627  
168.300     0.05633  
168.400     0.05639  
168.500     0.05646  
168.600     0.05652  
168.700     0.05658  
168.800     0.05664  
168.900     0.05670  
169.000     0.05677  
169.100     0.05683  
169.200     0.05689  
169.300     0.05695  
169.400     0.05701  
169.500     0.05708  
169.600     0.05714  
169.700     0.05720  
169.800     0.05726  
169.900     0.05732  
170.000     0.05739  
170.100     0.05745  
170.200     0.05751  
170.300     0.05757  
170.400     0.05764  
170.500     0.05770  
170.600     0.05776  
170.700     0.05782  
170.800     0.05788  
170.900     0.05795  
171.000     0.05801  
171.100     0.05807  
171.200     0.05813  
171.300     0.05819  
171.400     0.05826  
171.500     0.05832  
171.600     0.05838  
171.700     0.05844  
171.800     0.05851  
171.900     0.05857  
172.000     0.05863  
172.100     0.05869  
172.200     0.05875  
172.300     0.05882  
172.400     0.05888  
172.500     0.05894  
172.600     0.05900  
172.700     0.05907  
172.800     0.05913  
172.900     0.05919  
173.000     0.05925  
173.100     0.05932  
173.200     0.05938  
173.300     0.05944  
173.400     0.05950  
173.500     0.05957  
173.600     0.05963  
173.700     0.05969  
173.800     0.05975  
173.900     0.05982  
174.000     0.05988  
174.100     0.05994  
174.200     0.06000  
174.300     0.06007  
174.400     0.06013  
174.500     0.06019  
174.600     0.06025  
174.700     0.06032  
174.800     0.06038  
174.900     0.06044  
175.000     0.06050  
175.100     0.06057  
175.200     0.06063  
175.300     0.06069  
175.400     0.06075  
175.500     0.06082  
175.600     0.06088  
175.700     0.06094  
175.800     0.06100  
175.900     0.06107  
176.000     0.06113  
176.100     0.06119  
176.200     0.06125  
176.300     0.06132  
176.400     0.06138  
176.500     0.06144  
176.600     0.06151  
176.700     0.06157  
176.800     0.06163  
176.900     0.06169  
177.000     0.06176  
177.100     0.06182  
177.200     0.06188  
177.300     0.06194  
177.400     0.06201  
177.500     0.06207  
177.600     0.06213  
177.700     0.06220  
177.800     0.06226  
177.900     0.06232  
178.000     0.06238  
178.100     0.06245  
178.200     0.06251  
178.300     0.06257  
178.400     0.06264  
178.500     0.06270  
178.600     0.06276  
178.700     0.06282  
178.800     0.06289  
178.900     0.06295  
179.000     0.06301  
179.100     0.06308  
179.200     0.06314  
179.300     0.06320  
179.400     0.06326  
179.500     0.06333  
179.600     0.06339  
179.700     0.06345  
179.800     0.06352  
179.900     0.06358  
180.000     0.06364  
180.100     0.06370  
180.200     0.06377  
180.300     0.06383  
180.400     0.06389  
180.500     0.06396  
180.600     0.06402  
180.700     0.06408  
180.800     0.06415  
180.900     0.06421  
181.000     0.06427  
181.100     0.06434  
181.200     0.06440  
181.300     0.06446  
181.400     0.06452  
181.500     0.06459  
181.600     0.06465  
181.700     0.06471  
181.800     0.06478  
181.900     0.06484  
182.000     0.06490  
182.100     0.06497  
182.200     0.06503  
182.300     0.06509  
182.400     0.06516  
182.500     0.06522  
182.600     0.06528  
182.700     0.06535  
182.800     0.06541  
182.900     0.06547  
183.000     0.06553  
183.100     0.06560  
183.200     0.06566  
183.300     0.06572  
183.400     0.06579  
183.500     0.06585  
183.600     0.06591  
183.700     0.06598  
183.800     0.06604  
183.900     0.06610  
184.000     0.06617  
184.100     0.06623  
184.200     0.06629  
184.300     0.06636  
184.400     0.06642  
184.500     0.06648  
184.600     0.06655  
184.700     0.06661  
184.800     0.06667  
184.900     0.06674  
185.000     0.06680  
185.100     0.06686  
185.200     0.06693  
185.300     0.06699  
185.400     0.06705  
185.500     0.06712  
185.600     0.06718  
185.700     0.06724  
185.800     0.06731  
185.900     0.06737  
186.000     0.06743  
186.100     0.06750  
186.200     0.06756  
186.300     0.06762  
186.400     0.06769  
186.500     0.06775  
186.600     0.06781  
186.700     0.06788  
186.800     0.06794  
186.900     0.06801  
187.000     0.06807  
187.100     0.06813  
187.200     0.06820  
187.300     0.06826  
187.400     0.06832  
187.500     0.06839  
187.600     0.06845  
187.700     0.06851  
187.800     0.06858  
187.900     0.06864  
188.000     0.06870  
188.100     0.06877  
188.200     0.06883  
188.300     0.06889  
188.400     0.06896  
188.500     0.06902  
188.600     0.06909  
188.700     0.06915  
188.800     0.06921  
188.900     0.06928  
189.000     0.06934  
189.100     0.06940  
189.200     0.06947  
189.300     0.06953  
189.400     0.06959  
189.500     0.06966  
189.600     0.06972  
189.700     0.06978  
189.800     0.06985  
189.900     0.06991  
190.000     0.06997  
190.100     0.07004  
190.200     0.07010  
190.300     0.07017  
190.400     0.07023  
190.500     0.07029  
190.600     0.07036  
190.700     0.07042  
190.800     0.07048  
190.900     0.07055  
191.000     0.07061  
191.100     0.07068  
191.200     0.07074  
191.300     0.07080  
191.400     0.07087  
191.500     0.07093  
191.600     0.07099  
191.700     0.07106  
191.800     0.07112  
191.900     0.07119  
192.000     0.07125  
192.100     0.07131  
192.200     0.07138  
192.300     0.07144  
192.400     0.07150  
192.500     0.07157  
192.600     0.07163  
192.700     0.07170  
192.800     0.07176  
192.900     0.07182  
193.000     0.07189  
193.100     0.07195  
193.200     0.07202  
193.300     0.07208  
193.400     0.07214  
193.500     0.07221  
193.600     0.07227  
193.700     0.07233  
193.800     0.07240  
193.900     0.07246  
194.000     0.07253  
194.100     0.07259  
194.200     0.07265  
194.300     0.07272  
194.400     0.07278  
194.500     0.07285  
194.600     0.07291  
194.700     0.07297  
194.800     0.07304  
194.900     0.07310  
195.000     0.07316  
195.100     0.07323  
195.200     0.07329  
195.300     0.07336  
195.400     0.07342  
195.500     0.07348  
195.600     0.07355  
195.700     0.07361  
195.800     0.07368  
195.900     0.07374  
196.000     0.07380  
196.100     0.07387  
196.200     0.07393  
196.300     0.07400  
196.400     0.07406  
196.500     0.07412  
196.600     0.07419  
196.700     0.07425  
196.800     0.07432  
196.900     0.07438  
197.000     0.07444  
197.100     0.07451  
197.200     0.07457  
197.300     0.07464  
197.400     0.07470  
197.500     0.07476  
197.600     0.07483  
197.700     0.07489  
197.800     0.07496  
197.900     0.07502  
198.000     0.07508  
198.100     0.07515  
198.200     0.07521  
198.300     0.07528  
198.400     0.07534  
198.500     0.07540  
198.600     0.07547  
198.700     0.07553  
198.800     0.07560  
198.900     0.07566  
199.000     0.07572  
199.100     0.07579  
199.200     0.07585  
199.300     0.07592  
199.400     0.07598  
199.500     0.07605  
199.600     0.07611  
199.700     0.07617  
199.800     0.07624  
199.900     0.07630  
200.000     0.07637  
200.100     0.07643  
200.200     0.07649  
200.300     0.07656  
200.400     0.07662  
200.500     0.07669  
200.600     0.07675  
200.700     0.07682  
200.800     0.07688  
200.900     0.07694  
201.000     0.07701  
201.100     0.07707  
201.200     0.07714  
201.300     0.07720  
201.400     0.07726  
201.500     0.07733  
201.600     0.07739  
201.700     0.07746  
201.800     0.07752  
201.900     0.07759  
202.000     0.07765  
202.100     0.07771  
202.200     0.07778  
202.300     0.07784  
202.400     0.07791  
202.500     0.07797  
202.600     0.07803  
202.700     0.07810  
202.800     0.07816  
202.900     0.07823  
203.000     0.07829  
203.100     0.07836  
203.200     0.07842  
203.300     0.07848  
203.400     0.07855  
203.500     0.07861  
203.600     0.07868  
203.700     0.07874  
203.800     0.07881  
203.900     0.07887  
204.000     0.07893  
204.100     0.07900  
204.200     0.07906  
204.300     0.07913  
204.400     0.07919  
204.500     0.07926  
204.600     0.07932  
204.700     0.07938  
204.800     0.07945  
204.900     0.07951  
205.000     0.07958  
205.100     0.07964  
205.200     0.07971  
205.300     0.07977  
205.400     0.07983  
205.500     0.07990  
205.600     0.07996  
205.700     0.08003  
205.800     0.08009  
205.900     0.08016  
206.000     0.08022  
206.100     0.08028  
206.200     0.08035  
206.300     0.08041  
206.400     0.08048  
206.500     0.08054  
206.600     0.08061  
206.700     0.08067  
206.800     0.08074  
206.900     0.08080  
207.000     0.08086  
207.100     0.08093  
207.200     0.08099  
207.300     0.08106  
207.400     0.08112  
207.500     0.08119  
207.600     0.08125  
207.700     0.08131  
207.800     0.08138  
207.900     0.08144  
208.000     0.08151  
208.100     0.08157  
208.200     0.08164  
208.300     0.08170  
208.400     0.08177  
208.500     0.08183  
208.600     0.08189  
208.700     0.08196  
208.800     0.08202  
208.900     0.08209  
209.000     0.08215  
209.100     0.08222  
209.200     0.08228  
209.300     0.08234  
209.400     0.08241  
209.500     0.08247  
209.600     0.08254  
209.700     0.08260  
209.800     0.08267  
209.900     0.08273  
210.000     0.08280  
210.100     0.08286  
210.200     0.08292  
210.300     0.08299  
210.400     0.08305  
210.500     0.08312  
210.600     0.08318  
210.700     0.08325  
210.800     0.08331  
210.900     0.08338  
211.000     0.08344  
211.100     0.08350  
211.200     0.08357  
211.300     0.08363  
211.400     0.08370  
211.500     0.08376  
211.600     0.08383  
211.700     0.08389  
211.800     0.08396  
211.900     0.08402  
212.000     0.08409  
212.100     0.08415  
212.200     0.08421  
212.300     0.08428  
212.400     0.08434  
212.500     0.08441  
212.600     0.08447  
212.700     0.08454  
212.800     0.08460  
212.900     0.08467  
213.000     0.08473  
213.100     0.08479  
213.200     0.08486  
213.300     0.08492  
213.400     0.08499  
213.500     0.08505  
213.600     0.08512  
213.700     0.08518  
213.800     0.08525  
213.900     0.08531  
214.000     0.08537  
214.100     0.08544  
214.200     0.08550  
214.300     0.08557  
214.400     0.08563  
214.500     0.08570  
214.600     0.08576  
214.700     0.08583  
214.800     0.08589  
214.900     0.08596  
215.000     0.08602  
215.100     0.08608  
215.200     0.08615  
215.300     0.08621  
215.400     0.08628  
215.500     0.08634  
215.600     0.08641  
215.700     0.08647  
215.800     0.08654  
215.900     0.08660  
216.000     0.08667  
216.100     0.08673  
216.200     0.08679  
216.300     0.08686  
216.400     0.08692  
216.500     0.08699  
216.600     0.08705  
216.700     0.08712  
216.800     0.08718  
216.900     0.08725  
217.000     0.08731  
217.100     0.08738  
217.200     0.08744  
217.300     0.08750  
217.400     0.08757  
217.500     0.08763  
217.600     0.08770  
217.700     0.08776  
217.800     0.08783  
217.900     0.08789  
218.000     0.08796  
218.100     0.08802  
218.200     0.08809  
218.300     0.08815  
218.400     0.08822  
218.500     0.08828  
218.600     0.08834  
218.700     0.08841  
218.800     0.08847  
218.900     0.08854  
219.000     0.08860  
219.100     0.08867  
219.200     0.08873  
219.300     0.08880  
219.400     0.08886  
219.500     0.08893  
219.600     0.08899  
219.700     0.08906  
219.800     0.08912  
219.900     0.08918  
220.000     0.08925  
220.100     0.08931  
220.200     0.08938  
220.300     0.08944  
220.400     0.08951  
220.500     0.08957  
220.600     0.08964  
220.700     0.08970  
220.800     0.08977  
220.900     0.08983  
221.000     0.08990  
221.100     0.08996  
221.200     0.09002  
221.300     0.09009  
221.400     0.09015  
221.500     0.09022  
221.600     0.09028  
221.700     0.09035  
221.800     0.09041  
221.900     0.09048  
222.000     0.09054  
222.100     0.09061  
222.200     0.09067  
222.300     0.09074  
222.400     0.09080  
222.500     0.09086  
222.600     0.09093  
222.700     0.09099  
222.800     0.09106  
222.900     0.09112  
223.000     0.09119  
223.100     0.09125  
223.200     0.09132  
223.300     0.09138  
223.400     0.09145  
223.500     0.09151  
223.600     0.09158  
223.700     0.09164  
223.800     0.09171  
223.900     0.09177  
224.000     0.09183  
224.100     0.09190  
224.200     0.09196  
224.300     0.09203  
224.400     0.09209  
224.500     0.09216  
224.600     0.09222  
224.700     0.09229  
224.800     0.09235  
224.900     0.09242  
225.000     0.09248  
225.100     0.09255  
225.200     0.09261  
225.300     0.09268  
225.400     0.09274  
225.500     0.09280  
225.600     0.09287  
225.700     0.09293  
225.800     0.09300  
225.900     0.09306  
226.000     0.09313  
226.100     0.09319  
226.200     0.09326  
226.300     0.09332  
226.400     0.09339  
226.500     0.09345  
226.600     0.09352  
226.700     0.09358  
226.800     0.09365  
226.900     0.09371  
227.000     0.09377  
227.100     0.09384  
227.200     0.09390  
227.300     0.09397  
227.400     0.09403  
227.500     0.09410  
227.600     0.09416  
227.700     0.09423  
227.800     0.09429  
227.900     0.09436  
228.000     0.09442  
228.100     0.09449  
228.200     0.09455  
228.300     0.09462  
228.400     0.09468  
228.500     0.09474  
228.600     0.09481  
228.700     0.09487  
228.800     0.09494  
228.900     0.09500  
229.000     0.09507  
229.100     0.09513  
229.200     0.09520  
229.300     0.09526  
229.400     0.09533  
229.500     0.09539  
229.600     0.09546  
229.700     0.09552  
229.800     0.09559  
229.900     0.09565  
230.000     0.09571  
230.100     0.09578  
230.200     0.09584  
230.300     0.09591  
230.400     0.09597  
230.500     0.09604  
230.600     0.09610  
230.700     0.09617  
230.800     0.09623  
230.900     0.09630  
231.000     0.09636  
231.100     0.09643  
231.200     0.09649  
231.300     0.09656  
231.400     0.09662  
231.500     0.09668  
231.600     0.09675  
231.700     0.09681  
231.800     0.09688  
231.900     0.09694  
232.000     0.09701  
232.100     0.09707  
232.200     0.09714  
232.300     0.09720  
232.400     0.09727  
232.500     0.09733  
232.600     0.09740  
232.700     0.09746  
232.800     0.09753  
232.900     0.09759  
233.000     0.09765  
233.100     0.09772  
233.200     0.09778  
233.300     0.09785  
233.400     0.09791  
233.500     0.09798  
233.600     0.09804  
233.700     0.09811  
233.800     0.09817  
233.900     0.09824  
234.000     0.09830  
234.100     0.09837  
234.200     0.09843  
234.300     0.09850  
234.400     0.09856  
234.500     0.09862  
234.600     0.09869  
234.700     0.09875  
234.800     0.09882  
234.900     0.09888  
235.000     0.09895  
235.100     0.09901  
235.200     0.09908  
235.300     0.09914  
235.400     0.09921  
235.500     0.09927  
235.600     0.09934  
235.700     0.09940  
235.800     0.09947  
235.900     0.09953  
236.000     0.09959  
236.100     0.09966  
236.200     0.09972  
236.300     0.09979  
236.400     0.09985  
236.500     0.09992  
236.600     0.09998  
236.700     0.10005  
236.800     0.10011  
236.900     0.10018  
237.000     0.10024  
237.100     0.10031  
237.200     0.10037  
237.300     0.10044  
237.400     0.10050  
237.500     0.10057  
237.600     0.10063  
237.700     0.10069  
237.800     0.10076  
237.900     0.10082  
238.000     0.10089  
238.100     0.10095  
238.200     0.10102  
238.300     0.10108  
238.400     0.10115  
238.500     0.10121  
238.600     0.10128  
238.700     0.10134  
238.800     0.10141  
238.900     0.10147  
239.000     0.10154  
239.100     0.10160  
239.200     0.10166  
239.300     0.10173  
239.400     0.10179  
239.500     0.10186  
239.600     0.10192  
239.700     0.10199  
239.800     0.10205  
239.900     0.10212  
240.000     0.10218  
240.100     0.10225  
240.200     0.10231  
240.300     0.10238  
240.400     0.10244  
240.500     0.10251  
240.600     0.10257  
240.700     0.10263  
240.800     0.10270  
240.900     0.10276  
241.000     0.10283  
241.100     0.10289  
241.200     0.10296  
241.300     0.10302  
241.400     0.10309  
241.500     0.10315  
241.600     0.10322  
241.700     0.10328  
241.800     0.10335  
241.900     0.10341  
242.000     0.10347  
242.100     0.10354  
242.200     0.10360  
242.300     0.10367  
242.400     0.10373  
242.500     0.10380  
242.600     0.10386  
242.700     0.10393  
242.800     0.10399  
242.900     0.10406  
243.000     0.10412  
243.100     0.10419  
243.200     0.10425  
243.300     0.10431  
243.400     0.10438  
243.500     0.10444  
243.600     0.10451  
243.700     0.10457  
243.800     0.10464  
243.900     0.10470  
244.000     0.10477  
244.100     0.10483  
244.200     0.10490  
244.300     0.10496  
244.400     0.10503  
244.500     0.10509  
244.600     0.10515  
244.700     0.10522  
244.800     0.10528  
244.900     0.10535  
245.000     0.10541  
245.100     0.10548  
245.200     0.10554  
245.300     0.10561  
245.400     0.10567  
245.500     0.10574  
245.600     0.10580  
245.700     0.10587  
245.800     0.10593  
245.900     0.10599  
246.000     0.10606  
246.100     0.10612  
246.200     0.10619  
246.300     0.10625  
246.400     0.10632  
246.500     0.10638  
246.600     0.10645  
246.700     0.10651  
246.800     0.10658  
246.900     0.10664  
247.000     0.10670  
247.100     0.10677  
247.200     0.10683  
247.300     0.10690  
247.400     0.10696  
247.500     0.10703  
247.600     0.10709  
247.700     0.10716  
247.800     0.10722  
247.900     0.10729  
248.000     0.10735  
248.100     0.10741  
248.200     0.10748  
248.300     0.10754  
248.400     0.10761  
248.500     0.10767  
248.600     0.10774  
248.700     0.10780  
248.800     0.10787  
248.900     0.10793  
249.000     0.10800  
249.100     0.10806  
249.200     0.10812  
249.300     0.10819  
249.400     0.10825  
249.500     0.10832  
249.600     0.10838  
249.700     0.10845  
249.800     0.10851  
249.900     0.10858  
250.000     0.10864  
250.100     0.10871  
250.200     0.10877  
250.300     0.10883  
250.400     0.10890  
250.500     0.10896  
250.600     0.10903  
250.700     0.10909  
250.800     0.10916  
250.900     0.10922  
251.000     0.10929  
251.100     0.10935  
251.200     0.10942  
251.300     0.10948  
251.400     0.10954  
251.500     0.10961  
251.600     0.10967  
251.700     0.10974  
251.800     0.10980  
251.900     0.10987  
252.000     0.10993  
252.100     0.11000  
252.200     0.11006  
252.300     0.11012  
252.400     0.11019  
252.500     0.11025  
252.600     0.11032  
252.700     0.11038  
252.800     0.11045  
252.900     0.11051  
253.000     0.11058  
253.100     0.11064  
253.200     0.11071  
253.300     0.11077  
253.400     0.11083  
253.500     0.11090  
253.600     0.11096  
253.700     0.11103  
253.800     0.11109  
253.900     0.11116  
254.000     0.11122  
254.100     0.11129  
254.200     0.11135  
254.300     0.11141  
254.400     0.11148  
254.500     0.11154  
254.600     0.11161  
254.700     0.11167  
254.800     0.11174  
254.900     0.11180  
255.000     0.11187  
255.100     0.11193  
255.200     0.11199  
255.300     0.11206  
255.400     0.11212  
255.500     0.11219  
255.600     0.11225  
255.700     0.11232  
255.800     0.11238  
255.900     0.11245  
256.000     0.11251  
256.100     0.11258  
256.200     0.11264  
256.300     0.11270  
256.400     0.11277  
256.500     0.11283  
256.600     0.11290  
256.700     0.11296  
256.800     0.11303  
256.900     0.11309  
257.000     0.11316  
257.100     0.11322  
257.200     0.11328  
257.300     0.11335  
257.400     0.11341  
257.500     0.11348  
257.600     0.11354  
257.700     0.11361  
257.800     0.11367  
257.900     0.11373  
258.000     0.11380  
258.100     0.11386  
258.200     0.11393  
258.300     0.11399  
258.400     0.11406  
258.500     0.11412  
258.600     0.11419  
258.700     0.11425  
258.800     0.11431  
258.900     0.11438  
259.000     0.11444  
259.100     0.11451  
259.200     0.11457  
259.300     0.11464  
259.400     0.11470  
259.500     0.11477  
259.600     0.11483  
259.700     0.11489  
259.800     0.11496  
259.900     0.11502  
260.000     0.11509  
260.100     0.11515  
260.200     0.11522  
260.300     0.11528  
260.400     0.11534  
260.500     0.11541  
260.600     0.11547  
260.700     0.11554  
260.800     0.11560  
260.900     0.11567  
261.000     0.11573  
261.100     0.11579  
261.200     0.11586  
261.300     0.11592  
261.400     0.11599  
261.500     0.11605  
261.600     0.11612  
261.700     0.11618  
261.800     0.11625  
261.900     0.11631  
262.000     0.11637  
262.100     0.11644  
262.200     0.11650  
262.300     0.11657  
262.400     0.11663  
262.500     0.11670  
262.600     0.11676  
262.700     0.11682  
262.800     0.11689  
262.900     0.11695  
263.000     0.11702  
263.100     0.11708  
263.200     0.11715  
263.300     0.11721  
263.400     0.11727  
263.500     0.11734  
263.600     0.11740  
263.700     0.11747  
263.800     0.11753  
263.900     0.11760  
264.000     0.11766  
264.100     0.11772  
264.200     0.11779  
264.300     0.11785  
264.400     0.11792  
264.500     0.11798  
264.600     0.11804  
264.700     0.11811  
264.800     0.11817  
264.900     0.11824  
265.000     0.11830  
265.100     0.11837  
265.200     0.11843  
265.300     0.11849  
265.400     0.11856  
265.500     0.11862  
265.600     0.11869  
265.700     0.11875  
265.800     0.11882  
265.900     0.11888  
266.000     0.11894  
266.100     0.11901  
266.200     0.11907  
266.300     0.11914  
266.400     0.11920  
266.500     0.11927  
266.600     0.11933  
266.700     0.11939  
266.800     0.11946  
266.900     0.11952  
267.000     0.11959  
267.100     0.11965  
267.200     0.11972  
267.300     0.11978  
267.400     0.11984  
267.500     0.11991  
267.600     0.11997  
267.700     0.12004  
267.800     0.12010  
267.900     0.12016  
268.000     0.12023  
268.100     0.12029  
268.200     0.12036  
268.300     0.12042  
268.400     0.12049  
268.500     0.12055  
268.600     0.12061  
268.700     0.12068  
268.800     0.12074  
268.900     0.12081  
269.000     0.12087  
269.100     0.12093  
269.200     0.12100  
269.300     0.12106  
269.400     0.12113  
269.500     0.12119  
269.600     0.12126  
269.700     0.12132  
269.800     0.12138  
269.900     0.12145  
270.000     0.12151  
270.100     0.12158  
270.200     0.12164  
270.300     0.12170  
270.400     0.12177  
270.500     0.12183  
270.600     0.12190  
270.700     0.12196  
270.800     0.12203  
270.900     0.12209  
271.000     0.12215  
271.100     0.12222  
271.200     0.12228  
271.300     0.12235  
271.400     0.12241  
271.500     0.12247  
271.600     0.12254  
271.700     0.12260  
271.800     0.12267  
271.900     0.12273  
272.000     0.12279  
272.100     0.12286  
272.200     0.12292  
272.300     0.12299  
272.400     0.12305  
272.500     0.12311  
272.600     0.12318  
272.700     0.12324  
272.800     0.12331  
272.900     0.12337  
273.000     0.12344  
273.100     0.12350  
273.200     0.12356  
273.300     0.12363  
273.400     0.12369  
273.500     0.12376  
273.600     0.12382  
273.700     0.12388  
273.800     0.12395  
273.900     0.12401  
274.000     0.12408  
274.100     0.12414  
274.200     0.12420  
274.300     0.12427  
274.400     0.12433  
274.500     0.12440  
274.600     0.12446  
274.700     0.12452  
274.800     0.12459  
274.900     0.12465  
275.000     0.12472  
275.100     0.12478  
275.200     0.12484  
275.300     0.12491  
275.400     0.12497  
275.500     0.12504  
275.600     0.12510  
275.700     0.12516  
275.800     0.12523  
275.900     0.12529  
276.000     0.12536  
276.100     0.12542  
276.200     0.12548  
276.300     0.12555  
276.400     0.12561  
276.500     0.12568  
276.600     0.12574  
276.700     0.12580  
276.800     0.12587  
276.900     0.12593  
277.000     0.12600  
277.100     0.12606  
277.200     0.12612  
277.300     0.12619  
277.400     0.12625  
277.500     0.12632  
277.600     0.12638  
277.700     0.12644  
277.800     0.12651  
277.900     0.12657  
278.000     0.12664  
278.100     0.12670  
278.200     0.12676  
278.300     0.12683  
278.400     0.12689  
278.500     0.12695  
278.600     0.12702  
278.700     0.12708  
278.800     0.12715  
278.900     0.12721  
279.000     0.12727  
279.100     0.12734  
279.200     0.12740  
279.300     0.12747  
279.400     0.12753  
279.500     0.12759  
279.600     0.12766  
279.700     0.12772  
279.800     0.12779  
279.900     0.12785  
280.000     0.12791  
280.100     0.12798  
280.200     0.12804  
280.300     0.12810  
280.400     0.12817  
280.500     0.12823  
280.600     0.12830  
280.700     0.12836  
280.800     0.12842  
280.900     0.12849  
281.000     0.12855  
281.100     0.12862  
281.200     0.12868  
281.300     0.12874  
281.400     0.12881  
281.500     0.12887  
281.600     0.12893  
281.700     0.12900  
281.800     0.12906  
281.900     0.12913  
282.000     0.12919  
282.100     0.12925  
282.200     0.12932  
282.300     0.12938  
282.400     0.12945  
282.500     0.12951  
282.600     0.12957  
282.700     0.12964  
282.800     0.12970  
282.900     0.12976  
283.000     0.12983  
283.100     0.12989  
283.200     0.12996  
283.300     0.13002  
283.400     0.13008  
283.500     0.13015  
283.600     0.13021  
283.700     0.13027  
283.800     0.13034  
283.900     0.13040  
284.000     0.13047  
284.100     0.13053  
284.200     0.13059  
284.300     0.13066  
284.400     0.13072  
284.500     0.13078  
284.600     0.13085  
284.700     0.13091  
284.800     0.13098  
284.900     0.13104  
285.000     0.13110  
285.100     0.13117  
285.200     0.13123  
285.300     0.13129  
285.400     0.13136  
285.500     0.13142  
285.600     0.13149  
285.700     0.13155  
285.800     0.13161  
285.900     0.13168  
286.000     0.13174  
286.100     0.13180  
286.200     0.13187  
286.300     0.13193  
286.400     0.13199  
286.500     0.13206  
286.600     0.13212  
286.700     0.13219  
286.800     0.13225  
286.900     0.13231  
287.000     0.13238  
287.100     0.13244  
287.200     0.13250  
287.300     0.13257  
287.400     0.13263  
287.500     0.13269  
287.600     0.13276  
287.700     0.13282  
287.800     0.13289  
287.900     0.13295  
288.000     0.13301  
288.100     0.13308  
288.200     0.13314  
288.300     0.13320  
288.400     0.13327  
288.500     0.13333  
288.600     0.13339  
288.700     0.13346  
288.800     0.13352  
288.900     0.13359  
289.000     0.13365  
289.100     0.13371  
289.200     0.13378  
289.300     0.13384  
289.400     0.13390  
289.500     0.13397  
289.600     0.13403  
289.700     0.13409  
289.800     0.13416  
289.900     0.13422  
290.000     0.13429  
290.100     0.13435  
290.200     0.13441  
290.300     0.13448  
290.400     0.13454  
290.500     0.13460  
290.600     0.13467  
290.700     0.13473  
290.800     0.13479  
290.900     0.13486  
291.000     0.13492  
291.100     0.13498  
291.200     0.13505  
291.300     0.13511  
291.400     0.13517  
291.500     0.13524  
291.600     0.13530  
291.700     0.13537  
291.800     0.13543  
291.900     0.13549  
292.000     0.13556  
292.100     0.13562  
292.200     0.13568  
292.300     0.13575  
292.400     0.13581  
292.500     0.13587  
292.600     0.13594  
292.700     0.13600  
292.800     0.13606  
292.900     0.13613  
293.000     0.13619  
293.100     0.13625  
293.200     0.13632  
293.300     0.13638  
293.400     0.13644  
293.500     0.13651  
293.600     0.13657  
293.700     0.13664  
293.800     0.13670  
293.900     0.13676  
294.000     0.13683  
294.100     0.13689  
294.200     0.13695  
294.300     0.13702  
294.400     0.13708  
294.500     0.13714  
294.600     0.13721  
294.700     0.13727  
294.800     0.13733  
294.900     0.13740  
295.000     0.13746  
295.100     0.13752  
295.200     0.13759  
295.300     0.13765  
295.400     0.13771  
295.500     0.13778  
295.600     0.13784  
295.700     0.13790  
295.800     0.13797  
295.900     0.13803  
296.000     0.13809  
296.100     0.13816  
296.200     0.13822  
296.300     0.13828  
296.400     0.13835  
296.500     0.13841  
296.600     0.13847  
296.700     0.13854  
296.800     0.13860  
296.900     0.13866  
297.000     0.13873  
297.100     0.13879  
297.200     0.13885  
297.300     0.13892  
297.400     0.13898  
297.500     0.13904  
297.600     0.13911  
297.700     0.13917  
297.800     0.13923  
297.900     0.13930  
298.000     0.13936  
298.100     0.13942  
298.200     0.13949  
298.300     0.13955  
298.400     0.13961  
298.500     0.13968  
298.600     0.13974  
298.700     0.13980  
298.800     0.13987  
298.900     0.13993  
299.000     0.13999  
299.100     0.14006  
299.200     0.14012  
299.300     0.14018  
299.400     0.14025  
299.500     0.14031  
299.600     0.14037  
299.700     0.14044  
299.800     0.14050  
299.900     0.14056  
300.000     0.14063  
300.100     0.14069  
300.200     0.14075  
300.300     0.14082  
300.400     0.14088  
300.500     0.14094  
300.600     0.14101  
300.700     0.14107  
300.800     0.14113  
300.900     0.14120  
301.000     0.14126  
301.100     0.14132  
301.200     0.14139  
301.300     0.14145  
301.400     0.14151  
301.500     0.14158  
301.600     0.14164  
301.700     0.14170  
301.800     0.14176  
301.900     0.14183  
302.000     0.14189  
302.100     0.14195  
302.200     0.14202  
302.300     0.14208  
302.400     0.14214  
302.500     0.14221  
302.600     0.14227  
302.700     0.14233  
302.800     0.14240  
302.900     0.14246  
303.000     0.14252  
303.100     0.14259  
303.200     0.14265  
303.300     0.14271  
303.400     0.14278  
303.500     0.14284  
303.600     0.14290  
303.700     0.14296  
303.800     0.14303  
303.900     0.14309  
304.000     0.14315  
304.100     0.14322  
304.200     0.14328  
304.300     0.14334  
304.400     0.14341  
304.500     0.14347  
304.600     0.14353  
304.700     0.14360  
304.800     0.14366  
304.900     0.14372  
305.000     0.14379  
305.100     0.14385  
305.200     0.14391  
305.300     0.14397  
305.400     0.14404  
305.500     0.14410  
305.600     0.14416  
305.700     0.14423  
305.800     0.14429  
305.900     0.14435  
306.000     0.14442  
306.100     0.14448  
306.200     0.14454  
306.300     0.14460  
306.400     0.14467  
306.500     0.14473  
306.600     0.14479  
306.700     0.14486  
306.800     0.14492  
306.900     0.14498  
307.000     0.14505  
307.100     0.14511  
307.200     0.14517  
307.300     0.14524  
307.400     0.14530  
307.500     0.14536  
307.600     0.14542  
307.700     0.14549  
307.800     0.14555  
307.900     0.14561  
308.000     0.14568  
308.100     0.14574  
308.200     0.14580  
308.300     0.14587  
308.400     0.14593  
308.500     0.14599  
308.600     0.14605  
308.700     0.14612  
308.800     0.14618  
308.900     0.14624  
309.000     0.14631  
309.100     0.14637  
309.200     0.14643  
309.300     0.14650  
309.400     0.14656  
309.500     0.14662  
309.600     0.14668  
309.700     0.14675  
309.800     0.14681  
309.900     0.14687  
310.000     0.14694  
310.100     0.14700  
310.200     0.14706  
310.300     0.14712  
310.400     0.14719  
310.500     0.14725  
310.600     0.14731  
310.700     0.14738  
310.800     0.14744  
310.900     0.14750  
311.000     0.14757  
311.100     0.14763  
311.200     0.14769  
311.300     0.14775  
311.400     0.14782  
311.500     0.14788  
311.600     0.14794  
311.700     0.14801  
311.800     0.14807  
311.900     0.14813  
312.000     0.14819  
312.100     0.14826  
312.200     0.14832  
312.300     0.14838  
312.400     0.14845  
312.500     0.14851  
312.600     0.14857  
312.700     0.14863  
312.800     0.14870  
312.900     0.14876  
313.000     0.14882  
313.100     0.14889  
313.200     0.14895  
313.300     0.14901  
313.400     0.14907  
313.500     0.14914  
313.600     0.14920  
313.700     0.14926  
313.800     0.14932  
313.900     0.14939  
314.000     0.14945  
314.100     0.14951  
314.200     0.14958  
314.300     0.14964  
314.400     0.14970  
314.500     0.14976  
314.600     0.14983  
314.700     0.14989  
314.800     0.14995  
314.900     0.15002  
315.000     0.15008  
315.100     0.15014  
315.200     0.15020  
315.300     0.15027  
315.400     0.15033  
315.500     0.15039  
315.600     0.15045  
315.700     0.15052  
315.800     0.15058  
315.900     0.15064  
316.000     0.15071  
316.100     0.15077  
316.200     0.15083  
316.300     0.15089  
316.400     0.15096  
316.500     0.15102  
316.600     0.15108  
316.700     0.15114  
316.800     0.15121  
316.900     0.15127  
317.000     0.15133  
317.100     0.15140  
317.200     0.15146  
317.300     0.15152  
317.400     0.15158  
317.500     0.15165  
317.600     0.15171  
317.700     0.15177  
317.800     0.15183  
317.900     0.15190  
318.000     0.15196  
318.100     0.15202  
318.200     0.15208  
318.300     0.15215  
318.400     0.15221  
318.500     0.15227  
318.600     0.15234  
318.700     0.15240  
318.800     0.15246  
318.900     0.15252  
319.000     0.15259  
319.100     0.15265  
319.200     0.15271  
319.300     0.15277  
319.400     0.15284  
319.500     0.15290  
319.600     0.15296  
319.700     0.15302  
319.800     0.15309  
319.900     0.15315  
320.000     0.15321  
320.100     0.15327  
320.200     0.15334  
320.300     0.15340  
320.400     0.15346  
320.500     0.15352  
320.600     0.15359  
320.700     0.15365  
320.800     0.15371  
320.900     0.15378  
321.000     0.15384  
321.100     0.15390  
321.200     0.15396  
321.300     0.15403  
321.400     0.15409  
321.500     0.15415  
321.600     0.15421  
321.700     0.15428  
321.800     0.15434  
321.900     0.15440  
322.000     0.15446  
322.100     0.15453  
322.200     0.15459  
322.300     0.15465  
322.400     0.15471  
322.500     0.15478  
322.600     0.15484  
322.700     0.15490  
322.800     0.15496  
322.900     0.15503  
323.000     0.15509  
323.100     0.15515  
323.200     0.15521  
323.300     0.15528  
323.400     0.15534  
323.500     0.15540  
323.600     0.15546  
323.700     0.15553  
323.800     0.15559  
323.900     0.15565  
324.000     0.15571  
324.100     0.15578  
324.200     0.15584  
324.300     0.15590  
324.400     0.15596  
324.500     0.15602  
324.600     0.15609  
324.700     0.15615  
324.800     0.15621  
324.900     0.15627  
325.000     0.15634  
325.100     0.15640  
325.200     0.15646  
325.300     0.15652  
325.400     0.15659  
325.500     0.15665  
325.600     0.15671  
325.700     0.15677  
325.800     0.15684  
325.900     0.15690  
326.000     0.15696  
326.100     0.15702  
326.200     0.15709  
326.300     0.15715  
326.400     0.15721  
326.500     0.15727  
326.600     0.15734  
326.700     0.15740  
326.800     0.15746  
326.900     0.15752  
327.000     0.15758  
327.100     0.15765  
327.200     0.15771  
327.300     0.15777  
327.400     0.15783  
327.500     0.15790  
327.600     0.15796  
327.700     0.15802  
327.800     0.15808  
327.900     0.15815  
328.000     0.15821  
328.100     0.15827  
328.200     0.15833  
328.300     0.15840  
328.400     0.15846  
328.500     0.15852  
328.600     0.15858  
328.700     0.15864  
328.800     0.15871  
328.900     0.15877  
329.000     0.15883  
329.100     0.15889  
329.200     0.15896  
329.300     0.15902  
329.400     0.15908  
329.500     0.15914  
329.600     0.15920  
329.700     0.15927  
329.800     0.15933  
329.900     0.15939  
330.000     0.15945  
330.100     0.15952  
330.200     0.15958  
330.300     0.15964  
330.400     0.15970  
330.500     0.15977  
330.600     0.15983  
330.700     0.15989  
330.800     0.15995  
330.900     0.16001  
331.000     0.16008  
331.100     0.16014  
331.200     0.16020  
331.300     0.16026  
331.400     0.16033  
331.500     0.16039  
331.600     0.16045  
331.700     0.16051  
331.800     0.16057  
331.900     0.16064  
332.000     0.16070  
332.100     0.16076  
332.200     0.16082  
332.300     0.16088  
332.400     0.16095  
332.500     0.16101  
332.600     0.16107  
332.700     0.16113  
332.800     0.16120  
332.900     0.16126  
333.000     0.16132  
333.100     0.16138  
333.200     0.16144  
333.300     0.16151  
333.400     0.16157  
333.500     0.16163  
333.600     0.16169  
333.700     0.16175  
333.800     0.16182  
333.900     0.16188  
334.000     0.16194  
334.100     0.16200  
334.200     0.16207  
334.300     0.16213  
334.400     0.16219  
334.500     0.16225  
334.600     0.16231  
334.700     0.16238  
334.800     0.16244  
334.900     0.16250  
335.000     0.16256  
335.100     0.16262  
335.200     0.16269  
335.300     0.16275  
335.400     0.16281  
335.500     0.16287  
335.600     0.16293  
335.700     0.16300  
335.800     0.16306  
335.900     0.16312  
336.000     0.16318  
336.100     0.16324  
336.200     0.16331  
336.300     0.16337  
336.400     0.16343  
336.500     0.16349  
336.600     0.16355  
336.700     0.16362  
336.800     0.16368  
336.900     0.16374  
337.000     0.16380  
337.100     0.16386  
337.200     0.16393  
337.300     0.16399  
337.400     0.16405  
337.500     0.16411  
337.600     0.16417  
337.700     0.16424  
337.800     0.16430  
337.900     0.16436  
338.000     0.16442  
338.100     0.16448  
338.200     0.16455  
338.300     0.16461  
338.400     0.16467  
338.500     0.16473  
338.600     0.16479  
338.700     0.16486  
338.800     0.16492  
338.900     0.16498  
339.000     0.16504  
339.100     0.16510  
339.200     0.16517  
339.300     0.16523  
339.400     0.16529  
339.500     0.16535  
339.600     0.16541  
339.700     0.16548  
339.800     0.16554  
339.900     0.16560  
340.000     0.16566  
340.100     0.16572  
340.200     0.16578  
340.300     0.16585  
340.400     0.16591  
340.500     0.16597  
340.600     0.16603  
340.700     0.16609  
340.800     0.16616  
340.900     0.16622  
341.000     0.16628  
341.100     0.16634  
341.200     0.16640  
341.300     0.16647  
341.400     0.16653  
341.500     0.16659  
341.600     0.16665  
341.700     0.16671  
341.800     0.16677  
341.900     0.16684  
342.000     0.16690  
342.100     0.16696  
342.200     0.16702  
342.300     0.16708  
342.400     0.16715  
342.500     0.16721  
342.600     0.16727  
342.700     0.16733  
342.800     0.16739  
342.900     0.16745  
343.000     0.16752  
343.100     0.16758  
343.200     0.16764  
343.300     0.16770  
343.400     0.16776  
343.500     0.16783  
343.600     0.16789  
343.700     0.16795  
343.800     0.16801  
343.900     0.16807  
344.000     0.16813  
344.100     0.16820  
344.200     0.16826  
344.300     0.16832  
344.400     0.16838  
344.500     0.16844  
344.600     0.16851  
344.700     0.16857  
344.800     0.16863  
344.900     0.16869  
345.000     0.16875  
345.100     0.16881  
345.200     0.16888  
345.300     0.16894  
345.400     0.16900  
345.500     0.16906  
345.600     0.16912  
345.700     0.16918  
345.800     0.16925  
345.900     0.16931  
346.000     0.16937  
346.100     0.16943  
346.200     0.16949  
346.300     0.16955  
346.400     0.16962  
346.500     0.16968  
346.600     0.16974  
346.700     0.16980  
346.800     0.16986  
346.900     0.16992  
347.000     0.16999  
347.100     0.17005  
347.200     0.17011  
347.300     0.17017  
347.400     0.17023  
347.500     0.17029  
347.600     0.17036  
347.700     0.17042  
347.800     0.17048  
347.900     0.17054  
348.000     0.17060  
348.100     0.17066  
348.200     0.17073  
348.300     0.17079  
348.400     0.17085  
348.500     0.17091  
348.600     0.17097  
348.700     0.17103  
348.800     0.17110  
348.900     0.17116  
349.000     0.17122  
349.100     0.17128  
349.200     0.17134  
349.300     0.17140  
349.400     0.17147  
349.500     0.17153  
349.600     0.17159  
349.700     0.17165  
349.800     0.17171  
349.900     0.17177  
350.000     0.17183  