0.000     0.00000  
  0.100     0.00000  
  0.200     0.00000  
  0.300     0.00000  
  0.400     0.00000  
  0.500     0.00000  
  0.600     0.00000  
  0.700     0.00000  
  0.800     0.00000  
  0.900     0.00000  
  1.000     0.00000  
  1.100     0.00000  
  1.200     0.00000  
  1.300     0.00000  
  1.400     0.00000  
  1.500     0.00000  
  1.600     0.00000  
  1.700     0.00000  
  1.800    -0.00001  
  1.900    -0.00001  
  2.000    -0.00001  
  2.100    -0.00001  
  2.200    -0.00001  
  2.300    -0.00001  
  2.400    -0.00002  
  2.500    -0.00002  
  2.600    -0.00002  
  2.700    -0.00003  
  2.800    -0.00003  
  2.900    -0.00003  
  3.000    -0.00004  
  3.100    -0.00005  
  3.200    -0.00005  
  3.300    -0.00006  
  3.400    -0.00007  
  3.500    -0.00008  
  3.600    -0.00009  
  3.700    -0.00009  
  3.800    -0.00010  
  3.900    -0.00011  
  4.000    -0.00012  
  4.100    -0.00013  
  4.200    -0.00015  
  4.300    -0.00016  
  4.400    -0.00018  
  4.500    -0.00019  
  4.600    -0.00021  
  4.700    -0.00022  
  4.800    -0.00024  
  4.900    -0.00026  
  5.000    -0.00027  
  5.100    -0.00029  
  5.200    -0.00032  
  5.300    -0.00034  
  5.400    -0.00037  
  5.500    -0.00040  
  5.600    -0.00042  
  5.700    -0.00045  
  5.800    -0.00047  
  5.900    -0.00050  
  6.000    -0.00053  
  6.100    -0.00056  
  6.200    -0.00060  
  6.300    -0.00064  
  6.400    -0.00068  
  6.500    -0.00072  
  6.600    -0.00075  
  6.700    -0.00079  
  6.800    -0.00083  
  6.900    -0.00087  
  7.000    -0.00091  
  7.100    -0.00096  
  7.200    -0.00101  
  7.300    -0.00106  
  7.400    -0.00112  
  7.500    -0.00117  
  7.600    -0.00122  
  7.700    -0.00127  
  7.800    -0.00132  
  7.900    -0.00138  
  8.000    -0.00144  
  8.100    -0.00150  
  8.200    -0.00157  
  8.300    -0.00164  
  8.400    -0.00171  
  8.500    -0.00178  
  8.600    -0.00185  
  8.700    -0.00192  
  8.800    -0.00198  
  8.900    -0.00205  
  9.000    -0.00213  
  9.100    -0.00221  
  9.200    -0.00230  
  9.300    -0.00238  
  9.400    -0.00247  
  9.500    -0.00256  
  9.600    -0.00265  
  9.700    -0.00273  
  9.800    -0.00281  
  9.900    -0.00290  
 10.000    -0.00299  
 10.100    -0.00309  
 10.200    -0.00320  
 10.300    -0.00331  
 10.400    -0.00343  
 10.500    -0.00355  
 10.600    -0.00367  
 10.700    -0.00379  
 10.800    -0.00391  
 10.900    -0.00403  
 11.000    -0.00415  
 11.100    -0.00426  
 11.200    -0.00437  
 11.300    -0.00448  
 11.400    -0.00459  
 11.500    -0.00470  
 11.600    -0.00481  
 11.700    -0.00492  
 11.800    -0.00504  
 11.900    -0.00517  
 12.000    -0.00530  
 12.100    -0.00544  
 12.200    -0.00558  
 12.300    -0.00573  
 12.400    -0.00589  
 12.500    -0.00605  
 12.600    -0.00621  
 12.700    -0.00637  
 12.800    -0.00653  
 12.900    -0.00669  
 13.000    -0.00684  
 13.100    -0.00700  
 13.200    -0.00715  
 13.300    -0.00730  
 13.400    -0.00744  
 13.500    -0.00759  
 13.600    -0.00774  
 13.700    -0.00790  
 13.800    -0.00806  
 13.900    -0.00822  
 14.000    -0.00839  
 14.100    -0.00857  
 14.200    -0.00875  
 14.300    -0.00894  
 14.400    -0.00914  
 14.500    -0.00934  
 14.600    -0.00954  
 14.700    -0.00974  
 14.800    -0.00994  
 14.900    -0.01014  
 15.000    -0.01034  
 15.100    -0.01053  
 15.200    -0.01072  
 15.300    -0.01091  
 15.400    -0.01110  
 15.500    -0.01129  
 15.600    -0.01148  
 15.700    -0.01167  
 15.800    -0.01187  
 15.900    -0.01208  
 16.000    -0.01229  
 16.100    -0.01250  
 16.200    -0.01273  
 16.300    -0.01296  
 16.400    -0.01320  
 16.500    -0.01343  
 16.600    -0.01367  
 16.700    -0.01391  
 16.800    -0.01416  
 16.900    -0.01439  
 17.000    -0.01463  
 17.100    -0.01486  
 17.200    -0.01509  
 17.300    -0.01532  
 17.400    -0.01555  
 17.500    -0.01578  
 17.600    -0.01601  
 17.700    -0.01624  
 17.800    -0.01648  
 17.900    -0.01673  
 18.000    -0.01697  
 18.100    -0.01723  
 18.200    -0.01750  
 18.300    -0.01776  
 18.400    -0.01804  
 18.500    -0.01831  
 18.600    -0.01859  
 18.700    -0.01887  
 18.800    -0.01915  
 18.900    -0.01943  
 19.000    -0.01970  
 19.100    -0.01997  
 19.200    -0.02024  
 19.300    -0.02051  
 19.400    -0.02078  
 19.500    -0.02104  
 19.600    -0.02131  
 19.700    -0.02158  
 19.800    -0.02186  
 19.900    -0.02214  
 20.000    -0.02243  
 20.100    -0.02272  
 20.200    -0.02302  
 20.300    -0.02333  
 20.400    -0.02364  
 20.500    -0.02395  
 20.600    -0.02427  
 20.700    -0.02458  
 20.800    -0.02490  
 20.900    -0.02521  
 21.000    -0.02552  
 21.100    -0.02583  
 21.200    -0.02613  
 21.300    -0.02644  
 21.400    -0.02674  
 21.500    -0.02705  
 21.600    -0.02735  
 21.700    -0.02766  
 21.800    -0.02797  
 21.900    -0.02829  
 22.000    -0.02861  
 22.100    -0.02894  
 22.200    -0.02927  
 22.300    -0.02961  
 22.400    -0.02996  
 22.500    -0.03030  
 22.600    -0.03065  
 22.700    -0.03100  
 22.800    -0.03135  
 22.900    -0.03170  
 23.000    -0.03204  
 23.100    -0.03239  
 23.200    -0.03273  
 23.300    -0.03307  
 23.400    -0.03341  
 23.500    -0.03375  
 23.600    -0.03409  
 23.700    -0.03443  
 23.800    -0.03478  
 23.900    -0.03513  
 24.000    -0.03548  
 24.100    -0.03583  
 24.200    -0.03619  
 24.300    -0.03655  
 24.400    -0.03692  
 24.500    -0.03728  
 24.600    -0.03765  
 24.700    -0.03803  
 24.800    -0.03840  
 24.900    -0.03877  
 25.000    -0.03915  
 25.100    -0.03953  
 25.200    -0.03990  
 25.300    -0.04028  
 25.400    -0.04066  
 25.500    -0.04104  
 25.600    -0.04142  
 25.700    -0.04181  
 25.800    -0.04219  
 25.900    -0.04258  
 26.000    -0.04298  
 26.100    -0.04338  
 26.200    -0.04378  
 26.300    -0.04418  
 26.400    -0.04459  
 26.500    -0.04499  
 26.600    -0.04540  
 26.700    -0.04581  
 26.800    -0.04621  
 26.900    -0.04662  
 27.000    -0.04702  
 27.100    -0.04743  
 27.200    -0.04783  
 27.300    -0.04823  
 27.400    -0.04863  
 27.500    -0.04903  
 27.600    -0.04943  
 27.700    -0.04983  
 27.800    -0.05024  
 27.900    -0.05065  
 28.000    -0.05107  
 28.100    -0.05149  
 28.200    -0.05192  
 28.300    -0.05235  
 28.400    -0.05278  
 28.500    -0.05322  
 28.600    -0.05365  
 28.700    -0.05409  
 28.800    -0.05452  
 28.900    -0.05496  
 29.000    -0.05539  
 29.100    -0.05582  
 29.200    -0.05624  
 29.300    -0.05667  
 29.400    -0.05709  
 29.500    -0.05752  
 29.600    -0.05795  
 29.700    -0.05838  
 29.800    -0.05882  
 29.900    -0.05926  
 30.000    -0.05971  
 30.100    -0.06016  
 30.200    -0.06062  
 30.300    -0.06109  
 30.400    -0.06156  
 30.500    -0.06204  
 30.600    -0.06252  
 30.700    -0.06300  
 30.800    -0.06348  
 30.900    -0.06396  
 31.000    -0.06444  
 31.100    -0.06492  
 31.200    -0.06540  
 31.300    -0.06587  
 31.400    -0.06635  
 31.500    -0.06682  
 31.600    -0.06729  
 31.700    -0.06776  
 31.800    -0.06824  
 31.900    -0.06871  
 32.000    -0.06918  
 32.100    -0.06965  
 32.200    -0.07012  
 32.300    -0.07059  
 32.400    -0.07107  
 32.500    -0.07154  
 32.600    -0.07201  
 32.700    -0.07249  
 32.800    -0.07296  
 32.900    -0.07344  
 33.000    -0.07391  
 33.100    -0.07439  
 33.200    -0.07487  
 33.300    -0.07534  
 33.400    -0.07582  
 33.500    -0.07629  
 33.600    -0.07677  
 33.700    -0.07724  
 33.800    -0.07771  
 33.900    -0.07818  
 34.000    -0.07865  
 34.100    -0.07911  
 34.200    -0.07958  
 34.300    -0.08004  
 34.400    -0.08051  
 34.500    -0.08098  
 34.600    -0.08145  
 34.700    -0.08192  
 34.800    -0.08240  
 34.900    -0.08289  
 35.000    -0.08339  
 35.100    -0.08389  
 35.200    -0.08440  
 35.300    -0.08491  
 35.400    -0.08544  
 35.500    -0.08596  
 35.600    -0.08649  
 35.700    -0.08702  
 35.800    -0.08755  
 35.900    -0.08809  
 36.000    -0.08862  
 36.100    -0.08915  
 36.200    -0.08967  
 36.300    -0.09020  
 36.400    -0.09072  
 36.500    -0.09125  
 36.600    -0.09177  
 36.700    -0.09229  
 36.800    -0.09281  
 36.900    -0.09333  
 37.000    -0.09385  
 37.100    -0.09437  
 37.200    -0.09489  
 37.300    -0.09542  
 37.400    -0.09594  
 37.500    -0.09646  
 37.600    -0.09699  
 37.700    -0.09751  
 37.800    -0.09803  
 37.900    -0.09856  
 38.000    -0.09908  
 38.100    -0.09961  
 38.200    -0.10013  
 38.300    -0.10066  
 38.400    -0.10118  
 38.500    -0.10171  
 38.600    -0.10223  
 38.700    -0.10275  
 38.800    -0.10328  
 38.900    -0.10380  
 39.000    -0.10432  
 39.100    -0.10483  
 39.200    -0.10535  
 39.300    -0.10586  
 39.400    -0.10638  
 39.500    -0.10690  
 39.600    -0.10742  
 39.700    -0.10795  
 39.800    -0.10847  
 39.900    -0.10901  
 40.000    -0.10955  
 40.100    -0.11009  
 40.200    -0.11065  
 40.300    -0.11120  
 40.400    -0.11176  
 40.500    -0.11233  
 40.600    -0.11289  
 40.700    -0.11346  
 40.800    -0.11403  
 40.900    -0.11460  
 41.000    -0.11517  
 41.100    -0.11573  
 41.200    -0.11630  
 41.300    -0.11686  
 41.400    -0.11743  
 41.500    -0.11799  
 41.600    -0.11855  
 41.700    -0.11911  
 41.800    -0.11967  
 41.900    -0.12023  
 42.000    -0.12079  
 42.100    -0.12135  
 42.200    -0.12191  
 42.300    -0.12247  
 42.400    -0.12303  
 42.500    -0.12359  
 42.600    -0.12416  
 42.700    -0.12472  
 42.800    -0.12528  
 42.900    -0.12585  
 43.000    -0.12641  
 43.100    -0.12697  
 43.200    -0.12754  
 43.300    -0.12810  
 43.400    -0.12866  
 43.500    -0.12923  
 43.600    -0.12979  
 43.700    -0.13035  
 43.800    -0.13091  
 43.900    -0.13147  
 44.000    -0.13203  
 44.100    -0.13259  
 44.200    -0.13314  
 44.300    -0.13370  
 44.400    -0.13426  
 44.500    -0.13482  
 44.600    -0.13538  
 44.700    -0.13594  
 44.800    -0.13651  
 44.900    -0.13708  
 45.000    -0.13765  
 45.100    -0.13823  
 45.200    -0.13881  
 45.300    -0.13940  
 45.400    -0.13999  
 45.500    -0.14059  
 45.600    -0.14118  
 45.700    -0.14178  
 45.800    -0.14237  
 45.900    -0.14297  
 46.000    -0.14357  
 46.100    -0.14416  
 46.200    -0.14476  
 46.300    -0.14535  
 46.400    -0.14594  
 46.500    -0.14653  
 46.600    -0.14713  
 46.700    -0.14772  
 46.800    -0.14831  
 46.900    -0.14890  
 47.000    -0.14949  
 47.100    -0.15008  
 47.200    -0.15067  
 47.300    -0.15126  
 47.400    -0.15185  
 47.500    -0.15244  
 47.600    -0.15303  
 47.700    -0.15363  
 47.800    -0.15422  
 47.900    -0.15481  
 48.000    -0.15541  
 48.100    -0.15600  
 48.200    -0.15659  
 48.300    -0.15718  
 48.400    -0.15778  
 48.500    -0.15837  
 48.600    -0.15896  
 48.700    -0.15955  
 48.800    -0.16014  
 48.900    -0.16073  
 49.000    -0.16132  
 49.100    -0.16191  
 49.200    -0.16250  
 49.300    -0.16309  
 49.400    -0.16368  
 49.500    -0.16427  
 49.600    -0.16486  
 49.700    -0.16545  
 49.800    -0.16604  
 49.900    -0.16664  
 50.000    -0.16724  
 50.100    -0.16785  
 50.200    -0.16846  
 50.300    -0.16907  
 50.400    -0.16968  
 50.500    -0.17030  
 50.600    -0.17091  
 50.700    -0.17153  
 50.800    -0.17215  
 50.900    -0.17277  
 51.000    -0.17339  
 51.100    -0.17400  
 51.200    -0.17462  
 51.300    -0.17523  
 51.400    -0.17585  
 51.500    -0.17646  
 51.600    -0.17708  
 51.700    -0.17769  
 51.800    -0.17830  
 51.900    -0.17891  
 52.000    -0.17953  
 52.100    -0.18014  
 52.200    -0.18076  
 52.300    -0.18137  
 52.400    -0.18198  
 52.500    -0.18260  
 52.600    -0.18321  
 52.700    -0.18383  
 52.800    -0.18444  
 52.900    -0.18506  
 53.000    -0.18567  
 53.100    -0.18629  
 53.200    -0.18690  
 53.300    -0.18752  
 53.400    -0.18813  
 53.500    -0.18875  
 53.600    -0.18936  
 53.700    -0.18997  
 53.800    -0.19059  
 53.900    -0.19120  
 54.000    -0.19181  
 54.100    -0.19243  
 54.200    -0.19304  
 54.300    -0.19365  
 54.400    -0.19426  
 54.500    -0.19487  
 54.600    -0.19549  
 54.700    -0.19610  
 54.800    -0.19672  
 54.900    -0.19734  
 55.000    -0.19796  
 55.100    -0.19858  
 55.200    -0.19921  
 55.300    -0.19984  
 55.400    -0.20047  
 55.500    -0.20110  
 55.600    -0.20173  
 55.700    -0.20236  
 55.800    -0.20300  
 55.900    -0.20363  
 56.000    -0.20426  
 56.100    -0.20490  
 56.200    -0.20553  
 56.300    -0.20616  
 56.400    -0.20679  
 56.500    -0.20742  
 56.600    -0.20805  
 56.700    -0.20868  
 56.800    -0.20931  
 56.900    -0.20994  
 57.000    -0.21057  
 57.100    -0.21120  
 57.200    -0.21183  
 57.300    -0.21246  
 57.400    -0.21309  
 57.500    -0.21372  
 57.600    -0.21435  
 57.700    -0.21499  
 57.800    -0.21562  
 57.900    -0.21625  
 58.000    -0.21688  
 58.100    -0.21751  
 58.200    -0.21814  
 58.300    -0.21877  
 58.400    -0.21940  
 58.500    -0.22004  
 58.600    -0.22067  
 58.700    -0.22130  
 58.800    -0.22193  
 58.900    -0.22256  
 59.000    -0.22319  
 59.100    -0.22381  
 59.200    -0.22444  
 59.300    -0.22507  
 59.400    -0.22570  
 59.500    -0.22633  
 59.600    -0.22696  
 59.700    -0.22759  
 59.800    -0.22822  
 59.900    -0.22886  
 60.000    -0.22949  
 60.100    -0.23013  
 60.200    -0.23077  
 60.300    -0.23141  
 60.400    -0.23205  
 60.500    -0.23270  
 60.600    -0.23334  
 60.700    -0.23398  
 60.800    -0.23463  
 60.900    -0.23527  
 61.000    -0.23592  
 61.100    -0.23656  
 61.200    -0.23720  
 61.300    -0.23785  
 61.400    -0.23849  
 61.500    -0.23913  
 61.600    -0.23977  
 61.700    -0.24042  
 61.800    -0.24106  
 61.900    -0.24170  
 62.000    -0.24234  
 62.100    -0.24298  
 62.200    -0.24362  
 62.300    -0.24427  
 62.400    -0.24491  
 62.500    -0.24555  
 62.600    -0.24619  
 62.700    -0.24684  
 62.800    -0.24748  
 62.900    -0.24812  
 63.000    -0.24876  
 63.100    -0.24941  
 63.200    -0.25005  
 63.300    -0.25069  
 63.400    -0.25133  
 63.500    -0.25198  
 63.600    -0.25262  
 63.700    -0.25326  
 63.800    -0.25390  
 63.900    -0.25455  
 64.000    -0.25519  
 64.100    -0.25583  
 64.200    -0.25647  
 64.300    -0.25711  
 64.400    -0.25775  
 64.500    -0.25839  
 64.600    -0.25903  
 64.700    -0.25968  
 64.800    -0.26032  
 64.900    -0.26097  
 65.000    -0.26161  
 65.100    -0.26226  
 65.200    -0.26291  
 65.300    -0.26355  
 65.400    -0.26420  
 65.500    -0.26485  
 65.600    -0.26551  
 65.700    -0.26616  
 65.800    -0.26681  
 65.900    -0.26746  
 66.000    -0.26811  
 66.100    -0.26876  
 66.200    -0.26941  
 66.300    -0.27006  
 66.400    -0.27071  
 66.500    -0.27136  
 66.600    -0.27201  
 66.700    -0.27266  
 66.800    -0.27331  
 66.900    -0.27396  
 67.000    -0.27461  
 67.100    -0.27526  
 67.200    -0.27591  
 67.300    -0.27656  
 67.400    -0.27721  
 67.500    -0.27786  
 67.600    -0.27851  
 67.700    -0.27916  
 67.800    -0.27981  
 67.900    -0.28046  
 68.000    -0.28111  
 68.100    -0.28176  
 68.200    -0.28241  
 68.300    -0.28306  
 68.400    -0.28371  
 68.500    -0.28436  
 68.600    -0.28501  
 68.700    -0.28566  
 68.800    -0.28631  
 68.900    -0.28696  
 69.000    -0.28761  
 69.100    -0.28826  
 69.200    -0.28891  
 69.300    -0.28956  
 69.400    -0.29021  
 69.500    -0.29086  
 69.600    -0.29151  
 69.700    -0.29216  
 69.800    -0.29281  
 69.900    -0.29346  
 70.000    -0.29411  
 70.100    -0.29476  
 70.200    -0.29541  
 70.300    -0.29607  
 70.400    -0.29672  
 70.500    -0.29738  
 70.600    -0.29803  
 70.700    -0.29869  
 70.800    -0.29934  
 70.900    -0.30000  
 71.000    -0.30065  
 71.100    -0.30131  
 71.200    -0.30196  
 71.300    -0.30262  
 71.400    -0.30327  
 71.500    -0.30393  
 71.600    -0.30458  
 71.700    -0.30523  
 71.800    -0.30589  
 71.900    -0.30654  
 72.000    -0.30720  
 72.100    -0.30785  
 72.200    -0.30851  
 72.300    -0.30916  
 72.400    -0.30981  
 72.500    -0.31047  
 72.600    -0.31112  
 72.700    -0.31178  
 72.800    -0.31243  
 72.900    -0.31309  
 73.000    -0.31374  
 73.100    -0.31440  
 73.200    -0.31505  
 73.300    -0.31570  
 73.400    -0.31636  
 73.500    -0.31701  
 73.600    -0.31767  
 73.700    -0.31832  
 73.800    -0.31898  
 73.900    -0.31963  
 74.000    -0.32029  
 74.100    -0.32094  
 74.200    -0.32159  
 74.300    -0.32225  
 74.400    -0.32290  
 74.500    -0.32356  
 74.600    -0.32421  
 74.700    -0.32487  
 74.800    -0.32552  
 74.900    -0.32617  
 75.000    -0.32683  
 75.100    -0.32749  
 75.200    -0.32814  
 75.300    -0.32880  
 75.400    -0.32945  
 75.500    -0.33011  
 75.600    -0.33077  
 75.700    -0.33142  
 75.800    -0.33208  
 75.900    -0.33274  
 76.000    -0.33339  
 76.100    -0.33405  
 76.200    -0.33470  
 76.300    -0.33536  
 76.400    -0.33602  
 76.500    -0.33667  
 76.600    -0.33733  
 76.700    -0.33799  
 76.800    -0.33864  
 76.900    -0.33930  
 77.000    -0.33995  
 77.100    -0.34061  
 77.200    -0.34127  
 77.300    -0.34192  
 77.400    -0.34258  
 77.500    -0.34323  
 77.600    -0.34389  
 77.700    -0.34455  
 77.800    -0.34520  
 77.900    -0.34586  
 78.000    -0.34652  
 78.100    -0.34717  
 78.200    -0.34783  
 78.300    -0.34848  
 78.400    -0.34914  
 78.500    -0.34980  
 78.600    -0.35045  
 78.700    -0.35111  
 78.800    -0.35177  
 78.900    -0.35242  
 79.000    -0.35308  
 79.100    -0.35373  
 79.200    -0.35439  
 79.300    -0.35505  
 79.400    -0.35570  
 79.500    -0.35636  
 79.600    -0.35702  
 79.700    -0.35767  
 79.800    -0.35833  
 79.900    -0.35898  
 80.000    -0.35964  
 80.100    -0.36030  
 80.200    -0.36095  
 80.300    -0.36161  
 80.400    -0.36226  
 80.500    -0.36292  
 80.600    -0.36358  
 80.700    -0.36423  
 80.800    -0.36489  
 80.900    -0.36554  
 81.000    -0.36620  
 81.100    -0.36686  
 81.200    -0.36751  
 81.300    -0.36817  
 81.400    -0.36882  
 81.500    -0.36948  
 81.600    -0.37014  
 81.700    -0.37079  
 81.800    -0.37145  
 81.900    -0.37210  
 82.000    -0.37276  
 82.100    -0.37341  
 82.200    -0.37407  
 82.300    -0.37473  
 82.400    -0.37538  
 82.500    -0.37604  
 82.600    -0.37669  
 82.700    -0.37735  
 82.800    -0.37801  
 82.900    -0.37866  
 83.000    -0.37932  
 83.100    -0.37997  
 83.200    -0.38063  
 83.300    -0.38129  
 83.400    -0.38194  
 83.500    -0.38260  
 83.600    -0.38325  
 83.700    -0.38391  
 83.800    -0.38456  
 83.900    -0.38522  
 84.000    -0.38588  
 84.100    -0.38653  
 84.200    -0.38719  
 84.300    -0.38785  
 84.400    -0.38850  
 84.500    -0.38916  
 84.600    -0.38981  
 84.700    -0.39047  
 84.800    -0.39113  
 84.900    -0.39178  
 85.000    -0.39244  
 85.100    -0.39309  
 85.200    -0.39375  
 85.300    -0.39440  
 85.400    -0.39505  
 85.500    -0.39571  
 85.600    -0.39636  
 85.700    -0.39701  
 85.800    -0.39767  
 85.900    -0.39832  
 86.000    -0.39897  
 86.100    -0.39963  
 86.200    -0.40028  
 86.300    -0.40093  
 86.400    -0.40159  
 86.500    -0.40224  
 86.600    -0.40290  
 86.700    -0.40355  
 86.800    -0.40420  
 86.900    -0.40486  
 87.000    -0.40551  
 87.100    -0.40617  
 87.200    -0.40682  
 87.300    -0.40747  
 87.400    -0.40813  
 87.500    -0.40878  
 87.600    -0.40944  
 87.700    -0.41009  
 87.800    -0.41074  
 87.900    -0.41140  
 88.000    -0.41205  
 88.100    -0.41270  
 88.200    -0.41336  
 88.300    -0.41401  
 88.400    -0.41466  
 88.500    -0.41532  
 88.600    -0.41597  
 88.700    -0.41663  
 88.800    -0.41728  
 88.900    -0.41793  
 89.000    -0.41859  
 89.100    -0.41924  
 89.200    -0.41990  
 89.300    -0.42055  
 89.400    -0.42121  
 89.500    -0.42186  
 89.600    -0.42251  
 89.700    -0.42317  
 89.800    -0.42382  
 89.900    -0.42447  
 90.000    -0.42513  
 90.100    -0.42578  
 90.200    -0.42643  
 90.300    -0.42708  
 90.400    -0.42773  
 90.500    -0.42838  
 90.600    -0.42903  
 90.700    -0.42968  
 90.800    -0.43033  
 90.900    -0.43098  
 91.000    -0.43163  
 91.100    -0.43228  
 91.200    -0.43293  
 91.300    -0.43358  
 91.400    -0.43423  
 91.500    -0.43488  
 91.600    -0.43553  
 91.700    -0.43618  
 91.800    -0.43683  
 91.900    -0.43748  
 92.000    -0.43813  
 92.100    -0.43878  
 92.200    -0.43943  
 92.300    -0.44008  
 92.400    -0.44074  
 92.500    -0.44139  
 92.600    -0.44204  
 92.700    -0.44269  
 92.800    -0.44334  
 92.900    -0.44399  
 93.000    -0.44464  
 93.100    -0.44529  
 93.200    -0.44594  
 93.300    -0.44659  
 93.400    -0.44724  
 93.500    -0.44789  
 93.600    -0.44854  
 93.700    -0.44919  
 93.800    -0.44984  
 93.900    -0.45049  
 94.000    -0.45114  
 94.100    -0.45179  
 94.200    -0.45244  
 94.300    -0.45309  
 94.400    -0.45374  
 94.500    -0.45440  
 94.600    -0.45505  
 94.700    -0.45570  
 94.800    -0.45635  
 94.900    -0.45700  
 95.000    -0.45764  
 95.100    -0.45829  
 95.200    -0.45894  
 95.300    -0.45958  
 95.400    -0.46023  
 95.500    -0.46088  
 95.600    -0.46152  
 95.700    -0.46217  
 95.800    -0.46281  
 95.900    -0.46346  
 96.000    -0.46410  
 96.100    -0.46475  
 96.200    -0.46539  
 96.300    -0.46604  
 96.400    -0.46668  
 96.500    -0.46733  
 96.600    -0.46797  
 96.700    -0.46862  
 96.800    -0.46927  
 96.900    -0.46991  
 97.000    -0.47056  
 97.100    -0.47120  
 97.200    -0.47185  
 97.300    -0.47249  
 97.400    -0.47314  
 97.500    -0.47379  
 97.600    -0.47443  
 97.700    -0.47508  
 97.800    -0.47572  
 97.900    -0.47637  
 98.000    -0.47701  
 98.100    -0.47766  
 98.200    -0.47830  
 98.300    -0.47895  
 98.400    -0.47959  
 98.500    -0.48024  
 98.600    -0.48089  
 98.700    -0.48153  
 98.800    -0.48218  
 98.900    -0.48282  
 99.000    -0.48347  
 99.100    -0.48412  
 99.200    -0.48476  
 99.300    -0.48541  
 99.400    -0.48606  
 99.500    -0.48670  
 99.600    -0.48735  
 99.700    -0.48799  
 99.800    -0.48864  
 99.900    -0.48928  
100.000    -0.48993  
100.100    -0.49057  
100.200    -0.49121  
100.300    -0.49185  
100.400    -0.49249  
100.500    -0.49313  
100.600    -0.49377  
100.700    -0.49440  
100.800    -0.49504  
100.900    -0.49568  
101.000    -0.49631  
101.100    -0.49695  
101.200    -0.49758  
101.300    -0.49822  
101.400    -0.49885  
101.500    -0.49949  
101.600    -0.50012  
101.700    -0.50076  
101.800    -0.50139  
101.900    -0.50203  
102.000    -0.50266  
102.100    -0.50330  
102.200    -0.50393  
102.300    -0.50457  
102.400    -0.50521  
102.500    -0.50584  
102.600    -0.50648  
102.700    -0.50711  
102.800    -0.50775  
102.900    -0.50839  
103.000    -0.50903  
103.100    -0.50966  
103.200    -0.51030  
103.300    -0.51094  
103.400    -0.51157  
103.500    -0.51221  
103.600    -0.51285  
103.700    -0.51349  
103.800    -0.51412  
103.900    -0.51476  
104.000    -0.51540  
104.100    -0.51604  
104.200    -0.51667  
104.300    -0.51731  
104.400    -0.51795  
104.500    -0.51859  
104.600    -0.51922  
104.700    -0.51986  
104.800    -0.52050  
104.900    -0.52113  
105.000    -0.52177  
105.100    -0.52241  
105.200    -0.52304  
105.300    -0.52368  
105.400    -0.52432  
105.500    -0.52495  
105.600    -0.52559  
105.700    -0.52623  
105.800    -0.52686  
105.900    -0.52750  
106.000    -0.52813  
106.100    -0.52877  
106.200    -0.52941  
106.300    -0.53004  
106.400    -0.53068  
106.500    -0.53132  
106.600    -0.53195  
106.700    -0.53259  
106.800    -0.53322  
106.900    -0.53386  
107.000    -0.53450  
107.100    -0.53513  
107.200    -0.53577  
107.300    -0.53641  
107.400    -0.53704  
107.500    -0.53768  
107.600    -0.53832  
107.700    -0.53896  
107.800    -0.53959  
107.900    -0.54023  
108.000    -0.54087  
108.100    -0.54151  
108.200    -0.54215  
108.300    -0.54279  
108.400    -0.54343  
108.500    -0.54407  
108.600    -0.54471  
108.700    -0.54535  
108.800    -0.54598  
108.900    -0.54662  
109.000    -0.54726  
109.100    -0.54790  
109.200    -0.54854  
109.300    -0.54917  
109.400    -0.54981  
109.500    -0.55044  
109.600    -0.55108  
109.700    -0.55171  
109.800    -0.55235  
109.900    -0.55298  
110.000    -0.55361  
110.100    -0.55424  
110.200    -0.55486  
110.300    -0.55549  
110.400    -0.55612  
110.500    -0.55674  
110.600    -0.55737  
110.700    -0.55799  
110.800    -0.55861  
110.900    -0.55923  
111.000    -0.55986  
111.100    -0.56048  
111.200    -0.56110  
111.300    -0.56172  
111.400    -0.56234  
111.500    -0.56296  
111.600    -0.56358  
111.700    -0.56420  
111.800    -0.56482  
111.900    -0.56544  
112.000    -0.56606  
112.100    -0.56668  
112.200    -0.56730  
112.300    -0.56792  
112.400    -0.56855  
112.500    -0.56917  
112.600    -0.56979  
112.700    -0.57041  
112.800    -0.57104  
112.900    -0.57166  
113.000    -0.57228  
113.100    -0.57290  
113.200    -0.57353  
113.300    -0.57415  
113.400    -0.57477  
113.500    -0.57540  
113.600    -0.57602  
113.700    -0.57664  
113.800    -0.57727  
113.900    -0.57789  
114.000    -0.57851  
114.100    -0.57914  
114.200    -0.57976  
114.300    -0.58038  
114.400    -0.58101  
114.500    -0.58163  
114.600    -0.58225  
114.700    -0.58288  
114.800    -0.58350  
114.900    -0.58412  
115.000    -0.58475  
115.100    -0.58537  
115.200    -0.58599  
115.300    -0.58661  
115.400    -0.58724  
115.500    -0.58786  
115.600    -0.58848  
115.700    -0.58910  
115.800    -0.58972  
115.900    -0.59035  
116.000    -0.59097  
116.100    -0.59159  
116.200    -0.59221  
116.300    -0.59283  
116.400    -0.59346  
116.500    -0.59408  
116.600    -0.59470  
116.700    -0.59532  
116.800    -0.59594  
116.900    -0.59657  
117.000    -0.59719  
117.100    -0.59781  
117.200    -0.59843  
117.300    -0.59906  
117.400    -0.59968  
117.500    -0.60030  
117.600    -0.60093  
117.700    -0.60155  
117.800    -0.60217  
117.900    -0.60280  
118.000    -0.60342  
118.100    -0.60405  
118.200    -0.60467  
118.300    -0.60530  
118.400    -0.60592  
118.500    -0.60655  
118.600    -0.60718  
118.700    -0.60780  
118.800    -0.60843  
118.900    -0.60905  
119.000    -0.60968  
119.100    -0.61030  
119.200    -0.61092  
119.300    -0.61155  
119.400    -0.61217  
119.500    -0.61279  
119.600    -0.61341  
119.700    -0.61403  
119.800    -0.61465  
119.900    -0.61526  
120.000    -0.61588  
120.100    -0.61649  
120.200    -0.61710  
120.300    -0.61772  
120.400    -0.61833  
120.500    -0.61893  
120.600    -0.61954  
120.700    -0.62015  
120.800    -0.62076  
120.900    -0.62136  
121.000    -0.62197  
121.100    -0.62257  
121.200    -0.62318  
121.300    -0.62378  
121.400    -0.62439  
121.500    -0.62499  
121.600    -0.62559  
121.700    -0.62620  
121.800    -0.62680  
121.900    -0.62740  
122.000    -0.62801  
122.100    -0.62861  
122.200    -0.62922  
122.300    -0.62982  
122.400    -0.63043  
122.500    -0.63104  
122.600    -0.63164  
122.700    -0.63225  
122.800    -0.63285  
122.900    -0.63346  
123.000    -0.63407  
123.100    -0.63467  
123.200    -0.63528  
123.300    -0.63589  
123.400    -0.63650  
123.500    -0.63710  
123.600    -0.63771  
123.700    -0.63832  
123.800    -0.63893  
123.900    -0.63953  
124.000    -0.64014  
124.100    -0.64075  
124.200    -0.64136  
124.300    -0.64196  
124.400    -0.64257  
124.500    -0.64318  
124.600    -0.64378  
124.700    -0.64439  
124.800    -0.64500  
124.900    -0.64560  
125.000    -0.64621  
125.100    -0.64682  
125.200    -0.64742  
125.300    -0.64803  
125.400    -0.64864  
125.500    -0.64924  
125.600    -0.64985  
125.700    -0.65046  
125.800    -0.65106  
125.900    -0.65167  
126.000    -0.65227  
126.100    -0.65288  
126.200    -0.65348  
126.300    -0.65409  
126.400    -0.65470  
126.500    -0.65530  
126.600    -0.65591  
126.700    -0.65651  
126.800    -0.65712  
126.900    -0.65772  
127.000    -0.65833  
127.100    -0.65894  
127.200    -0.65954  
127.300    -0.66015  
127.400    -0.66076  
127.500    -0.66136  
127.600    -0.66197  
127.700    -0.66258  
127.800    -0.66319  
127.900    -0.66380  
128.000    -0.66440  
128.100    -0.66501  
128.200    -0.66562  
128.300    -0.66623  
128.400    -0.66684  
128.500    -0.66745  
128.600    -0.66806  
128.700    -0.66867  
128.800    -0.66928  
128.900    -0.66989  
129.000    -0.67050  
129.100    -0.67111  
129.200    -0.67171  
129.300    -0.67232  
129.400    -0.67293  
129.500    -0.67353  
129.600    -0.67414  
129.700    -0.67474  
129.800    -0.67534  
129.900    -0.67594  
130.000    -0.67654  
130.100    -0.67714  
130.200    -0.67773  
130.300    -0.67833  
130.400    -0.67892  
130.500    -0.67951  
130.600    -0.68010  
130.700    -0.68069  
130.800    -0.68128  
130.900    -0.68187  
131.000    -0.68246  
131.100    -0.68304  
131.200    -0.68363  
131.300    -0.68422  
131.400    -0.68480  
131.500    -0.68539  
131.600    -0.68598  
131.700    -0.68656  
131.800    -0.68715  
131.900    -0.68773  
132.000    -0.68832  
132.100    -0.68891  
132.200    -0.68950  
132.300    -0.69008  
132.400    -0.69067  
132.500    -0.69126  
132.600    -0.69185  
132.700    -0.69244  
132.800    -0.69303  
132.900    -0.69362  
133.000    -0.69421  
133.100    -0.69479  
133.200    -0.69538  
133.300    -0.69597  
133.400    -0.69656  
133.500    -0.69715  
133.600    -0.69774  
133.700    -0.69833  
133.800    -0.69892  
133.900    -0.69951  
134.000    -0.70010  
134.100    -0.70069  
134.200    -0.70128  
134.300    -0.70187  
134.400    -0.70246  
134.500    -0.70305  
134.600    -0.70364  
134.700    -0.70423  
134.800    -0.70482  
134.900    -0.70541  
135.000    -0.70600  
135.100    -0.70659  
135.200    -0.70718  
135.300    -0.70777  
135.400    -0.70836  
135.500    -0.70895  
135.600    -0.70953  
135.700    -0.71012  
135.800    -0.71071  
135.900    -0.71130  
136.000    -0.71189  
136.100    -0.71248  
136.200    -0.71306  
136.300    -0.71365  
136.400    -0.71424  
136.500    -0.71483  
136.600    -0.71542  
136.700    -0.71601  
136.800    -0.71659  
136.900    -0.71718  
137.000    -0.71777  
137.100    -0.71836  
137.200    -0.71895  
137.300    -0.71954  
137.400    -0.72013  
137.500    -0.72072  
137.600    -0.72131  
137.700    -0.72190  
137.800    -0.72249  
137.900    -0.72308  
138.000    -0.72367  
138.100    -0.72426  
138.200    -0.72486  
138.300    -0.72545  
138.400    -0.72604  
138.500    -0.72663  
138.600    -0.72723  
138.700    -0.72782  
138.800    -0.72841  
138.900    -0.72900  
139.000    -0.72959  
139.100    -0.73018  
139.200    -0.73077  
139.300    -0.73136  
139.400    -0.73195  
139.500    -0.73254  
139.600    -0.73312  
139.700    -0.73371  
139.800    -0.73429  
139.900    -0.73487  
140.000    -0.73545  
140.100    -0.73603  
140.200    -0.73661  
140.300    -0.73719  
140.400    -0.73776  
140.500    -0.73834  
140.600    -0.73891  
140.700    -0.73948  
140.800    -0.74005  
140.900    -0.74062  
141.000    -0.74119  
141.100    -0.74176  
141.200    -0.74233  
141.300    -0.74290  
141.400    -0.74347  
141.500    -0.74403  
141.600    -0.74460  
141.700    -0.74517  
141.800    -0.74574  
141.900    -0.74630  
142.000    -0.74687  
142.100    -0.74744  
142.200    -0.74801  
142.300    -0.74858  
142.400    -0.74915  
142.500    -0.74972  
142.600    -0.75029  
142.700    -0.75086  
142.800    -0.75143  
142.900    -0.75200  
143.000    -0.75257  
143.100    -0.75314  
143.200    -0.75372  
143.300    -0.75429  
143.400    -0.75486  
143.500    -0.75543  
143.600    -0.75600  
143.700    -0.75657  
143.800    -0.75715  
143.900    -0.75772  
144.000    -0.75829  
144.100    -0.75886  
144.200    -0.75943  
144.300    -0.76000  
144.400    -0.76057  
144.500    -0.76115  
144.600    -0.76172  
144.700    -0.76229  
144.800    -0.76286  
144.900    -0.76343  
145.000    -0.76400  
145.100    -0.76457  
145.200    -0.76514  
145.300    -0.76571  
145.400    -0.76628  
145.500    -0.76685  
145.600    -0.76742  
145.700    -0.76799  
145.800    -0.76856  
145.900    -0.76913  
146.000    -0.76970  
146.100    -0.77027  
146.200    -0.77084  
146.300    -0.77141  
146.400    -0.77198  
146.500    -0.77255  
146.600    -0.77312  
146.700    -0.77369  
146.800    -0.77426  
146.900    -0.77483  
147.000    -0.77540  
147.100    -0.77598  
147.200    -0.77655  
147.300    -0.77712  
147.400    -0.77769  
147.500    -0.77826  
147.600    -0.77883  
147.700    -0.77940  
147.800    -0.77998  
147.900    -0.78055  
148.000    -0.78112  
148.100    -0.78170  
148.200    -0.78227  
148.300    -0.78284  
148.400    -0.78342  
148.500    -0.78399  
148.600    -0.78457  
148.700    -0.78514  
148.800    -0.78571  
148.900    -0.78629  
149.000    -0.78686  
149.100    -0.78743  
149.200    -0.78800  
149.300    -0.78858  
149.400    -0.78914  
149.500    -0.78971  
149.600    -0.79028  
149.700    -0.79085  
149.800    -0.79141  
149.900    -0.79198  
150.000    -0.79254  
150.100    -0.79310  
150.200    -0.79366  
150.300    -0.79422  
150.400    -0.79477  
150.500    -0.79533  
150.600    -0.79588  
150.700    -0.79643  
150.800    -0.79699  
150.900    -0.79754  
151.000    -0.79809  
151.100    -0.79864  
151.200    -0.79919  
151.300    -0.79974  
151.400    -0.80029  
151.500    -0.80083  
151.600    -0.80138  
151.700    -0.80193  
151.800    -0.80248  
151.900    -0.80303  
152.000    -0.80358  
152.100    -0.80413  
152.200    -0.80468  
152.300    -0.80523  
152.400    -0.80578  
152.500    -0.80633  
152.600    -0.80688  
152.700    -0.80743  
152.800    -0.80798  
152.900    -0.80854  
153.000    -0.80909  
153.100    -0.80964  
153.200    -0.81019  
153.300    -0.81075  
153.400    -0.81130  
153.500    -0.81185  
153.600    -0.81241  
153.700    -0.81296  
153.800    -0.81351  
153.900    -0.81406  
154.000    -0.81462  
154.100    -0.81517  
154.200    -0.81572  
154.300    -0.81627  
154.400    -0.81683  
154.500    -0.81738  
154.600    -0.81793  
154.700    -0.81848  
154.800    -0.81904  
154.900    -0.81959  
155.000    -0.82014  
155.100    -0.82069  
155.200    -0.82124  
155.300    -0.82180  
155.400    -0.82235  
155.500    -0.82290  
155.600    -0.82345  
155.700    -0.82400  
155.800    -0.82455  
155.900    -0.82510  
156.000    -0.82565  
156.100    -0.82621  
156.200    -0.82676  
156.300    -0.82731  
156.400    -0.82786  
156.500    -0.82841  
156.600    -0.82896  
156.700    -0.82951  
156.800    -0.83006  
156.900    -0.83061  
157.000    -0.83117  
157.100    -0.83172  
157.200    -0.83227  
157.300    -0.83282  
157.400    -0.83337  
157.500    -0.83392  
157.600    -0.83447  
157.700    -0.83503  
157.800    -0.83558  
157.900    -0.83613  
158.000    -0.83668  
158.100    -0.83723  
158.200    -0.83779  
158.300    -0.83834  
158.400    -0.83889  
158.500    -0.83944  
158.600    -0.84000  
158.700    -0.84055  
158.800    -0.84111  
158.900    -0.84166  
159.000    -0.84221  
159.100    -0.84277  
159.200    -0.84332  
159.300    -0.84388  
159.400    -0.84443  
159.500    -0.84499  
159.600    -0.84554  
159.700    -0.84609  
159.800    -0.84664  
159.900    -0.84719  
160.000    -0.84773  
160.100    -0.84828  
160.200    -0.84882  
160.300    -0.84936  
160.400    -0.84990  
160.500    -0.85043  
160.600    -0.85097  
160.700    -0.85150  
160.800    -0.85204  
160.900    -0.85257  
161.000    -0.85310  
161.100    -0.85363  
161.200    -0.85416  
161.300    -0.85469  
161.400    -0.85522  
161.500    -0.85574  
161.600    -0.85627  
161.700    -0.85680  
161.800    -0.85733  
161.900    -0.85786  
162.000    -0.85839  
162.100    -0.85892  
162.200    -0.85945  
162.300    -0.85998  
162.400    -0.86051  
162.500    -0.86104  
162.600    -0.86157  
162.700    -0.86210  
162.800    -0.86263  
162.900    -0.86317  
163.000    -0.86370  
163.100    -0.86423  
163.200    -0.86477  
163.300    -0.86530  
163.400    -0.86583  
163.500    -0.86637  
163.600    -0.86690  
163.700    -0.86744  
163.800    -0.86797  
163.900    -0.86850  
164.000    -0.86904  
164.100    -0.86957  
164.200    -0.87011  
164.300    -0.87064  
164.400    -0.87117  
164.500    -0.87171  
164.600    -0.87224  
164.700    -0.87277  
164.800    -0.87330  
164.900    -0.87384  
165.000    -0.87437  
165.100    -0.87490  
165.200    -0.87543  
165.300    -0.87597  
165.400    -0.87650  
165.500    -0.87703  
165.600    -0.87756  
165.700    -0.87810  
165.800    -0.87863  
165.900    -0.87916  
166.000    -0.87969  
166.100    -0.88022  
166.200    -0.88075  
166.300    -0.88129  
166.400    -0.88182  
166.500    -0.88235  
166.600    -0.88288  
166.700    -0.88341  
166.800    -0.88394  
166.900    -0.88448  
167.000    -0.88501  
167.100    -0.88554  
167.200    -0.88607  
167.300    -0.88661  
167.400    -0.88714  
167.500    -0.88767  
167.600    -0.88821  
167.700    -0.88874  
167.800    -0.88927  
167.900    -0.88981  
168.000    -0.89034  
168.100    -0.89088  
168.200    -0.89142  
168.300    -0.89195  
168.400    -0.89249  
168.500    -0.89302  
168.600    -0.89356  
168.700    -0.89410  
168.800    -0.89463  
168.900    -0.89517  
169.000    -0.89570  
169.100    -0.89624  
169.200    -0.89677  
169.300    -0.89730  
169.400    -0.89783  
169.500    -0.89836  
169.600    -0.89889  
169.700    -0.89942  
169.800    -0.89995  
169.900    -0.90047  
170.000    -0.90100  
170.100    -0.90152  
170.200    -0.90204  
170.300    -0.90256  
170.400    -0.90308  
170.500    -0.90359  
170.600    -0.90411  
170.700    -0.90462  
170.800    -0.90513  
170.900    -0.90565  
171.000    -0.90616  
171.100    -0.90667  
171.200    -0.90718  
171.300    -0.90769  
171.400    -0.90820  
171.500    -0.90871  
171.600    -0.90922  
171.700    -0.90973  
171.800    -0.91024  
171.900    -0.91075  
172.000    -0.91126  
172.100    -0.91177  
172.200    -0.91228  
172.300    -0.91279  
172.400    -0.91330  
172.500    -0.91382  
172.600    -0.91433  
172.700    -0.91484  
172.800    -0.91535  
172.900    -0.91587  
173.000    -0.91638  
173.100    -0.91690  
173.200    -0.91741  
173.300    -0.91792  
173.400    -0.91844  
173.500    -0.91895  
173.600    -0.91947  
173.700    -0.91998  
173.800    -0.92049  
173.900    -0.92101  
174.000    -0.92152  
174.100    -0.92204  
174.200    -0.92255  
174.300    -0.92306  
174.400    -0.92358  
174.500    -0.92409  
174.600    -0.92460  
174.700    -0.92512  
174.800    -0.92563  
174.900    -0.92614  
175.000    -0.92666  
175.100    -0.92717  
175.200    -0.92768  
175.300    -0.92820  
175.400    -0.92871  
175.500    -0.92922  
175.600    -0.92973  
175.700    -0.93025  
175.800    -0.93076  
175.900    -0.93127  
176.000    -0.93178  
176.100    -0.93230  
176.200    -0.93281  
176.300    -0.93332  
176.400    -0.93383  
176.500    -0.93434  
176.600    -0.93486  
176.700    -0.93537  
176.800    -0.93588  
176.900    -0.93639  
177.000    -0.93691  
177.100    -0.93742  
177.200    -0.93793  
177.300    -0.93845  
177.400    -0.93896  
177.500    -0.93947  
177.600    -0.93999  
177.700    -0.94050  
177.800    -0.94102  
177.900    -0.94153  
178.000    -0.94205  
178.100    -0.94256  
178.200    -0.94308  
178.300    -0.94360  
178.400    -0.94411  
178.500    -0.94463  
178.600    -0.94515  
178.700    -0.94566  
178.800    -0.94618  
178.900    -0.94669  
179.000    -0.94721  
179.100    -0.94772  
179.200    -0.94824  
179.300    -0.94875  
179.400    -0.94926  
179.500    -0.94977  
179.600    -0.95028  
179.700    -0.95079  
179.800    -0.95130  
179.900    -0.95181  
180.000    -0.95231  
180.100    -0.95281  
180.200    -0.95331  
180.300    -0.95381  
180.400    -0.95431  
180.500    -0.95481  
180.600    -0.95530  
180.700    -0.95580  
180.800    -0.95629  
180.900    -0.95678  
181.000    -0.95728  
181.100    -0.95777  
181.200    -0.95826  
181.300    -0.95875  
181.400    -0.95924  
181.500    -0.95973  
181.600    -0.96022  
181.700    -0.96071  
181.800    -0.96120  
181.900    -0.96169  
182.000    -0.96218  
182.100    -0.96267  
182.200    -0.96316  
182.300    -0.96365  
182.400    -0.96415  
182.500    -0.96464  
182.600    -0.96513  
182.700    -0.96563  
182.800    -0.96612  
182.900    -0.96661  
183.000    -0.96711  
183.100    -0.96760  
183.200    -0.96809  
183.300    -0.96859  
183.400    -0.96908  
183.500    -0.96958  
183.600    -0.97007  
183.700    -0.97057  
183.800    -0.97106  
183.900    -0.97156  
184.000    -0.97205  
184.100    -0.97255  
184.200    -0.97304  
184.300    -0.97353  
184.400    -0.97403  
184.500    -0.97452  
184.600    -0.97502  
184.700    -0.97551  
184.800    -0.97600  
184.900    -0.97650  
185.000    -0.97699  
185.100    -0.97748  
185.200    -0.97798  
185.300    -0.97847  
185.400    -0.97896  
185.500    -0.97946  
185.600    -0.97995  
185.700    -0.98044  
185.800    -0.98094  
185.900    -0.98143  
186.000    -0.98192  
186.100    -0.98241  
186.200    -0.98291  
186.300    -0.98340  
186.400    -0.98389  
186.500    -0.98438  
186.600    -0.98488  
186.700    -0.98537  
186.800    -0.98586  
186.900    -0.98635  
187.000    -0.98685  
187.100    -0.98734  
187.200    -0.98783  
187.300    -0.98833  
187.400    -0.98882  
187.500    -0.98932  
187.600    -0.98981  
187.700    -0.99031  
187.800    -0.99080  
187.900    -0.99130  
188.000    -0.99179  
188.100    -0.99229  
188.200    -0.99279  
188.300    -0.99328  
188.400    -0.99378  
188.500    -0.99428  
188.600    -0.99477  
188.700    -0.99527  
188.800    -0.99577  
188.900    -0.99626  
189.000    -0.99676  
189.100    -0.99725  
189.200    -0.99775  
189.300    -0.99824  
189.400    -0.99873  
189.500    -0.99922  
189.600    -0.99971  
189.700    -1.00020  
189.800    -1.00069  
189.900    -1.00118  
190.000    -1.00166  
190.100    -1.00214  
190.200    -1.00263  
190.300    -1.00311  
190.400    -1.00358  
190.500    -1.00406  
190.600    -1.00454  
190.700    -1.00501  
190.800    -1.00549  
190.900    -1.00596  
191.000    -1.00643  
191.100    -1.00690  
191.200    -1.00738  
191.300    -1.00785  
191.400    -1.00832  
191.500    -1.00879  
191.600    -1.00926  
191.700    -1.00973  
191.800    -1.01020  
191.900    -1.01067  
192.000    -1.01114  
192.100    -1.01161  
192.200    -1.01208  
192.300    -1.01256  
192.400    -1.01303  
192.500    -1.01350  
192.600    -1.01397  
192.700    -1.01445  
192.800    -1.01492  
192.900    -1.01540  
193.000    -1.01587  
193.100    -1.01634  
193.200    -1.01682  
193.300    -1.01729  
193.400    -1.01777  
193.500    -1.01824  
193.600    -1.01872  
193.700    -1.01919  
193.800    -1.01967  
193.900    -1.02014  
194.000    -1.02062  
194.100    -1.02109  
194.200    -1.02157  
194.300    -1.02204  
194.400    -1.02252  
194.500    -1.02299  
194.600    -1.02346  
194.700    -1.02394  
194.800    -1.02441  
194.900    -1.02489  
195.000    -1.02536  
195.100    -1.02583  
195.200    -1.02631  
195.300    -1.02678  
195.400    -1.02726  
195.500    -1.02773  
195.600    -1.02820  
195.700    -1.02868  
195.800    -1.02915  
195.900    -1.02962  
196.000    -1.03010  
196.100    -1.03057  
196.200    -1.03104  
196.300    -1.03152  
196.400    -1.03199  
196.500    -1.03246  
196.600    -1.03294  
196.700    -1.03341  
196.800    -1.03388  
196.900    -1.03436  
197.000    -1.03483  
197.100    -1.03530  
197.200    -1.03578  
197.300    -1.03625  
197.400    -1.03672  
197.500    -1.03720  
197.600    -1.03767  
197.700    -1.03815  
197.800    -1.03862  
197.900    -1.03910  
198.000    -1.03957  
198.100    -1.04005  
198.200    -1.04053  
198.300    -1.04100  
198.400    -1.04148  
198.500    -1.04195  
198.600    -1.04243  
198.700    -1.04291  
198.800    -1.04338  
198.900    -1.04386  
199.000    -1.04433  
199.100    -1.04481  
199.200    -1.04528  
199.300    -1.04576  
199.400    -1.04623  
199.500    -1.04670  
199.600    -1.04717  
199.700    -1.04764  
199.800    -1.04811  
199.900    -1.04858  
200.000    -1.04905  
200.100    -1.04952  
200.200    -1.04999  
200.300    -1.05045  
200.400    -1.05092  
200.500    -1.05138  
200.600    -1.05184  
200.700    -1.05230  
200.800    -1.05276  
200.900    -1.05322  
201.000    -1.05368  
201.100    -1.05414  
201.200    -1.05460  
201.300    -1.05506  
201.400    -1.05551  
201.500    -1.05597  
201.600    -1.05642  
201.700    -1.05688  
201.800    -1.05733  
201.900    -1.05779  
202.000    -1.05824  
202.100    -1.05869  
202.200    -1.05915  
202.300    -1.05960  
202.400    -1.06005  
202.500    -1.06050  
202.600    -1.06095  
202.700    -1.06140  
202.800    -1.06185  
202.900    -1.06230  
203.000    -1.06275  
203.100    -1.06320  
203.200    -1.06365  
203.300    -1.06410  
203.400    -1.06455  
203.500    -1.06500  
203.600    -1.06545  
203.700    -1.06590  
203.800    -1.06635  
203.900    -1.06680  
204.000    -1.06725  
204.100    -1.06770  
204.200    -1.06815  
204.300    -1.06860  
204.400    -1.06905  
204.500    -1.06950  
204.600    -1.06996  
204.700    -1.07041  
204.800    -1.07086  
204.900    -1.07131  
205.000    -1.07177  
205.100    -1.07222  
205.200    -1.07267  
205.300    -1.07313  
205.400    -1.07358  
205.500    -1.07404  
205.600    -1.07449  
205.700    -1.07495  
205.800    -1.07540  
205.900    -1.07586  
206.000    -1.07632  
206.100    -1.07677  
206.200    -1.07723  
206.300    -1.07769  
206.400    -1.07815  
206.500    -1.07860  
206.600    -1.07906  
206.700    -1.07952  
206.800    -1.07998  
206.900    -1.08043  
207.000    -1.08089  
207.100    -1.08135  
207.200    -1.08180  
207.300    -1.08226  
207.400    -1.08272  
207.500    -1.08318  
207.600    -1.08363  
207.700    -1.08409  
207.800    -1.08455  
207.900    -1.08500  
208.000    -1.08546  
208.100    -1.08591  
208.200    -1.08637  
208.300    -1.08682  
208.400    -1.08728  
208.500    -1.08773  
208.600    -1.08819  
208.700    -1.08864  
208.800    -1.08909  
208.900    -1.08955  
209.000    -1.09000  
209.100    -1.09045  
209.200    -1.09090  
209.300    -1.09135  
209.400    -1.09180  
209.500    -1.09225  
209.600    -1.09270  
209.700    -1.09314  
209.800    -1.09359  
209.900    -1.09404  
210.000    -1.09448  
210.100    -1.09493  
210.200    -1.09537  
210.300    -1.09581  
210.400    -1.09625  
210.500    -1.09670  
210.600    -1.09714  
210.700    -1.09758  
210.800    -1.09802  
210.900    -1.09846  
211.000    -1.09889  
211.100    -1.09933  
211.200    -1.09977  
211.300    -1.10021  
211.400    -1.10064  
211.500    -1.10108  
211.600    -1.10151  
211.700    -1.10195  
211.800    -1.10238  
211.900    -1.10282  
212.000    -1.10325  
212.100    -1.10368  
212.200    -1.10412  
212.300    -1.10455  
212.400    -1.10498  
212.500    -1.10541  
212.600    -1.10585  
212.700    -1.10628  
212.800    -1.10671  
212.900    -1.10714  
213.000    -1.10757  
213.100    -1.10801  
213.200    -1.10844  
213.300    -1.10887  
213.400    -1.10930  
213.500    -1.10973  
213.600    -1.11016  
213.700    -1.11059  
213.800    -1.11103  
213.900    -1.11146  
214.000    -1.11189  
214.100    -1.11232  
214.200    -1.11275  
214.300    -1.11319  
214.400    -1.11362  
214.500    -1.11405  
214.600    -1.11449  
214.700    -1.11492  
214.800    -1.11535  
214.900    -1.11579  
215.000    -1.11622  
215.100    -1.11666  
215.200    -1.11709  
215.300    -1.11753  
215.400    -1.11796  
215.500    -1.11840  
215.600    -1.11884  
215.700    -1.11927  
215.800    -1.11971  
215.900    -1.12015  
216.000    -1.12058  
216.100    -1.12102  
216.200    -1.12146  
216.300    -1.12190  
216.400    -1.12233  
216.500    -1.12277  
216.600    -1.12321  
216.700    -1.12365  
216.800    -1.12409  
216.900    -1.12452  
217.000    -1.12496  
217.100    -1.12540  
217.200    -1.12584  
217.300    -1.12628  
217.400    -1.12671  
217.500    -1.12715  
217.600    -1.12759  
217.700    -1.12802  
217.800    -1.12846  
217.900    -1.12890  
218.000    -1.12933  
218.100    -1.12977  
218.200    -1.13020  
218.300    -1.13064  
218.400    -1.13107  
218.500    -1.13151  
218.600    -1.13194  
218.700    -1.13238  
218.800    -1.13281  
218.900    -1.13324  
219.000    -1.13367  
219.100    -1.13411  
219.200    -1.13454  
219.300    -1.13497  
219.400    -1.13540  
219.500    -1.13583  
219.600    -1.13625  
219.700    -1.13668  
219.800    -1.13711  
219.900    -1.13753  
220.000    -1.13796  
220.100    -1.13838  
220.200    -1.13881  
220.300    -1.13923  
220.400    -1.13965  
220.500    -1.14008  
220.600    -1.14050  
220.700    -1.14092  
220.800    -1.14134  
220.900    -1.14176  
221.000    -1.14218  
221.100    -1.14259  
221.200    -1.14301  
221.300    -1.14343  
221.400    -1.14385  
221.500    -1.14426  
221.600    -1.14468  
221.700    -1.14509  
221.800    -1.14551  
221.900    -1.14592  
222.000    -1.14634  
222.100    -1.14675  
222.200    -1.14717  
222.300    -1.14758  
222.400    -1.14799  
222.500    -1.14841  
222.600    -1.14882  
222.700    -1.14923  
222.800    -1.14964  
222.900    -1.15006  
223.000    -1.15047  
223.100    -1.15088  
223.200    -1.15129  
223.300    -1.15171  
223.400    -1.15212  
223.500    -1.15253  
223.600    -1.15294  
223.700    -1.15336  
223.800    -1.15377  
223.900    -1.15418  
224.000    -1.15459  
224.100    -1.15501  
224.200    -1.15542  
224.300    -1.15583  
224.400    -1.15624  
224.500    -1.15666  
224.600    -1.15707  
224.700    -1.15749  
224.800    -1.15790  
224.900    -1.15832  
225.000    -1.15873  
225.100    -1.15915  
225.200    -1.15956  
225.300    -1.15998  
225.400    -1.16040  
225.500    -1.16081  
225.600    -1.16123  
225.700    -1.16165  
225.800    -1.16206  
225.900    -1.16248  
226.000    -1.16290  
226.100    -1.16332  
226.200    -1.16374  
226.300    -1.16416  
226.400    -1.16457  
226.500    -1.16499  
226.600    -1.16541  
226.700    -1.16583  
226.800    -1.16625  
226.900    -1.16667  
227.000    -1.16709  
227.100    -1.16750  
227.200    -1.16792  
227.300    -1.16834  
227.400    -1.16876  
227.500    -1.16918  
227.600    -1.16959  
227.700    -1.17001  
227.800    -1.17043  
227.900    -1.17085  
228.000    -1.17126  
228.100    -1.17168  
228.200    -1.17209  
228.300    -1.17251  
228.400    -1.17293  
228.500    -1.17334  
228.600    -1.17376  
228.700    -1.17417  
228.800    -1.17458  
228.900    -1.17500  
229.000    -1.17541  
229.100    -1.17582  
229.200    -1.17623  
229.300    -1.17664  
229.400    -1.17705  
229.500    -1.17746  
229.600    -1.17787  
229.700    -1.17828  
229.800    -1.17869  
229.900    -1.17910  
230.000    -1.17950  
230.100    -1.17991  
230.200    -1.18031  
230.300    -1.18072  
230.400    -1.18112  
230.500    -1.18152  
230.600    -1.18192  
230.700    -1.18233  
230.800    -1.18273  
230.900    -1.18313  
231.000    -1.18353  
231.100    -1.18392  
231.200    -1.18432  
231.300    -1.18472  
231.400    -1.18512  
231.500    -1.18552  
231.600    -1.18591  
231.700    -1.18631  
231.800    -1.18670  
231.900    -1.18710  
232.000    -1.18750  
232.100    -1.18789  
232.200    -1.18829  
232.300    -1.18868  
232.400    -1.18907  
232.500    -1.18947  
232.600    -1.18986  
232.700    -1.19026  
232.800    -1.19065  
232.900    -1.19104  
233.000    -1.19143  
233.100    -1.19183  
233.200    -1.19222  
233.300    -1.19261  
233.400    -1.19301  
233.500    -1.19340  
233.600    -1.19379  
233.700    -1.19419  
233.800    -1.19458  
233.900    -1.19497  
234.000    -1.19537  
234.100    -1.19576  
234.200    -1.19615  
234.300    -1.19655  
234.400    -1.19694  
234.500    -1.19734  
234.600    -1.19773  
234.700    -1.19813  
234.800    -1.19852  
234.900    -1.19892  
235.000    -1.19931  
235.100    -1.19971  
235.200    -1.20011  
235.300    -1.20050  
235.400    -1.20090  
235.500    -1.20130  
235.600    -1.20170  
235.700    -1.20209  
235.800    -1.20249  
235.900    -1.20289  
236.000    -1.20329  
236.100    -1.20369  
236.200    -1.20409  
236.300    -1.20449  
236.400    -1.20489  
236.500    -1.20529  
236.600    -1.20569  
236.700    -1.20608  
236.800    -1.20648  
236.900    -1.20688  
237.000    -1.20728  
237.100    -1.20768  
237.200    -1.20808  
237.300    -1.20848  
237.400    -1.20888  
237.500    -1.20928  
237.600    -1.20968  
237.700    -1.21007  
237.800    -1.21047  
237.900    -1.21087  
238.000    -1.21127  
238.100    -1.21166  
238.200    -1.21206  
238.300    -1.21246  
238.400    -1.21285  
238.500    -1.21325  
238.600    -1.21365  
238.700    -1.21404  
238.800    -1.21444  
238.900    -1.21483  
239.000    -1.21522  
239.100    -1.21562  
239.200    -1.21601  
239.300    -1.21640  
239.400    -1.21679  
239.500    -1.21718  
239.600    -1.21757  
239.700    -1.21796  
239.800    -1.21835  
239.900    -1.21874  
240.000    -1.21912  
240.100    -1.21951  
240.200    -1.21990  
240.300    -1.22028  
240.400    -1.22067  
240.500    -1.22105  
240.600    -1.22143  
240.700    -1.22181  
240.800    -1.22220  
240.900    -1.22258  
241.000    -1.22296  
241.100    -1.22334  
241.200    -1.22372  
241.300    -1.22410  
241.400    -1.22447  
241.500    -1.22485  
241.600    -1.22523  
241.700    -1.22561  
241.800    -1.22598  
241.900    -1.22636  
242.000    -1.22674  
242.100    -1.22711  
242.200    -1.22749  
242.300    -1.22786  
242.400    -1.22824  
242.500    -1.22861  
242.600    -1.22899  
242.700    -1.22936  
242.800    -1.22974  
242.900    -1.23011  
243.000    -1.23049  
243.100    -1.23086  
243.200    -1.23123  
243.300    -1.23161  
243.400    -1.23198  
243.500    -1.23236  
243.600    -1.23273  
243.700    -1.23310  
243.800    -1.23348  
243.900    -1.23385  
244.000    -1.23423  
244.100    -1.23460  
244.200    -1.23498  
244.300    -1.23535  
244.400    -1.23573  
244.500    -1.23610  
244.600    -1.23648  
244.700    -1.23685  
244.800    -1.23723  
244.900    -1.23761  
245.000    -1.23798  
245.100    -1.23836  
245.200    -1.23874  
245.300    -1.23912  
245.400    -1.23950  
245.500    -1.23987  
245.600    -1.24025  
245.700    -1.24063  
245.800    -1.24101  
245.900    -1.24139  
246.000    -1.24177  
246.100    -1.24215  
246.200    -1.24253  
246.300    -1.24291  
246.400    -1.24329  
246.500    -1.24367  
246.600    -1.24405  
246.700    -1.24443  
246.800    -1.24481  
246.900    -1.24519  
247.000    -1.24557  
247.100    -1.24595  
247.200    -1.24633  
247.300    -1.24671  
247.400    -1.24709  
247.500    -1.24747  
247.600    -1.24785  
247.700    -1.24823  
247.800    -1.24861  
247.900    -1.24899  
248.000    -1.24937  
248.100    -1.24974  
248.200    -1.25012  
248.300    -1.25050  
248.400    -1.25088  
248.500    -1.25125  
248.600    -1.25163  
248.700    -1.25201  
248.800    -1.25238  
248.900    -1.25276  
249.000    -1.25313  
249.100    -1.25350  
249.200    -1.25388  
249.300    -1.25425  
249.400    -1.25462  
249.500    -1.25499  
249.600    -1.25537  
249.700    -1.25574  
249.800    -1.25611  
249.900    -1.25647  
250.000    -1.25684  
250.100    -1.25721  
250.200    -1.25758  
250.300    -1.25794  
250.400    -1.25831  
250.500    -1.25867  
250.600    -1.25904  
250.700    -1.25940  
250.800    -1.25976  
250.900    -1.26013  
251.000    -1.26049  
251.100    -1.26085  
251.200    -1.26121  
251.300    -1.26157  
251.400    -1.26193  
251.500    -1.26229  
251.600    -1.26265  
251.700    -1.26301  
251.800    -1.26336  
251.900    -1.26372  
252.000    -1.26408  
252.100    -1.26444  
252.200    -1.26479  
252.300    -1.26515  
252.400    -1.26551  
252.500    -1.26586  
252.600    -1.26622  
252.700    -1.26657  
252.800    -1.26693  
252.900    -1.26729  
253.000    -1.26764  
253.100    -1.26800  
253.200    -1.26835  
253.300    -1.26871  
253.400    -1.26906  
253.500    -1.26942  
253.600    -1.26977  
253.700    -1.27013  
253.800    -1.27048  
253.900    -1.27084  
254.000    -1.27120  
254.100    -1.27155  
254.200    -1.27191  
254.300    -1.27226  
254.400    -1.27262  
254.500    -1.27298  
254.600    -1.27333  
254.700    -1.27369  
254.800    -1.27405  
254.900    -1.27441  
255.000    -1.27476  
255.100    -1.27512  
255.200    -1.27548  
255.300    -1.27584  
255.400    -1.27620  
255.500    -1.27656  
255.600    -1.27692  
255.700    -1.27728  
255.800    -1.27764  
255.900    -1.27800  
256.000    -1.27836  
256.100    -1.27872  
256.200    -1.27908  
256.300    -1.27945  
256.400    -1.27981  
256.500    -1.28017  
256.600    -1.28053  
256.700    -1.28089  
256.800    -1.28125  
256.900    -1.28161  
257.000    -1.28198  
257.100    -1.28234  
257.200    -1.28270  
257.300    -1.28306  
257.400    -1.28342  
257.500    -1.28378  
257.600    -1.28414  
257.700    -1.28450  
257.800    -1.28486  
257.900    -1.28522  
258.000    -1.28558  
258.100    -1.28594  
258.200    -1.28630  
258.300    -1.28666  
258.400    -1.28702  
258.500    -1.28738  
258.600    -1.28773  
258.700    -1.28809  
258.800    -1.28845  
258.900    -1.28880  
259.000    -1.28916  
259.100    -1.28951  
259.200    -1.28987  
259.300    -1.29022  
259.400    -1.29058  
259.500    -1.29093  
259.600    -1.29128  
259.700    -1.29163  
259.800    -1.29198  
259.900    -1.29233  
260.000    -1.29268  
260.100    -1.29303  
260.200    -1.29338  
260.300    -1.29373  
260.400    -1.29407  
260.500    -1.29442  
260.600    -1.29477  
260.700    -1.29511  
260.800    -1.29546  
260.900    -1.29580  
261.000    -1.29614  
261.100    -1.29648  
261.200    -1.29683  
261.300    -1.29717  
261.400    -1.29751  
261.500    -1.29785  
261.600    -1.29819  
261.700    -1.29853  
261.800    -1.29887  
261.900    -1.29921  
262.000    -1.29955  
262.100    -1.29989  
262.200    -1.30022  
262.300    -1.30056  
262.400    -1.30090  
262.500    -1.30124  
262.600    -1.30158  
262.700    -1.30191  
262.800    -1.30225  
262.900    -1.30259  
263.000    -1.30292  
263.100    -1.30326  
263.200    -1.30360  
263.300    -1.30393  
263.400    -1.30427  
263.500    -1.30461  
263.600    -1.30494  
263.700    -1.30528  
263.800    -1.30562  
263.900    -1.30596  
264.000    -1.30629  
264.100    -1.30663  
264.200    -1.30697  
264.300    -1.30731  
264.400    -1.30764  
264.500    -1.30798  
264.600    -1.30832  
264.700    -1.30866  
264.800    -1.30900  
264.900    -1.30934  
265.000    -1.30968  
265.100    -1.31002  
265.200    -1.31036  
265.300    -1.31070  
265.400    -1.31104  
265.500    -1.31138  
265.600    -1.31172  
265.700    -1.31206  
265.800    -1.31240  
265.900    -1.31275  
266.000    -1.31309  
266.100    -1.31343  
266.200    -1.31377  
266.300    -1.31412  
266.400    -1.31446  
266.500    -1.31480  
266.600    -1.31514  
266.700    -1.31549  
266.800    -1.31583  
266.900    -1.31617  
267.000    -1.31652  
267.100    -1.31686  
267.200    -1.31720  
267.300    -1.31754  
267.400    -1.31789  
267.500    -1.31823  
267.600    -1.31857  
267.700    -1.31891  
267.800    -1.31925  
267.900    -1.31960  
268.000    -1.31994  
268.100    -1.32028  
268.200    -1.32062  
268.300    -1.32096  
268.400    -1.32130  
268.500    -1.32164  
268.600    -1.32198  
268.700    -1.32231  
268.800    -1.32265  
268.900    -1.32299  
269.000    -1.32333  
269.100    -1.32366  
269.200    -1.32400  
269.300    -1.32434  
269.400    -1.32467  
269.500    -1.32501  
269.600    -1.32534  
269.700    -1.32567  
269.800    -1.32601  
269.900    -1.32634  
270.000    -1.32667  
270.100    -1.32700  
270.200    -1.32733  
270.300    -1.32766  
270.400    -1.32799  
270.500    -1.32831  
270.600    -1.32864  
270.700    -1.32897  
270.800    -1.32929  
270.900    -1.32962  
271.000    -1.32994  
271.100    -1.33027  
271.200    -1.33059  
271.300    -1.33091  
271.400    -1.33124  
271.500    -1.33156  
271.600    -1.33188  
271.700    -1.33220  
271.800    -1.33252  
271.900    -1.33284  
272.000    -1.33317  
272.100    -1.33349  
272.200    -1.33381  
272.300    -1.33413  
272.400    -1.33444  
272.500    -1.33476  
272.600    -1.33508  
272.700    -1.33540  
272.800    -1.33572  
272.900    -1.33604  
273.000    -1.33636  
273.100    -1.33668  
273.200    -1.33700  
273.300    -1.33731  
273.400    -1.33763  
273.500    -1.33795  
273.600    -1.33827  
273.700    -1.33859  
273.800    -1.33891  
273.900    -1.33923  
274.000    -1.33954  
274.100    -1.33986  
274.200    -1.34018  
274.300    -1.34050  
274.400    -1.34082  
274.500    -1.34114  
274.600    -1.34146  
274.700    -1.34178  
274.800    -1.34210  
274.900    -1.34242  
275.000    -1.34274  
275.100    -1.34307  
275.200    -1.34339  
275.300    -1.34371  
275.400    -1.34403  
275.500    -1.34436  
275.600    -1.34468  
275.700    -1.34500  
275.800    -1.34533  
275.900    -1.34565  
276.000    -1.34597  
276.100    -1.34630  
276.200    -1.34662  
276.300    -1.34695  
276.400    -1.34727  
276.500    -1.34760  
276.600    -1.34792  
276.700    -1.34825  
276.800    -1.34857  
276.900    -1.34889  
277.000    -1.34922  
277.100    -1.34954  
277.200    -1.34987  
277.300    -1.35019  
277.400    -1.35052  
277.500    -1.35084  
277.600    -1.35116  
277.700    -1.35149  
277.800    -1.35181  
277.900    -1.35213  
278.000    -1.35246  
278.100    -1.35278  
278.200    -1.35310  
278.300    -1.35342  
278.400    -1.35374  
278.500    -1.35406  
278.600    -1.35439  
278.700    -1.35471  
278.800    -1.35503  
278.900    -1.35535  
279.000    -1.35566  
279.100    -1.35598  
279.200    -1.35630  
279.300    -1.35662  
279.400    -1.35693  
279.500    -1.35725  
279.600    -1.35757  
279.700    -1.35788  
279.800    -1.35820  
279.900    -1.35851  
280.000    -1.35882  
280.100    -1.35913  
280.200    -1.35945  
280.300    -1.35976  
280.400    -1.36007  
280.500    -1.36038  
280.600    -1.36069  
280.700    -1.36099  
280.800    -1.36130  
280.900    -1.36161  
281.000    -1.36192  
281.100    -1.36222  
281.200    -1.36253  
281.300    -1.36283  
281.400    -1.36314  
281.500    -1.36344  
281.600    -1.36375  
281.700    -1.36405  
281.800    -1.36435  
281.900    -1.36466  
282.000    -1.36496  
282.100    -1.36526  
282.200    -1.36556  
282.300    -1.36586  
282.400    -1.36617  
282.500    -1.36647  
282.600    -1.36677  
282.700    -1.36707  
282.800    -1.36737  
282.900    -1.36767  
283.000    -1.36797  
283.100    -1.36827  
283.200    -1.36857  
283.300    -1.36887  
283.400    -1.36917  
283.500    -1.36947  
283.600    -1.36978  
283.700    -1.37008  
283.800    -1.37038  
283.900    -1.37068  
284.000    -1.37098  
284.100    -1.37128  
284.200    -1.37158  
284.300    -1.37188  
284.400    -1.37218  
284.500    -1.37249  
284.600    -1.37279  
284.700    -1.37309  
284.800    -1.37339  
284.900    -1.37370  
285.000    -1.37400  
285.100    -1.37430  
285.200    -1.37461  
285.300    -1.37491  
285.400    -1.37522  
285.500    -1.37552  
285.600    -1.37583  
285.700    -1.37613  
285.800    -1.37644  
285.900    -1.37674  
286.000    -1.37705  
286.100    -1.37735  
286.200    -1.37766  
286.300    -1.37797  
286.400    -1.37827  
286.500    -1.37858  
286.600    -1.37889  
286.700    -1.37919  
286.800    -1.37950  
286.900    -1.37981  
287.000    -1.38011  
287.100    -1.38042  
287.200    -1.38072  
287.300    -1.38103  
287.400    -1.38134  
287.500    -1.38164  
287.600    -1.38195  
287.700    -1.38225  
287.800    -1.38256  
287.900    -1.38286  
288.000    -1.38317  
288.100    -1.38347  
288.200    -1.38378  
288.300    -1.38408  
288.400    -1.38438  
288.500    -1.38469  
288.600    -1.38499  
288.700    -1.38529  
288.800    -1.38559  
288.900    -1.38590  
289.000    -1.38620  
289.100    -1.38650  
289.200    -1.38680  
289.300    -1.38710  
289.400    -1.38739  
289.500    -1.38769  
289.600    -1.38799  
289.700    -1.38829  
289.800    -1.38858  
289.900    -1.38888  
290.000    -1.38918  
290.100    -1.38947  
290.200    -1.38976  
290.300    -1.39006  
290.400    -1.39035  
290.500    -1.39064  
290.600    -1.39093  
290.700    -1.39122  
290.800    -1.39151  
290.900    -1.39180  
291.000    -1.39209  
291.100    -1.39238  
291.200    -1.39267  
291.300    -1.39295  
291.400    -1.39324  
291.500    -1.39353  
291.600    -1.39381  
291.700    -1.39410  
291.800    -1.39439  
291.900    -1.39467  
292.000    -1.39496  
292.100    -1.39524  
292.200    -1.39552  
292.300    -1.39581  
292.400    -1.39609  
292.500    -1.39638  
292.600    -1.39666  
292.700    -1.39694  
292.800    -1.39723  
292.900    -1.39751  
293.000    -1.39779  
293.100    -1.39808  
293.200    -1.39836  
293.300    -1.39864  
293.400    -1.39892  
293.500    -1.39921  
293.600    -1.39949  
293.700    -1.39977  
293.800    -1.40006  
293.900    -1.40034  
294.000    -1.40062  
294.100    -1.40091  
294.200    -1.40119  
294.300    -1.40147  
294.400    -1.40176  
294.500    -1.40204  
294.600    -1.40233  
294.700    -1.40261  
294.800    -1.40290  
294.900    -1.40318  
295.000    -1.40347  
295.100    -1.40375  
295.200    -1.40404  
295.300    -1.40433  
295.400    -1.40461  
295.500    -1.40490  
295.600    -1.40519  
295.700    -1.40547  
295.800    -1.40576  
295.900    -1.40605  
296.000    -1.40634  
296.100    -1.40663  
296.200    -1.40692  
296.300    -1.40720  
296.400    -1.40749  
296.500    -1.40778  
296.600    -1.40807  
296.700    -1.40836  
296.800    -1.40865  
296.900    -1.40894  
297.000    -1.40922  
297.100    -1.40951  
297.200    -1.40980  
297.300    -1.41009  
297.400    -1.41038  
297.500    -1.41067  
297.600    -1.41095  
297.700    -1.41124  
297.800    -1.41153  
297.900    -1.41182  
298.000    -1.41210  
298.100    -1.41239  
298.200    -1.41268  
298.300    -1.41296  
298.400    -1.41325  
298.500    -1.41353  
298.600    -1.41382  
298.700    -1.41410  
298.800    -1.41439  
298.900    -1.41467  
299.000    -1.41496  
299.100    -1.41524  
299.200    -1.41552  
299.300    -1.41580  
299.400    -1.41608  
299.500    -1.41636  
299.600    -1.41664  
299.700    -1.41692  
299.800    -1.41720  
299.900    -1.41748  
300.000    -1.41776  
300.100    -1.41803  
300.200    -1.41831  
300.300    -1.41859  
300.400    -1.41886  
300.500    -1.41914  
300.600    -1.41941  
300.700    -1.41968  
300.800    -1.41995  
300.900    -1.42023  
301.000    -1.42050  
301.100    -1.42077  
301.200    -1.42104  
301.300    -1.42131  
301.400    -1.42158  
301.500    -1.42185  
301.600    -1.42212  
301.700    -1.42239  
301.800    -1.42265  
301.900    -1.42292  
302.000    -1.42319  
302.100    -1.42346  
302.200    -1.42372  
302.300    -1.42399  
302.400    -1.42426  
302.500    -1.42452  
302.600    -1.42479  
302.700    -1.42506  
302.800    -1.42532  
302.900    -1.42559  
303.000    -1.42585  
303.100    -1.42612  
303.200    -1.42638  
303.300    -1.42665  
303.400    -1.42692  
303.500    -1.42718  
303.600    -1.42745  
303.700    -1.42771  
303.800    -1.42798  
303.900    -1.42824  
304.000    -1.42851  
304.100    -1.42878  
304.200    -1.42904  
304.300    -1.42931  
304.400    -1.42958  
304.500    -1.42984  
304.600    -1.43011  
304.700    -1.43038  
304.800    -1.43064  
304.900    -1.43091  
305.000    -1.43118  
305.100    -1.43145  
305.200    -1.43172  
305.300    -1.43199  
305.400    -1.43226  
305.500    -1.43253  
305.600    -1.43280  
305.700    -1.43307  
305.800    -1.43334  
305.900    -1.43361  
306.000    -1.43388  
306.100    -1.43415  
306.200    -1.43442  
306.300    -1.43469  
306.400    -1.43496  
306.500    -1.43523  
306.600    -1.43550  
306.700    -1.43578  
306.800    -1.43605  
306.900    -1.43632  
307.000    -1.43659  
307.100    -1.43686  
307.200    -1.43713  
307.300    -1.43740  
307.400    -1.43767  
307.500    -1.43794  
307.600    -1.43821  
307.700    -1.43848  
307.800    -1.43875  
307.900    -1.43902  
308.000    -1.43929  
308.100    -1.43956  
308.200    -1.43983  
308.300    -1.44010  
308.400    -1.44037  
308.500    -1.44064  
308.600    -1.44091  
308.700    -1.44117  
308.800    -1.44144  
308.900    -1.44171  
309.000    -1.44197  
309.100    -1.44224  
309.200    -1.44250  
309.300    -1.44277  
309.400    -1.44303  
309.500    -1.44329  
309.600    -1.44356  
309.700    -1.44382  
309.800    -1.44408  
309.900    -1.44434  
310.000    -1.44460  
310.100    -1.44486  
310.200    -1.44512  
310.300    -1.44538  
310.400    -1.44564  
310.500    -1.44589  
310.600    -1.44615  
310.700    -1.44641  
310.800    -1.44666  
310.900    -1.44692  
311.000    -1.44717  
311.100    -1.44742  
311.200    -1.44768  
311.300    -1.44793  
311.400    -1.44818  
311.500    -1.44844  
311.600    -1.44869  
311.700    -1.44894  
311.800    -1.44919  
311.900    -1.44944  
312.000    -1.44969  
312.100    -1.44994  
312.200    -1.45019  
312.300    -1.45044  
312.400    -1.45069  
312.500    -1.45094  
312.600    -1.45119  
312.700    -1.45144  
312.800    -1.45169  
312.900    -1.45194  
313.000    -1.45219  
313.100    -1.45243  
313.200    -1.45268  
313.300    -1.45293  
313.400    -1.45318  
313.500    -1.45343  
313.600    -1.45368  
313.700    -1.45393  
313.800    -1.45417  
313.900    -1.45442  
314.000    -1.45467  
314.100    -1.45492  
314.200    -1.45517  
314.300    -1.45542  
314.400    -1.45567  
314.500    -1.45592  
314.600    -1.45617  
314.700    -1.45642  
314.800    -1.45667  
314.900    -1.45692  
315.000    -1.45717  
315.100    -1.45742  
315.200    -1.45768  
315.300    -1.45793  
315.400    -1.45818  
315.500    -1.45843  
315.600    -1.45869  
315.700    -1.45894  
315.800    -1.45919  
315.900    -1.45945  
316.000    -1.45970  
316.100    -1.45995  
316.200    -1.46021  
316.300    -1.46046  
316.400    -1.46071  
316.500    -1.46097  
316.600    -1.46122  
316.700    -1.46148  
316.800    -1.46173  
316.900    -1.46199  
317.000    -1.46224  
317.100    -1.46249  
317.200    -1.46275  
317.300    -1.46300  
317.400    -1.46326  
317.500    -1.46351  
317.600    -1.46376  
317.700    -1.46402  
317.800    -1.46427  
317.900    -1.46452  
318.000    -1.46477  
318.100    -1.46503  
318.200    -1.46528  
318.300    -1.46553  
318.400    -1.46578  
318.500    -1.46603  
318.600    -1.46628  
318.700    -1.46653  
318.800    -1.46678  
318.900    -1.46703  
319.000    -1.46728  
319.100    -1.46753  
319.200    -1.46778  
319.300    -1.46803  
319.400    -1.46827  
319.500    -1.46852  
319.600    -1.46877  
319.700    -1.46901  
319.800    -1.46926  
319.900    -1.46950  
320.000    -1.46974  
320.100    -1.46999  
320.200    -1.47023  
320.300    -1.47047  
320.400    -1.47071  
320.500    -1.47095  
320.600    -1.47119  
320.700    -1.47143  
320.800    -1.47167  
320.900    -1.47191  
321.000    -1.47214  
321.100    -1.47238  
321.200    -1.47262  
321.300    -1.47285  
321.400    -1.47309  
321.500    -1.47333  
321.600    -1.47356  
321.700    -1.47380  
321.800    -1.47403  
321.900    -1.47426  
322.000    -1.47450  
322.100    -1.47473  
322.200    -1.47496  
322.300    -1.47520  
322.400    -1.47543  
322.500    -1.47566  
322.600    -1.47590  
322.700    -1.47613  
322.800    -1.47636  
322.900    -1.47659  
323.000    -1.47682  
323.100    -1.47706  
323.200    -1.47729  
323.300    -1.47752  
323.400    -1.47775  
323.500    -1.47798  
323.600    -1.47822  
323.700    -1.47845  
323.800    -1.47868  
323.900    -1.47891  
324.000    -1.47914  
324.100    -1.47938  
324.200    -1.47961  
324.300    -1.47984  
324.400    -1.48008  
324.500    -1.48031  
324.600    -1.48054  
324.700    -1.48078  
324.800    -1.48101  
324.900    -1.48124  
325.000    -1.48148  
325.100    -1.48171  
325.200    -1.48195  
325.300    -1.48218  
325.400    -1.48242  
325.500    -1.48265  
325.600    -1.48289  
325.700    -1.48313  
325.800    -1.48336  
325.900    -1.48360  
326.000    -1.48384  
326.100    -1.48407  
326.200    -1.48431  
326.300    -1.48455  
326.400    -1.48479  
326.500    -1.48502  
326.600    -1.48526  
326.700    -1.48550  
326.800    -1.48574  
326.900    -1.48597  
327.000    -1.48621  
327.100    -1.48645  
327.200    -1.48669  
327.300    -1.48692  
327.400    -1.48716  
327.500    -1.48740  
327.600    -1.48763  
327.700    -1.48787  
327.800    -1.48811  
327.900    -1.48834  
328.000    -1.48858  
328.100    -1.48881  
328.200    -1.48905  
328.300    -1.48928  
328.400    -1.48952  
328.500    -1.48975  
328.600    -1.48999  
328.700    -1.49022  
328.800    -1.49045  
328.900    -1.49069  
329.000    -1.49092  
329.100    -1.49115  
329.200    -1.49138  
329.300    -1.49161  
329.400    -1.49184  
329.500    -1.49207  
329.600    -1.49230  
329.700    -1.49253  
329.800    -1.49276  
329.900    -1.49299  
330.000    -1.49321  
330.100    -1.49344  
330.200    -1.49367  
330.300    -1.49389  
330.400    -1.49412  
330.500    -1.49434  
330.600    -1.49456  
330.700    -1.49479  
330.800    -1.49501  
330.900    -1.49523  
331.000    -1.49545  
331.100    -1.49567  
331.200    -1.49589  
331.300    -1.49611  
331.400    -1.49633  
331.500    -1.49655  
331.600    -1.49677  
331.700    -1.49699  
331.800    -1.49721  
331.900    -1.49742  
332.000    -1.49764  
332.100    -1.49786  
332.200    -1.49808  
332.300    -1.49829  
332.400    -1.49851  
332.500    -1.49873  
332.600    -1.49894  
332.700    -1.49916  
332.800    -1.49937  
332.900    -1.49959  
333.000    -1.49981  
333.100    -1.50002  
333.200    -1.50024  
333.300    -1.50045  
333.400    -1.50067  
333.500    -1.50089  
333.600    -1.50110  
333.700    -1.50132  
333.800    -1.50153  
333.900    -1.50175  
334.000    -1.50196  
334.100    -1.50218  
334.200    -1.50240  
334.300    -1.50261  
334.400    -1.50283  
334.500    -1.50305  
334.600    -1.50326  
334.700    -1.50348  
334.800    -1.50370  
334.900    -1.50392  
335.000    -1.50414  
335.100    -1.50435  
335.200    -1.50457  
335.300    -1.50479  
335.400    -1.50501  
335.500    -1.50523  
335.600    -1.50545  
335.700    -1.50567  
335.800    -1.50589  
335.900    -1.50611  
336.000    -1.50633  
336.100    -1.50655  
336.200    -1.50677  
336.300    -1.50699  
336.400    -1.50721  
336.500    -1.50744  
336.600    -1.50766  
336.700    -1.50788  
336.800    -1.50810  
336.900    -1.50832  
337.000    -1.50854  
337.100    -1.50876  
337.200    -1.50898  
337.300    -1.50920  
337.400    -1.50942  
337.500    -1.50964  
337.600    -1.50986  
337.700    -1.51008  
337.800    -1.51030  
337.900    -1.51052  
338.000    -1.51074  
338.100    -1.51096  
338.200    -1.51118  
338.300    -1.51140  
338.400    -1.51162  
338.500    -1.51184  
338.600    -1.51205  
338.700    -1.51227  
338.800    -1.51249  
338.900    -1.51271  
339.000    -1.51292  
339.100    -1.51314  
339.200    -1.51335  
339.300    -1.51357  
339.400    -1.51378  
339.500    -1.51400  
339.600    -1.51421  
339.700    -1.51442  
339.800    -1.51463  
339.900    -1.51484  
340.000    -1.51506  
340.100    -1.51527  
340.200    -1.51547  
340.300    -1.51568  
340.400    -1.51589  
340.500    -1.51610  
340.600    -1.51631  
340.700    -1.51651  
340.800    -1.51672  
340.900    -1.51693  
341.000    -1.51713  
341.100    -1.51734  
341.200    -1.51754  
341.300    -1.51774  
341.400    -1.51795  
341.500    -1.51815  
341.600    -1.51835  
341.700    -1.51856  
341.800    -1.51876  
341.900    -1.51896  
342.000    -1.51916  
342.100    -1.51936  
342.200    -1.51956  
342.300    -1.51977  
342.400    -1.51997  
342.500    -1.52017  
342.600    -1.52037  
342.700    -1.52057  
342.800    -1.52077  
342.900    -1.52097  
343.000    -1.52117  
343.100    -1.52137  
343.200    -1.52157  
343.300    -1.52177  
343.400    -1.52197  
343.500    -1.52217  
343.600    -1.52237  
343.700    -1.52257  
343.800    -1.52277  
343.900    -1.52297  
344.000    -1.52317  
344.100    -1.52337  
344.200    -1.52357  
344.300    -1.52377  
344.400    -1.52397  
344.500    -1.52417  
344.600    -1.52437  
344.700    -1.52457  
344.800    -1.52477  
344.900    -1.52498  
345.000    -1.52518  
345.100    -1.52538  
345.200    -1.52558  
345.300    -1.52579  
345.400    -1.52599  
345.500    -1.52619  
345.600    -1.52640  
345.700    -1.52660  
345.800    -1.52681  
345.900    -1.52701  
346.000    -1.52721  
346.100    -1.52742  
346.200    -1.52762  
346.300    -1.52783  
346.400    -1.52803  
346.500    -1.52824  
346.600    -1.52844  
346.700    -1.52865  
346.800    -1.52885  
346.900    -1.52906  
347.000    -1.52926  
347.100    -1.52947  
347.200    -1.52967  
347.300    -1.52988  
347.400    -1.53008  
347.500    -1.53029  
347.600    -1.53049  
347.700    -1.53069  
347.800    -1.53090  
347.900    -1.53110  
348.000    -1.53131  
348.100    -1.53151  
348.200    -1.53171  
348.300    -1.53192  
348.400    -1.53212  
348.500    -1.53232  
348.600    -1.53252  
348.700    -1.53272  
348.800    -1.53292  
348.900    -1.53312  
349.000    -1.53332  
349.100    -1.53352  
349.200    -1.53372  
349.300    -1.53392  
349.400    -1.53412  
349.500    -1.53432  
349.600    -1.53452  
349.700    -1.53471  
349.800    -1.53491  
349.900    -1.53510  
350.000    -1.53530  