 0.000     0.00000  
  0.100     0.00000  
  0.200     0.00000  
  0.300     0.00000  
  0.400     0.00000  
  0.500     0.00000  
  0.600     0.00000  
  0.700     0.00000  
  0.800     0.00000  
  0.900     0.00000  
  1.000     0.00000  
  1.100     0.00000  
  1.200     0.00000  
  1.300     0.00000  
  1.400     0.00000  
  1.500     0.00000  
  1.600     0.00000  
  1.700     0.00000  
  1.800     0.00001  
  1.900     0.00001  
  2.000     0.00001  
  2.100     0.00001  
  2.200     0.00001  
  2.300     0.00002  
  2.400     0.00002  
  2.500     0.00002  
  2.600     0.00003  
  2.700     0.00003  
  2.800     0.00004  
  2.900     0.00004  
  3.000     0.00005  
  3.100     0.00005  
  3.200     0.00006  
  3.300     0.00007  
  3.400     0.00008  
  3.500     0.00009  
  3.600     0.00010  
  3.700     0.00011  
  3.800     0.00012  
  3.900     0.00013  
  4.000     0.00014  
  4.100     0.00016  
  4.200     0.00017  
  4.300     0.00019  
  4.400     0.00020  
  4.500     0.00022  
  4.600     0.00024  
  4.700     0.00026  
  4.800     0.00028  
  4.900     0.00031  
  5.000     0.00033  
  5.100     0.00035  
  5.200     0.00038  
  5.300     0.00041  
  5.400     0.00044  
  5.500     0.00047  
  5.600     0.00050  
  5.700     0.00053  
  5.800     0.00056  
  5.900     0.00060  
  6.000     0.00063  
  6.100     0.00067  
  6.200     0.00071  
  6.300     0.00075  
  6.400     0.00080  
  6.500     0.00084  
  6.600     0.00089  
  6.700     0.00093  
  6.800     0.00098  
  6.900     0.00103  
  7.000     0.00108  
  7.100     0.00114  
  7.200     0.00119  
  7.300     0.00125  
  7.400     0.00131  
  7.500     0.00137  
  7.600     0.00143  
  7.700     0.00149  
  7.800     0.00156  
  7.900     0.00163  
  8.000     0.00170  
  8.100     0.00177  
  8.200     0.00184  
  8.300     0.00191  
  8.400     0.00199  
  8.500     0.00207  
  8.600     0.00215  
  8.700     0.00223  
  8.800     0.00231  
  8.900     0.00240  
  9.000     0.00248  
  9.100     0.00257  
  9.200     0.00266  
  9.300     0.00276  
  9.400     0.00285  
  9.500     0.00295  
  9.600     0.00305  
  9.700     0.00315  
  9.800     0.00325  
  9.900     0.00335  
 10.000     0.00346  
 10.100     0.00357  
 10.200     0.00368  
 10.300     0.00379  
 10.400     0.00390  
 10.500     0.00402  
 10.600     0.00413  
 10.700     0.00425  
 10.800     0.00438  
 10.900     0.00450  
 11.000     0.00462  
 11.100     0.00475  
 11.200     0.00488  
 11.300     0.00501  
 11.400     0.00515  
 11.500     0.00528  
 11.600     0.00542  
 11.700     0.00556  
 11.800     0.00570  
 11.900     0.00584  
 12.000     0.00599  
 12.100     0.00613  
 12.200     0.00628  
 12.300     0.00643  
 12.400     0.00659  
 12.500     0.00674  
 12.600     0.00690  
 12.700     0.00705  
 12.800     0.00722  
 12.900     0.00738  
 13.000     0.00754  
 13.100     0.00771  
 13.200     0.00788  
 13.300     0.00805  
 13.400     0.00822  
 13.500     0.00839  
 13.600     0.00857  
 13.700     0.00875  
 13.800     0.00893  
 13.900     0.00911  
 14.000     0.00929  
 14.100     0.00948  
 14.200     0.00966  
 14.300     0.00985  
 14.400     0.01005  
 14.500     0.01024  
 14.600     0.01043  
 14.700     0.01063  
 14.800     0.01083  
 14.900     0.01103  
 15.000     0.01123  
 15.100     0.01144  
 15.200     0.01164  
 15.300     0.01185  
 15.400     0.01206  
 15.500     0.01227  
 15.600     0.01248  
 15.700     0.01270  
 15.800     0.01292  
 15.900     0.01313  
 16.000     0.01335  
 16.100     0.01358  
 16.200     0.01380  
 16.300     0.01403  
 16.400     0.01426  
 16.500     0.01448  
 16.600     0.01472  
 16.700     0.01495  
 16.800     0.01518  
 16.900     0.01542  
 17.000     0.01566  
 17.100     0.01590  
 17.200     0.01614  
 17.300     0.01638  
 17.400     0.01663  
 17.500     0.01688  
 17.600     0.01712  
 17.700     0.01737  
 17.800     0.01763  
 17.900     0.01788  
 18.000     0.01813  
 18.100     0.01839  
 18.200     0.01865  
 18.300     0.01891  
 18.400     0.01917  
 18.500     0.01944  
 18.600     0.01970  
 18.700     0.01997  
 18.800     0.02024  
 18.900     0.02051  
 19.000     0.02078  
 19.100     0.02105  
 19.200     0.02132  
 19.300     0.02160  
 19.400     0.02188  
 19.500     0.02216  
 19.600     0.02244  
 19.700     0.02272  
 19.800     0.02301  
 19.900     0.02329  
 20.000     0.02358  
 20.100     0.02387  
 20.200     0.02416  
 20.300     0.02445  
 20.400     0.02474  
 20.500     0.02504  
 20.600     0.02533  
 20.700     0.02563  
 20.800     0.02593  
 20.900     0.02623  
 21.000     0.02653  
 21.100     0.02684  
 21.200     0.02714  
 21.300     0.02745  
 21.400     0.02775  
 21.500     0.02806  
 21.600     0.02837  
 21.700     0.02869  
 21.800     0.02900  
 21.900     0.02931  
 22.000     0.02963  
 22.100     0.02995  
 22.200     0.03027  
 22.300     0.03059  
 22.400     0.03091  
 22.500     0.03123  
 22.600     0.03155  
 22.700     0.03188  
 22.800     0.03221  
 22.900     0.03254  
 23.000     0.03287  
 23.100     0.03320  
 23.200     0.03353  
 23.300     0.03386  
 23.400     0.03420  
 23.500     0.03453  
 23.600     0.03487  
 23.700     0.03521  
 23.800     0.03555  
 23.900     0.03589  
 24.000     0.03623  
 24.100     0.03657  
 24.200     0.03692  
 24.300     0.03726  
 24.400     0.03761  
 24.500     0.03796  
 24.600     0.03831  
 24.700     0.03866  
 24.800     0.03901  
 24.900     0.03937  
 25.000     0.03972  
 25.100     0.04008  
 25.200     0.04043  
 25.300     0.04079  
 25.400     0.04115  
 25.500     0.04151  
 25.600     0.04187  
 25.700     0.04223  
 25.800     0.04260  
 25.900     0.04296  
 26.000     0.04333  
 26.100     0.04369  
 26.200     0.04406  
 26.300     0.04443  
 26.400     0.04480  
 26.500     0.04517  
 26.600     0.04554  
 26.700     0.04592  
 26.800     0.04629  
 26.900     0.04667  
 27.000     0.04704  
 27.100     0.04742  
 27.200     0.04780  
 27.300     0.04818  
 27.400     0.04856  
 27.500     0.04894  
 27.600     0.04932  
 27.700     0.04971  
 27.800     0.05009  
 27.900     0.05048  
 28.000     0.05086  
 28.100     0.05125  
 28.200     0.05164  
 28.300     0.05203  
 28.400     0.05242  
 28.500     0.05281  
 28.600     0.05320  
 28.700     0.05360  
 28.800     0.05399  
 28.900     0.05439  
 29.000     0.05478  
 29.100     0.05518  
 29.200     0.05558  
 29.300     0.05598  
 29.400     0.05638  
 29.500     0.05678  
 29.600     0.05718  
 29.700     0.05758  
 29.800     0.05799  
 29.900     0.05839  
 30.000     0.05880  
 30.100     0.05920  
 30.200     0.05961  
 30.300     0.06002  
 30.400     0.06042  
 30.500     0.06083  
 30.600     0.06124  
 30.700     0.06166  
 30.800     0.06207  
 30.900     0.06248  
 31.000     0.06289  
 31.100     0.06331  
 31.200     0.06372  
 31.300     0.06414  
 31.400     0.06456  
 31.500     0.06497  
 31.600     0.06539  
 31.700     0.06581  
 31.800     0.06623  
 31.900     0.06665  
 32.000     0.06707  
 32.100     0.06750  
 32.200     0.06792  
 32.300     0.06834  
 32.400     0.06877  
 32.500     0.06919  
 32.600     0.06962  
 32.700     0.07005  
 32.800     0.07047  
 32.900     0.07090  
 33.000     0.07133  
 33.100     0.07176  
 33.200     0.07219  
 33.300     0.07262  
 33.400     0.07306  
 33.500     0.07349  
 33.600     0.07392  
 33.700     0.07436  
 33.800     0.07479  
 33.900     0.07523  
 34.000     0.07566  
 34.100     0.07610  
 34.200     0.07654  
 34.300     0.07697  
 34.400     0.07741  
 34.500     0.07785  
 34.600     0.07829  
 34.700     0.07873  
 34.800     0.07917  
 34.900     0.07962  
 35.000     0.08006  
 35.100     0.08050  
 35.200     0.08095  
 35.300     0.08139  
 35.400     0.08184  
 35.500     0.08228  
 35.600     0.08273  
 35.700     0.08318  
 35.800     0.08362  
 35.900     0.08407  
 36.000     0.08452  
 36.100     0.08497  
 36.200     0.08542  
 36.300     0.08587  
 36.400     0.08632  
 36.500     0.08677  
 36.600     0.08723  
 36.700     0.08768  
 36.800     0.08813  
 36.900     0.08859  
 37.000     0.08904  
 37.100     0.08950  
 37.200     0.08995  
 37.300     0.09041  
 37.400     0.09087  
 37.500     0.09132  
 37.600     0.09178  
 37.700     0.09224  
 37.800     0.09270  
 37.900     0.09316  
 38.000     0.09362  
 38.100     0.09408  
 38.200     0.09454  
 38.300     0.09500  
 38.400     0.09546  
 38.500     0.09593  
 38.600     0.09639  
 38.700     0.09685  
 38.800     0.09732  
 38.900     0.09778  
 39.000     0.09825  
 39.100     0.09871  
 39.200     0.09918  
 39.300     0.09965  
 39.400     0.10011  
 39.500     0.10058  
 39.600     0.10105  
 39.700     0.10152  
 39.800     0.10199  
 39.900     0.10246  
 40.000     0.10293  
 40.100     0.10340  
 40.200     0.10387  
 40.300     0.10434  
 40.400     0.10481  
 40.500     0.10528  
 40.600     0.10576  
 40.700     0.10623  
 40.800     0.10670  
 40.900     0.10718  
 41.000     0.10765  
 41.100     0.10813  
 41.200     0.10860  
 41.300     0.10908  
 41.400     0.10955  
 41.500     0.11003  
 41.600     0.11051  
 41.700     0.11098  
 41.800     0.11146  
 41.900     0.11194  
 42.000     0.11242  
 42.100     0.11290  
 42.200     0.11338  
 42.300     0.11386  
 42.400     0.11434  
 42.500     0.11482  
 42.600     0.11530  
 42.700     0.11578  
 42.800     0.11626  
 42.900     0.11674  
 43.000     0.11723  
 43.100     0.11771  
 43.200     0.11819  
 43.300     0.11868  
 43.400     0.11916  
 43.500     0.11965  
 43.600     0.12013  
 43.700     0.12062  
 43.800     0.12110  
 43.900     0.12159  
 44.000     0.12207  
 44.100     0.12256  
 44.200     0.12305  
 44.300     0.12353  
 44.400     0.12402  
 44.500     0.12451  
 44.600     0.12500  
 44.700     0.12549  
 44.800     0.12598  
 44.900     0.12646  
 45.000     0.12695  
 45.100     0.12744  
 45.200     0.12793  
 45.300     0.12842  
 45.400     0.12892  
 45.500     0.12941  
 45.600     0.12990  
 45.700     0.13039  
 45.800     0.13088  
 45.900     0.13138  
 46.000     0.13187  
 46.100     0.13236  
 46.200     0.13285  
 46.300     0.13335  
 46.400     0.13384  
 46.500     0.13434  
 46.600     0.13483  
 46.700     0.13533  
 46.800     0.13582  
 46.900     0.13632  
 47.000     0.13681  
 47.100     0.13731  
 47.200     0.13781  
 47.300     0.13830  
 47.400     0.13880  
 47.500     0.13930  
 47.600     0.13979  
 47.700     0.14029  
 47.800     0.14079  
 47.900     0.14129  
 48.000     0.14179  
 48.100     0.14229  
 48.200     0.14279  
 48.300     0.14328  
 48.400     0.14378  
 48.500     0.14428  
 48.600     0.14479  
 48.700     0.14529  
 48.800     0.14579  
 48.900     0.14629  
 49.000     0.14679  
 49.100     0.14729  
 49.200     0.14779  
 49.300     0.14829  
 49.400     0.14880  
 49.500     0.14930  
 49.600     0.14980  
 49.700     0.15030  
 49.800     0.15081  
 49.900     0.15131  
 50.000     0.15182  
 50.100     0.15232  
 50.200     0.15282  
 50.300     0.15333  
 50.400     0.15383  
 50.500     0.15434  
 50.600     0.15484  
 50.700     0.15535  
 50.800     0.15585  
 50.900     0.15636  
 51.000     0.15687  
 51.100     0.15737  
 51.200     0.15788  
 51.300     0.15839  
 51.400     0.15889  
 51.500     0.15940  
 51.600     0.15991  
 51.700     0.16041  
 51.800     0.16092  
 51.900     0.16143  
 52.000     0.16194  
 52.100     0.16245  
 52.200     0.16296  
 52.300     0.16346  
 52.400     0.16397  
 52.500     0.16448  
 52.600     0.16499  
 52.700     0.16550  
 52.800     0.16601  
 52.900     0.16652  
 53.000     0.16703  
 53.100     0.16754  
 53.200     0.16805  
 53.300     0.16856  
 53.400     0.16907  
 53.500     0.16959  
 53.600     0.17010  
 53.700     0.17061  
 53.800     0.17112  
 53.900     0.17163  
 54.000     0.17215  
 54.100     0.17266  
 54.200     0.17317  
 54.300     0.17368  
 54.400     0.17420  
 54.500     0.17471  
 54.600     0.17522  
 54.700     0.17574  
 54.800     0.17625  
 54.900     0.17676  
 55.000     0.17728  
 55.100     0.17779  
 55.200     0.17831  
 55.300     0.17882  
 55.400     0.17933  
 55.500     0.17985  
 55.600     0.18036  
 55.700     0.18088  
 55.800     0.18139  
 55.900     0.18191  
 56.000     0.18243  
 56.100     0.18294  
 56.200     0.18346  
 56.300     0.18397  
 56.400     0.18449  
 56.500     0.18501  
 56.600     0.18552  
 56.700     0.18604  
 56.800     0.18656  
 56.900     0.18707  
 57.000     0.18759  
 57.100     0.18811  
 57.200     0.18863  
 57.300     0.18914  
 57.400     0.18966  
 57.500     0.19018  
 57.600     0.19070  
 57.700     0.19122  
 57.800     0.19173  
 57.900     0.19225  
 58.000     0.19277  
 58.100     0.19329  
 58.200     0.19381  
 58.300     0.19433  
 58.400     0.19485  
 58.500     0.19537  
 58.600     0.19589  
 58.700     0.19641  
 58.800     0.19693  
 58.900     0.19745  
 59.000     0.19797  
 59.100     0.19849  
 59.200     0.19901  
 59.300     0.19953  
 59.400     0.20005  
 59.500     0.20057  
 59.600     0.20109  
 59.700     0.20161  
 59.800     0.20213  
 59.900     0.20265  
 60.000     0.20317  
 60.100     0.20369  
 60.200     0.20422  
 60.300     0.20474  
 60.400     0.20526  
 60.500     0.20578  
 60.600     0.20630  
 60.700     0.20683  
 60.800     0.20735  
 60.900     0.20787  
 61.000     0.20839  
 61.100     0.20892  
 61.200     0.20944  
 61.300     0.20996  
 61.400     0.21049  
 61.500     0.21101  
 61.600     0.21153  
 61.700     0.21206  
 61.800     0.21258  
 61.900     0.21310  
 62.000     0.21363  
 62.100     0.21415  
 62.200     0.21467  
 62.300     0.21520  
 62.400     0.21572  
 62.500     0.21625  
 62.600     0.21677  
 62.700     0.21730  
 62.800     0.21782  
 62.900     0.21834  
 63.000     0.21887  
 63.100     0.21939  
 63.200     0.21992  
 63.300     0.22044  
 63.400     0.22097  
 63.500     0.22149  
 63.600     0.22202  
 63.700     0.22254  
 63.800     0.22307  
 63.900     0.22360  
 64.000     0.22412  
 64.100     0.22465  
 64.200     0.22517  
 64.300     0.22570  
 64.400     0.22623  
 64.500     0.22675  
 64.600     0.22728  
 64.700     0.22781  
 64.800     0.22833  
 64.900     0.22886  
 65.000     0.22939  
 65.100     0.22991  
 65.200     0.23044  
 65.300     0.23097  
 65.400     0.23149  
 65.500     0.23202  
 65.600     0.23255  
 65.700     0.23308  
 65.800     0.23360  
 65.900     0.23413  
 66.000     0.23466  
 66.100     0.23519  
 66.200     0.23571  
 66.300     0.23624  
 66.400     0.23677  
 66.500     0.23730  
 66.600     0.23783  
 66.700     0.23835  
 66.800     0.23888  
 66.900     0.23941  
 67.000     0.23994  
 67.100     0.24047  
 67.200     0.24100  
 67.300     0.24153  
 67.400     0.24206  
 67.500     0.24258  
 67.600     0.24311  
 67.700     0.24364  
 67.800     0.24417  
 67.900     0.24470  
 68.000     0.24523  
 68.100     0.24576  
 68.200     0.24629  
 68.300     0.24682  
 68.400     0.24735  
 68.500     0.24788  
 68.600     0.24841  
 68.700     0.24894  
 68.800     0.24947  
 68.900     0.25000  
 69.000     0.25053  
 69.100     0.25106  
 69.200     0.25159  
 69.300     0.25212  
 69.400     0.25265  
 69.500     0.25318  
 69.600     0.25371  
 69.700     0.25424  
 69.800     0.25477  
 69.900     0.25530  
 70.000     0.25584  
 70.100     0.25637  
 70.200     0.25690  
 70.300     0.25743  
 70.400     0.25796  
 70.500     0.25849  
 70.600     0.25902  
 70.700     0.25955  
 70.800     0.26009  
 70.900     0.26062  
 71.000     0.26115  
 71.100     0.26168  
 71.200     0.26221  
 71.300     0.26274  
 71.400     0.26328  
 71.500     0.26381  
 71.600     0.26434  
 71.700     0.26487  
 71.800     0.26541  
 71.900     0.26594  
 72.000     0.26647  
 72.100     0.26700  
 72.200     0.26754  
 72.300     0.26807  
 72.400     0.26860  
 72.500     0.26913  
 72.600     0.26967  
 72.700     0.27020  
 72.800     0.27073  
 72.900     0.27126  
 73.000     0.27180  
 73.100     0.27233  
 73.200     0.27286  
 73.300     0.27340  
 73.400     0.27393  
 73.500     0.27446  
 73.600     0.27500  
 73.700     0.27553  
 73.800     0.27607  
 73.900     0.27660  
 74.000     0.27713  
 74.100     0.27767  
 74.200     0.27820  
 74.300     0.27873  
 74.400     0.27927  
 74.500     0.27980  
 74.600     0.28034  
 74.700     0.28087  
 74.800     0.28141  
 74.900     0.28194  
 75.000     0.28248  
 75.100     0.28301  
 75.200     0.28354  
 75.300     0.28408  
 75.400     0.28461  
 75.500     0.28515  
 75.600     0.28568  
 75.700     0.28622  
 75.800     0.28675  
 75.900     0.28729  
 76.000     0.28782  
 76.100     0.28836  
 76.200     0.28889  
 76.300     0.28943  
 76.400     0.28996  
 76.500     0.29050  
 76.600     0.29103  
 76.700     0.29157  
 76.800     0.29210  
 76.900     0.29264  
 77.000     0.29318  
 77.100     0.29371  
 77.200     0.29425  
 77.300     0.29478  
 77.400     0.29532  
 77.500     0.29586  
 77.600     0.29639  
 77.700     0.29693  
 77.800     0.29746  
 77.900     0.29800  
 78.000     0.29854  
 78.100     0.29907  
 78.200     0.29961  
 78.300     0.30015  
 78.400     0.30068  
 78.500     0.30122  
 78.600     0.30176  
 78.700     0.30229  
 78.800     0.30283  
 78.900     0.30337  
 79.000     0.30390  
 79.100     0.30444  
 79.200     0.30498  
 79.300     0.30551  
 79.400     0.30605  
 79.500     0.30659  
 79.600     0.30712  
 79.700     0.30766  
 79.800     0.30820  
 79.900     0.30874  
 80.000     0.30927  
 80.100     0.30981  
 80.200     0.31035  
 80.300     0.31089  
 80.400     0.31142  
 80.500     0.31196  
 80.600     0.31250  
 80.700     0.31304  
 80.800     0.31358  
 80.900     0.31411  
 81.000     0.31465  
 81.100     0.31519  
 81.200     0.31573  
 81.300     0.31627  
 81.400     0.31680  
 81.500     0.31734  
 81.600     0.31788  
 81.700     0.31842  
 81.800     0.31896  
 81.900     0.31950  
 82.000     0.32003  
 82.100     0.32057  
 82.200     0.32111  
 82.300     0.32165  
 82.400     0.32219  
 82.500     0.32273  
 82.600     0.32327  
 82.700     0.32381  
 82.800     0.32434  
 82.900     0.32488  
 83.000     0.32542  
 83.100     0.32596  
 83.200     0.32650  
 83.300     0.32704  
 83.400     0.32758  
 83.500     0.32812  
 83.600     0.32866  
 83.700     0.32920  
 83.800     0.32974  
 83.900     0.33028  
 84.000     0.33082  
 84.100     0.33136  
 84.200     0.33190  
 84.300     0.33244  
 84.400     0.33298  
 84.500     0.33352  
 84.600     0.33406  
 84.700     0.33460  
 84.800     0.33514  
 84.900     0.33568  
 85.000     0.33622  
 85.100     0.33676  
 85.200     0.33730  
 85.300     0.33784  
 85.400     0.33838  
 85.500     0.33892  
 85.600     0.33946  
 85.700     0.34000  
 85.800     0.34054  
 85.900     0.34108  
 86.000     0.34162  
 86.100     0.34216  
 86.200     0.34270  
 86.300     0.34324  
 86.400     0.34379  
 86.500     0.34433  
 86.600     0.34487  
 86.700     0.34541  
 86.800     0.34595  
 86.900     0.34649  
 87.000     0.34703  
 87.100     0.34757  
 87.200     0.34811  
 87.300     0.34866  
 87.400     0.34920  
 87.500     0.34974  
 87.600     0.35028  
 87.700     0.35082  
 87.800     0.35136  
 87.900     0.35191  
 88.000     0.35245  
 88.100     0.35299  
 88.200     0.35353  
 88.300     0.35407  
 88.400     0.35462  
 88.500     0.35516  
 88.600     0.35570  
 88.700     0.35624  
 88.800     0.35679  
 88.900     0.35733  
 89.000     0.35787  
 89.100     0.35841  
 89.200     0.35896  
 89.300     0.35950  
 89.400     0.36004  
 89.500     0.36058  
 89.600     0.36113  
 89.700     0.36167  
 89.800     0.36221  
 89.900     0.36275  
 90.000     0.36330  
 90.100     0.36384  
 90.200     0.36438  
 90.300     0.36493  
 90.400     0.36547  
 90.500     0.36601  
 90.600     0.36656  
 90.700     0.36710  
 90.800     0.36764  
 90.900     0.36819  
 91.000     0.36873  
 91.100     0.36927  
 91.200     0.36982  
 91.300     0.37036  
 91.400     0.37090  
 91.500     0.37145  
 91.600     0.37199  
 91.700     0.37253  
 91.800     0.37308  
 91.900     0.37362  
 92.000     0.37417  
 92.100     0.37471  
 92.200     0.37526  
 92.300     0.37580  
 92.400     0.37634  
 92.500     0.37689  
 92.600     0.37743  
 92.700     0.37798  
 92.800     0.37852  
 92.900     0.37907  
 93.000     0.37961  
 93.100     0.38016  
 93.200     0.38070  
 93.300     0.38125  
 93.400     0.38179  
 93.500     0.38233  
 93.600     0.38288  
 93.700     0.38342  
 93.800     0.38397  
 93.900     0.38451  
 94.000     0.38506  
 94.100     0.38561  
 94.200     0.38615  
 94.300     0.38670  
 94.400     0.38724  
 94.500     0.38779  
 94.600     0.38833  
 94.700     0.38888  
 94.800     0.38942  
 94.900     0.38997  
 95.000     0.39051  
 95.100     0.39106  
 95.200     0.39161  
 95.300     0.39215  
 95.400     0.39270  
 95.500     0.39324  
 95.600     0.39379  
 95.700     0.39434  
 95.800     0.39488  
 95.900     0.39543  
 96.000     0.39598  
 96.100     0.39652  
 96.200     0.39707  
 96.300     0.39762  
 96.400     0.39816  
 96.500     0.39871  
 96.600     0.39925  
 96.700     0.39980  
 96.800     0.40035  
 96.900     0.40090  
 97.000     0.40144  
 97.100     0.40199  
 97.200     0.40254  
 97.300     0.40308  
 97.400     0.40363  
 97.500     0.40418  
 97.600     0.40472  
 97.700     0.40527  
 97.800     0.40582  
 97.900     0.40637  
 98.000     0.40691  
 98.100     0.40746  
 98.200     0.40801  
 98.300     0.40856  
 98.400     0.40910  
 98.500     0.40965  
 98.600     0.41020  
 98.700     0.41075  
 98.800     0.41130  
 98.900     0.41184  
 99.000     0.41239  
 99.100     0.41294  
 99.200     0.41349  
 99.300     0.41404  
 99.400     0.41458  
 99.500     0.41513  
 99.600     0.41568  
 99.700     0.41623  
 99.800     0.41678  
 99.900     0.41733  
100.000     0.41787  
100.100     0.41842  
100.200     0.41897  
100.300     0.41952  
100.400     0.42007  
100.500     0.42062  
100.600     0.42117  
100.700     0.42172  
100.800     0.42226  
100.900     0.42281  
101.000     0.42336  
101.100     0.42391  
101.200     0.42446  
101.300     0.42501  
101.400     0.42556  
101.500     0.42611  
101.600     0.42666  
101.700     0.42721  
101.800     0.42776  
101.900     0.42831  
102.000     0.42886  
102.100     0.42941  
102.200     0.42996  
102.300     0.43051  
102.400     0.43106  
102.500     0.43161  
102.600     0.43216  
102.700     0.43271  
102.800     0.43326  
102.900     0.43381  
103.000     0.43436  
103.100     0.43491  
103.200     0.43546  
103.300     0.43601  
103.400     0.43656  
103.500     0.43711  
103.600     0.43766  
103.700     0.43821  
103.800     0.43876  
103.900     0.43931  
104.000     0.43986  
104.100     0.44041  
104.200     0.44097  
104.300     0.44152  
104.400     0.44207  
104.500     0.44262  
104.600     0.44317  
104.700     0.44372  
104.800     0.44427  
104.900     0.44482  
105.000     0.44538  
105.100     0.44593  
105.200     0.44648  
105.300     0.44703  
105.400     0.44758  
105.500     0.44813  
105.600     0.44869  
105.700     0.44924  
105.800     0.44979  
105.900     0.45034  
106.000     0.45089  
106.100     0.45145  
106.200     0.45200  
106.300     0.45255  
106.400     0.45310  
106.500     0.45366  
106.600     0.45421  
106.700     0.45476  
106.800     0.45531  
106.900     0.45586  
107.000     0.45642  
107.100     0.45697  
107.200     0.45752  
107.300     0.45808  
107.400     0.45863  
107.500     0.45918  
107.600     0.45973  
107.700     0.46029  
107.800     0.46084  
107.900     0.46139  
108.000     0.46195  
108.100     0.46250  
108.200     0.46305  
108.300     0.46361  
108.400     0.46416  
108.500     0.46471  
108.600     0.46527  
108.700     0.46582  
108.800     0.46638  
108.900     0.46693  
109.000     0.46748  
109.100     0.46804  
109.200     0.46859  
109.300     0.46914  
109.400     0.46970  
109.500     0.47025  
109.600     0.47081  
109.700     0.47136  
109.800     0.47192  
109.900     0.47247  
110.000     0.47302  
110.100     0.47358  
110.200     0.47413  
110.300     0.47469  
110.400     0.47524  
110.500     0.47580  
110.600     0.47635  
110.700     0.47691  
110.800     0.47746  
110.900     0.47802  
111.000     0.47857  
111.100     0.47913  
111.200     0.47968  
111.300     0.48024  
111.400     0.48079  
111.500     0.48135  
111.600     0.48190  
111.700     0.48246  
111.800     0.48302  
111.900     0.48357  
112.000     0.48413  
112.100     0.48468  
112.200     0.48524  
112.300     0.48579  
112.400     0.48635  
112.500     0.48691  
112.600     0.48746  
112.700     0.48802  
112.800     0.48858  
112.900     0.48913  
113.000     0.48969  
113.100     0.49024  
113.200     0.49080  
113.300     0.49136  
113.400     0.49191  
113.500     0.49247  
113.600     0.49303  
113.700     0.49358  
113.800     0.49414  
113.900     0.49470  
114.000     0.49525  
114.100     0.49581  
114.200     0.49637  
114.300     0.49693  
114.400     0.49748  
114.500     0.49804  
114.600     0.49860  
114.700     0.49916  
114.800     0.49971  
114.900     0.50027  
115.000     0.50083  
115.100     0.50139  
115.200     0.50194  
115.300     0.50250  
115.400     0.50306  
115.500     0.50362  
115.600     0.50418  
115.700     0.50473  
115.800     0.50529  
115.900     0.50585  
116.000     0.50641  
116.100     0.50697  
116.200     0.50752  
116.300     0.50808  
116.400     0.50864  
116.500     0.50920  
116.600     0.50976  
116.700     0.51032  
116.800     0.51088  
116.900     0.51144  
117.000     0.51199  
117.100     0.51255  
117.200     0.51311  
117.300     0.51367  
117.400     0.51423  
117.500     0.51479  
117.600     0.51535  
117.700     0.51591  
117.800     0.51647  
117.900     0.51703  
118.000     0.51759  
118.100     0.51815  
118.200     0.51871  
118.300     0.51927  
118.400     0.51983  
118.500     0.52039  
118.600     0.52095  
118.700     0.52151  
118.800     0.52207  
118.900     0.52263  
119.000     0.52319  
119.100     0.52375  
119.200     0.52431  
119.300     0.52487  
119.400     0.52543  
119.500     0.52599  
119.600     0.52655  
119.700     0.52711  
119.800     0.52767  
119.900     0.52823  
120.000     0.52879  
120.100     0.52935  
120.200     0.52992  
120.300     0.53048  
120.400     0.53104  
120.500     0.53160  
120.600     0.53216  
120.700     0.53272  
120.800     0.53328  
120.900     0.53385  
121.000     0.53441  
121.100     0.53497  
121.200     0.53553  
121.300     0.53609  
121.400     0.53665  
121.500     0.53722  
121.600     0.53778  
121.700     0.53834  
121.800     0.53890  
121.900     0.53946  
122.000     0.54003  
122.100     0.54059  
122.200     0.54115  
122.300     0.54171  
122.400     0.54228  
122.500     0.54284  
122.600     0.54340  
122.700     0.54396  
122.800     0.54453  
122.900     0.54509  
123.000     0.54565  
123.100     0.54622  
123.200     0.54678  
123.300     0.54734  
123.400     0.54790  
123.500     0.54847  
123.600     0.54903  
123.700     0.54959  
123.800     0.55016  
123.900     0.55072  
124.000     0.55128  
124.100     0.55185  
124.200     0.55241  
124.300     0.55298  
124.400     0.55354  
124.500     0.55410  
124.600     0.55467  
124.700     0.55523  
124.800     0.55580  
124.900     0.55636  
125.000     0.55692  
125.100     0.55749  
125.200     0.55805  
125.300     0.55862  
125.400     0.55918  
125.500     0.55975  
125.600     0.56031  
125.700     0.56088  
125.800     0.56144  
125.900     0.56201  
126.000     0.56257  
126.100     0.56314  
126.200     0.56370  
126.300     0.56427  
126.400     0.56483  
126.500     0.56540  
126.600     0.56596  
126.700     0.56653  
126.800     0.56709  
126.900     0.56766  
127.000     0.56822  
127.100     0.56879  
127.200     0.56935  
127.300     0.56992  
127.400     0.57049  
127.500     0.57105  
127.600     0.57162  
127.700     0.57218  
127.800     0.57275  
127.900     0.57332  
128.000     0.57388  
128.100     0.57445  
128.200     0.57501  
128.300     0.57558  
128.400     0.57615  
128.500     0.57671  
128.600     0.57728  
128.700     0.57785  
128.800     0.57841  
128.900     0.57898  
129.000     0.57955  
129.100     0.58011  
129.200     0.58068  
129.300     0.58125  
129.400     0.58182  
129.500     0.58238  
129.600     0.58295  
129.700     0.58352  
129.800     0.58408  
129.900     0.58465  
130.000     0.58522  
130.100     0.58579  
130.200     0.58635  
130.300     0.58692  
130.400     0.58749  
130.500     0.58806  
130.600     0.58863  
130.700     0.58919  
130.800     0.58976  
130.900     0.59033  
131.000     0.59090  
131.100     0.59147  
131.200     0.59203  
131.300     0.59260  
131.400     0.59317  
131.500     0.59374  
131.600     0.59431  
131.700     0.59488  
131.800     0.59544  
131.900     0.59601  
132.000     0.59658  
132.100     0.59715  
132.200     0.59772  
132.300     0.59829  
132.400     0.59886  
132.500     0.59943  
132.600     0.60000  
132.700     0.60056  
132.800     0.60113  
132.900     0.60170  
133.000     0.60227  
133.100     0.60284  
133.200     0.60341  
133.300     0.60398  
133.400     0.60455  
133.500     0.60512  
133.600     0.60569  
133.700     0.60626  
133.800     0.60683  
133.900     0.60740  
134.000     0.60797  
134.100     0.60854  
134.200     0.60911  
134.300     0.60968  
134.400     0.61025  
134.500     0.61082  
134.600     0.61139  
134.700     0.61196  
134.800     0.61253  
134.900     0.61310  
135.000     0.61367  
135.100     0.61424  
135.200     0.61481  
135.300     0.61539  
135.400     0.61596  
135.500     0.61653  
135.600     0.61710  
135.700     0.61767  
135.800     0.61824  
135.900     0.61881  
136.000     0.61938  
136.100     0.61995  
136.200     0.62053  
136.300     0.62110  
136.400     0.62167  
136.500     0.62224  
136.600     0.62281  
136.700     0.62338  
136.800     0.62396  
136.900     0.62453  
137.000     0.62510  
137.100     0.62567  
137.200     0.62624  
137.300     0.62681  
137.400     0.62739  
137.500     0.62796  
137.600     0.62853  
137.700     0.62910  
137.800     0.62968  
137.900     0.63025  
138.000     0.63082  
138.100     0.63139  
138.200     0.63197  
138.300     0.63254  
138.400     0.63311  
138.500     0.63368  
138.600     0.63426  
138.700     0.63483  
138.800     0.63540  
138.900     0.63598  
139.000     0.63655  
139.100     0.63712  
139.200     0.63770  
139.300     0.63827  
139.400     0.63884  
139.500     0.63942  
139.600     0.63999  
139.700     0.64056  
139.800     0.64114  
139.900     0.64171  
140.000     0.64228  
140.100     0.64286  
140.200     0.64343  
140.300     0.64400  
140.400     0.64458  
140.500     0.64515  
140.600     0.64573  
140.700     0.64630  
140.800     0.64687  
140.900     0.64745  
141.000     0.64802  
141.100     0.64860  
141.200     0.64917  
141.300     0.64975  
141.400     0.65032  
141.500     0.65090  
141.600     0.65147  
141.700     0.65204  
141.800     0.65262  
141.900     0.65319  
142.000     0.65377  
142.100     0.65434  
142.200     0.65492  
142.300     0.65549  
142.400     0.65607  
142.500     0.65664  
142.600     0.65722  
142.700     0.65779  
142.800     0.65837  
142.900     0.65895  
143.000     0.65952  
143.100     0.66010  
143.200     0.66067  
143.300     0.66125  
143.400     0.66182  
143.500     0.66240  
143.600     0.66297  
143.700     0.66355  
143.800     0.66413  
143.900     0.66470  
144.000     0.66528  
144.100     0.66585  
144.200     0.66643  
144.300     0.66701  
144.400     0.66758  
144.500     0.66816  
144.600     0.66874  
144.700     0.66931  
144.800     0.66989  
144.900     0.67046  
145.000     0.67104  
145.100     0.67162  
145.200     0.67219  
145.300     0.67277  
145.400     0.67335  
145.500     0.67392  
145.600     0.67450  
145.700     0.67508  
145.800     0.67566  
145.900     0.67623  
146.000     0.67681  
146.100     0.67739  
146.200     0.67796  
146.300     0.67854  
146.400     0.67912  
146.500     0.67970  
146.600     0.68027  
146.700     0.68085  
146.800     0.68143  
146.900     0.68201  
147.000     0.68258  
147.100     0.68316  
147.200     0.68374  
147.300     0.68432  
147.400     0.68490  
147.500     0.68547  
147.600     0.68605  
147.700     0.68663  
147.800     0.68721  
147.900     0.68779  
148.000     0.68836  
148.100     0.68894  
148.200     0.68952  
148.300     0.69010  
148.400     0.69068  
148.500     0.69126  
148.600     0.69183  
148.700     0.69241  
148.800     0.69299  
148.900     0.69357  
149.000     0.69415  
149.100     0.69473  
149.200     0.69531  
149.300     0.69588  
149.400     0.69646  
149.500     0.69704  
149.600     0.69762  
149.700     0.69820  
149.800     0.69878  
149.900     0.69936  
150.000     0.69994  
150.100     0.70052  
150.200     0.70110  
150.300     0.70168  
150.400     0.70226  
150.500     0.70283  
150.600     0.70341  
150.700     0.70399  
150.800     0.70457  
150.900     0.70515  
151.000     0.70573  
151.100     0.70631  
151.200     0.70689  
151.300     0.70747  
151.400     0.70805  
151.500     0.70863  
151.600     0.70921  
151.700     0.70979  
151.800     0.71037  
151.900     0.71095  
152.000     0.71153  
152.100     0.71211  
152.200     0.71269  
152.300     0.71327  
152.400     0.71385  
152.500     0.71443  
152.600     0.71502  
152.700     0.71560  
152.800     0.71618  
152.900     0.71676  
153.000     0.71734  
153.100     0.71792  
153.200     0.71850  
153.300     0.71908  
153.400     0.71966  
153.500     0.72024  
153.600     0.72082  
153.700     0.72140  
153.800     0.72198  
153.900     0.72256  
154.000     0.72315  
154.100     0.72373  
154.200     0.72431  
154.300     0.72489  
154.400     0.72547  
154.500     0.72605  
154.600     0.72663  
154.700     0.72721  
154.800     0.72780  
154.900     0.72838  
155.000     0.72896  
155.100     0.72954  
155.200     0.73012  
155.300     0.73070  
155.400     0.73129  
155.500     0.73187  
155.600     0.73245  
155.700     0.73303  
155.800     0.73361  
155.900     0.73420  
156.000     0.73478  
156.100     0.73536  
156.200     0.73594  
156.300     0.73652  
156.400     0.73711  
156.500     0.73769  
156.600     0.73827  
156.700     0.73885  
156.800     0.73943  
156.900     0.74002  
157.000     0.74060  
157.100     0.74118  
157.200     0.74176  
157.300     0.74235  
157.400     0.74293  
157.500     0.74351  
157.600     0.74409  
157.700     0.74468  
157.800     0.74526  
157.900     0.74584  
158.000     0.74642  
158.100     0.74701  
158.200     0.74759  
158.300     0.74817  
158.400     0.74876  
158.500     0.74934  
158.600     0.74992  
158.700     0.75050  
158.800     0.75109  
158.900     0.75167  
159.000     0.75225  
159.100     0.75284  
159.200     0.75342  
159.300     0.75400  
159.400     0.75459  
159.500     0.75517  
159.600     0.75575  
159.700     0.75634  
159.800     0.75692  
159.900     0.75750  
160.000     0.75809  
160.100     0.75867  
160.200     0.75925  
160.300     0.75984  
160.400     0.76042  
160.500     0.76101  
160.600     0.76159  
160.700     0.76217  
160.800     0.76276  
160.900     0.76334  
161.000     0.76392  
161.100     0.76451  
161.200     0.76509  
161.300     0.76568  
161.400     0.76626  
161.500     0.76684  
161.600     0.76743  
161.700     0.76801  
161.800     0.76860  
161.900     0.76918  
162.000     0.76976  
162.100     0.77035  
162.200     0.77093  
162.300     0.77152  
162.400     0.77210  
162.500     0.77269  
162.600     0.77327  
162.700     0.77386  
162.800     0.77444  
162.900     0.77502  
163.000     0.77561  
163.100     0.77619  
163.200     0.77678  
163.300     0.77736  
163.400     0.77795  
163.500     0.77853  
163.600     0.77912  
163.700     0.77970  
163.800     0.78029  
163.900     0.78087  
164.000     0.78146  
164.100     0.78204  
164.200     0.78263  
164.300     0.78321  
164.400     0.78380  
164.500     0.78438  
164.600     0.78497  
164.700     0.78555  
164.800     0.78614  
164.900     0.78672  
165.000     0.78731  
165.100     0.78789  
165.200     0.78848  
165.300     0.78906  
165.400     0.78965  
165.500     0.79023  
165.600     0.79082  
165.700     0.79140  
165.800     0.79199  
165.900     0.79258  
166.000     0.79316  
166.100     0.79375  
166.200     0.79433  
166.300     0.79492  
166.400     0.79550  
166.500     0.79609  
166.600     0.79667  
166.700     0.79726  
166.800     0.79785  
166.900     0.79843  
167.000     0.79902  
167.100     0.79960  
167.200     0.80019  
167.300     0.80078  
167.400     0.80136  
167.500     0.80195  
167.600     0.80253  
167.700     0.80312  
167.800     0.80370  
167.900     0.80429  
168.000     0.80488  
168.100     0.80546  
168.200     0.80605  
168.300     0.80664  
168.400     0.80722  
168.500     0.80781  
168.600     0.80839  
168.700     0.80898  
168.800     0.80957  
168.900     0.81015  
169.000     0.81074  
169.100     0.81133  
169.200     0.81191  
169.300     0.81250  
169.400     0.81308  
169.500     0.81367  
169.600     0.81426  
169.700     0.81484  
169.800     0.81543  
169.900     0.81602  
170.000     0.81660  
170.100     0.81719  
170.200     0.81778  
170.300     0.81836  
170.400     0.81895  
170.500     0.81954  
170.600     0.82012  
170.700     0.82071  
170.800     0.82130  
170.900     0.82188  
171.000     0.82247  
171.100     0.82306  
171.200     0.82364  
171.300     0.82423  
171.400     0.82482  
171.500     0.82540  
171.600     0.82599  
171.700     0.82658  
171.800     0.82717  
171.900     0.82775  
172.000     0.82834  
172.100     0.82893  
172.200     0.82951  
172.300     0.83010  
172.400     0.83069  
172.500     0.83127  
172.600     0.83186  
172.700     0.83245  
172.800     0.83304  
172.900     0.83362  
173.000     0.83421  
173.100     0.83480  
173.200     0.83538  
173.300     0.83597  
173.400     0.83656  
173.500     0.83715  
173.600     0.83773  
173.700     0.83832  
173.800     0.83891  
173.900     0.83949  
174.000     0.84008  
174.100     0.84067  
174.200     0.84126  
174.300     0.84184  
174.400     0.84243  
174.500     0.84302  
174.600     0.84361  
174.700     0.84419  
174.800     0.84478  
174.900     0.84537  
175.000     0.84596  
175.100     0.84654  
175.200     0.84713  
175.300     0.84772  
175.400     0.84831  
175.500     0.84889  
175.600     0.84948  
175.700     0.85007  
175.800     0.85066  
175.900     0.85124  
176.000     0.85183  
176.100     0.85242  
176.200     0.85301  
176.300     0.85359  
176.400     0.85418  
176.500     0.85477  
176.600     0.85536  
176.700     0.85595  
176.800     0.85653  
176.900     0.85712  
177.000     0.85771  
177.100     0.85830  
177.200     0.85888  
177.300     0.85947  
177.400     0.86006  
177.500     0.86065  
177.600     0.86123  
177.700     0.86182  
177.800     0.86241  
177.900     0.86300  
178.000     0.86359  
178.100     0.86417  
178.200     0.86476  
178.300     0.86535  
178.400     0.86594  
178.500     0.86653  
178.600     0.86711  
178.700     0.86770  
178.800     0.86829  
178.900     0.86888  
179.000     0.86946  
179.100     0.87005  
179.200     0.87064  
179.300     0.87123  
179.400     0.87182  
179.500     0.87240  
179.600     0.87299  
179.700     0.87358  
179.800     0.87417  
179.900     0.87476  
180.000     0.87534  
180.100     0.87593  
180.200     0.87652  
180.300     0.87711  
180.400     0.87769  
180.500     0.87828  
180.600     0.87887  
180.700     0.87946  
180.800     0.88005  
180.900     0.88063  
181.000     0.88122  
181.100     0.88181  
181.200     0.88240  
181.300     0.88299  
181.400     0.88357  
181.500     0.88416  
181.600     0.88475  
181.700     0.88534  
181.800     0.88593  
181.900     0.88651  
182.000     0.88710  
182.100     0.88769  
182.200     0.88828  
182.300     0.88886  
182.400     0.88945  
182.500     0.89004  
182.600     0.89063  
182.700     0.89122  
182.800     0.89180  
182.900     0.89239  
183.000     0.89298  
183.100     0.89357  
183.200     0.89415  
183.300     0.89474  
183.400     0.89533  
183.500     0.89592  
183.600     0.89651  
183.700     0.89709  
183.800     0.89768  
183.900     0.89827  
184.000     0.89886  
184.100     0.89944  
184.200     0.90003  
184.300     0.90062  
184.400     0.90121  
184.500     0.90180  
184.600     0.90238  
184.700     0.90297  
184.800     0.90356  
184.900     0.90415  
185.000     0.90473  
185.100     0.90532  
185.200     0.90591  
185.300     0.90650  
185.400     0.90708  
185.500     0.90767  
185.600     0.90826  
185.700     0.90885  
185.800     0.90943  
185.900     0.91002  
186.000     0.91061  
186.100     0.91120  
186.200     0.91179  
186.300     0.91237  
186.400     0.91296  
186.500     0.91355  
186.600     0.91414  
186.700     0.91472  
186.800     0.91531  
186.900     0.91590  
187.000     0.91648  
187.100     0.91707  
187.200     0.91766  
187.300     0.91825  
187.400     0.91883  
187.500     0.91942  
187.600     0.92001  
187.700     0.92060  
187.800     0.92118  
187.900     0.92177  
188.000     0.92236  
188.100     0.92295  
188.200     0.92353  
188.300     0.92412  
188.400     0.92471  
188.500     0.92529  
188.600     0.92588  
188.700     0.92647  
188.800     0.92706  
188.900     0.92764  
189.000     0.92823  
189.100     0.92882  
189.200     0.92940  
189.300     0.92999  
189.400     0.93058  
189.500     0.93116  
189.600     0.93175  
189.700     0.93234  
189.800     0.93293  
189.900     0.93351  
190.000     0.93410  
190.100     0.93469  
190.200     0.93527  
190.300     0.93586  
190.400     0.93645  
190.500     0.93703  
190.600     0.93762  
190.700     0.93821  
190.800     0.93879  
190.900     0.93938  
191.000     0.93997  
191.100     0.94055  
191.200     0.94114  
191.300     0.94173  
191.400     0.94231  
191.500     0.94290  
191.600     0.94348  
191.700     0.94407  
191.800     0.94466  
191.900     0.94524  
192.000     0.94583  
192.100     0.94642  
192.200     0.94700  
192.300     0.94759  
192.400     0.94817  
192.500     0.94876  
192.600     0.94935  
192.700     0.94993  
192.800     0.95052  
192.900     0.95111  
193.000     0.95169  
193.100     0.95228  
193.200     0.95286  
193.300     0.95345  
193.400     0.95404  
193.500     0.95462  
193.600     0.95521  
193.700     0.95579  
193.800     0.95638  
193.900     0.95696  
194.000     0.95755  
194.100     0.95814  
194.200     0.95872  
194.300     0.95931  
194.400     0.95989  
194.500     0.96048  
194.600     0.96106  
194.700     0.96165  
194.800     0.96223  
194.900     0.96282  
195.000     0.96340  
195.100     0.96399  
195.200     0.96458  
195.300     0.96516  
195.400     0.96575  
195.500     0.96633  
195.600     0.96692  
195.700     0.96750  
195.800     0.96809  
195.900     0.96867  
196.000     0.96926  
196.100     0.96984  
196.200     0.97043  
196.300     0.97101  
196.400     0.97160  
196.500     0.97218  
196.600     0.97277  
196.700     0.97335  
196.800     0.97393  
196.900     0.97452  
197.000     0.97510  
197.100     0.97569  
197.200     0.97627  
197.300     0.97686  
197.400     0.97744  
197.500     0.97803  
197.600     0.97861  
197.700     0.97920  
197.800     0.97978  
197.900     0.98036  
198.000     0.98095  
198.100     0.98153  
198.200     0.98212  
198.300     0.98270  
198.400     0.98328  
198.500     0.98387  
198.600     0.98445  
198.700     0.98504  
198.800     0.98562  
198.900     0.98620  
199.000     0.98679  
199.100     0.98737  
199.200     0.98796  
199.300     0.98854  
199.400     0.98912  
199.500     0.98971  
199.600     0.99029  
199.700     0.99087  
199.800     0.99146  
199.900     0.99204  
200.000     0.99262  
200.100     0.99321  
200.200     0.99379  
200.300     0.99437  
200.400     0.99496  
200.500     0.99554  
200.600     0.99612  
200.700     0.99670  
200.800     0.99729  
200.900     0.99787  
201.000     0.99845  
201.100     0.99904  
201.200     0.99962  
201.300     1.00020  
201.400     1.00078  
201.500     1.00137  
201.600     1.00195  
201.700     1.00253  
201.800     1.00311  
201.900     1.00370  
202.000     1.00428  
202.100     1.00486  
202.200     1.00544  
202.300     1.00603  
202.400     1.00661  
202.500     1.00719  
202.600     1.00777  
202.700     1.00835  
202.800     1.00894  
202.900     1.00952  
203.000     1.01010  
203.100     1.01068  
203.200     1.01126  
203.300     1.01184  
203.400     1.01243  
203.500     1.01301  
203.600     1.01359  
203.700     1.01417  
203.800     1.01475  
203.900     1.01533  
204.000     1.01591  
204.100     1.01650  
204.200     1.01708  
204.300     1.01766  
204.400     1.01824  
204.500     1.01882  
204.600     1.01940  
204.700     1.01998  
204.800     1.02056  
204.900     1.02114  
205.000     1.02172  
205.100     1.02230  
205.200     1.02288  
205.300     1.02346  
205.400     1.02404  
205.500     1.02463  
205.600     1.02521  
205.700     1.02579  
205.800     1.02637  
205.900     1.02695  
206.000     1.02753  
206.100     1.02811  
206.200     1.02869  
206.300     1.02927  
206.400     1.02985  
206.500     1.03043  
206.600     1.03101  
206.700     1.03158  
206.800     1.03216  
206.900     1.03274  
207.000     1.03332  
207.100     1.03390  
207.200     1.03448  
207.300     1.03506  
207.400     1.03564  
207.500     1.03622  
207.600     1.03680  
207.700     1.03738  
207.800     1.03796  
207.900     1.03853  
208.000     1.03911  
208.100     1.03969  
208.200     1.04027  
208.300     1.04085  
208.400     1.04143  
208.500     1.04201  
208.600     1.04258  
208.700     1.04316  
208.800     1.04374  
208.900     1.04432  
209.000     1.04490  
209.100     1.04547  
209.200     1.04605  
209.300     1.04663  
209.400     1.04721  
209.500     1.04779  
209.600     1.04836  
209.700     1.04894  
209.800     1.04952  
209.900     1.05010  
210.000     1.05067  
210.100     1.05125  
210.200     1.05183  
210.300     1.05240  
210.400     1.05298  
210.500     1.05356  
210.600     1.05414  
210.700     1.05471  
210.800     1.05529  
210.900     1.05587  
211.000     1.05644  
211.100     1.05702  
211.200     1.05759  
211.300     1.05817  
211.400     1.05875  
211.500     1.05932  
211.600     1.05990  
211.700     1.06048  
211.800     1.06105  
211.900     1.06163  
212.000     1.06220  
212.100     1.06278  
212.200     1.06335  
212.300     1.06393  
212.400     1.06450  
212.500     1.06508  
212.600     1.06566  
212.700     1.06623  
212.800     1.06681  
212.900     1.06738  
213.000     1.06796  
213.100     1.06853  
213.200     1.06911  
213.300     1.06968  
213.400     1.07025  
213.500     1.07083  
213.600     1.07140  
213.700     1.07198  
213.800     1.07255  
213.900     1.07313  
214.000     1.07370  
214.100     1.07427  
214.200     1.07485  
214.300     1.07542  
214.400     1.07600  
214.500     1.07657  
214.600     1.07714  
214.700     1.07772  
214.800     1.07829  
214.900     1.07886  
215.000     1.07944  
215.100     1.08001  
215.200     1.08058  
215.300     1.08116  
215.400     1.08173  
215.500     1.08230  
215.600     1.08287  
215.700     1.08345  
215.800     1.08402  
215.900     1.08459  
216.000     1.08516  
216.100     1.08574  
216.200     1.08631  
216.300     1.08688  
216.400     1.08745  
216.500     1.08802  
216.600     1.08859  
216.700     1.08917  
216.800     1.08974  
216.900     1.09031  
217.000     1.09088  
217.100     1.09145  
217.200     1.09202  
217.300     1.09259  
217.400     1.09317  
217.500     1.09374  
217.600     1.09431  
217.700     1.09488  
217.800     1.09545  
217.900     1.09602  
218.000     1.09659  
218.100     1.09716  
218.200     1.09773  
218.300     1.09830  
218.400     1.09887  
218.500     1.09944  
218.600     1.10001  
218.700     1.10058  
218.800     1.10115  
218.900     1.10172  
219.000     1.10229  
219.100     1.10286  
219.200     1.10343  
219.300     1.10400  
219.400     1.10456  
219.500     1.10513  
219.600     1.10570  
219.700     1.10627  
219.800     1.10684  
219.900     1.10741  
220.000     1.10798  
220.100     1.10854  
220.200     1.10911  
220.300     1.10968  
220.400     1.11025  
220.500     1.11082  
220.600     1.11138  
220.700     1.11195  
220.800     1.11252  
220.900     1.11309  
221.000     1.11365  
221.100     1.11422  
221.200     1.11479  
221.300     1.11536  
221.400     1.11592  
221.500     1.11649  
221.600     1.11706  
221.700     1.11762  
221.800     1.11819  
221.900     1.11876  
222.000     1.11932  
222.100     1.11989  
222.200     1.12045  
222.300     1.12102  
222.400     1.12159  
222.500     1.12215  
222.600     1.12272  
222.700     1.12328  
222.800     1.12385  
222.900     1.12441  
223.000     1.12498  
223.100     1.12554  
223.200     1.12611  
223.300     1.12667  
223.400     1.12724  
223.500     1.12780  
223.600     1.12837  
223.700     1.12893  
223.800     1.12950  
223.900     1.13006  
224.000     1.13062  
224.100     1.13119  
224.200     1.13175  
224.300     1.13231  
224.400     1.13288  
224.500     1.13344  
224.600     1.13400  
224.700     1.13457  
224.800     1.13513  
224.900     1.13569  
225.000     1.13626  
225.100     1.13682  
225.200     1.13738  
225.300     1.13794  
225.400     1.13851  
225.500     1.13907  
225.600     1.13963  
225.700     1.14019  
225.800     1.14076  
225.900     1.14132  
226.000     1.14188  
226.100     1.14244  
226.200     1.14300  
226.300     1.14356  
226.400     1.14412  
226.500     1.14469  
226.600     1.14525  
226.700     1.14581  
226.800     1.14637  
226.900     1.14693  
227.000     1.14749  
227.100     1.14805  
227.200     1.14861  
227.300     1.14917  
227.400     1.14973  
227.500     1.15029  
227.600     1.15085  
227.700     1.15141  
227.800     1.15197  
227.900     1.15253  
228.000     1.15309  
228.100     1.15364  
228.200     1.15420  
228.300     1.15476  
228.400     1.15532  
228.500     1.15588  
228.600     1.15644  
228.700     1.15700  
228.800     1.15755  
228.900     1.15811  
229.000     1.15867  
229.100     1.15923  
229.200     1.15978  
229.300     1.16034  
229.400     1.16090  
229.500     1.16146  
229.600     1.16201  
229.700     1.16257  
229.800     1.16313  
229.900     1.16368  
230.000     1.16424  
230.100     1.16480  
230.200     1.16535  
230.300     1.16591  
230.400     1.16647  
230.500     1.16702  
230.600     1.16758  
230.700     1.16813  
230.800     1.16869  
230.900     1.16924  
231.000     1.16980  
231.100     1.17035  
231.200     1.17091  
231.300     1.17146  
231.400     1.17202  
231.500     1.17257  
231.600     1.17313  
231.700     1.17368  
231.800     1.17424  
231.900     1.17479  
232.000     1.17534  
232.100     1.17590  
232.200     1.17645  
232.300     1.17700  
232.400     1.17756  
232.500     1.17811  
232.600     1.17866  
232.700     1.17922  
232.800     1.17977  
232.900     1.18032  
233.000     1.18087  
233.100     1.18143  
233.200     1.18198  
233.300     1.18253  
233.400     1.18308  
233.500     1.18363  
233.600     1.18419  
233.700     1.18474  
233.800     1.18529  
233.900     1.18584  
234.000     1.18639  
234.100     1.18694  
234.200     1.18749  
234.300     1.18804  
234.400     1.18859  
234.500     1.18914  
234.600     1.18969  
234.700     1.19024  
234.800     1.19079  
234.900     1.19134  
235.000     1.19189  
235.100     1.19244  
235.200     1.19299  
235.300     1.19354  
235.400     1.19409  
235.500     1.19464  
235.600     1.19519  
235.700     1.19574  
235.800     1.19628  
235.900     1.19683  
236.000     1.19738  
236.100     1.19793  
236.200     1.19848  
236.300     1.19902  
236.400     1.19957  
236.500     1.20012  
236.600     1.20067  
236.700     1.20121  
236.800     1.20176  
236.900     1.20231  
237.000     1.20285  
237.100     1.20340  
237.200     1.20395  
237.300     1.20449  
237.400     1.20504  
237.500     1.20558  
237.600     1.20613  
237.700     1.20667  
237.800     1.20722  
237.900     1.20776  
238.000     1.20831  
238.100     1.20885  
238.200     1.20940  
238.300     1.20994  
238.400     1.21049  
238.500     1.21103  
238.600     1.21158  
238.700     1.21212  
238.800     1.21266  
238.900     1.21321  
239.000     1.21375  
239.100     1.21429  
239.200     1.21484  
239.300     1.21538  
239.400     1.21592  
239.500     1.21647  
239.600     1.21701  
239.700     1.21755  
239.800     1.21809  
239.900     1.21863  
240.000     1.21918  
240.100     1.21972  
240.200     1.22026  
240.300     1.22080  
240.400     1.22134  
240.500     1.22188  
240.600     1.22242  
240.700     1.22296  
240.800     1.22350  
240.900     1.22404  
241.000     1.22458  
241.100     1.22512  
241.200     1.22566  
241.300     1.22620  
241.400     1.22674  
241.500     1.22728  
241.600     1.22782  
241.700     1.22836  
241.800     1.22890  
241.900     1.22944  
242.000     1.22998  
242.100     1.23051  
242.200     1.23105  
242.300     1.23159  
242.400     1.23213  
242.500     1.23267  
242.600     1.23320  
242.700     1.23374  
242.800     1.23428  
242.900     1.23481  
243.000     1.23535  
243.100     1.23589  
243.200     1.23642  
243.300     1.23696  
243.400     1.23750  
243.500     1.23803  
243.600     1.23857  
243.700     1.23910  
243.800     1.23964  
243.900     1.24017  
244.000     1.24071  
244.100     1.24124  
244.200     1.24178  
244.300     1.24231  
244.400     1.24285  
244.500     1.24338  
244.600     1.24391  
244.700     1.24445  
244.800     1.24498  
244.900     1.24551  
245.000     1.24605  
245.100     1.24658  
245.200     1.24711  
245.300     1.24765  
245.400     1.24818  
245.500     1.24871  
245.600     1.24924  
245.700     1.24977  
245.800     1.25031  
245.900     1.25084  
246.000     1.25137  
246.100     1.25190  
246.200     1.25243  
246.300     1.25296  
246.400     1.25349  
246.500     1.25402  
246.600     1.25455  
246.700     1.25508  
246.800     1.25561  
246.900     1.25614  
247.000     1.25667  
247.100     1.25720  
247.200     1.25773  
247.300     1.25826  
247.400     1.25879  
247.500     1.25932  
247.600     1.25985  
247.700     1.26037  
247.800     1.26090  
247.900     1.26143  
248.000     1.26196  
248.100     1.26248  
248.200     1.26301  
248.300     1.26354  
248.400     1.26406  
248.500     1.26459  
248.600     1.26512  
248.700     1.26564  
248.800     1.26617  
248.900     1.26670  
249.000     1.26722  
249.100     1.26775  
249.200     1.26827  
249.300     1.26880  
249.400     1.26932  
249.500     1.26985  
249.600     1.27037  
249.700     1.27090  
249.800     1.27142  
249.900     1.27194  
250.000     1.27247  
250.100     1.27299  
250.200     1.27351  
250.300     1.27404  
250.400     1.27456  
250.500     1.27508  
250.600     1.27560  
250.700     1.27613  
250.800     1.27665  
250.900     1.27717  
251.000     1.27769  
251.100     1.27821  
251.200     1.27874  
251.300     1.27926  
251.400     1.27978  
251.500     1.28030  
251.600     1.28082  
251.700     1.28134  
251.800     1.28186  
251.900     1.28238  
252.000     1.28290  
252.100     1.28342  
252.200     1.28394  
252.300     1.28446  
252.400     1.28497  
252.500     1.28549  
252.600     1.28601  
252.700     1.28653  
252.800     1.28705  
252.900     1.28756  
253.000     1.28808  
253.100     1.28860  
253.200     1.28912  
253.300     1.28963  
253.400     1.29015  
253.500     1.29067  
253.600     1.29118  
253.700     1.29170  
253.800     1.29221  
253.900     1.29273  
254.000     1.29325  
254.100     1.29376  
254.200     1.29428  
254.300     1.29479  
254.400     1.29531  
254.500     1.29582  
254.600     1.29633  
254.700     1.29685  
254.800     1.29736  
254.900     1.29787  
255.000     1.29839  
255.100     1.29890  
255.200     1.29941  
255.300     1.29993  
255.400     1.30044  
255.500     1.30095  
255.600     1.30146  
255.700     1.30197  
255.800     1.30249  
255.900     1.30300  
256.000     1.30351  
256.100     1.30402  
256.200     1.30453  
256.300     1.30504  
256.400     1.30555  
256.500     1.30606  
256.600     1.30657  
256.700     1.30708  
256.800     1.30759  
256.900     1.30810  
257.000     1.30861  
257.100     1.30912  
257.200     1.30962  
257.300     1.31013  
257.400     1.31064  
257.500     1.31115  
257.600     1.31165  
257.700     1.31216  
257.800     1.31267  
257.900     1.31318  
258.000     1.31368  
258.100     1.31419  
258.200     1.31469  
258.300     1.31520  
258.400     1.31571  
258.500     1.31621  
258.600     1.31672  
258.700     1.31722  
258.800     1.31773  
258.900     1.31823  
259.000     1.31874  
259.100     1.31924  
259.200     1.31974  
259.300     1.32025  
259.400     1.32075  
259.500     1.32125  
259.600     1.32176  
259.700     1.32226  
259.800     1.32276  
259.900     1.32326  
260.000     1.32377  
260.100     1.32427  
260.200     1.32477  
260.300     1.32527  
260.400     1.32577  
260.500     1.32627  
260.600     1.32677  
260.700     1.32727  
260.800     1.32777  
260.900     1.32827  
261.000     1.32877  
261.100     1.32927  
261.200     1.32977  
261.300     1.33027  
261.400     1.33077  
261.500     1.33127  
261.600     1.33177  
261.700     1.33226  
261.800     1.33276  
261.900     1.33326  
262.000     1.33376  
262.100     1.33425  
262.200     1.33475  
262.300     1.33525  
262.400     1.33574  
262.500     1.33624  
262.600     1.33673  
262.700     1.33723  
262.800     1.33773  
262.900     1.33822  
263.000     1.33872  
263.100     1.33921  
263.200     1.33970  
263.300     1.34020  
263.400     1.34069  
263.500     1.34119  
263.600     1.34168  
263.700     1.34217  
263.800     1.34267  
263.900     1.34316  
264.000     1.34365  
264.100     1.34414  
264.200     1.34464  
264.300     1.34513  
264.400     1.34562  
264.500     1.34611  
264.600     1.34660  
264.700     1.34709  
264.800     1.34758  
264.900     1.34807  
265.000     1.34856  
265.100     1.34905  
265.200     1.34954  
265.300     1.35003  
265.400     1.35052  
265.500     1.35101  
265.600     1.35150  
265.700     1.35198  
265.800     1.35247  
265.900     1.35296  
266.000     1.35345  
266.100     1.35394  
266.200     1.35442  
266.300     1.35491  
266.400     1.35540  
266.500     1.35588  
266.600     1.35637  
266.700     1.35685  
266.800     1.35734  
266.900     1.35782  
267.000     1.35831  
267.100     1.35879  
267.200     1.35928  
267.300     1.35976  
267.400     1.36025  
267.500     1.36073  
267.600     1.36121  
267.700     1.36170  
267.800     1.36218  
267.900     1.36266  
268.000     1.36314  
268.100     1.36363  
268.200     1.36411  
268.300     1.36459  
268.400     1.36507  
268.500     1.36555  
268.600     1.36603  
268.700     1.36651  
268.800     1.36699  
268.900     1.36747  
269.000     1.36795  
269.100     1.36843  
269.200     1.36891  
269.300     1.36939  
269.400     1.36987  
269.500     1.37035  
269.600     1.37083  
269.700     1.37131  
269.800     1.37178  
269.900     1.37226  
270.000     1.37274  
270.100     1.37321  
270.200     1.37369  
270.300     1.37417  
270.400     1.37464  
270.500     1.37512  
270.600     1.37560  
270.700     1.37607  
270.800     1.37655  
270.900     1.37702  
271.000     1.37750  
271.100     1.37797  
271.200     1.37844  
271.300     1.37892  
271.400     1.37939  
271.500     1.37986  
271.600     1.38034  
271.700     1.38081  
271.800     1.38128  
271.900     1.38175  
272.000     1.38223  
272.100     1.38270  
272.200     1.38317  
272.300     1.38364  
272.400     1.38411  
272.500     1.38458  
272.600     1.38505  
272.700     1.38552  
272.800     1.38599  
272.900     1.38646  
273.000     1.38693  
273.100     1.38740  
273.200     1.38787  
273.300     1.38834  
273.400     1.38880  
273.500     1.38927  
273.600     1.38974  
273.700     1.39021  
273.800     1.39067  
273.900     1.39114  
274.000     1.39161  
274.100     1.39207  
274.200     1.39254  
274.300     1.39301  
274.400     1.39347  
274.500     1.39394  
274.600     1.39440  
274.700     1.39487  
274.800     1.39533  
274.900     1.39579  
275.000     1.39626  
275.100     1.39672  
275.200     1.39718  
275.300     1.39765  
275.400     1.39811  
275.500     1.39857  
275.600     1.39903  
275.700     1.39950  
275.800     1.39996  
275.900     1.40042  
276.000     1.40088  
276.100     1.40134  
276.200     1.40180  
276.300     1.40226  
276.400     1.40272  
276.500     1.40318  
276.600     1.40364  
276.700     1.40410  
276.800     1.40456  
276.900     1.40501  
277.000     1.40547  
277.100     1.40593  
277.200     1.40639  
277.300     1.40684  
277.400     1.40730  
277.500     1.40776  
277.600     1.40821  
277.700     1.40867  
277.800     1.40913  
277.900     1.40958  
278.000     1.41004  
278.100     1.41049  
278.200     1.41095  
278.300     1.41140  
278.400     1.41185  
278.500     1.41231  
278.600     1.41276  
278.700     1.41322  
278.800     1.41367  
278.900     1.41412  
279.000     1.41457  
279.100     1.41502  
279.200     1.41548  
279.300     1.41593  
279.400     1.41638  
279.500     1.41683  
279.600     1.41728  
279.700     1.41773  
279.800     1.41818  
279.900     1.41863  
280.000     1.41908  
280.100     1.41953  
280.200     1.41998  
280.300     1.42043  
280.400     1.42087  
280.500     1.42132  
280.600     1.42177  
280.700     1.42222  
280.800     1.42266  
280.900     1.42311  
281.000     1.42356  
281.100     1.42400  
281.200     1.42445  
281.300     1.42490  
281.400     1.42534  
281.500     1.42579  
281.600     1.42623  
281.700     1.42667  
281.800     1.42712  
281.900     1.42756  
282.000     1.42801  
282.100     1.42845  
282.200     1.42889  
282.300     1.42933  
282.400     1.42978  
282.500     1.43022  
282.600     1.43066  
282.700     1.43110  
282.800     1.43154  
282.900     1.43198  
283.000     1.43242  
283.100     1.43286  
283.200     1.43330  
283.300     1.43374  
283.400     1.43418  
283.500     1.43462  
283.600     1.43506  
283.700     1.43550  
283.800     1.43594  
283.900     1.43637  
284.000     1.43681  
284.100     1.43725  
284.200     1.43769  
284.300     1.43812  
284.400     1.43856  
284.500     1.43899  
284.600     1.43943  
284.700     1.43986  
284.800     1.44030  
284.900     1.44073  
285.000     1.44117  
285.100     1.44160  
285.200     1.44204  
285.300     1.44247  
285.400     1.44290  
285.500     1.44333  
285.600     1.44377  
285.700     1.44420  
285.800     1.44463  
285.900     1.44506  
286.000     1.44549  
286.100     1.44592  
286.200     1.44635  
286.300     1.44679  
286.400     1.44722  
286.500     1.44764  
286.600     1.44807  
286.700     1.44850  
286.800     1.44893  
286.900     1.44936  
287.000     1.44979  
287.100     1.45022  
287.200     1.45064  
287.300     1.45107  
287.400     1.45150  
287.500     1.45192  
287.600     1.45235  
287.700     1.45277  
287.800     1.45320  
287.900     1.45363  
288.000     1.45405  
288.100     1.45447  
288.200     1.45490  
288.300     1.45532  
288.400     1.45575  
288.500     1.45617  
288.600     1.45659  
288.700     1.45701  
288.800     1.45744  
288.900     1.45786  
289.000     1.45828  
289.100     1.45870  
289.200     1.45912  
289.300     1.45954  
289.400     1.45996  
289.500     1.46038  
289.600     1.46080  
289.700     1.46122  
289.800     1.46164  
289.900     1.46206  
290.000     1.46248  
290.100     1.46290  
290.200     1.46331  
290.300     1.46373  
290.400     1.46415  
290.500     1.46456  
290.600     1.46498  
290.700     1.46540  
290.800     1.46581  
290.900     1.46623  
291.000     1.46664  
291.100     1.46706  
291.200     1.46747  
291.300     1.46789  
291.400     1.46830  
291.500     1.46871  
291.600     1.46913  
291.700     1.46954  
291.800     1.46995  
291.900     1.47036  
292.000     1.47077  
292.100     1.47119  
292.200     1.47160  
292.300     1.47201  
292.400     1.47242  
292.500     1.47283  
292.600     1.47324  
292.700     1.47365  
292.800     1.47406  
292.900     1.47446  
293.000     1.47487  
293.100     1.47528  
293.200     1.47569  
293.300     1.47610  
293.400     1.47650  
293.500     1.47691  
293.600     1.47732  
293.700     1.47772  
293.800     1.47813  
293.900     1.47853  
294.000     1.47894  
294.100     1.47934  
294.200     1.47975  
294.300     1.48015  
294.400     1.48055  
294.500     1.48096  
294.600     1.48136  
294.700     1.48176  
294.800     1.48216  
294.900     1.48257  
295.000     1.48297  
295.100     1.48337  
295.200     1.48377  
295.300     1.48417  
295.400     1.48457  
295.500     1.48497  
295.600     1.48537  
295.700     1.48577  
295.800     1.48617  
295.900     1.48657  
296.000     1.48696  
296.100     1.48736  
296.200     1.48776  
296.300     1.48816  
296.400     1.48855  
296.500     1.48895  
296.600     1.48934  
296.700     1.48974  
296.800     1.49014  
296.900     1.49053  
297.000     1.49093  
297.100     1.49132  
297.200     1.49171  
297.300     1.49211  
297.400     1.49250  
297.500     1.49289  
297.600     1.49329  
297.700     1.49368  
297.800     1.49407  
297.900     1.49446  
298.000     1.49485  
298.100     1.49524  
298.200     1.49563  
298.300     1.49602  
298.400     1.49641  
298.500     1.49680  
298.600     1.49719  
298.700     1.49758  
298.800     1.49797  
298.900     1.49835  
299.000     1.49874  
299.100     1.49913  
299.200     1.49952  
299.300     1.49990  
299.400     1.50029  
299.500     1.50067  
299.600     1.50106  
299.700     1.50144  
299.800     1.50183  
299.900     1.50221  
300.000     1.50260  
300.100     1.50298  
300.200     1.50336  
300.300     1.50375  
300.400     1.50413  
300.500     1.50451  
300.600     1.50489  
300.700     1.50527  
300.800     1.50566  
300.900     1.50604  
301.000     1.50642  
301.100     1.50680  
301.200     1.50718  
301.300     1.50755  
301.400     1.50793  
301.500     1.50831  
301.600     1.50869  
301.700     1.50907  
301.800     1.50945  
301.900     1.50982  
302.000     1.51020  
302.100     1.51058  
302.200     1.51095  
302.300     1.51133  
302.400     1.51170  
302.500     1.51208  
302.600     1.51245  
302.700     1.51282  
302.800     1.51320  
302.900     1.51357  
303.000     1.51394  
303.100     1.51432  
303.200     1.51469  
303.300     1.51506  
303.400     1.51543  
303.500     1.51580  
303.600     1.51617  
303.700     1.51655  
303.800     1.51692  
303.900     1.51728  
304.000     1.51765  
304.100     1.51802  
304.200     1.51839  
304.300     1.51876  
304.400     1.51913  
304.500     1.51949  
304.600     1.51986  
304.700     1.52023  
304.800     1.52059  
304.900     1.52096  
305.000     1.52133  
305.100     1.52169  
305.200     1.52206  
305.300     1.52242  
305.400     1.52278  
305.500     1.52315  
305.600     1.52351  
305.700     1.52387  
305.800     1.52424  
305.900     1.52460  
306.000     1.52496  
306.100     1.52532  
306.200     1.52568  
306.300     1.52604  
306.400     1.52640  
306.500     1.52676  
306.600     1.52712  
306.700     1.52748  
306.800     1.52784  
306.900     1.52820  
307.000     1.52856  
307.100     1.52891  
307.200     1.52927  
307.300     1.52963  
307.400     1.52999  
307.500     1.53034  
307.600     1.53070  
307.700     1.53105  
307.800     1.53141  
307.900     1.53176  
308.000     1.53212  
308.100     1.53247  
308.200     1.53282  
308.300     1.53318  
308.400     1.53353  
308.500     1.53388  
308.600     1.53423  
308.700     1.53458  
308.800     1.53493  
308.900     1.53529  
309.000     1.53564  
309.100     1.53599  
309.200     1.53634  
309.300     1.53668  
309.400     1.53703  
309.500     1.53738  
309.600     1.53773  
309.700     1.53808  
309.800     1.53842  
309.900     1.53877  
310.000     1.53912  
310.100     1.53946  
310.200     1.53981  
310.300     1.54015  
310.400     1.54050  
310.500     1.54084  
310.600     1.54119  
310.700     1.54153  
310.800     1.54187  
310.900     1.54222  
311.000     1.54256  
311.100     1.54290  
311.200     1.54324  
311.300     1.54358  
311.400     1.54393  
311.500     1.54427  
311.600     1.54461  
311.700     1.54495  
311.800     1.54528  
311.900     1.54562  
312.000     1.54596  
312.100     1.54630  
312.200     1.54664  
312.300     1.54698  
312.400     1.54731  
312.500     1.54765  
312.600     1.54799  
312.700     1.54832  
312.800     1.54866  
312.900     1.54899  
313.000     1.54933  
313.100     1.54966  
313.200     1.54999  
313.300     1.55033  
313.400     1.55066  
313.500     1.55099  
313.600     1.55132  
313.700     1.55166  
313.800     1.55199  
313.900     1.55232  
314.000     1.55265  
314.100     1.55298  
314.200     1.55331  
314.300     1.55364  
314.400     1.55397  
314.500     1.55430  
314.600     1.55462  
314.700     1.55495  
314.800     1.55528  
314.900     1.55561  
315.000     1.55593  
315.100     1.55626  
315.200     1.55658  
315.300     1.55691  
315.400     1.55723  
315.500     1.55756  
315.600     1.55788  
315.700     1.55821  
315.800     1.55853  
315.900     1.55885  
316.000     1.55917  
316.100     1.55950  
316.200     1.55982  
316.300     1.56014  
316.400     1.56046  
316.500     1.56078  
316.600     1.56110  
316.700     1.56142  
316.800     1.56174  
316.900     1.56206  
317.000     1.56238  
317.100     1.56269  
317.200     1.56301  
317.300     1.56333  
317.400     1.56364  
317.500     1.56396  
317.600     1.56428  
317.700     1.56459  
317.800     1.56491  
317.900     1.56522  
318.000     1.56554  
318.100     1.56585  
318.200     1.56616  
318.300     1.56648  
318.400     1.56679  
318.500     1.56710  
318.600     1.56741  
318.700     1.56772  
318.800     1.56803  
318.900     1.56834  
319.000     1.56865  
319.100     1.56896  
319.200     1.56927  
319.300     1.56958  
319.400     1.56989  
319.500     1.57020  
319.600     1.57051  
319.700     1.57081  
319.800     1.57112  
319.900     1.57143  
320.000     1.57173  
320.100     1.57204  
320.200     1.57234  
320.300     1.57265  
320.400     1.57295  
320.500     1.57325  
320.600     1.57356  
320.700     1.57386  
320.800     1.57416  
320.900     1.57447  
321.000     1.57477  
321.100     1.57507  
321.200     1.57537  
321.300     1.57567  
321.400     1.57597  
321.500     1.57627  
321.600     1.57657  
321.700     1.57687  
321.800     1.57716  
321.900     1.57746  
322.000     1.57776  
322.100     1.57806  
322.200     1.57835  
322.300     1.57865  
322.400     1.57894  
322.500     1.57924  
322.600     1.57953  
322.700     1.57983  
322.800     1.58012  
322.900     1.58042  
323.000     1.58071  
323.100     1.58100  
323.200     1.58129  
323.300     1.58159  
323.400     1.58188  
323.500     1.58217  
323.600     1.58246  
323.700     1.58275  
323.800     1.58304  
323.900     1.58333  
324.000     1.58362  
324.100     1.58390  
324.200     1.58419  
324.300     1.58448  
324.400     1.58477  
324.500     1.58505  
324.600     1.58534  
324.700     1.58562  
324.800     1.58591  
324.900     1.58619  
325.000     1.58648  
325.100     1.58676  
325.200     1.58705  
325.300     1.58733  
325.400     1.58761  
325.500     1.58789  
325.600     1.58818  
325.700     1.58846  
325.800     1.58874  
325.900     1.58902  
326.000     1.58930  
326.100     1.58958  
326.200     1.58986  
326.300     1.59014  
326.400     1.59041  
326.500     1.59069  
326.600     1.59097  
326.700     1.59125  
326.800     1.59152  
326.900     1.59180  
327.000     1.59207  
327.100     1.59235  
327.200     1.59262  
327.300     1.59290  
327.400     1.59317  
327.500     1.59344  
327.600     1.59372  
327.700     1.59399  
327.800     1.59426  
327.900     1.59453  
328.000     1.59480  
328.100     1.59507  
328.200     1.59534  
328.300     1.59561  
328.400     1.59588  
328.500     1.59615  
328.600     1.59642  
328.700     1.59669  
328.800     1.59696  
328.900     1.59722  
329.000     1.59749  
329.100     1.59776  
329.200     1.59802  
329.300     1.59829  
329.400     1.59855  
329.500     1.59882  
329.600     1.59908  
329.700     1.59934  
329.800     1.59961  
329.900     1.59987  
330.000     1.60013  
330.100     1.60039  
330.200     1.60065  
330.300     1.60091  
330.400     1.60117  
330.500     1.60143  
330.600     1.60169  
330.700     1.60195  
330.800     1.60221  
330.900     1.60247  
331.000     1.60273  
331.100     1.60298  
331.200     1.60324  
331.300     1.60350  
331.400     1.60375  
331.500     1.60401  
331.600     1.60426  
331.700     1.60452  
331.800     1.60477  
331.900     1.60502  
332.000     1.60528  
332.100     1.60553  
332.200     1.60578  
332.300     1.60603  
332.400     1.60628  
332.500     1.60653  
332.600     1.60678  
332.700     1.60703  
332.800     1.60728  
332.900     1.60753  
333.000     1.60778  
333.100     1.60803  
333.200     1.60828  
333.300     1.60852  
333.400     1.60877  
333.500     1.60902  
333.600     1.60926  
333.700     1.60951  
333.800     1.60975  
333.900     1.60999  
334.000     1.61024  
334.100     1.61048  
334.200     1.61072  
334.300     1.61097  
334.400     1.61121  
334.500     1.61145  
334.600     1.61169  
334.700     1.61193  
334.800     1.61217  
334.900     1.61241  
335.000     1.61265  
335.100     1.61289  
335.200     1.61313  
335.300     1.61336  
335.400     1.61360  
335.500     1.61384  
335.600     1.61407  
335.700     1.61431  
335.800     1.61455  
335.900     1.61478  
336.000     1.61501  
336.100     1.61525  
336.200     1.61548  
336.300     1.61571  
336.400     1.61595  
336.500     1.61618  
336.600     1.61641  
336.700     1.61664  
336.800     1.61687  
336.900     1.61710  
337.000     1.61733  
337.100     1.61756  
337.200     1.61779  
337.300     1.61802  
337.400     1.61825  
337.500     1.61847  
337.600     1.61870  
337.700     1.61893  
337.800     1.61915  
337.900     1.61938  
338.000     1.61960  
338.100     1.61983  
338.200     1.62005  
338.300     1.62027  
338.400     1.62050  
338.500     1.62072  
338.600     1.62094  
338.700     1.62116  
338.800     1.62139  
338.900     1.62161  
339.000     1.62183  
339.100     1.62205  
339.200     1.62226  
339.300     1.62248  
339.400     1.62270  
339.500     1.62292  
339.600     1.62314  
339.700     1.62335  
339.800     1.62357  
339.900     1.62379  
340.000     1.62400  
340.100     1.62422  
340.200     1.62443  
340.300     1.62464  
340.400     1.62486  
340.500     1.62507  
340.600     1.62528  
340.700     1.62550  
340.800     1.62571  
340.900     1.62592  
341.000     1.62613  
341.100     1.62634  
341.200     1.62655  
341.300     1.62676  
341.400     1.62697  
341.500     1.62717  
341.600     1.62738  
341.700     1.62759  
341.800     1.62779  
341.900     1.62800  
342.000     1.62821  
342.100     1.62841  
342.200     1.62862  
342.300     1.62882  
342.400     1.62902  
342.500     1.62923  
342.600     1.62943  
342.700     1.62963  
342.800     1.62983  
342.900     1.63004  
343.000     1.63024  
343.100     1.63044  
343.200     1.63064  
343.300     1.63084  
343.400     1.63104  
343.500     1.63123  
343.600     1.63143  
343.700     1.63163  
343.800     1.63183  
343.900     1.63202  
344.000     1.63222  
344.100     1.63241  
344.200     1.63261  
344.300     1.63280  
344.400     1.63300  
344.500     1.63319  
344.600     1.63338  
344.700     1.63358  
344.800     1.63377  
344.900     1.63396  
345.000     1.63415  
345.100     1.63434  
345.200     1.63453  
345.300     1.63472  
345.400     1.63491  
345.500     1.63510  
345.600     1.63529  
345.700     1.63547  
345.800     1.63566  
345.900     1.63585  
346.000     1.63603  
346.100     1.63622  
346.200     1.63640  
346.300     1.63659  
346.400     1.63677  
346.500     1.63696  
346.600     1.63714  
346.700     1.63732  
346.800     1.63751  
346.900     1.63769  
347.000     1.63787  
347.100     1.63805  
347.200     1.63823  
347.300     1.63841  
347.400     1.63859  
347.500     1.63877  
347.600     1.63894  
347.700     1.63912  
347.800     1.63930  
347.900     1.63948  
348.000     1.63965  
348.100     1.63983  
348.200     1.64000  
348.300     1.64018  
348.400     1.64035  
348.500     1.64053  
348.600     1.64070  
348.700     1.64087  
348.800     1.64104  
348.900     1.64122  
349.000     1.64139  
349.100     1.64156  
349.200     1.64173  
349.300     1.64190  
349.400     1.64207  
349.500     1.64224  
349.600     1.64240  
349.700     1.64257  
349.800     1.64274  
349.900     1.64290  
350.000     1.64307  