0.000     0.00000  
  0.100     0.00000  
  0.200     0.00000  
  0.300     0.00000  
  0.400     0.00000  
  0.500     0.00000  
  0.600     0.00000  
  0.700     0.00000  
  0.800     0.00000  
  0.900     0.00000  
  1.000     0.00000  
  1.100     0.00000  
  1.200     0.00000  
  1.300     0.00000  
  1.400     0.00000  
  1.500     0.00000  
  1.600     0.00000  
  1.700     0.00000  
  1.800     0.00000  
  1.900     0.00000  
  2.000     0.00000  
  2.100     0.00000  
  2.200     0.00000  
  2.300     0.00000  
  2.400     0.00000  
  2.500     0.00000  
  2.600     0.00000  
  2.700     0.00000  
  2.800     0.00000  
  2.900     0.00000  
  3.000     0.00000  
  3.100     0.00000  
  3.200    -0.00001  
  3.300    -0.00001  
  3.400    -0.00001  
  3.500    -0.00001  
  3.600    -0.00001  
  3.700    -0.00001  
  3.800    -0.00001  
  3.900    -0.00001  
  4.000    -0.00001  
  4.100    -0.00002  
  4.200    -0.00002  
  4.300    -0.00002  
  4.400    -0.00002  
  4.500    -0.00002  
  4.600    -0.00003  
  4.700    -0.00003  
  4.800    -0.00003  
  4.900    -0.00003  
  5.000    -0.00004  
  5.100    -0.00004  
  5.200    -0.00005  
  5.300    -0.00005  
  5.400    -0.00005  
  5.500    -0.00006  
  5.600    -0.00006  
  5.700    -0.00007  
  5.800    -0.00007  
  5.900    -0.00008  
  6.000    -0.00009  
  6.100    -0.00009  
  6.200    -0.00010  
  6.300    -0.00011  
  6.400    -0.00011  
  6.500    -0.00012  
  6.600    -0.00013  
  6.700    -0.00014  
  6.800    -0.00015  
  6.900    -0.00016  
  7.000    -0.00017  
  7.100    -0.00018  
  7.200    -0.00019  
  7.300    -0.00020  
  7.400    -0.00021  
  7.500    -0.00022  
  7.600    -0.00024  
  7.700    -0.00025  
  7.800    -0.00026  
  7.900    -0.00028  
  8.000    -0.00029  
  8.100    -0.00031  
  8.200    -0.00032  
  8.300    -0.00034  
  8.400    -0.00035  
  8.500    -0.00037  
  8.600    -0.00039  
  8.700    -0.00041  
  8.800    -0.00043  
  8.900    -0.00045  
  9.000    -0.00047  
  9.100    -0.00049  
  9.200    -0.00051  
  9.300    -0.00053  
  9.400    -0.00056  
  9.500    -0.00058  
  9.600    -0.00060  
  9.700    -0.00063  
  9.800    -0.00065  
  9.900    -0.00068  
 10.000    -0.00071  
 10.100    -0.00073  
 10.200    -0.00076  
 10.300    -0.00079  
 10.400    -0.00082  
 10.500    -0.00085  
 10.600    -0.00088  
 10.700    -0.00091  
 10.800    -0.00095  
 10.900    -0.00098  
 11.000    -0.00101  
 11.100    -0.00105  
 11.200    -0.00108  
 11.300    -0.00112  
 11.400    -0.00116  
 11.500    -0.00120  
 11.600    -0.00124  
 11.700    -0.00128  
 11.800    -0.00132  
 11.900    -0.00136  
 12.000    -0.00140  
 12.100    -0.00144  
 12.200    -0.00149  
 12.300    -0.00153  
 12.400    -0.00158  
 12.500    -0.00162  
 12.600    -0.00167  
 12.700    -0.00172  
 12.800    -0.00177  
 12.900    -0.00182  
 13.000    -0.00187  
 13.100    -0.00192  
 13.200    -0.00197  
 13.300    -0.00203  
 13.400    -0.00208  
 13.500    -0.00214  
 13.600    -0.00219  
 13.700    -0.00225  
 13.800    -0.00231  
 13.900    -0.00237  
 14.000    -0.00243  
 14.100    -0.00249  
 14.200    -0.00255  
 14.300    -0.00261  
 14.400    -0.00268  
 14.500    -0.00274  
 14.600    -0.00281  
 14.700    -0.00288  
 14.800    -0.00294  
 14.900    -0.00301  
 15.000    -0.00308  
 15.100    -0.00315  
 15.200    -0.00322  
 15.300    -0.00330  
 15.400    -0.00337  
 15.500    -0.00344  
 15.600    -0.00352  
 15.700    -0.00360  
 15.800    -0.00367  
 15.900    -0.00375  
 16.000    -0.00383  
 16.100    -0.00391  
 16.200    -0.00399  
 16.300    -0.00408  
 16.400    -0.00416  
 16.500    -0.00424  
 16.600    -0.00433  
 16.700    -0.00442  
 16.800    -0.00450  
 16.900    -0.00459  
 17.000    -0.00468  
 17.100    -0.00477  
 17.200    -0.00486  
 17.300    -0.00496  
 17.400    -0.00505  
 17.500    -0.00515  
 17.600    -0.00524  
 17.700    -0.00534  
 17.800    -0.00544  
 17.900    -0.00554  
 18.000    -0.00563  
 18.100    -0.00574  
 18.200    -0.00584  
 18.300    -0.00594  
 18.400    -0.00605  
 18.500    -0.00615  
 18.600    -0.00626  
 18.700    -0.00636  
 18.800    -0.00647  
 18.900    -0.00658  
 19.000    -0.00669  
 19.100    -0.00680  
 19.200    -0.00692  
 19.300    -0.00703  
 19.400    -0.00715  
 19.500    -0.00726  
 19.600    -0.00738  
 19.700    -0.00750  
 19.800    -0.00761  
 19.900    -0.00773  
 20.000    -0.00786  
 20.100    -0.00798  
 20.200    -0.00810  
 20.300    -0.00823  
 20.400    -0.00835  
 20.500    -0.00848  
 20.600    -0.00860  
 20.700    -0.00873  
 20.800    -0.00886  
 20.900    -0.00899  
 21.000    -0.00913  
 21.100    -0.00926  
 21.200    -0.00939  
 21.300    -0.00953  
 21.400    -0.00966  
 21.500    -0.00980  
 21.600    -0.00994  
 21.700    -0.01008  
 21.800    -0.01022  
 21.900    -0.01036  
 22.000    -0.01050  
 22.100    -0.01064  
 22.200    -0.01079  
 22.300    -0.01093  
 22.400    -0.01108  
 22.500    -0.01123  
 22.600    -0.01138  
 22.700    -0.01152  
 22.800    -0.01168  
 22.900    -0.01183  
 23.000    -0.01198  
 23.100    -0.01213  
 23.200    -0.01229  
 23.300    -0.01244  
 23.400    -0.01260  
 23.500    -0.01276  
 23.600    -0.01292  
 23.700    -0.01308  
 23.800    -0.01324  
 23.900    -0.01340  
 24.000    -0.01357  
 24.100    -0.01373  
 24.200    -0.01389  
 24.300    -0.01406  
 24.400    -0.01423  
 24.500    -0.01440  
 24.600    -0.01457  
 24.700    -0.01474  
 24.800    -0.01491  
 24.900    -0.01508  
 25.000    -0.01525  
 25.100    -0.01543  
 25.200    -0.01560  
 25.300    -0.01578  
 25.400    -0.01596  
 25.500    -0.01614  
 25.600    -0.01632  
 25.700    -0.01650  
 25.800    -0.01668  
 25.900    -0.01686  
 26.000    -0.01705  
 26.100    -0.01723  
 26.200    -0.01742  
 26.300    -0.01760  
 26.400    -0.01779  
 26.500    -0.01798  
 26.600    -0.01817  
 26.700    -0.01836  
 26.800    -0.01855  
 26.900    -0.01875  
 27.000    -0.01894  
 27.100    -0.01913  
 27.200    -0.01933  
 27.300    -0.01953  
 27.400    -0.01972  
 27.500    -0.01992  
 27.600    -0.02012  
 27.700    -0.02032  
 27.800    -0.02052  
 27.900    -0.02073  
 28.000    -0.02093  
 28.100    -0.02114  
 28.200    -0.02134  
 28.300    -0.02155  
 28.400    -0.02176  
 28.500    -0.02196  
 28.600    -0.02217  
 28.700    -0.02238  
 28.800    -0.02260  
 28.900    -0.02281  
 29.000    -0.02302  
 29.100    -0.02324  
 29.200    -0.02345  
 29.300    -0.02367  
 29.400    -0.02389  
 29.500    -0.02410  
 29.600    -0.02432  
 29.700    -0.02454  
 29.800    -0.02476  
 29.900    -0.02499  
 30.000    -0.02521  
 30.100    -0.02543  
 30.200    -0.02566  
 30.300    -0.02588  
 30.400    -0.02611  
 30.500    -0.02634  
 30.600    -0.02657  
 30.700    -0.02680  
 30.800    -0.02703  
 30.900    -0.02726  
 31.000    -0.02749  
 31.100    -0.02772  
 31.200    -0.02796  
 31.300    -0.02819  
 31.400    -0.02843  
 31.500    -0.02866  
 31.600    -0.02890  
 31.700    -0.02914  
 31.800    -0.02938  
 31.900    -0.02962  
 32.000    -0.02986  
 32.100    -0.03010  
 32.200    -0.03035  
 32.300    -0.03059  
 32.400    -0.03084  
 32.500    -0.03108  
 32.600    -0.03133  
 32.700    -0.03158  
 32.800    -0.03183  
 32.900    -0.03207  
 33.000    -0.03233  
 33.100    -0.03258  
 33.200    -0.03283  
 33.300    -0.03308  
 33.400    -0.03333  
 33.500    -0.03359  
 33.600    -0.03385  
 33.700    -0.03410  
 33.800    -0.03436  
 33.900    -0.03462  
 34.000    -0.03488  
 34.100    -0.03514  
 34.200    -0.03540  
 34.300    -0.03566  
 34.400    -0.03592  
 34.500    -0.03618  
 34.600    -0.03645  
 34.700    -0.03671  
 34.800    -0.03698  
 34.900    -0.03725  
 35.000    -0.03751  
 35.100    -0.03778  
 35.200    -0.03805  
 35.300    -0.03832  
 35.400    -0.03859  
 35.500    -0.03886  
 35.600    -0.03914  
 35.700    -0.03941  
 35.800    -0.03968  
 35.900    -0.03996  
 36.000    -0.04023  
 36.100    -0.04051  
 36.200    -0.04079  
 36.300    -0.04107  
 36.400    -0.04134  
 36.500    -0.04162  
 36.600    -0.04190  
 36.700    -0.04219  
 36.800    -0.04247  
 36.900    -0.04275  
 37.000    -0.04304  
 37.100    -0.04332  
 37.200    -0.04360  
 37.300    -0.04389  
 37.400    -0.04418  
 37.500    -0.04447  
 37.600    -0.04475  
 37.700    -0.04504  
 37.800    -0.04533  
 37.900    -0.04562  
 38.000    -0.04592  
 38.100    -0.04621  
 38.200    -0.04650  
 38.300    -0.04679  
 38.400    -0.04709  
 38.500    -0.04738  
 38.600    -0.04768  
 38.700    -0.04798  
 38.800    -0.04828  
 38.900    -0.04857  
 39.000    -0.04887  
 39.100    -0.04917  
 39.200    -0.04947  
 39.300    -0.04978  
 39.400    -0.05008  
 39.500    -0.05038  
 39.600    -0.05068  
 39.700    -0.05099  
 39.800    -0.05129  
 39.900    -0.05160  
 40.000    -0.05191  
 40.100    -0.05221  
 40.200    -0.05252  
 40.300    -0.05283  
 40.400    -0.05314  
 40.500    -0.05345  
 40.600    -0.05376  
 40.700    -0.05407  
 40.800    -0.05438  
 40.900    -0.05470  
 41.000    -0.05501  
 41.100    -0.05533  
 41.200    -0.05564  
 41.300    -0.05596  
 41.400    -0.05627  
 41.500    -0.05659  
 41.600    -0.05691  
 41.700    -0.05723  
 41.800    -0.05755  
 41.900    -0.05787  
 42.000    -0.05819  
 42.100    -0.05851  
 42.200    -0.05883  
 42.300    -0.05915  
 42.400    -0.05948  
 42.500    -0.05980  
 42.600    -0.06013  
 42.700    -0.06045  
 42.800    -0.06078  
 42.900    -0.06110  
 43.000    -0.06143  
 43.100    -0.06176  
 43.200    -0.06209  
 43.300    -0.06242  
 43.400    -0.06275  
 43.500    -0.06308  
 43.600    -0.06341  
 43.700    -0.06374  
 43.800    -0.06408  
 43.900    -0.06441  
 44.000    -0.06474  
 44.100    -0.06508  
 44.200    -0.06541  
 44.300    -0.06575  
 44.400    -0.06609  
 44.500    -0.06642  
 44.600    -0.06676  
 44.700    -0.06710  
 44.800    -0.06744  
 44.900    -0.06778  
 45.000    -0.06812  
 45.100    -0.06846  
 45.200    -0.06880  
 45.300    -0.06914  
 45.400    -0.06949  
 45.500    -0.06983  
 45.600    -0.07017  
 45.700    -0.07052  
 45.800    -0.07086  
 45.900    -0.07121  
 46.000    -0.07156  
 46.100    -0.07190  
 46.200    -0.07225  
 46.300    -0.07260  
 46.400    -0.07295  
 46.500    -0.07330  
 46.600    -0.07365  
 46.700    -0.07400  
 46.800    -0.07435  
 46.900    -0.07470  
 47.000    -0.07505  
 47.100    -0.07541  
 47.200    -0.07576  
 47.300    -0.07612  
 47.400    -0.07647  
 47.500    -0.07683  
 47.600    -0.07718  
 47.700    -0.07754  
 47.800    -0.07790  
 47.900    -0.07825  
 48.000    -0.07861  
 48.100    -0.07897  
 48.200    -0.07933  
 48.300    -0.07969  
 48.400    -0.08005  
 48.500    -0.08041  
 48.600    -0.08077  
 48.700    -0.08113  
 48.800    -0.08150  
 48.900    -0.08186  
 49.000    -0.08222  
 49.100    -0.08259  
 49.200    -0.08295  
 49.300    -0.08332  
 49.400    -0.08368  
 49.500    -0.08405  
 49.600    -0.08442  
 49.700    -0.08479  
 49.800    -0.08515  
 49.900    -0.08552  
 50.000    -0.08589  
 50.100    -0.08626  
 50.200    -0.08663  
 50.300    -0.08700  
 50.400    -0.08737  
 50.500    -0.08775  
 50.600    -0.08812  
 50.700    -0.08849  
 50.800    -0.08887  
 50.900    -0.08924  
 51.000    -0.08961  
 51.100    -0.08999  
 51.200    -0.09036  
 51.300    -0.09074  
 51.400    -0.09112  
 51.500    -0.09149  
 51.600    -0.09187  
 51.700    -0.09225  
 51.800    -0.09263  
 51.900    -0.09301  
 52.000    -0.09339  
 52.100    -0.09377  
 52.200    -0.09415  
 52.300    -0.09453  
 52.400    -0.09491  
 52.500    -0.09529  
 52.600    -0.09567  
 52.700    -0.09606  
 52.800    -0.09644  
 52.900    -0.09682  
 53.000    -0.09721  
 53.100    -0.09759  
 53.200    -0.09798  
 53.300    -0.09836  
 53.400    -0.09875  
 53.500    -0.09914  
 53.600    -0.09952  
 53.700    -0.09991  
 53.800    -0.10030  
 53.900    -0.10069  
 54.000    -0.10108  
 54.100    -0.10147  
 54.200    -0.10186  
 54.300    -0.10225  
 54.400    -0.10264  
 54.500    -0.10303  
 54.600    -0.10342  
 54.700    -0.10381  
 54.800    -0.10421  
 54.900    -0.10460  
 55.000    -0.10499  
 55.100    -0.10539  
 55.200    -0.10578  
 55.300    -0.10618  
 55.400    -0.10657  
 55.500    -0.10697  
 55.600    -0.10736  
 55.700    -0.10776  
 55.800    -0.10816  
 55.900    -0.10856  
 56.000    -0.10895  
 56.100    -0.10935  
 56.200    -0.10975  
 56.300    -0.11015  
 56.400    -0.11055  
 56.500    -0.11095  
 56.600    -0.11135  
 56.700    -0.11175  
 56.800    -0.11215  
 56.900    -0.11256  
 57.000    -0.11296  
 57.100    -0.11336  
 57.200    -0.11376  
 57.300    -0.11417  
 57.400    -0.11457  
 57.500    -0.11498  
 57.600    -0.11538  
 57.700    -0.11579  
 57.800    -0.11619  
 57.900    -0.11660  
 58.000    -0.11700  
 58.100    -0.11741  
 58.200    -0.11782  
 58.300    -0.11822  
 58.400    -0.11863  
 58.500    -0.11904  
 58.600    -0.11945  
 58.700    -0.11986  
 58.800    -0.12027  
 58.900    -0.12068  
 59.000    -0.12109  
 59.100    -0.12150  
 59.200    -0.12191  
 59.300    -0.12232  
 59.400    -0.12273  
 59.500    -0.12315  
 59.600    -0.12356  
 59.700    -0.12397  
 59.800    -0.12438  
 59.900    -0.12480  
 60.000    -0.12521  
 60.100    -0.12563  
 60.200    -0.12604  
 60.300    -0.12646  
 60.400    -0.12687  
 60.500    -0.12729  
 60.600    -0.12770  
 60.700    -0.12812  
 60.800    -0.12854  
 60.900    -0.12896  
 61.000    -0.12937  
 61.100    -0.12979  
 61.200    -0.13021  
 61.300    -0.13063  
 61.400    -0.13105  
 61.500    -0.13147  
 61.600    -0.13189  
 61.700    -0.13231  
 61.800    -0.13273  
 61.900    -0.13315  
 62.000    -0.13357  
 62.100    -0.13399  
 62.200    -0.13441  
 62.300    -0.13484  
 62.400    -0.13526  
 62.500    -0.13568  
 62.600    -0.13610  
 62.700    -0.13653  
 62.800    -0.13695  
 62.900    -0.13738  
 63.000    -0.13780  
 63.100    -0.13823  
 63.200    -0.13865  
 63.300    -0.13908  
 63.400    -0.13950  
 63.500    -0.13993  
 63.600    -0.14036  
 63.700    -0.14078  
 63.800    -0.14121  
 63.900    -0.14164  
 64.000    -0.14207  
 64.100    -0.14249  
 64.200    -0.14292  
 64.300    -0.14335  
 64.400    -0.14378  
 64.500    -0.14421  
 64.600    -0.14464  
 64.700    -0.14507  
 64.800    -0.14550  
 64.900    -0.14593  
 65.000    -0.14636  
 65.100    -0.14679  
 65.200    -0.14723  
 65.300    -0.14766  
 65.400    -0.14809  
 65.500    -0.14852  
 65.600    -0.14896  
 65.700    -0.14939  
 65.800    -0.14982  
 65.900    -0.15026  
 66.000    -0.15069  
 66.100    -0.15112  
 66.200    -0.15156  
 66.300    -0.15199  
 66.400    -0.15243  
 66.500    -0.15286  
 66.600    -0.15330  
 66.700    -0.15374  
 66.800    -0.15417  
 66.900    -0.15461  
 67.000    -0.15505  
 67.100    -0.15548  
 67.200    -0.15592  
 67.300    -0.15636  
 67.400    -0.15680  
 67.500    -0.15724  
 67.600    -0.15767  
 67.700    -0.15811  
 67.800    -0.15855  
 67.900    -0.15899  
 68.000    -0.15943  
 68.100    -0.15987  
 68.200    -0.16031  
 68.300    -0.16075  
 68.400    -0.16119  
 68.500    -0.16163  
 68.600    -0.16208  
 68.700    -0.16252  
 68.800    -0.16296  
 68.900    -0.16340  
 69.000    -0.16384  
 69.100    -0.16429  
 69.200    -0.16473  
 69.300    -0.16517  
 69.400    -0.16562  
 69.500    -0.16606  
 69.600    -0.16650  
 69.700    -0.16695  
 69.800    -0.16739  
 69.900    -0.16784  
 70.000    -0.16828  
 70.100    -0.16873  
 70.200    -0.16917  
 70.300    -0.16962  
 70.400    -0.17007  
 70.500    -0.17051  
 70.600    -0.17096  
 70.700    -0.17141  
 70.800    -0.17185  
 70.900    -0.17230  
 71.000    -0.17275  
 71.100    -0.17319  
 71.200    -0.17364  
 71.300    -0.17409  
 71.400    -0.17454  
 71.500    -0.17499  
 71.600    -0.17544  
 71.700    -0.17589  
 71.800    -0.17633  
 71.900    -0.17678  
 72.000    -0.17723  
 72.100    -0.17768  
 72.200    -0.17813  
 72.300    -0.17858  
 72.400    -0.17904  
 72.500    -0.17949  
 72.600    -0.17994  
 72.700    -0.18039  
 72.800    -0.18084  
 72.900    -0.18129  
 73.000    -0.18175  
 73.100    -0.18220  
 73.200    -0.18265  
 73.300    -0.18310  
 73.400    -0.18356  
 73.500    -0.18401  
 73.600    -0.18446  
 73.700    -0.18492  
 73.800    -0.18537  
 73.900    -0.18582  
 74.000    -0.18628  
 74.100    -0.18673  
 74.200    -0.18719  
 74.300    -0.18764  
 74.400    -0.18810  
 74.500    -0.18855  
 74.600    -0.18901  
 74.700    -0.18946  
 74.800    -0.18992  
 74.900    -0.19038  
 75.000    -0.19083  
 75.100    -0.19129  
 75.200    -0.19175  
 75.300    -0.19220  
 75.400    -0.19266  
 75.500    -0.19312  
 75.600    -0.19357  
 75.700    -0.19403  
 75.800    -0.19449  
 75.900    -0.19495  
 76.000    -0.19541  
 76.100    -0.19586  
 76.200    -0.19632  
 76.300    -0.19678  
 76.400    -0.19724  
 76.500    -0.19770  
 76.600    -0.19816  
 76.700    -0.19862  
 76.800    -0.19908  
 76.900    -0.19954  
 77.000    -0.20000  
 77.100    -0.20046  
 77.200    -0.20092  
 77.300    -0.20138  
 77.400    -0.20184  
 77.500    -0.20230  
 77.600    -0.20276  
 77.700    -0.20323  
 77.800    -0.20369  
 77.900    -0.20415  
 78.000    -0.20461  
 78.100    -0.20507  
 78.200    -0.20554  
 78.300    -0.20600  
 78.400    -0.20646  
 78.500    -0.20692  
 78.600    -0.20739  
 78.700    -0.20785  
 78.800    -0.20831  
 78.900    -0.20878  
 79.000    -0.20924  
 79.100    -0.20970  
 79.200    -0.21017  
 79.300    -0.21063  
 79.400    -0.21110  
 79.500    -0.21156  
 79.600    -0.21203  
 79.700    -0.21249  
 79.800    -0.21296  
 79.900    -0.21342  
 80.000    -0.21389  
 80.100    -0.21435  
 80.200    -0.21482  
 80.300    -0.21528  
 80.400    -0.21575  
 80.500    -0.21622  
 80.600    -0.21668  
 80.700    -0.21715  
 80.800    -0.21761  
 80.900    -0.21808  
 81.000    -0.21855  
 81.100    -0.21902  
 81.200    -0.21948  
 81.300    -0.21995  
 81.400    -0.22042  
 81.500    -0.22088  
 81.600    -0.22135  
 81.700    -0.22182  
 81.800    -0.22229  
 81.900    -0.22276  
 82.000    -0.22322  
 82.100    -0.22369  
 82.200    -0.22416  
 82.300    -0.22463  
 82.400    -0.22510  
 82.500    -0.22557  
 82.600    -0.22604  
 82.700    -0.22651  
 82.800    -0.22698  
 82.900    -0.22745  
 83.000    -0.22792  
 83.100    -0.22839  
 83.200    -0.22886  
 83.300    -0.22933  
 83.400    -0.22980  
 83.500    -0.23027  
 83.600    -0.23074  
 83.700    -0.23121  
 83.800    -0.23168  
 83.900    -0.23215  
 84.000    -0.23262  
 84.100    -0.23309  
 84.200    -0.23356  
 84.300    -0.23404  
 84.400    -0.23451  
 84.500    -0.23498  
 84.600    -0.23545  
 84.700    -0.23592  
 84.800    -0.23639  
 84.900    -0.23687  
 85.000    -0.23734  
 85.100    -0.23781  
 85.200    -0.23828  
 85.300    -0.23876  
 85.400    -0.23923  
 85.500    -0.23970  
 85.600    -0.24018  
 85.700    -0.24065  
 85.800    -0.24112  
 85.900    -0.24160  
 86.000    -0.24207  
 86.100    -0.24254  
 86.200    -0.24302  
 86.300    -0.24349  
 86.400    -0.24396  
 86.500    -0.24444  
 86.600    -0.24491  
 86.700    -0.24539  
 86.800    -0.24586  
 86.900    -0.24634  
 87.000    -0.24681  
 87.100    -0.24729  
 87.200    -0.24776  
 87.300    -0.24824  
 87.400    -0.24871  
 87.500    -0.24919  
 87.600    -0.24966  
 87.700    -0.25014  
 87.800    -0.25061  
 87.900    -0.25109  
 88.000    -0.25156  
 88.100    -0.25204  
 88.200    -0.25251  
 88.300    -0.25299  
 88.400    -0.25347  
 88.500    -0.25394  
 88.600    -0.25442  
 88.700    -0.25490  
 88.800    -0.25537  
 88.900    -0.25585  
 89.000    -0.25633  
 89.100    -0.25680  
 89.200    -0.25728  
 89.300    -0.25776  
 89.400    -0.25823  
 89.500    -0.25871  
 89.600    -0.25919  
 89.700    -0.25967  
 89.800    -0.26014  
 89.900    -0.26062  
 90.000    -0.26110  
 90.100    -0.26158  
 90.200    -0.26205  
 90.300    -0.26253  
 90.400    -0.26301  
 90.500    -0.26349  
 90.600    -0.26397  
 90.700    -0.26444  
 90.800    -0.26492  
 90.900    -0.26540  
 91.000    -0.26588  
 91.100    -0.26636  
 91.200    -0.26684  
 91.300    -0.26732  
 91.400    -0.26779  
 91.500    -0.26827  
 91.600    -0.26875  
 91.700    -0.26923  
 91.800    -0.26971  
 91.900    -0.27019  
 92.000    -0.27067  
 92.100    -0.27115  
 92.200    -0.27163  
 92.300    -0.27211  
 92.400    -0.27259  
 92.500    -0.27307  
 92.600    -0.27355  
 92.700    -0.27403  
 92.800    -0.27451  
 92.900    -0.27499  
 93.000    -0.27547  
 93.100    -0.27595  
 93.200    -0.27643  
 93.300    -0.27691  
 93.400    -0.27739  
 93.500    -0.27787  
 93.600    -0.27835  
 93.700    -0.27883  
 93.800    -0.27931  
 93.900    -0.27979  
 94.000    -0.28027  
 94.100    -0.28075  
 94.200    -0.28123  
 94.300    -0.28171  
 94.400    -0.28219  
 94.500    -0.28268  
 94.600    -0.28316  
 94.700    -0.28364  
 94.800    -0.28412  
 94.900    -0.28460  
 95.000    -0.28508  
 95.100    -0.28556  
 95.200    -0.28605  
 95.300    -0.28653  
 95.400    -0.28701  
 95.500    -0.28749  
 95.600    -0.28797  
 95.700    -0.28845  
 95.800    -0.28894  
 95.900    -0.28942  
 96.000    -0.28990  
 96.100    -0.29038  
 96.200    -0.29086  
 96.300    -0.29135  
 96.400    -0.29183  
 96.500    -0.29231  
 96.600    -0.29279  
 96.700    -0.29327  
 96.800    -0.29376  
 96.900    -0.29424  
 97.000    -0.29472  
 97.100    -0.29520  
 97.200    -0.29569  
 97.300    -0.29617  
 97.400    -0.29665  
 97.500    -0.29714  
 97.600    -0.29762  
 97.700    -0.29810  
 97.800    -0.29858  
 97.900    -0.29907  
 98.000    -0.29955  
 98.100    -0.30003  
 98.200    -0.30052  
 98.300    -0.30100  
 98.400    -0.30148  
 98.500    -0.30197  
 98.600    -0.30245  
 98.700    -0.30293  
 98.800    -0.30342  
 98.900    -0.30390  
 99.000    -0.30438  
 99.100    -0.30487  
 99.200    -0.30535  
 99.300    -0.30583  
 99.400    -0.30632  
 99.500    -0.30680  
 99.600    -0.30728  
 99.700    -0.30777  
 99.800    -0.30825  
 99.900    -0.30874  
100.000    -0.30922  
100.100    -0.30970  
100.200    -0.31019  
100.300    -0.31067  
100.400    -0.31115  
100.500    -0.31164  
100.600    -0.31212  
100.700    -0.31261  
100.800    -0.31309  
100.900    -0.31358  
101.000    -0.31406  
101.100    -0.31454  
101.200    -0.31503  
101.300    -0.31551  
101.400    -0.31600  
101.500    -0.31648  
101.600    -0.31697  
101.700    -0.31745  
101.800    -0.31793  
101.900    -0.31842  
102.000    -0.31890  
102.100    -0.31939  
102.200    -0.31987  
102.300    -0.32036  
102.400    -0.32084  
102.500    -0.32133  
102.600    -0.32181  
102.700    -0.32230  
102.800    -0.32278  
102.900    -0.32327  
103.000    -0.32375  
103.100    -0.32424  
103.200    -0.32472  
103.300    -0.32521  
103.400    -0.32569  
103.500    -0.32618  
103.600    -0.32666  
103.700    -0.32715  
103.800    -0.32763  
103.900    -0.32812  
104.000    -0.32860  
104.100    -0.32908  
104.200    -0.32957  
104.300    -0.33006  
104.400    -0.33054  
104.500    -0.33103  
104.600    -0.33151  
104.700    -0.33200  
104.800    -0.33248  
104.900    -0.33297  
105.000    -0.33345  
105.100    -0.33394  
105.200    -0.33442  
105.300    -0.33491  
105.400    -0.33539  
105.500    -0.33588  
105.600    -0.33636  
105.700    -0.33685  
105.800    -0.33733  
105.900    -0.33782  
106.000    -0.33830  
106.100    -0.33879  
106.200    -0.33927  
106.300    -0.33976  
106.400    -0.34024  
106.500    -0.34073  
106.600    -0.34122  
106.700    -0.34170  
106.800    -0.34219  
106.900    -0.34267  
107.000    -0.34316  
107.100    -0.34364  
107.200    -0.34413  
107.300    -0.34461  
107.400    -0.34510  
107.500    -0.34558  
107.600    -0.34607  
107.700    -0.34656  
107.800    -0.34704  
107.900    -0.34753  
108.000    -0.34801  
108.100    -0.34850  
108.200    -0.34898  
108.300    -0.34947  
108.400    -0.34995  
108.500    -0.35044  
108.600    -0.35093  
108.700    -0.35141  
108.800    -0.35190  
108.900    -0.35238  
109.000    -0.35287  
109.100    -0.35335  
109.200    -0.35384  
109.300    -0.35432  
109.400    -0.35481  
109.500    -0.35529  
109.600    -0.35578  
109.700    -0.35627  
109.800    -0.35675  
109.900    -0.35724  
110.000    -0.35772  
110.100    -0.35821  
110.200    -0.35869  
110.300    -0.35918  
110.400    -0.35966  
110.500    -0.36015  
110.600    -0.36063  
110.700    -0.36112  
110.800    -0.36161  
110.900    -0.36209  
111.000    -0.36258  
111.100    -0.36306  
111.200    -0.36355  
111.300    -0.36403  
111.400    -0.36452  
111.500    -0.36500  
111.600    -0.36549  
111.700    -0.36597  
111.800    -0.36646  
111.900    -0.36695  
112.000    -0.36743  
112.100    -0.36792  
112.200    -0.36840  
112.300    -0.36889  
112.400    -0.36937  
112.500    -0.36986  
112.600    -0.37034  
112.700    -0.37083  
112.800    -0.37131  
112.900    -0.37180  
113.000    -0.37228  
113.100    -0.37277  
113.200    -0.37325  
113.300    -0.37374  
113.400    -0.37423  
113.500    -0.37471  
113.600    -0.37520  
113.700    -0.37568  
113.800    -0.37617  
113.900    -0.37665  
114.000    -0.37714  
114.100    -0.37762  
114.200    -0.37811  
114.300    -0.37859  
114.400    -0.37908  
114.500    -0.37956  
114.600    -0.38005  
114.700    -0.38053  
114.800    -0.38102  
114.900    -0.38150  
115.000    -0.38199  
115.100    -0.38247  
115.200    -0.38296  
115.300    -0.38344  
115.400    -0.38393  
115.500    -0.38441  
115.600    -0.38490  
115.700    -0.38538  
115.800    -0.38587  
115.900    -0.38635  
116.000    -0.38683  
116.100    -0.38732  
116.200    -0.38780  
116.300    -0.38829  
116.400    -0.38877  
116.500    -0.38926  
116.600    -0.38974  
116.700    -0.39023  
116.800    -0.39071  
116.900    -0.39120  
117.000    -0.39168  
117.100    -0.39217  
117.200    -0.39265  
117.300    -0.39313  
117.400    -0.39362  
117.500    -0.39410  
117.600    -0.39459  
117.700    -0.39507  
117.800    -0.39556  
117.900    -0.39604  
118.000    -0.39652  
118.100    -0.39701  
118.200    -0.39749  
118.300    -0.39798  
118.400    -0.39846  
118.500    -0.39895  
118.600    -0.39943  
118.700    -0.39991  
118.800    -0.40040  
118.900    -0.40088  
119.000    -0.40137  
119.100    -0.40185  
119.200    -0.40233  
119.300    -0.40282  
119.400    -0.40330  
119.500    -0.40379  
119.600    -0.40427  
119.700    -0.40475  
119.800    -0.40524  
119.900    -0.40572  
120.000    -0.40620  
120.100    -0.40669  
120.200    -0.40717  
120.300    -0.40765  
120.400    -0.40814  
120.500    -0.40862  
120.600    -0.40911  
120.700    -0.40959  
120.800    -0.41007  
120.900    -0.41056  
121.000    -0.41104  
121.100    -0.41152  
121.200    -0.41201  
121.300    -0.41249  
121.400    -0.41297  
121.500    -0.41345  
121.600    -0.41394  
121.700    -0.41442  
121.800    -0.41490  
121.900    -0.41539  
122.000    -0.41587  
122.100    -0.41635  
122.200    -0.41684  
122.300    -0.41732  
122.400    -0.41780  
122.500    -0.41828  
122.600    -0.41877  
122.700    -0.41925  
122.800    -0.41973  
122.900    -0.42022  
123.000    -0.42070  
123.100    -0.42118  
123.200    -0.42166  
123.300    -0.42215  
123.400    -0.42263  
123.500    -0.42311  
123.600    -0.42359  
123.700    -0.42407  
123.800    -0.42456  
123.900    -0.42504  
124.000    -0.42552  
124.100    -0.42600  
124.200    -0.42649  
124.300    -0.42697  
124.400    -0.42745  
124.500    -0.42793  
124.600    -0.42841  
124.700    -0.42889  
124.800    -0.42938  
124.900    -0.42986  
125.000    -0.43034  
125.100    -0.43082  
125.200    -0.43130  
125.300    -0.43178  
125.400    -0.43227  
125.500    -0.43275  
125.600    -0.43323  
125.700    -0.43371  
125.800    -0.43419  
125.900    -0.43467  
126.000    -0.43515  
126.100    -0.43564  
126.200    -0.43612  
126.300    -0.43660  
126.400    -0.43708  
126.500    -0.43756  
126.600    -0.43804  
126.700    -0.43852  
126.800    -0.43900  
126.900    -0.43948  
127.000    -0.43996  
127.100    -0.44044  
127.200    -0.44093  
127.300    -0.44141  
127.400    -0.44189  
127.500    -0.44237  
127.600    -0.44285  
127.700    -0.44333  
127.800    -0.44381  
127.900    -0.44429  
128.000    -0.44477  
128.100    -0.44525  
128.200    -0.44573  
128.300    -0.44621  
128.400    -0.44669  
128.500    -0.44717  
128.600    -0.44765  
128.700    -0.44813  
128.800    -0.44861  
128.900    -0.44909  
129.000    -0.44957  
129.100    -0.45005  
129.200    -0.45053  
129.300    -0.45101  
129.400    -0.45149  
129.500    -0.45197  
129.600    -0.45245  
129.700    -0.45292  
129.800    -0.45340  
129.900    -0.45388  
130.000    -0.45436  
130.100    -0.45484  
130.200    -0.45532  
130.300    -0.45580  
130.400    -0.45628  
130.500    -0.45676  
130.600    -0.45724  
130.700    -0.45771  
130.800    -0.45819  
130.900    -0.45867  
131.000    -0.45915  
131.100    -0.45963  
131.200    -0.46011  
131.300    -0.46059  
131.400    -0.46106  
131.500    -0.46154  
131.600    -0.46202  
131.700    -0.46250  
131.800    -0.46298  
131.900    -0.46346  
132.000    -0.46393  
132.100    -0.46441  
132.200    -0.46489  
132.300    -0.46537  
132.400    -0.46585  
132.500    -0.46632  
132.600    -0.46680  
132.700    -0.46728  
132.800    -0.46776  
132.900    -0.46823  
133.000    -0.46871  
133.100    -0.46919  
133.200    -0.46967  
133.300    -0.47014  
133.400    -0.47062  
133.500    -0.47110  
133.600    -0.47157  
133.700    -0.47205  
133.800    -0.47253  
133.900    -0.47300  
134.000    -0.47348  
134.100    -0.47396  
134.200    -0.47443  
134.300    -0.47491  
134.400    -0.47539  
134.500    -0.47586  
134.600    -0.47634  
134.700    -0.47682  
134.800    -0.47729  
134.900    -0.47777  
135.000    -0.47825  
135.100    -0.47872  
135.200    -0.47920  
135.300    -0.47967  
135.400    -0.48015  
135.500    -0.48063  
135.600    -0.48110  
135.700    -0.48158  
135.800    -0.48205  
135.900    -0.48253  
136.000    -0.48300  
136.100    -0.48348  
136.200    -0.48395  
136.300    -0.48443  
136.400    -0.48491  
136.500    -0.48538  
136.600    -0.48586  
136.700    -0.48633  
136.800    -0.48681  
136.900    -0.48728  
137.000    -0.48776  
137.100    -0.48823  
137.200    -0.48870  
137.300    -0.48918  
137.400    -0.48965  
137.500    -0.49013  
137.600    -0.49060  
137.700    -0.49108  
137.800    -0.49155  
137.900    -0.49202  
138.000    -0.49250  
138.100    -0.49297  
138.200    -0.49345  
138.300    -0.49392  
138.400    -0.49439  
138.500    -0.49487  
138.600    -0.49534  
138.700    -0.49582  
138.800    -0.49629  
138.900    -0.49676  
139.000    -0.49724  
139.100    -0.49771  
139.200    -0.49818  
139.300    -0.49866  
139.400    -0.49913  
139.500    -0.49960  
139.600    -0.50007  
139.700    -0.50055  
139.800    -0.50102  
139.900    -0.50149  
140.000    -0.50197  
140.100    -0.50244  
140.200    -0.50291  
140.300    -0.50338  
140.400    -0.50386  
140.500    -0.50433  
140.600    -0.50480  
140.700    -0.50527  
140.800    -0.50575  
140.900    -0.50622  
141.000    -0.50669  
141.100    -0.50716  
141.200    -0.50763  
141.300    -0.50810  
141.400    -0.50858  
141.500    -0.50905  
141.600    -0.50952  
141.700    -0.50999  
141.800    -0.51046  
141.900    -0.51093  
142.000    -0.51140  
142.100    -0.51188  
142.200    -0.51235  
142.300    -0.51282  
142.400    -0.51329  
142.500    -0.51376  
142.600    -0.51423  
142.700    -0.51470  
142.800    -0.51517  
142.900    -0.51564  
143.000    -0.51611  
143.100    -0.51658  
143.200    -0.51705  
143.300    -0.51752  
143.400    -0.51799  
143.500    -0.51846  
143.600    -0.51893  
143.700    -0.51940  
143.800    -0.51987  
143.900    -0.52034  
144.000    -0.52081  
144.100    -0.52128  
144.200    -0.52175  
144.300    -0.52222  
144.400    -0.52269  
144.500    -0.52316  
144.600    -0.52363  
144.700    -0.52410  
144.800    -0.52457  
144.900    -0.52504  
145.000    -0.52550  
145.100    -0.52597  
145.200    -0.52644  
145.300    -0.52691  
145.400    -0.52738  
145.500    -0.52785  
145.600    -0.52832  
145.700    -0.52878  
145.800    -0.52925  
145.900    -0.52972  
146.000    -0.53019  
146.100    -0.53066  
146.200    -0.53112  
146.300    -0.53159  
146.400    -0.53206  
146.500    -0.53253  
146.600    -0.53300  
146.700    -0.53346  
146.800    -0.53393  
146.900    -0.53440  
147.000    -0.53487  
147.100    -0.53533  
147.200    -0.53580  
147.300    -0.53627  
147.400    -0.53673  
147.500    -0.53720  
147.600    -0.53767  
147.700    -0.53813  
147.800    -0.53860  
147.900    -0.53907  
148.000    -0.53953  
148.100    -0.54000  
148.200    -0.54047  
148.300    -0.54093  
148.400    -0.54140  
148.500    -0.54186  
148.600    -0.54233  
148.700    -0.54280  
148.800    -0.54326  
148.900    -0.54373  
149.000    -0.54419  
149.100    -0.54466  
149.200    -0.54512  
149.300    -0.54559  
149.400    -0.54605  
149.500    -0.54652  
149.600    -0.54698  
149.700    -0.54745  
149.800    -0.54791  
149.900    -0.54838  
150.000    -0.54884  
150.100    -0.54931  
150.200    -0.54977  
150.300    -0.55024  
150.400    -0.55070  
150.500    -0.55117  
150.600    -0.55163  
150.700    -0.55209  
150.800    -0.55256  
150.900    -0.55302  
151.000    -0.55349  
151.100    -0.55395  
151.200    -0.55441  
151.300    -0.55488  
151.400    -0.55534  
151.500    -0.55580  
151.600    -0.55627  
151.700    -0.55673  
151.800    -0.55719  
151.900    -0.55766  
152.000    -0.55812  
152.100    -0.55858  
152.200    -0.55905  
152.300    -0.55951  
152.400    -0.55997  
152.500    -0.56043  
152.600    -0.56090  
152.700    -0.56136  
152.800    -0.56182  
152.900    -0.56228  
153.000    -0.56274  
153.100    -0.56321  
153.200    -0.56367  
153.300    -0.56413  
153.400    -0.56459  
153.500    -0.56505  
153.600    -0.56552  
153.700    -0.56598  
153.800    -0.56644  
153.900    -0.56690  
154.000    -0.56736  
154.100    -0.56782  
154.200    -0.56828  
154.300    -0.56874  
154.400    -0.56920  
154.500    -0.56967  
154.600    -0.57013  
154.700    -0.57059  
154.800    -0.57105  
154.900    -0.57151  
155.000    -0.57197  
155.100    -0.57243  
155.200    -0.57289  
155.300    -0.57335  
155.400    -0.57381  
155.500    -0.57427  
155.600    -0.57473  
155.700    -0.57519  
155.800    -0.57565  
155.900    -0.57611  
156.000    -0.57657  
156.100    -0.57703  
156.200    -0.57748  
156.300    -0.57794  
156.400    -0.57840  
156.500    -0.57886  
156.600    -0.57932  
156.700    -0.57978  
156.800    -0.58024  
156.900    -0.58070  
157.000    -0.58115  
157.100    -0.58161  
157.200    -0.58207  
157.300    -0.58253  
157.400    -0.58299  
157.500    -0.58345  
157.600    -0.58390  
157.700    -0.58436  
157.800    -0.58482  
157.900    -0.58528  
158.000    -0.58573  
158.100    -0.58619  
158.200    -0.58665  
158.300    -0.58711  
158.400    -0.58756  
158.500    -0.58802  
158.600    -0.58848  
158.700    -0.58893  
158.800    -0.58939  
158.900    -0.58985  
159.000    -0.59030  
159.100    -0.59076  
159.200    -0.59122  
159.300    -0.59167  
159.400    -0.59213  
159.500    -0.59259  
159.600    -0.59304  
159.700    -0.59350  
159.800    -0.59395  
159.900    -0.59441  
160.000    -0.59486  
160.100    -0.59532  
160.200    -0.59578  
160.300    -0.59623  
160.400    -0.59669  
160.500    -0.59714  
160.600    -0.59760  
160.700    -0.59805  
160.800    -0.59851  
160.900    -0.59896  
161.000    -0.59942  
161.100    -0.59987  
161.200    -0.60033  
161.300    -0.60078  
161.400    -0.60123  
161.500    -0.60169  
161.600    -0.60214  
161.700    -0.60260  
161.800    -0.60305  
161.900    -0.60350  
162.000    -0.60396  
162.100    -0.60441  
162.200    -0.60487  
162.300    -0.60532  
162.400    -0.60577  
162.500    -0.60623  
162.600    -0.60668  
162.700    -0.60713  
162.800    -0.60758  
162.900    -0.60804  
163.000    -0.60849  
163.100    -0.60894  
163.200    -0.60940  
163.300    -0.60985  
163.400    -0.61030  
163.500    -0.61075  
163.600    -0.61120  
163.700    -0.61166  
163.800    -0.61211  
163.900    -0.61256  
164.000    -0.61301  
164.100    -0.61346  
164.200    -0.61392  
164.300    -0.61437  
164.400    -0.61482  
164.500    -0.61527  
164.600    -0.61572  
164.700    -0.61617  
164.800    -0.61662  
164.900    -0.61707  
165.000    -0.61752  
165.100    -0.61798  
165.200    -0.61843  
165.300    -0.61888  
165.400    -0.61933  
165.500    -0.61978  
165.600    -0.62023  
165.700    -0.62068  
165.800    -0.62113  
165.900    -0.62158  
166.000    -0.62203  
166.100    -0.62248  
166.200    -0.62293  
166.300    -0.62338  
166.400    -0.62383  
166.500    -0.62427  
166.600    -0.62472  
166.700    -0.62517  
166.800    -0.62562  
166.900    -0.62607  
167.000    -0.62652  
167.100    -0.62697  
167.200    -0.62742  
167.300    -0.62787  
167.400    -0.62831  
167.500    -0.62876  
167.600    -0.62921  
167.700    -0.62966  
167.800    -0.63011  
167.900    -0.63055  
168.000    -0.63100  
168.100    -0.63145  
168.200    -0.63190  
168.300    -0.63234  
168.400    -0.63279  
168.500    -0.63324  
168.600    -0.63369  
168.700    -0.63413  
168.800    -0.63458  
168.900    -0.63503  
169.000    -0.63547  
169.100    -0.63592  
169.200    -0.63637  
169.300    -0.63681  
169.400    -0.63726  
169.500    -0.63771  
169.600    -0.63815  
169.700    -0.63860  
169.800    -0.63905  
169.900    -0.63949  
170.000    -0.63994  
170.100    -0.64038  
170.200    -0.64083  
170.300    -0.64127  
170.400    -0.64172  
170.500    -0.64216  
170.600    -0.64261  
170.700    -0.64305  
170.800    -0.64350  
170.900    -0.64394  
171.000    -0.64439  
171.100    -0.64483  
171.200    -0.64528  
171.300    -0.64572  
171.400    -0.64617  
171.500    -0.64661  
171.600    -0.64706  
171.700    -0.64750  
171.800    -0.64794  
171.900    -0.64839  
172.000    -0.64883  
172.100    -0.64927  
172.200    -0.64972  
172.300    -0.65016  
172.400    -0.65060  
172.500    -0.65105  
172.600    -0.65149  
172.700    -0.65193  
172.800    -0.65238  
172.900    -0.65282  
173.000    -0.65326  
173.100    -0.65371  
173.200    -0.65415  
173.300    -0.65459  
173.400    -0.65503  
173.500    -0.65547  
173.600    -0.65592  
173.700    -0.65636  
173.800    -0.65680  
173.900    -0.65724  
174.000    -0.65768  
174.100    -0.65813  
174.200    -0.65857  
174.300    -0.65901  
174.400    -0.65945  
174.500    -0.65989  
174.600    -0.66033  
174.700    -0.66077  
174.800    -0.66121  
174.900    -0.66165  
175.000    -0.66210  
175.100    -0.66254  
175.200    -0.66298  
175.300    -0.66342  
175.400    -0.66386  
175.500    -0.66430  
175.600    -0.66474  
175.700    -0.66518  
175.800    -0.66562  
175.900    -0.66606  
176.000    -0.66650  
176.100    -0.66694  
176.200    -0.66737  
176.300    -0.66781  
176.400    -0.66825  
176.500    -0.66869  
176.600    -0.66913  
176.700    -0.66957  
176.800    -0.67001  
176.900    -0.67045  
177.000    -0.67089  
177.100    -0.67132  
177.200    -0.67176  
177.300    -0.67220  
177.400    -0.67264  
177.500    -0.67308  
177.600    -0.67352  
177.700    -0.67395  
177.800    -0.67439  
177.900    -0.67483  
178.000    -0.67527  
178.100    -0.67570  
178.200    -0.67614  
178.300    -0.67658  
178.400    -0.67701  
178.500    -0.67745  
178.600    -0.67789  
178.700    -0.67833  
178.800    -0.67876  
178.900    -0.67920  
179.000    -0.67964  
179.100    -0.68007  
179.200    -0.68051  
179.300    -0.68094  
179.400    -0.68138  
179.500    -0.68182  
179.600    -0.68225  
179.700    -0.68269  
179.800    -0.68312  
179.900    -0.68356  
180.000    -0.68399  
180.100    -0.68443  
180.200    -0.68486  
180.300    -0.68530  
180.400    -0.68573  
180.500    -0.68617  
180.600    -0.68660  
180.700    -0.68704  
180.800    -0.68747  
180.900    -0.68791  
181.000    -0.68834  
181.100    -0.68878  
181.200    -0.68921  
181.300    -0.68964  
181.400    -0.69008  
181.500    -0.69051  
181.600    -0.69095  
181.700    -0.69138  
181.800    -0.69181  
181.900    -0.69225  
182.000    -0.69268  
182.100    -0.69311  
182.200    -0.69355  
182.300    -0.69398  
182.400    -0.69441  
182.500    -0.69484  
182.600    -0.69528  
182.700    -0.69571  
182.800    -0.69614  
182.900    -0.69657  
183.000    -0.69701  
183.100    -0.69744  
183.200    -0.69787  
183.300    -0.69830  
183.400    -0.69873  
183.500    -0.69917  
183.600    -0.69960  
183.700    -0.70003  
183.800    -0.70046  
183.900    -0.70089  
184.000    -0.70132  
184.100    -0.70175  
184.200    -0.70218  
184.300    -0.70261  
184.400    -0.70305  
184.500    -0.70348  
184.600    -0.70391  
184.700    -0.70434  
184.800    -0.70477  
184.900    -0.70520  
185.000    -0.70563  
185.100    -0.70606  
185.200    -0.70649  
185.300    -0.70692  
185.400    -0.70735  
185.500    -0.70778  
185.600    -0.70820  
185.700    -0.70863  
185.800    -0.70906  
185.900    -0.70949  
186.000    -0.70992  
186.100    -0.71035  
186.200    -0.71078  
186.300    -0.71121  
186.400    -0.71164  
186.500    -0.71206  
186.600    -0.71249  
186.700    -0.71292  
186.800    -0.71335  
186.900    -0.71378  
187.000    -0.71420  
187.100    -0.71463  
187.200    -0.71506  
187.300    -0.71549  
187.400    -0.71592  
187.500    -0.71634  
187.600    -0.71677  
187.700    -0.71720  
187.800    -0.71762  
187.900    -0.71805  
188.000    -0.71848  
188.100    -0.71890  
188.200    -0.71933  
188.300    -0.71976  
188.400    -0.72018  
188.500    -0.72061  
188.600    -0.72104  
188.700    -0.72146  
188.800    -0.72189  
188.900    -0.72231  
189.000    -0.72274  
189.100    -0.72317  
189.200    -0.72359  
189.300    -0.72402  
189.400    -0.72444  
189.500    -0.72487  
189.600    -0.72529  
189.700    -0.72572  
189.800    -0.72614  
189.900    -0.72657  
190.000    -0.72699  
190.100    -0.72742  
190.200    -0.72784  
190.300    -0.72826  
190.400    -0.72869  
190.500    -0.72911  
190.600    -0.72954  
190.700    -0.72996  
190.800    -0.73038  
190.900    -0.73081  
191.000    -0.73123  
191.100    -0.73165  
191.200    -0.73208  
191.300    -0.73250  
191.400    -0.73292  
191.500    -0.73335  
191.600    -0.73377  
191.700    -0.73419  
191.800    -0.73462  
191.900    -0.73504  
192.000    -0.73546  
192.100    -0.73588  
192.200    -0.73631  
192.300    -0.73673  
192.400    -0.73715  
192.500    -0.73757  
192.600    -0.73799  
192.700    -0.73842  
192.800    -0.73884  
192.900    -0.73926  
193.000    -0.73968  
193.100    -0.74010  
193.200    -0.74052  
193.300    -0.74094  
193.400    -0.74136  
193.500    -0.74178  
193.600    -0.74221  
193.700    -0.74263  
193.800    -0.74305  
193.900    -0.74347  
194.000    -0.74389  
194.100    -0.74431  
194.200    -0.74473  
194.300    -0.74515  
194.400    -0.74557  
194.500    -0.74599  
194.600    -0.74641  
194.700    -0.74683  
194.800    -0.74725  
194.900    -0.74766  
195.000    -0.74808  
195.100    -0.74850  
195.200    -0.74892  
195.300    -0.74934  
195.400    -0.74976  
195.500    -0.75018  
195.600    -0.75060  
195.700    -0.75101  
195.800    -0.75143  
195.900    -0.75185  
196.000    -0.75227  
196.100    -0.75269  
196.200    -0.75310  
196.300    -0.75352  
196.400    -0.75394  
196.500    -0.75436  
196.600    -0.75477  
196.700    -0.75519  
196.800    -0.75561  
196.900    -0.75603  
197.000    -0.75644  
197.100    -0.75686  
197.200    -0.75728  
197.300    -0.75769  
197.400    -0.75811  
197.500    -0.75853  
197.600    -0.75894  
197.700    -0.75936  
197.800    -0.75978  
197.900    -0.76019  
198.000    -0.76061  
198.100    -0.76102  
198.200    -0.76144  
198.300    -0.76185  
198.400    -0.76227  
198.500    -0.76268  
198.600    -0.76310  
198.700    -0.76352  
198.800    -0.76393  
198.900    -0.76435  
199.000    -0.76476  
199.100    -0.76517  
199.200    -0.76559  
199.300    -0.76600  
199.400    -0.76642  
199.500    -0.76683  
199.600    -0.76725  
199.700    -0.76766  
199.800    -0.76807  
199.900    -0.76849  
200.000    -0.76890  
200.100    -0.76932  
200.200    -0.76973  
200.300    -0.77014  
200.400    -0.77056  
200.500    -0.77097  
200.600    -0.77138  
200.700    -0.77179  
200.800    -0.77221  
200.900    -0.77262  
201.000    -0.77303  
201.100    -0.77345  
201.200    -0.77386  
201.300    -0.77427  
201.400    -0.77468  
201.500    -0.77509  
201.600    -0.77551  
201.700    -0.77592  
201.800    -0.77633  
201.900    -0.77674  
202.000    -0.77715  
202.100    -0.77756  
202.200    -0.77798  
202.300    -0.77839  
202.400    -0.77880  
202.500    -0.77921  
202.600    -0.77962  
202.700    -0.78003  
202.800    -0.78044  
202.900    -0.78085  
203.000    -0.78126  
203.100    -0.78167  
203.200    -0.78208  
203.300    -0.78249  
203.400    -0.78290  
203.500    -0.78331  
203.600    -0.78372  
203.700    -0.78413  
203.800    -0.78454  
203.900    -0.78495  
204.000    -0.78536  
204.100    -0.78577  
204.200    -0.78618  
204.300    -0.78659  
204.400    -0.78700  
204.500    -0.78740  
204.600    -0.78781  
204.700    -0.78822  
204.800    -0.78863  
204.900    -0.78904  
205.000    -0.78945  
205.100    -0.78985  
205.200    -0.79026  
205.300    -0.79067  
205.400    -0.79108  
205.500    -0.79149  
205.600    -0.79189  
205.700    -0.79230  
205.800    -0.79271  
205.900    -0.79311  
206.000    -0.79352  
206.100    -0.79393  
206.200    -0.79434  
206.300    -0.79474  
206.400    -0.79515  
206.500    -0.79556  
206.600    -0.79596  
206.700    -0.79637  
206.800    -0.79677  
206.900    -0.79718  
207.000    -0.79759  
207.100    -0.79799  
207.200    -0.79840  
207.300    -0.79880  
207.400    -0.79921  
207.500    -0.79961  
207.600    -0.80002  
207.700    -0.80042  
207.800    -0.80083  
207.900    -0.80123  
208.000    -0.80164  
208.100    -0.80204  
208.200    -0.80245  
208.300    -0.80285  
208.400    -0.80326  
208.500    -0.80366  
208.600    -0.80407  
208.700    -0.80447  
208.800    -0.80487  
208.900    -0.80528  
209.000    -0.80568  
209.100    -0.80609  
209.200    -0.80649  
209.300    -0.80689  
209.400    -0.80730  
209.500    -0.80770  
209.600    -0.80810  
209.700    -0.80851  
209.800    -0.80891  
209.900    -0.80931  
210.000    -0.80971  
210.100    -0.81012  
210.200    -0.81052  
210.300    -0.81092  
210.400    -0.81132  
210.500    -0.81173  
210.600    -0.81213  
210.700    -0.81253  
210.800    -0.81293  
210.900    -0.81333  
211.000    -0.81373  
211.100    -0.81414  
211.200    -0.81454  
211.300    -0.81494  
211.400    -0.81534  
211.500    -0.81574  
211.600    -0.81614  
211.700    -0.81654  
211.800    -0.81694  
211.900    -0.81734  
212.000    -0.81774  
212.100    -0.81814  
212.200    -0.81855  
212.300    -0.81895  
212.400    -0.81935  
212.500    -0.81975  
212.600    -0.82015  
212.700    -0.82054  
212.800    -0.82094  
212.900    -0.82134  
213.000    -0.82174  
213.100    -0.82214  
213.200    -0.82254  
213.300    -0.82294  
213.400    -0.82334  
213.500    -0.82374  
213.600    -0.82414  
213.700    -0.82454  
213.800    -0.82493  
213.900    -0.82533  
214.000    -0.82573  
214.100    -0.82613  
214.200    -0.82653  
214.300    -0.82693  
214.400    -0.82732  
214.500    -0.82772  
214.600    -0.82812  
214.700    -0.82852  
214.800    -0.82891  
214.900    -0.82931  
215.000    -0.82971  
215.100    -0.83011  
215.200    -0.83050  
215.300    -0.83090  
215.400    -0.83130  
215.500    -0.83169  
215.600    -0.83209  
215.700    -0.83249  
215.800    -0.83288  
215.900    -0.83328  
216.000    -0.83367  
216.100    -0.83407  
216.200    -0.83447  
216.300    -0.83486  
216.400    -0.83526  
216.500    -0.83565  
216.600    -0.83605  
216.700    -0.83644  
216.800    -0.83684  
216.900    -0.83723  
217.000    -0.83763  
217.100    -0.83802  
217.200    -0.83842  
217.300    -0.83881  
217.400    -0.83921  
217.500    -0.83960  
217.600    -0.84000  
217.700    -0.84039  
217.800    -0.84078  
217.900    -0.84118  
218.000    -0.84157  
218.100    -0.84197  
218.200    -0.84236  
218.300    -0.84275  
218.400    -0.84315  
218.500    -0.84354  
218.600    -0.84393  
218.700    -0.84433  
218.800    -0.84472  
218.900    -0.84511  
219.000    -0.84551  
219.100    -0.84590  
219.200    -0.84629  
219.300    -0.84668  
219.400    -0.84708  
219.500    -0.84747  
219.600    -0.84786  
219.700    -0.84825  
219.800    -0.84864  
219.900    -0.84904  
220.000    -0.84943  
220.100    -0.84982  
220.200    -0.85021  
220.300    -0.85060  
220.400    -0.85099  
220.500    -0.85138  
220.600    -0.85177  
220.700    -0.85217  
220.800    -0.85256  
220.900    -0.85295  
221.000    -0.85334  
221.100    -0.85373  
221.200    -0.85412  
221.300    -0.85451  
221.400    -0.85490  
221.500    -0.85529  
221.600    -0.85568  
221.700    -0.85607  
221.800    -0.85646  
221.900    -0.85685  
222.000    -0.85724  
222.100    -0.85763  
222.200    -0.85802  
222.300    -0.85841  
222.400    -0.85879  
222.500    -0.85918  
222.600    -0.85957  
222.700    -0.85996  
222.800    -0.86035  
222.900    -0.86074  
223.000    -0.86113  
223.100    -0.86151  
223.200    -0.86190  
223.300    -0.86229  
223.400    -0.86268  
223.500    -0.86307  
223.600    -0.86345  
223.700    -0.86384  
223.800    -0.86423  
223.900    -0.86462  
224.000    -0.86500  
224.100    -0.86539  
224.200    -0.86578  
224.300    -0.86617  
224.400    -0.86655  
224.500    -0.86694  
224.600    -0.86733  
224.700    -0.86771  
224.800    -0.86810  
224.900    -0.86849  
225.000    -0.86887  
225.100    -0.86926  
225.200    -0.86964  
225.300    -0.87003  
225.400    -0.87042  
225.500    -0.87080  
225.600    -0.87119  
225.700    -0.87157  
225.800    -0.87196  
225.900    -0.87234  
226.000    -0.87273  
226.100    -0.87311  
226.200    -0.87350  
226.300    -0.87388  
226.400    -0.87427  
226.500    -0.87465  
226.600    -0.87504  
226.700    -0.87542  
226.800    -0.87581  
226.900    -0.87619  
227.000    -0.87657  
227.100    -0.87696  
227.200    -0.87734  
227.300    -0.87773  
227.400    -0.87811  
227.500    -0.87849  
227.600    -0.87888  
227.700    -0.87926  
227.800    -0.87964  
227.900    -0.88003  
228.000    -0.88041  
228.100    -0.88079  
228.200    -0.88118  
228.300    -0.88156  
228.400    -0.88194  
228.500    -0.88232  
228.600    -0.88271  
228.700    -0.88309  
228.800    -0.88347  
228.900    -0.88385  
229.000    -0.88423  
229.100    -0.88462  
229.200    -0.88500  
229.300    -0.88538  
229.400    -0.88576  
229.500    -0.88614  
229.600    -0.88652  
229.700    -0.88690  
229.800    -0.88729  
229.900    -0.88767  
230.000    -0.88805  
230.100    -0.88843  
230.200    -0.88881  
230.300    -0.88919  
230.400    -0.88957  
230.500    -0.88995  
230.600    -0.89033  
230.700    -0.89071  
230.800    -0.89109  
230.900    -0.89147  
231.000    -0.89185  
231.100    -0.89223  
231.200    -0.89261  
231.300    -0.89299  
231.400    -0.89337  
231.500    -0.89375  
231.600    -0.89413  
231.700    -0.89450  
231.800    -0.89488  
231.900    -0.89526  
232.000    -0.89564  
232.100    -0.89602  
232.200    -0.89640  
232.300    -0.89678  
232.400    -0.89715  
232.500    -0.89753  
232.600    -0.89791  
232.700    -0.89829  
232.800    -0.89867  
232.900    -0.89904  
233.000    -0.89942  
233.100    -0.89980  
233.200    -0.90018  
233.300    -0.90055  
233.400    -0.90093  
233.500    -0.90131  
233.600    -0.90169  
233.700    -0.90206  
233.800    -0.90244  
233.900    -0.90282  
234.000    -0.90319  
234.100    -0.90357  
234.200    -0.90395  
234.300    -0.90432  
234.400    -0.90470  
234.500    -0.90507  
234.600    -0.90545  
234.700    -0.90583  
234.800    -0.90620  
234.900    -0.90658  
235.000    -0.90695  
235.100    -0.90733  
235.200    -0.90770  
235.300    -0.90808  
235.400    -0.90845  
235.500    -0.90883  
235.600    -0.90920  
235.700    -0.90958  
235.800    -0.90995  
235.900    -0.91033  
236.000    -0.91070  
236.100    -0.91108  
236.200    -0.91145  
236.300    -0.91182  
236.400    -0.91220  
236.500    -0.91257  
236.600    -0.91294  
236.700    -0.91332  
236.800    -0.91369  
236.900    -0.91407  
237.000    -0.91444  
237.100    -0.91481  
237.200    -0.91519  
237.300    -0.91556  
237.400    -0.91593  
237.500    -0.91630  
237.600    -0.91668  
237.700    -0.91705  
237.800    -0.91742  
237.900    -0.91779  
238.000    -0.91817  
238.100    -0.91854  
238.200    -0.91891  
238.300    -0.91928  
238.400    -0.91965  
238.500    -0.92003  
238.600    -0.92040  
238.700    -0.92077  
238.800    -0.92114  
238.900    -0.92151  
239.000    -0.92188  
239.100    -0.92225  
239.200    -0.92263  
239.300    -0.92300  
239.400    -0.92337  
239.500    -0.92374  
239.600    -0.92411  
239.700    -0.92448  
239.800    -0.92485  
239.900    -0.92522  
240.000    -0.92559  
240.100    -0.92596  
240.200    -0.92633  
240.300    -0.92670  
240.400    -0.92707  
240.500    -0.92744  
240.600    -0.92781  
240.700    -0.92818  
240.800    -0.92855  
240.900    -0.92892  
241.000    -0.92929  
241.100    -0.92965  
241.200    -0.93002  
241.300    -0.93039  
241.400    -0.93076  
241.500    -0.93113  
241.600    -0.93150  
241.700    -0.93187  
241.800    -0.93224  
241.900    -0.93260  
242.000    -0.93297  
242.100    -0.93334  
242.200    -0.93371  
242.300    -0.93408  
242.400    -0.93444  
242.500    -0.93481  
242.600    -0.93518  
242.700    -0.93555  
242.800    -0.93591  
242.900    -0.93628  
243.000    -0.93665  
243.100    -0.93701  
243.200    -0.93738  
243.300    -0.93775  
243.400    -0.93811  
243.500    -0.93848  
243.600    -0.93885  
243.700    -0.93921  
243.800    -0.93958  
243.900    -0.93994  
244.000    -0.94031  
244.100    -0.94068  
244.200    -0.94104  
244.300    -0.94141  
244.400    -0.94177  
244.500    -0.94214  
244.600    -0.94250  
244.700    -0.94287  
244.800    -0.94324  
244.900    -0.94360  
245.000    -0.94396  
245.100    -0.94433  
245.200    -0.94469  
245.300    -0.94506  
245.400    -0.94542  
245.500    -0.94579  
245.600    -0.94615  
245.700    -0.94652  
245.800    -0.94688  
245.900    -0.94724  
246.000    -0.94761  
246.100    -0.94797  
246.200    -0.94834  
246.300    -0.94870  
246.400    -0.94906  
246.500    -0.94943  
246.600    -0.94979  
246.700    -0.95015  
246.800    -0.95052  
246.900    -0.95088  
247.000    -0.95124  
247.100    -0.95160  
247.200    -0.95197  
247.300    -0.95233  
247.400    -0.95269  
247.500    -0.95305  
247.600    -0.95342  
247.700    -0.95378  
247.800    -0.95414  
247.900    -0.95450  
248.000    -0.95486  
248.100    -0.95523  
248.200    -0.95559  
248.300    -0.95595  
248.400    -0.95631  
248.500    -0.95667  
248.600    -0.95703  
248.700    -0.95739  
248.800    -0.95776  
248.900    -0.95812  
249.000    -0.95848  
249.100    -0.95884  
249.200    -0.95920  
249.300    -0.95956  
249.400    -0.95992  
249.500    -0.96028  
249.600    -0.96064  
249.700    -0.96100  
249.800    -0.96136  
249.900    -0.96172  
250.000    -0.96208  
250.100    -0.96244  
250.200    -0.96280  
250.300    -0.96316  
250.400    -0.96352  
250.500    -0.96388  
250.600    -0.96424  
250.700    -0.96459  
250.800    -0.96495  
250.900    -0.96531  
251.000    -0.96567  
251.100    -0.96603  
251.200    -0.96639  
251.300    -0.96675  
251.400    -0.96710  
251.500    -0.96746  
251.600    -0.96782  
251.700    -0.96818  
251.800    -0.96854  
251.900    -0.96889  
252.000    -0.96925  
252.100    -0.96961  
252.200    -0.96997  
252.300    -0.97032  
252.400    -0.97068  
252.500    -0.97104  
252.600    -0.97140  
252.700    -0.97175  
252.800    -0.97211  
252.900    -0.97247  
253.000    -0.97282  
253.100    -0.97318  
253.200    -0.97354  
253.300    -0.97389  
253.400    -0.97425  
253.500    -0.97461  
253.600    -0.97496  
253.700    -0.97532  
253.800    -0.97567  
253.900    -0.97603  
254.000    -0.97639  
254.100    -0.97674  
254.200    -0.97710  
254.300    -0.97745  
254.400    -0.97781  
254.500    -0.97816  
254.600    -0.97852  
254.700    -0.97887  
254.800    -0.97923  
254.900    -0.97958  
255.000    -0.97994  
255.100    -0.98029  
255.200    -0.98064  
255.300    -0.98100  
255.400    -0.98135  
255.500    -0.98171  
255.600    -0.98206  
255.700    -0.98242  
255.800    -0.98277  
255.900    -0.98312  
256.000    -0.98348  
256.100    -0.98383  
256.200    -0.98418  
256.300    -0.98454  
256.400    -0.98489  
256.500    -0.98524  
256.600    -0.98560  
256.700    -0.98595  
256.800    -0.98630  
256.900    -0.98665  
257.000    -0.98701  
257.100    -0.98736  
257.200    -0.98771  
257.300    -0.98806  
257.400    -0.98842  
257.500    -0.98877  
257.600    -0.98912  
257.700    -0.98947  
257.800    -0.98982  
257.900    -0.99018  
258.000    -0.99053  
258.100    -0.99088  
258.200    -0.99123  
258.300    -0.99158  
258.400    -0.99193  
258.500    -0.99228  
258.600    -0.99264  
258.700    -0.99299  
258.800    -0.99334  
258.900    -0.99369  
259.000    -0.99404  
259.100    -0.99439  
259.200    -0.99474  
259.300    -0.99509  
259.400    -0.99544  
259.500    -0.99579  
259.600    -0.99614  
259.700    -0.99649  
259.800    -0.99684  
259.900    -0.99719  
260.000    -0.99754  
260.100    -0.99789  
260.200    -0.99824  
260.300    -0.99859  
260.400    -0.99894  
260.500    -0.99929  
260.600    -0.99963  
260.700    -0.99998  
260.800    -1.00033  
260.900    -1.00068  
261.000    -1.00103  
261.100    -1.00138  
261.200    -1.00173  
261.300    -1.00207  
261.400    -1.00242  
261.500    -1.00277  
261.600    -1.00312  
261.700    -1.00347  
261.800    -1.00381  
261.900    -1.00416  
262.000    -1.00451  
262.100    -1.00486  
262.200    -1.00521  
262.300    -1.00555  
262.400    -1.00590  
262.500    -1.00625  
262.600    -1.00659  
262.700    -1.00694  
262.800    -1.00729  
262.900    -1.00763  
263.000    -1.00798  
263.100    -1.00833  
263.200    -1.00867  
263.300    -1.00902  
263.400    -1.00937  
263.500    -1.00971  
263.600    -1.01006  
263.700    -1.01040  
263.800    -1.01075  
263.900    -1.01110  
264.000    -1.01144  
264.100    -1.01179  
264.200    -1.01213  
264.300    -1.01248  
264.400    -1.01282  
264.500    -1.01317  
264.600    -1.01351  
264.700    -1.01386  
264.800    -1.01420  
264.900    -1.01455  
265.000    -1.01489  
265.100    -1.01524  
265.200    -1.01558  
265.300    -1.01593  
265.400    -1.01627  
265.500    -1.01661  
265.600    -1.01696  
265.700    -1.01730  
265.800    -1.01765  
265.900    -1.01799  
266.000    -1.01833  
266.100    -1.01868  
266.200    -1.01902  
266.300    -1.01936  
266.400    -1.01971  
266.500    -1.02005  
266.600    -1.02039  
266.700    -1.02074  
266.800    -1.02108  
266.900    -1.02142  
267.000    -1.02177  
267.100    -1.02211  
267.200    -1.02245  
267.300    -1.02279  
267.400    -1.02314  
267.500    -1.02348  
267.600    -1.02382  
267.700    -1.02416  
267.800    -1.02450  
267.900    -1.02485  
268.000    -1.02519  
268.100    -1.02553  
268.200    -1.02587  
268.300    -1.02621  
268.400    -1.02655  
268.500    -1.02689  
268.600    -1.02724  
268.700    -1.02758  
268.800    -1.02792  
268.900    -1.02826  
269.000    -1.02860  
269.100    -1.02894  
269.200    -1.02928  
269.300    -1.02962  
269.400    -1.02996  
269.500    -1.03030  
269.600    -1.03064  
269.700    -1.03098  
269.800    -1.03132  
269.900    -1.03166  
270.000    -1.03200  
270.100    -1.03234  
270.200    -1.03268  
270.300    -1.03302  
270.400    -1.03336  
270.500    -1.03370  
270.600    -1.03404  
270.700    -1.03438  
270.800    -1.03472  
270.900    -1.03505  
271.000    -1.03539  
271.100    -1.03573  
271.200    -1.03607  
271.300    -1.03641  
271.400    -1.03675  
271.500    -1.03709  
271.600    -1.03742  
271.700    -1.03776  
271.800    -1.03810  
271.900    -1.03844  
272.000    -1.03878  
272.100    -1.03911  
272.200    -1.03945  
272.300    -1.03979  
272.400    -1.04013  
272.500    -1.04046  
272.600    -1.04080  
272.700    -1.04114  
272.800    -1.04148  
272.900    -1.04181  
273.000    -1.04215  
273.100    -1.04249  
273.200    -1.04282  
273.300    -1.04316  
273.400    -1.04350  
273.500    -1.04383  
273.600    -1.04417  
273.700    -1.04450  
273.800    -1.04484  
273.900    -1.04518  
274.000    -1.04551  
274.100    -1.04585  
274.200    -1.04618  
274.300    -1.04652  
274.400    -1.04686  
274.500    -1.04719  
274.600    -1.04753  
274.700    -1.04786  
274.800    -1.04820  
274.900    -1.04853  
275.000    -1.04887  
275.100    -1.04920  
275.200    -1.04954  
275.300    -1.04987  
275.400    -1.05021  
275.500    -1.05054  
275.600    -1.05087  
275.700    -1.05121  
275.800    -1.05154  
275.900    -1.05188  
276.000    -1.05221  
276.100    -1.05255  
276.200    -1.05288  
276.300    -1.05321  
276.400    -1.05355  
276.500    -1.05388  
276.600    -1.05421  
276.700    -1.05455  
276.800    -1.05488  
276.900    -1.05521  
277.000    -1.05555  
277.100    -1.05588  
277.200    -1.05621  
277.300    -1.05655  
277.400    -1.05688  
277.500    -1.05721  
277.600    -1.05754  
277.700    -1.05788  
277.800    -1.05821  
277.900    -1.05854  
278.000    -1.05887  
278.100    -1.05921  
278.200    -1.05954  
278.300    -1.05987  
278.400    -1.06020  
278.500    -1.06053  
278.600    -1.06086  
278.700    -1.06120  
278.800    -1.06153  
278.900    -1.06186  
279.000    -1.06219  
279.100    -1.06252  
279.200    -1.06285  
279.300    -1.06318  
279.400    -1.06351  
279.500    -1.06384  
279.600    -1.06418  
279.700    -1.06451  
279.800    -1.06484  
279.900    -1.06517  
280.000    -1.06550  
280.100    -1.06583  
280.200    -1.06616  
280.300    -1.06649  
280.400    -1.06682  
280.500    -1.06715  
280.600    -1.06748  
280.700    -1.06781  
280.800    -1.06814  
280.900    -1.06847  
281.000    -1.06880  
281.100    -1.06912  
281.200    -1.06945  
281.300    -1.06978  
281.400    -1.07011  
281.500    -1.07044  
281.600    -1.07077  
281.700    -1.07110  
281.800    -1.07143  
281.900    -1.07176  
282.000    -1.07208  
282.100    -1.07241  
282.200    -1.07274  
282.300    -1.07307  
282.400    -1.07340  
282.500    -1.07372  
282.600    -1.07405  
282.700    -1.07438  
282.800    -1.07471  
282.900    -1.07504  
283.000    -1.07536  
283.100    -1.07569  
283.200    -1.07602  
283.300    -1.07635  
283.400    -1.07667  
283.500    -1.07700  
283.600    -1.07733  
283.700    -1.07765  
283.800    -1.07798  
283.900    -1.07831  
284.000    -1.07863  
284.100    -1.07896  
284.200    -1.07929  
284.300    -1.07961  
284.400    -1.07994  
284.500    -1.08027  
284.600    -1.08059  
284.700    -1.08092  
284.800    -1.08124  
284.900    -1.08157  
285.000    -1.08190  
285.100    -1.08222  
285.200    -1.08255  
285.300    -1.08287  
285.400    -1.08320  
285.500    -1.08352  
285.600    -1.08385  
285.700    -1.08417  
285.800    -1.08450  
285.900    -1.08482  
286.000    -1.08515  
286.100    -1.08547  
286.200    -1.08580  
286.300    -1.08612  
286.400    -1.08645  
286.500    -1.08677  
286.600    -1.08709  
286.700    -1.08742  
286.800    -1.08774  
286.900    -1.08807  
287.000    -1.08839  
287.100    -1.08871  
287.200    -1.08904  
287.300    -1.08936  
287.400    -1.08968  
287.500    -1.09001  
287.600    -1.09033  
287.700    -1.09065  
287.800    -1.09098  
287.900    -1.09130  
288.000    -1.09162  
288.100    -1.09195  
288.200    -1.09227  
288.300    -1.09259  
288.400    -1.09292  
288.500    -1.09324  
288.600    -1.09356  
288.700    -1.09388  
288.800    -1.09420  
288.900    -1.09453  
289.000    -1.09485  
289.100    -1.09517  
289.200    -1.09549  
289.300    -1.09581  
289.400    -1.09614  
289.500    -1.09646  
289.600    -1.09678  
289.700    -1.09710  
289.800    -1.09742  
289.900    -1.09774  
290.000    -1.09807  
290.100    -1.09839  
290.200    -1.09871  
290.300    -1.09903  
290.400    -1.09935  
290.500    -1.09967  
290.600    -1.09999  
290.700    -1.10031  
290.800    -1.10063  
290.900    -1.10095  
291.000    -1.10127  
291.100    -1.10159  
291.200    -1.10191  
291.300    -1.10223  
291.400    -1.10255  
291.500    -1.10287  
291.600    -1.10319  
291.700    -1.10351  
291.800    -1.10383  
291.900    -1.10415  
292.000    -1.10447  
292.100    -1.10479  
292.200    -1.10511  
292.300    -1.10543  
292.400    -1.10575  
292.500    -1.10607  
292.600    -1.10638  
292.700    -1.10670  
292.800    -1.10702  
292.900    -1.10734  
293.000    -1.10766  
293.100    -1.10798  
293.200    -1.10830  
293.300    -1.10861  
293.400    -1.10893  
293.500    -1.10925  
293.600    -1.10957  
293.700    -1.10989  
293.800    -1.11020  
293.900    -1.11052  
294.000    -1.11084  
294.100    -1.11116  
294.200    -1.11147  
294.300    -1.11179  
294.400    -1.11211  
294.500    -1.11243  
294.600    -1.11274  
294.700    -1.11306  
294.800    -1.11338  
294.900    -1.11369  
295.000    -1.11401  
295.100    -1.11433  
295.200    -1.11464  
295.300    -1.11496  
295.400    -1.11528  
295.500    -1.11559  
295.600    -1.11591  
295.700    -1.11623  
295.800    -1.11654  
295.900    -1.11686  
296.000    -1.11717  
296.100    -1.11749  
296.200    -1.11781  
296.300    -1.11812  
296.400    -1.11844  
296.500    -1.11875  
296.600    -1.11907  
296.700    -1.11938  
296.800    -1.11970  
296.900    -1.12001  
297.000    -1.12033  
297.100    -1.12064  
297.200    -1.12096  
297.300    -1.12127  
297.400    -1.12159  
297.500    -1.12190  
297.600    -1.12222  
297.700    -1.12253  
297.800    -1.12285  
297.900    -1.12316  
298.000    -1.12347  
298.100    -1.12379  
298.200    -1.12410  
298.300    -1.12442  
298.400    -1.12473  
298.500    -1.12504  
298.600    -1.12536  
298.700    -1.12567  
298.800    -1.12598  
298.900    -1.12630  
299.000    -1.12661  
299.100    -1.12692  
299.200    -1.12724  
299.300    -1.12755  
299.400    -1.12786  
299.500    -1.12818  
299.600    -1.12849  
299.700    -1.12880  
299.800    -1.12911  
299.900    -1.12943  
300.000    -1.12974  
300.100    -1.13005  
300.200    -1.13036  
300.300    -1.13068  
300.400    -1.13099  
300.500    -1.13130  
300.600    -1.13161  
300.700    -1.13192  
300.800    -1.13224  
300.900    -1.13255  
301.000    -1.13286  
301.100    -1.13317  
301.200    -1.13348  
301.300    -1.13379  
301.400    -1.13410  
301.500    -1.13442  
301.600    -1.13473  
301.700    -1.13504  
301.800    -1.13535  
301.900    -1.13566  
302.000    -1.13597  
302.100    -1.13628  
302.200    -1.13659  
302.300    -1.13690  
302.400    -1.13721  
302.500    -1.13752  
302.600    -1.13783  
302.700    -1.13814  
302.800    -1.13845  
302.900    -1.13876  
303.000    -1.13907  
303.100    -1.13938  
303.200    -1.13969  
303.300    -1.14000  
303.400    -1.14031  
303.500    -1.14062  
303.600    -1.14093  
303.700    -1.14124  
303.800    -1.14155  
303.900    -1.14186  
304.000    -1.14217  
304.100    -1.14248  
304.200    -1.14279  
304.300    -1.14309  
304.400    -1.14340  
304.500    -1.14371  
304.600    -1.14402  
304.700    -1.14433  
304.800    -1.14464  
304.900    -1.14495  
305.000    -1.14525  
305.100    -1.14556  
305.200    -1.14587  
305.300    -1.14618  
305.400    -1.14649  
305.500    -1.14679  
305.600    -1.14710  
305.700    -1.14741  
305.800    -1.14772  
305.900    -1.14802  
306.000    -1.14833  
306.100    -1.14864  
306.200    -1.14895  
306.300    -1.14925  
306.400    -1.14956  
306.500    -1.14987  
306.600    -1.15017  
306.700    -1.15048  
306.800    -1.15079  
306.900    -1.15110  
307.000    -1.15140  
307.100    -1.15171  
307.200    -1.15201  
307.300    -1.15232  
307.400    -1.15263  
307.500    -1.15293  
307.600    -1.15324  
307.700    -1.15355  
307.800    -1.15385  
307.900    -1.15416  
308.000    -1.15446  
308.100    -1.15477  
308.200    -1.15507  
308.300    -1.15538  
308.400    -1.15569  
308.500    -1.15599  
308.600    -1.15630  
308.700    -1.15660  
308.800    -1.15691  
308.900    -1.15721  
309.000    -1.15752  
309.100    -1.15782  
309.200    -1.15813  
309.300    -1.15843  
309.400    -1.15874  
309.500    -1.15904  
309.600    -1.15934  
309.700    -1.15965  
309.800    -1.15995  
309.900    -1.16026  
310.000    -1.16056  
310.100    -1.16087  
310.200    -1.16117  
310.300    -1.16147  
310.400    -1.16178  
310.500    -1.16208  
310.600    -1.16238  
310.700    -1.16269  
310.800    -1.16299  
310.900    -1.16329  
311.000    -1.16360  
311.100    -1.16390  
311.200    -1.16420  
311.300    -1.16451  
311.400    -1.16481  
311.500    -1.16511  
311.600    -1.16542  
311.700    -1.16572  
311.800    -1.16602  
311.900    -1.16632  
312.000    -1.16663  
312.100    -1.16693  
312.200    -1.16723  
312.300    -1.16753  
312.400    -1.16784  
312.500    -1.16814  
312.600    -1.16844  
312.700    -1.16874  
312.800    -1.16904  
312.900    -1.16934  
313.000    -1.16965  
313.100    -1.16995  
313.200    -1.17025  
313.300    -1.17055  
313.400    -1.17085  
313.500    -1.17115  
313.600    -1.17145  
313.700    -1.17176  
313.800    -1.17206  
313.900    -1.17236  
314.000    -1.17266  
314.100    -1.17296  
314.200    -1.17326  
314.300    -1.17356  
314.400    -1.17386  
314.500    -1.17416  
314.600    -1.17446  
314.700    -1.17476  
314.800    -1.17506  
314.900    -1.17536  
315.000    -1.17566  
315.100    -1.17596  
315.200    -1.17626  
315.300    -1.17656  
315.400    -1.17686  
315.500    -1.17716  
315.600    -1.17746  
315.700    -1.17776  
315.800    -1.17806  
315.900    -1.17836  
316.000    -1.17866  
316.100    -1.17896  
316.200    -1.17926  
316.300    -1.17956  
316.400    -1.17986  
316.500    -1.18015  
316.600    -1.18045  
316.700    -1.18075  
316.800    -1.18105  
316.900    -1.18135  
317.000    -1.18165  
317.100    -1.18195  
317.200    -1.18225  
317.300    -1.18254  
317.400    -1.18284  
317.500    -1.18314  
317.600    -1.18344  
317.700    -1.18374  
317.800    -1.18403  
317.900    -1.18433  
318.000    -1.18463  
318.100    -1.18493  
318.200    -1.18522  
318.300    -1.18552  
318.400    -1.18582  
318.500    -1.18612  
318.600    -1.18641  
318.700    -1.18671  
318.800    -1.18701  
318.900    -1.18731  
319.000    -1.18760  
319.100    -1.18790  
319.200    -1.18820  
319.300    -1.18849  
319.400    -1.18879  
319.500    -1.18909  
319.600    -1.18938  
319.700    -1.18968  
319.800    -1.18998  
319.900    -1.19027  
320.000    -1.19057  
320.100    -1.19086  
320.200    -1.19116  
320.300    -1.19146  
320.400    -1.19175  
320.500    -1.19205  
320.600    -1.19234  
320.700    -1.19264  
320.800    -1.19293  
320.900    -1.19323  
321.000    -1.19353  
321.100    -1.19382  
321.200    -1.19412  
321.300    -1.19441  
321.400    -1.19471  
321.500    -1.19500  
321.600    -1.19530  
321.700    -1.19559  
321.800    -1.19589  
321.900    -1.19618  
322.000    -1.19648  
322.100    -1.19677  
322.200    -1.19706  
322.300    -1.19736  
322.400    -1.19765  
322.500    -1.19795  
322.600    -1.19824  
322.700    -1.19854  
322.800    -1.19883  
322.900    -1.19912  
323.000    -1.19942  
323.100    -1.19971  
323.200    -1.20001  
323.300    -1.20030  
323.400    -1.20059  
323.500    -1.20089  
323.600    -1.20118  
323.700    -1.20147  
323.800    -1.20177  
323.900    -1.20206  
324.000    -1.20235  
324.100    -1.20265  
324.200    -1.20294  
324.300    -1.20323  
324.400    -1.20352  
324.500    -1.20382  
324.600    -1.20411  
324.700    -1.20440  
324.800    -1.20469  
324.900    -1.20499  
325.000    -1.20528  
325.100    -1.20557  
325.200    -1.20586  
325.300    -1.20616  
325.400    -1.20645  
325.500    -1.20674  
325.600    -1.20703  
325.700    -1.20732  
325.800    -1.20762  
325.900    -1.20791  
326.000    -1.20820  
326.100    -1.20849  
326.200    -1.20878  
326.300    -1.20907  
326.400    -1.20936  
326.500    -1.20966  
326.600    -1.20995  
326.700    -1.21024  
326.800    -1.21053  
326.900    -1.21082  
327.000    -1.21111  
327.100    -1.21140  
327.200    -1.21169  
327.300    -1.21198  
327.400    -1.21227  
327.500    -1.21256  
327.600    -1.21285  
327.700    -1.21314  
327.800    -1.21343  
327.900    -1.21372  
328.000    -1.21402  
328.100    -1.21431  
328.200    -1.21460  
328.300    -1.21489  
328.400    -1.21517  
328.500    -1.21546  
328.600    -1.21575  
328.700    -1.21604  
328.800    -1.21633  
328.900    -1.21662  
329.000    -1.21691  
329.100    -1.21720  
329.200    -1.21749  
329.300    -1.21778  
329.400    -1.21807  
329.500    -1.21836  
329.600    -1.21865  
329.700    -1.21894  
329.800    -1.21922  
329.900    -1.21951  
330.000    -1.21980  
330.100    -1.22009  
330.200    -1.22038  
330.300    -1.22067  
330.400    -1.22096  
330.500    -1.22124  
330.600    -1.22153  
330.700    -1.22182  
330.800    -1.22211  
330.900    -1.22240  
331.000    -1.22268  
331.100    -1.22297  
331.200    -1.22326  
331.300    -1.22355  
331.400    -1.22384  
331.500    -1.22412  
331.600    -1.22441  
331.700    -1.22470  
331.800    -1.22498  
331.900    -1.22527  
332.000    -1.22556  
332.100    -1.22585  
332.200    -1.22613  
332.300    -1.22642  
332.400    -1.22671  
332.500    -1.22699  
332.600    -1.22728  
332.700    -1.22757  
332.800    -1.22785  
332.900    -1.22814  
333.000    -1.22843  
333.100    -1.22871  
333.200    -1.22900  
333.300    -1.22929  
333.400    -1.22957  
333.500    -1.22986  
333.600    -1.23014  
333.700    -1.23043  
333.800    -1.23072  
333.900    -1.23100  
334.000    -1.23129  
334.100    -1.23157  
334.200    -1.23186  
334.300    -1.23214  
334.400    -1.23243  
334.500    -1.23272  
334.600    -1.23300  
334.700    -1.23329  
334.800    -1.23357  
334.900    -1.23386  
335.000    -1.23414  
335.100    -1.23443  
335.200    -1.23471  
335.300    -1.23500  
335.400    -1.23528  
335.500    -1.23557  
335.600    -1.23585  
335.700    -1.23613  
335.800    -1.23642  
335.900    -1.23670  
336.000    -1.23699  
336.100    -1.23727  
336.200    -1.23756  
336.300    -1.23784  
336.400    -1.23812  
336.500    -1.23841  
336.600    -1.23869  
336.700    -1.23898  
336.800    -1.23926  
336.900    -1.23954  
337.000    -1.23983  
337.100    -1.24011  
337.200    -1.24039  
337.300    -1.24068  
337.400    -1.24096  
337.500    -1.24124  
337.600    -1.24153  
337.700    -1.24181  
337.800    -1.24209  
337.900    -1.24238  
338.000    -1.24266  
338.100    -1.24294  
338.200    -1.24322  
338.300    -1.24351  
338.400    -1.24379  
338.500    -1.24407  
338.600    -1.24435  
338.700    -1.24464  
338.800    -1.24492  
338.900    -1.24520  
339.000    -1.24548  
339.100    -1.24577  
339.200    -1.24605  
339.300    -1.24633  
339.400    -1.24661  
339.500    -1.24689  
339.600    -1.24718  
339.700    -1.24746  
339.800    -1.24774  
339.900    -1.24802  
340.000    -1.24830  
340.100    -1.24858  
340.200    -1.24886  
340.300    -1.24915  
340.400    -1.24943  
340.500    -1.24971  
340.600    -1.24999  
340.700    -1.25027  
340.800    -1.25055  
340.900    -1.25083  
341.000    -1.25111  
341.100    -1.25139  
341.200    -1.25167  
341.300    -1.25196  
341.400    -1.25224  
341.500    -1.25252  
341.600    -1.25280  
341.700    -1.25308  
341.800    -1.25336  
341.900    -1.25364  
342.000    -1.25392  
342.100    -1.25420  
342.200    -1.25448  
342.300    -1.25476  
342.400    -1.25504  
342.500    -1.25532  
342.600    -1.25560  
342.700    -1.25588  
342.800    -1.25616  
342.900    -1.25644  
343.000    -1.25672  
343.100    -1.25699  
343.200    -1.25727  
343.300    -1.25755  
343.400    -1.25783  
343.500    -1.25811  
343.600    -1.25839  
343.700    -1.25867  
343.800    -1.25895  
343.900    -1.25923  
344.000    -1.25951  
344.100    -1.25978  
344.200    -1.26006  
344.300    -1.26034  
344.400    -1.26062  
344.500    -1.26090  
344.600    -1.26118  
344.700    -1.26146  
344.800    -1.26173  
344.900    -1.26201  
345.000    -1.26229  
345.100    -1.26257  
345.200    -1.26285  
345.300    -1.26312  
345.400    -1.26340  
345.500    -1.26368  
345.600    -1.26396  
345.700    -1.26423  
345.800    -1.26451  
345.900    -1.26479  
346.000    -1.26507  
346.100    -1.26534  
346.200    -1.26562  
346.300    -1.26590  
346.400    -1.26618  
346.500    -1.26645  
346.600    -1.26673  
346.700    -1.26701  
346.800    -1.26728  
346.900    -1.26756  
347.000    -1.26784  
347.100    -1.26811  
347.200    -1.26839  
347.300    -1.26867  
347.400    -1.26894  
347.500    -1.26922  
347.600    -1.26950  
347.700    -1.26977  
347.800    -1.27005  
347.900    -1.27033  
348.000    -1.27060  
348.100    -1.27088  
348.200    -1.27115  
348.300    -1.27143  
348.400    -1.27171  
348.500    -1.27198  
348.600    -1.27226  
348.700    -1.27253  
348.800    -1.27281  
348.900    -1.27308  
349.000    -1.27336  
349.100    -1.27364  
349.200    -1.27391  
349.300    -1.27419  
349.400    -1.27446  
349.500    -1.27474  
349.600    -1.27501  
349.700    -1.27529  
349.800    -1.27556  
349.900    -1.27584  
350.000    -1.27611  