 0.000     0.00000  
  0.100     0.00013  
  0.200     0.00061  
  0.300     0.00141  
  0.400     0.00249  
  0.500     0.00382  
  0.600     0.00539  
  0.700     0.00717  
  0.800     0.00915  
  0.900     0.01132  
  1.000     0.01367  
  1.100     0.01621  
  1.200     0.01891  
  1.300     0.02177  
  1.400     0.02479  
  1.500     0.02797  
  1.600     0.03129  
  1.700     0.03476  
  1.800     0.03837  
  1.900     0.04212  
  2.000     0.04600  
  2.100     0.05002  
  2.200     0.05416  
  2.300     0.05843  
  2.400     0.06283  
  2.500     0.06734  
  2.600     0.07198  
  2.700     0.07673  
  2.800     0.08160  
  2.900     0.08658  
  3.000     0.09167  
  3.100     0.09688  
  3.200     0.10218  
  3.300     0.10760  
  3.400     0.11312  
  3.500     0.11874  
  3.600     0.12446  
  3.700     0.13029  
  3.800     0.13621  
  3.900     0.14222  
  4.000     0.14833  
  4.100     0.15454  
  4.200     0.16084  
  4.300     0.16723  
  4.400     0.17371  
  4.500     0.18027  
  4.600     0.18693  
  4.700     0.19367  
  4.800     0.20050  
  4.900     0.20741  
  5.000     0.21441  
  5.100     0.22148  
  5.200     0.22864  
  5.300     0.23588  
  5.400     0.24319  
  5.500     0.25059  
  5.600     0.25806  
  5.700     0.26561  
  5.800     0.27323  
  5.900     0.28092  
  6.000     0.28869  
  6.100     0.29654  
  6.200     0.30445  
  6.300     0.31243  
  6.400     0.32048  
  6.500     0.32861  
  6.600     0.33680  
  6.700     0.34505  
  6.800     0.35338  
  6.900     0.36177  
  7.000     0.37022  
  7.100     0.37874  
  7.200     0.38732  
  7.300     0.39597  
  7.400     0.40468  
  7.500     0.41344  
  7.600     0.42227  
  7.700     0.43116  
  7.800     0.44011  
  7.900     0.44912  
  8.000     0.45818  
  8.100     0.46731  
  8.200     0.47648  
  8.300     0.48572  
  8.400     0.49501  
  8.500     0.50435  
  8.600     0.51375  
  8.700     0.52321  
  8.800     0.53271  
  8.900     0.54227  
  9.000     0.55188  
  9.100     0.56154  
  9.200     0.57125  
  9.300     0.58101  
  9.400     0.59083  
  9.500     0.60069  
  9.600     0.61060  
  9.700     0.62055  
  9.800     0.63056  
  9.900     0.64061  
 10.000     0.65071  
 10.100     0.66085  
 10.200     0.67104  
 10.300     0.68128  
 10.400     0.69155  
 10.500     0.70188  
 10.600     0.71225  
 10.700     0.72266  
 10.800     0.73311  
 10.900     0.74360  
 11.000     0.75414  
 11.100     0.76472  
 11.200     0.77534  
 11.300     0.78600  
 11.400     0.79670  
 11.500     0.80743  
 11.600     0.81821  
 11.700     0.82903  
 11.800     0.83988  
 11.900     0.85078  
 12.000     0.86171  
 12.100     0.87268  
 12.200     0.88368  
 12.300     0.89472  
 12.400     0.90580  
 12.500     0.91691  
 12.600     0.92806  
 12.700     0.93924  
 12.800     0.95046  
 12.900     0.96171  
 13.000     0.97299  
 13.100     0.98431  
 13.200     0.99566  
 13.300     1.00705  
 13.400     1.01846  
 13.500     1.02991  
 13.600     1.04139  
 13.700     1.05290  
 13.800     1.06445  
 13.900     1.07602  
 14.000     1.08762  
 14.100     1.09926  
 14.200     1.11092  
 14.300     1.12261  
 14.400     1.13433  
 14.500     1.14608  
 14.600     1.15786  
 14.700     1.16967  
 14.800     1.18150  
 14.900     1.19337  
 15.000     1.20525  
 15.100     1.21717  
 15.200     1.22911  
 15.300     1.24108  
 15.400     1.25308  
 15.500     1.26510  
 15.600     1.27715  
 15.700     1.28922  
 15.800     1.30132  
 15.900     1.31344  
 16.000     1.32559  
 16.100     1.33776  
 16.200     1.34995  
 16.300     1.36217  
 16.400     1.37441  
 16.500     1.38667  
 16.600     1.39896  
 16.700     1.41127  
 16.800     1.42360  
 16.900     1.43596  
 17.000     1.44833  
 17.100     1.46073  
 17.200     1.47315  
 17.300     1.48559  
 17.400     1.49805  
 17.500     1.51053  
 17.600     1.52304  
 17.700     1.53556  
 17.800     1.54810  
 17.900     1.56066  
 18.000     1.57324  
 18.100     1.58585  
 18.200     1.59847  
 18.300     1.61110  
 18.400     1.62376  
 18.500     1.63644  
 18.600     1.64913  
 18.700     1.66184  
 18.800     1.67457  
 18.900     1.68732  
 19.000     1.70009  
 19.100     1.71287  
 19.200     1.72567  
 19.300     1.73848  
 19.400     1.75131  
 19.500     1.76416  
 19.600     1.77703  
 19.700     1.78991  
 19.800     1.80280  
 19.900     1.81571  
 20.000     1.82864  
 20.100     1.84158  
 20.200     1.85454  
 20.300     1.86751  
 20.400     1.88050  
 20.500     1.89350  
 20.600     1.90651  
 20.700     1.91954  
 20.800     1.93259  
 20.900     1.94564  
 21.000     1.95871  
 21.100     1.97180  
 21.200     1.98489  
 21.300     1.99800  
 21.400     2.01112  
 21.500     2.02426  
 21.600     2.03741  
 21.700     2.05057  
 21.800     2.06374  
 21.900     2.07692  
 22.000     2.09012  
 22.100     2.10332  
 22.200     2.11654  
 22.300     2.12977  
 22.400     2.14301  
 22.500     2.15626  
 22.600     2.16953  
 22.700     2.18280  
 22.800     2.19608  
 22.900     2.20938  
 23.000     2.22268  
 23.100     2.23600  
 23.200     2.24932  
 23.300     2.26266  
 23.400     2.27600  
 23.500     2.28936  
 23.600     2.30272  
 23.700     2.31609  
 23.800     2.32947  
 23.900     2.34286  
 24.000     2.35626  
 24.100     2.36967  
 24.200     2.38308  
 24.300     2.39651  
 24.400     2.40994  
 24.500     2.42338  
 24.600     2.43683  
 24.700     2.45028  
 24.800     2.46375  
 24.900     2.47722  
 25.000     2.49070  
 25.100     2.50418  
 25.200     2.51767  
 25.300     2.53117  
 25.400     2.54468  
 25.500     2.55819  
 25.600     2.57171  
 25.700     2.58524  
 25.800     2.59877  
 25.900     2.61231  
 26.000     2.62586  
 26.100     2.63941  
 26.200     2.65297  
 26.300     2.66653  
 26.400     2.68010  
 26.500     2.69367  
 26.600     2.70725  
 26.700     2.72084  
 26.800     2.73443  
 26.900     2.74802  
 27.000     2.76162  
 27.100     2.77522  
 27.200     2.78883  
 27.300     2.80245  
 27.400     2.81607  
 27.500     2.82969  
 27.600     2.84332  
 27.700     2.85695  
 27.800     2.87058  
 27.900     2.88422  
 28.000     2.89786  
 28.100     2.91151  
 28.200     2.92516  
 28.300     2.93881  
 28.400     2.95247  
 28.500     2.96613  
 28.600     2.97979  
 28.700     2.99346  
 28.800     3.00713  
 28.900     3.02080  
 29.000     3.03448  
 29.100     3.04816  
 29.200     3.06184  
 29.300     3.07552  
 29.400     3.08921  
 29.500     3.10289  
 29.600     3.11658  
 29.700     3.13028  
 29.800     3.14397  
 29.900     3.15767  
 30.000     3.17136  
 30.100     3.18506  
 30.200     3.19876  
 30.300     3.21247  
 30.400     3.22617  
 30.500     3.23988  
 30.600     3.25358  
 30.700     3.26729  
 30.800     3.28100  
 30.900     3.29471  
 31.000     3.30842  
 31.100     3.32213  
 31.200     3.33585  
 31.300     3.34956  
 31.400     3.36327  
 31.500     3.37699  
 31.600     3.39070  
 31.700     3.40442  
 31.800     3.41813  
 31.900     3.43185  
 32.000     3.44556  
 32.100     3.45928  
 32.200     3.47299  
 32.300     3.48671  
 32.400     3.50042  
 32.500     3.51414  
 32.600     3.52785  
 32.700     3.54157  
 32.800     3.55528  
 32.900     3.56899  
 33.000     3.58270  
 33.100     3.59642  
 33.200     3.61013  
 33.300     3.62383  
 33.400     3.63754  
 33.500     3.65125  
 33.600     3.66496  
 33.700     3.67866  
 33.800     3.69237  
 33.900     3.70607  
 34.000     3.71977  
 34.100     3.73347  
 34.200     3.74716  
 34.300     3.76086  
 34.400     3.77455  
 34.500     3.78825  
 34.600     3.80194  
 34.700     3.81563  
 34.800     3.82931  
 34.900     3.84300  
 35.000     3.85668  
 35.100     3.87036  
 35.200     3.88404  
 35.300     3.89771  
 35.400     3.91139  
 35.500     3.92506  
 35.600     3.93872  
 35.700     3.95239  
 35.800     3.96605  
 35.900     3.97971  
 36.000     3.99337  
 36.100     4.00702  
 36.200     4.02068  
 36.300     4.03432  
 36.400     4.04797  
 36.500     4.06161  
 36.600     4.07525  
 36.700     4.08889  
 36.800     4.10252  
 36.900     4.11615  
 37.000     4.12978  
 37.100     4.14340  
 37.200     4.15702  
 37.300     4.17063  
 37.400     4.18425  
 37.500     4.19785  
 37.600     4.21146  
 37.700     4.22506  
 37.800     4.23866  
 37.900     4.25225  
 38.000     4.26584  
 38.100     4.27942  
 38.200     4.29300  
 38.300     4.30658  
 38.400     4.32015  
 38.500     4.33372  
 38.600     4.34728  
 38.700     4.36084  
 38.800     4.37440  
 38.900     4.38795  
 39.000     4.40150  
 39.100     4.41504  
 39.200     4.42857  
 39.300     4.44211  
 39.400     4.45564  
 39.500     4.46916  
 39.600     4.48268  
 39.700     4.49619  
 39.800     4.50970  
 39.900     4.52320  
 40.000     4.53670  
 40.100     4.55019  
 40.200     4.56368  
 40.300     4.57717  
 40.400     4.59064  
 40.500     4.60412  
 40.600     4.61758  
 40.700     4.63105  
 40.800     4.64450  
 40.900     4.65795  
 41.000     4.67140  
 41.100     4.68484  
 41.200     4.69828  
 41.300     4.71171  
 41.400     4.72513  
 41.500     4.73855  
 41.600     4.75196  
 41.700     4.76537  
 41.800     4.77877  
 41.900     4.79216  
 42.000     4.80555  
 42.100     4.81894  
 42.200     4.83231  
 42.300     4.84568  
 42.400     4.85905  
 42.500     4.87241  
 42.600     4.88576  
 42.700     4.89911  
 42.800     4.91245  
 42.900     4.92578  
 43.000     4.93911  
 43.100     4.95243  
 43.200     4.96575  
 43.300     4.97906  
 43.400     4.99236  
 43.500     5.00565  
 43.600     5.01894  
 43.700     5.03223  
 43.800     5.04550  
 43.900     5.05877  
 44.000     5.07203  
 44.100     5.08529  
 44.200     5.09854  
 44.300     5.11178  
 44.400     5.12502  
 44.500     5.13825  
 44.600     5.15147  
 44.700     5.16468  
 44.800     5.17789  
 44.900     5.19109  
 45.000     5.20429  
 45.100     5.21748  
 45.200     5.23066  
 45.300     5.24383  
 45.400     5.25699  
 45.500     5.27015  
 45.600     5.28330  
 45.700     5.29645  
 45.800     5.30958  
 45.900     5.32271  
 46.000     5.33584  
 46.100     5.34895  
 46.200     5.36206  
 46.300     5.37516  
 46.400     5.38825  
 46.500     5.40133  
 46.600     5.41441  
 46.700     5.42748  
 46.800     5.44054  
 46.900     5.45360  
 47.000     5.46664  
 47.100     5.47968  
 47.200     5.49271  
 47.300     5.50574  
 47.400     5.51875  
 47.500     5.53176  
 47.600     5.54476  
 47.700     5.55775  
 47.800     5.57074  
 47.900     5.58371  
 48.000     5.59668  
 48.100     5.60964  
 48.200     5.62260  
 48.300     5.63554  
 48.400     5.64848  
 48.500     5.66141  
 48.600     5.67433  
 48.700     5.68724  
 48.800     5.70014  
 48.900     5.71304  
 49.000     5.72593  
 49.100     5.73880  
 49.200     5.75168  
 49.300     5.76454  
 49.400     5.77739  
 49.500     5.79024  
 49.600     5.80308  
 49.700     5.81591  
 49.800     5.82873  
 49.900     5.84154  
 50.000     5.85434  
 50.100     5.86714  
 50.200     5.87993  
 50.300     5.89271  
 50.400     5.90548  
 50.500     5.91824  
 50.600     5.93099  
 50.700     5.94373  
 50.800     5.95647  
 50.900     5.96920  
 51.000     5.98191  
 51.100     5.99462  
 51.200     6.00732  
 51.300     6.02002  
 51.400     6.03270  
 51.500     6.04537  
 51.600     6.05804  
 51.700     6.07070  
 51.800     6.08335  
 51.900     6.09598  
 52.000     6.10862  
 52.100     6.12124  
 52.200     6.13385  
 52.300     6.14645  
 52.400     6.15905  
 52.500     6.17163  
 52.600     6.18421  
 52.700     6.19678  
 52.800     6.20934  
 52.900     6.22188  
 53.000     6.23443  
 53.100     6.24696  
 53.200     6.25948  
 53.300     6.27199  
 53.400     6.28450  
 53.500     6.29699  
 53.600     6.30948  
 53.700     6.32195  
 53.800     6.33442  
 53.900     6.34688  
 54.000     6.35933  
 54.100     6.37176  
 54.200     6.38419  
 54.300     6.39661  
 54.400     6.40903  
 54.500     6.42143  
 54.600     6.43382  
 54.700     6.44620  
 54.800     6.45858  
 54.900     6.47094  
 55.000     6.48330  
 55.100     6.49564  
 55.200     6.50798  
 55.300     6.52031  
 55.400     6.53262  
 55.500     6.54493  
 55.600     6.55723  
 55.700     6.56952  
 55.800     6.58180  
 55.900     6.59407  
 56.000     6.60633  
 56.100     6.61858  
 56.200     6.63082  
 56.300     6.64305  
 56.400     6.65527  
 56.500     6.66748  
 56.600     6.67968  
 56.700     6.69188  
 56.800     6.70406  
 56.900     6.71623  
 57.000     6.72840  
 57.100     6.74055  
 57.200     6.75270  
 57.300     6.76483  
 57.400     6.77695  
 57.500     6.78907  
 57.600     6.80117  
 57.700     6.81327  
 57.800     6.82536  
 57.900     6.83743  
 58.000     6.84950  
 58.100     6.86155  
 58.200     6.87360  
 58.300     6.88564  
 58.400     6.89766  
 58.500     6.90968  
 58.600     6.92169  
 58.700     6.93368  
 58.800     6.94567  
 58.900     6.95765  
 59.000     6.96961  
 59.100     6.98157  
 59.200     6.99352  
 59.300     7.00546  
 59.400     7.01738  
 59.500     7.02930  
 59.600     7.04121  
 59.700     7.05311  
 59.800     7.06499  
 59.900     7.07687  
 60.000     7.08874  
 60.100     7.10059  
 60.200     7.11244  
 60.300     7.12428  
 60.400     7.13611  
 60.500     7.14792  
 60.600     7.15973  
 60.700     7.17153  
 60.800     7.18331  
 60.900     7.19509  
 61.000     7.20686  
 61.100     7.21861  
 61.200     7.23036  
 61.300     7.24209  
 61.400     7.25382  
 61.500     7.26554  
 61.600     7.27724  
 61.700     7.28894  
 61.800     7.30062  
 61.900     7.31230  
 62.000     7.32396  
 62.100     7.33562  
 62.200     7.34726  
 62.300     7.35890  
 62.400     7.37052  
 62.500     7.38213  
 62.600     7.39374  
 62.700     7.40533  
 62.800     7.41691  
 62.900     7.42849  
 63.000     7.44005  
 63.100     7.45160  
 63.200     7.46314  
 63.300     7.47468  
 63.400     7.48620  
 63.500     7.49771  
 63.600     7.50921  
 63.700     7.52070  
 63.800     7.53218  
 63.900     7.54365  
 64.000     7.55511  
 64.100     7.56656  
 64.200     7.57800  
 64.300     7.58943  
 64.400     7.60085  
 64.500     7.61225  
 64.600     7.62365  
 64.700     7.63504  
 64.800     7.64642  
 64.900     7.65778  
 65.000     7.66914  
 65.100     7.68048  
 65.200     7.69182  
 65.300     7.70315  
 65.400     7.71446  
 65.500     7.72576  
 65.600     7.73706  
 65.700     7.74834  
 65.800     7.75962  
 65.900     7.77088  
 66.000     7.78213  
 66.100     7.79337  
 66.200     7.80460  
 66.300     7.81583  
 66.400     7.82704  
 66.500     7.83824  
 66.600     7.84943  
 66.700     7.86061  
 66.800     7.87178  
 66.900     7.88293  
 67.000     7.89408  
 67.100     7.90522  
 67.200     7.91635  
 67.300     7.92746  
 67.400     7.93857  
 67.500     7.94967  
 67.600     7.96075  
 67.700     7.97183  
 67.800     7.98289  
 67.900     7.99395  
 68.000     8.00499  
 68.100     8.01602  
 68.200     8.02705  
 68.300     8.03806  
 68.400     8.04906  
 68.500     8.06005  
 68.600     8.07103  
 68.700     8.08200  
 68.800     8.09296  
 68.900     8.10391  
 69.000     8.11485  
 69.100     8.12578  
 69.200     8.13670  
 69.300     8.14761  
 69.400     8.15850  
 69.500     8.16939  
 69.600     8.18027  
 69.700     8.19113  
 69.800     8.20199  
 69.900     8.21283  
 70.000     8.22367  
 70.100     8.23449  
 70.200     8.24530  
 70.300     8.25610  
 70.400     8.26690  
 70.500     8.27768  
 70.600     8.28845  
 70.700     8.29921  
 70.800     8.30996  
 70.900     8.32070  
 71.000     8.33143  
 71.100     8.34215  
 71.200     8.35286  
 71.300     8.36355  
 71.400     8.37424  
 71.500     8.38492  
 71.600     8.39558  
 71.700     8.40624  
 71.800     8.41689  
 71.900     8.42752  
 72.000     8.43815  
 72.100     8.44876  
 72.200     8.45936  
 72.300     8.46996  
 72.400     8.48054  
 72.500     8.49111  
 72.600     8.50167  
 72.700     8.51222  
 72.800     8.52276  
 72.900     8.53329  
 73.000     8.54381  
 73.100     8.55432  
 73.200     8.56482  
 73.300     8.57531  
 73.400     8.58578  
 73.500     8.59625  
 73.600     8.60671  
 73.700     8.61715  
 73.800     8.62759  
 73.900     8.63801  
 74.000     8.64843  
 74.100     8.65883  
 74.200     8.66923  
 74.300     8.67961  
 74.400     8.68998  
 74.500     8.70035  
 74.600     8.71070  
 74.700     8.72104  
 74.800     8.73137  
 74.900     8.74169  
 75.000     8.75200  
 75.100     8.76230  
 75.200     8.77259  
 75.300     8.78287  
 75.400     8.79314  
 75.500     8.80339  
 75.600     8.81364  
 75.700     8.82388  
 75.800     8.83410  
 75.900     8.84432  
 76.000     8.85452  
 76.100     8.86472  
 76.200     8.87490  
 76.300     8.88508  
 76.400     8.89524  
 76.500     8.90540  
 76.600     8.91554  
 76.700     8.92567  
 76.800     8.93579  
 76.900     8.94591  
 77.000     8.95601  
 77.100     8.96610  
 77.200     8.97618  
 77.300     8.98625  
 77.400     8.99631  
 77.500     9.00636  
 77.600     9.01640  
 77.700     9.02643  
 77.800     9.03645  
 77.900     9.04645  
 78.000     9.05645  
 78.100     9.06644  
 78.200     9.07642  
 78.300     9.08638  
 78.400     9.09634  
 78.500     9.10628  
 78.600     9.11622  
 78.700     9.12614  
 78.800     9.13606  
 78.900     9.14596  
 79.000     9.15586  
 79.100     9.16574  
 79.200     9.17561  
 79.300     9.18548  
 79.400     9.19533  
 79.500     9.20517  
 79.600     9.21500  
 79.700     9.22483  
 79.800     9.23464  
 79.900     9.24444  
 80.000     9.25423  
 80.100     9.26401  
 80.200     9.27378  
 80.300     9.28354  
 80.400     9.29329  
 80.500     9.30303  
 80.600     9.31276  
 80.700     9.32248  
 80.800     9.33219  
 80.900     9.34188  
 81.000     9.35157  
 81.100     9.36125  
 81.200     9.37092  
 81.300     9.38057  
 81.400     9.39022  
 81.500     9.39986  
 81.600     9.40949  
 81.700     9.41910  
 81.800     9.42871  
 81.900     9.43830  
 82.000     9.44789  
 82.100     9.45747  
 82.200     9.46703  
 82.300     9.47659  
 82.400     9.48613  
 82.500     9.49567  
 82.600     9.50519  
 82.700     9.51471  
 82.800     9.52421  
 82.900     9.53370  
 83.000     9.54319  
 83.100     9.55266  
 83.200     9.56213  
 83.300     9.57158  
 83.400     9.58102  
 83.500     9.59046  
 83.600     9.59988  
 83.700     9.60929  
 83.800     9.61869  
 83.900     9.62809  
 84.000     9.63747  
 84.100     9.64684  
 84.200     9.65621  
 84.300     9.66556  
 84.400     9.67490  
 84.500     9.68423  
 84.600     9.69355  
 84.700     9.70287  
 84.800     9.71217  
 84.900     9.72146  
 85.000     9.73074  
 85.100     9.74001  
 85.200     9.74928  
 85.300     9.75853  
 85.400     9.76777  
 85.500     9.77700  
 85.600     9.78622  
 85.700     9.79543  
 85.800     9.80464  
 85.900     9.81383  
 86.000     9.82301  
 86.100     9.83218  
 86.200     9.84134  
 86.300     9.85049  
 86.400     9.85964  
 86.500     9.86877  
 86.600     9.87789  
 86.700     9.88700  
 86.800     9.89610  
 86.900     9.90519  
 87.000     9.91428  
 87.100     9.92335  
 87.200     9.93241  
 87.300     9.94146  
 87.400     9.95051  
 87.500     9.95954  
 87.600     9.96856  
 87.700     9.97757  
 87.800     9.98658  
 87.900     9.99557  
 88.000    10.00455  
 88.100    10.01353  
 88.200    10.02249  
 88.300    10.03144  
 88.400    10.04039  
 88.500    10.04932  
 88.600    10.05824  
 88.700    10.06716  
 88.800    10.07606  
 88.900    10.08496  
 89.000    10.09384  
 89.100    10.10272  
 89.200    10.11158  
 89.300    10.12044  
 89.400    10.12928  
 89.500    10.13812  
 89.600    10.14694  
 89.700    10.15576  
 89.800    10.16457  
 89.900    10.17336  
 90.000    10.18215  
 90.100    10.19093  
 90.200    10.19970  
 90.300    10.20845  
 90.400    10.21720  
 90.500    10.22594  
 90.600    10.23467  
 90.700    10.24339  
 90.800    10.25210  
 90.900    10.26080  
 91.000    10.26949  
 91.100    10.27817  
 91.200    10.28684  
 91.300    10.29550  
 91.400    10.30415  
 91.500    10.31279  
 91.600    10.32142  
 91.700    10.33005  
 91.800    10.33866  
 91.900    10.34726  
 92.000    10.35585  
 92.100    10.36444  
 92.200    10.37301  
 92.300    10.38158  
 92.400    10.39013  
 92.500    10.39868  
 92.600    10.40722  
 92.700    10.41574  
 92.800    10.42426  
 92.900    10.43277  
 93.000    10.44126  
 93.100    10.44975  
 93.200    10.45823  
 93.300    10.46670  
 93.400    10.47516  
 93.500    10.48361  
 93.600    10.49205  
 93.700    10.50048  
 93.800    10.50891  
 93.900    10.51732  
 94.000    10.52572  
 94.100    10.53411  
 94.200    10.54250  
 94.300    10.55087  
 94.400    10.55924  
 94.500    10.56759  
 94.600    10.57594  
 94.700    10.58428  
 94.800    10.59261  
 94.900    10.60092  
 95.000    10.60923  
 95.100    10.61753  
 95.200    10.62582  
 95.300    10.63410  
 95.400    10.64237  
 95.500    10.65064  
 95.600    10.65889  
 95.700    10.66713  
 95.800    10.67537  
 95.900    10.68359  
 96.000    10.69181  
 96.100    10.70001  
 96.200    10.70821  
 96.300    10.71640  
 96.400    10.72457  
 96.500    10.73274  
 96.600    10.74090  
 96.700    10.74905  
 96.800    10.75720  
 96.900    10.76533  
 97.000    10.77345  
 97.100    10.78156  
 97.200    10.78967  
 97.300    10.79776  
 97.400    10.80585  
 97.500    10.81393  
 97.600    10.82199  
 97.700    10.83005  
 97.800    10.83810  
 97.900    10.84614  
 98.000    10.85417  
 98.100    10.86219  
 98.200    10.87021  
 98.300    10.87821  
 98.400    10.88620  
 98.500    10.89419  
 98.600    10.90216  
 98.700    10.91013  
 98.800    10.91809  
 98.900    10.92604  
 99.000    10.93398  
 99.100    10.94191  
 99.200    10.94983  
 99.300    10.95774  
 99.400    10.96565  
 99.500    10.97354  
 99.600    10.98143  
 99.700    10.98930  
 99.800    10.99717  
 99.900    11.00503  
100.000    11.01288  
100.100    11.02072  
100.200    11.02855  
100.300    11.03637  
100.400    11.04419  
100.500    11.05199  
100.600    11.05979  
100.700    11.06757  
100.800    11.07535  
100.900    11.08312  
101.000    11.09088  
101.100    11.09863  
101.200    11.10637  
101.300    11.11411  
101.400    11.12183  
101.500    11.12954  
101.600    11.13725  
101.700    11.14495  
101.800    11.15264  
101.900    11.16032  
102.000    11.16799  
102.100    11.17565  
102.200    11.18330  
102.300    11.19095  
102.400    11.19859  
102.500    11.20621  
102.600    11.21383  
102.700    11.22144  
102.800    11.22904  
102.900    11.23663  
103.000    11.24422  
103.100    11.25179  
103.200    11.25936  
103.300    11.26691  
103.400    11.27446  
103.500    11.28200  
103.600    11.28953  
103.700    11.29705  
103.800    11.30457  
103.900    11.31207  
104.000    11.31957  
104.100    11.32706  
104.200    11.33454  
104.300    11.34201  
104.400    11.34947  
104.500    11.35692  
104.600    11.36436  
104.700    11.37180  
104.800    11.37923  
104.900    11.38665  
105.000    11.39406  
105.100    11.40146  
105.200    11.40885  
105.300    11.41623  
105.400    11.42361  
105.500    11.43098  
105.600    11.43833  
105.700    11.44568  
105.800    11.45303  
105.900    11.46036  
106.000    11.46768  
106.100    11.47500  
106.200    11.48231  
106.300    11.48961  
106.400    11.49690  
106.500    11.50418  
106.600    11.51145  
106.700    11.51872  
106.800    11.52597  
106.900    11.53322  
107.000    11.54046  
107.100    11.54769  
107.200    11.55492  
107.300    11.56213  
107.400    11.56934  
107.500    11.57653  
107.600    11.58372  
107.700    11.59090  
107.800    11.59808  
107.900    11.60524  
108.000    11.61240  
108.100    11.61954  
108.200    11.62668  
108.300    11.63381  
108.400    11.64094  
108.500    11.64805  
108.600    11.65516  
108.700    11.66226  
108.800    11.66935  
108.900    11.67643  
109.000    11.68350  
109.100    11.69056  
109.200    11.69762  
109.300    11.70467  
109.400    11.71171  
109.500    11.71874  
109.600    11.72576  
109.700    11.73278  
109.800    11.73979  
109.900    11.74679  
110.000    11.75378  
110.100    11.76076  
110.200    11.76773  
110.300    11.77470  
110.400    11.78166  
110.500    11.78861  
110.600    11.79555  
110.700    11.80248  
110.800    11.80941  
110.900    11.81633  
111.000    11.82324  
111.100    11.83014  
111.200    11.83703  
111.300    11.84392  
111.400    11.85080  
111.500    11.85766  
111.600    11.86453  
111.700    11.87138  
111.800    11.87822  
111.900    11.88506  
112.000    11.89189  
112.100    11.89871  
112.200    11.90552  
112.300    11.91233  
112.400    11.91913  
112.500    11.92592  
112.600    11.93270  
112.700    11.93947  
112.800    11.94624  
112.900    11.95299  
113.000    11.95974  
113.100    11.96648  
113.200    11.97322  
113.300    11.97994  
113.400    11.98666  
113.500    11.99337  
113.600    12.00007  
113.700    12.00677  
113.800    12.01345  
113.900    12.02013  
114.000    12.02680  
114.100    12.03346  
114.200    12.04012  
114.300    12.04677  
114.400    12.05341  
114.500    12.06004  
114.600    12.06666  
114.700    12.07328  
114.800    12.07989  
114.900    12.08649  
115.000    12.09308  
115.100    12.09966  
115.200    12.10624  
115.300    12.11281  
115.400    12.11937  
115.500    12.12592  
115.600    12.13247  
115.700    12.13901  
115.800    12.14554  
115.900    12.15206  
116.000    12.15858  
116.100    12.16509  
116.200    12.17159  
116.300    12.17808  
116.400    12.18456  
116.500    12.19104  
116.600    12.19751  
116.700    12.20397  
116.800    12.21043  
116.900    12.21687  
117.000    12.22331  
117.100    12.22974  
117.200    12.23617  
117.300    12.24259  
117.400    12.24899  
117.500    12.25540  
117.600    12.26179  
117.700    12.26818  
117.800    12.27455  
117.900    12.28093  
118.000    12.28729  
118.100    12.29365  
118.200    12.29999  
118.300    12.30634  
118.400    12.31267  
118.500    12.31899  
118.600    12.32531  
118.700    12.33162  
118.800    12.33793  
118.900    12.34423  
119.000    12.35051  
119.100    12.35680  
119.200    12.36307  
119.300    12.36934  
119.400    12.37560  
119.500    12.38185  
119.600    12.38809  
119.700    12.39433  
119.800    12.40056  
119.900    12.40678  
120.000    12.41300  
120.100    12.41920  
120.200    12.42541  
120.300    12.43160  
120.400    12.43778  
120.500    12.44396  
120.600    12.45013  
120.700    12.45630  
120.800    12.46245  
120.900    12.46860  
121.000    12.47475  
121.100    12.48088  
121.200    12.48701  
121.300    12.49313  
121.400    12.49924  
121.500    12.50535  
121.600    12.51145  
121.700    12.51754  
121.800    12.52362  
121.900    12.52970  
122.000    12.53577  
122.100    12.54183  
122.200    12.54789  
122.300    12.55393  
122.400    12.55998  
122.500    12.56601  
122.600    12.57204  
122.700    12.57806  
122.800    12.58407  
122.900    12.59007  
123.000    12.59607  
123.100    12.60206  
123.200    12.60805  
123.300    12.61403  
123.400    12.62000  
123.500    12.62596  
123.600    12.63191  
123.700    12.63786  
123.800    12.64381  
123.900    12.64974  
124.000    12.65567  
124.100    12.66159  
124.200    12.66750  
124.300    12.67341  
124.400    12.67931  
124.500    12.68520  
124.600    12.69109  
124.700    12.69697  
124.800    12.70284  
124.900    12.70870  
125.000    12.71456  
125.100    12.72041  
125.200    12.72626  
125.300    12.73209  
125.400    12.73792  
125.500    12.74375  
125.600    12.74956  
125.700    12.75537  
125.800    12.76118  
125.900    12.76697  
126.000    12.77276  
126.100    12.77854  
126.200    12.78432  
126.300    12.79009  
126.400    12.79585  
126.500    12.80160  
126.600    12.80735  
126.700    12.81309  
126.800    12.81883  
126.900    12.82455  
127.000    12.83027  
127.100    12.83599  
127.200    12.84169  
127.300    12.84739  
127.400    12.85309  
127.500    12.85878  
127.600    12.86446  
127.700    12.87013  
127.800    12.87580  
127.900    12.88146  
128.000    12.88711  
128.100    12.89276  
128.200    12.89840  
128.300    12.90403  
128.400    12.90966  
128.500    12.91528  
128.600    12.92089  
128.700    12.92649  
128.800    12.93209  
128.900    12.93769  
129.000    12.94327  
129.100    12.94885  
129.200    12.95443  
129.300    12.95999  
129.400    12.96556  
129.500    12.97111  
129.600    12.97666  
129.700    12.98220  
129.800    12.98773  
129.900    12.99326  
130.000    12.99878  
130.100    13.00429  
130.200    13.00980  
130.300    13.01530  
130.400    13.02080  
130.500    13.02628  
130.600    13.03177  
130.700    13.03724  
130.800    13.04271  
130.900    13.04817  
131.000    13.05363  
131.100    13.05908  
131.200    13.06452  
131.300    13.06995  
131.400    13.07538  
131.500    13.08081  
131.600    13.08622  
131.700    13.09164  
131.800    13.09704  
131.900    13.10244  
132.000    13.10783  
132.100    13.11321  
132.200    13.11859  
132.300    13.12396  
132.400    13.12933  
132.500    13.13469  
132.600    13.14004  
132.700    13.14539  
132.800    13.15073  
132.900    13.15606  
133.000    13.16139  
133.100    13.16671  
133.200    13.17203  
133.300    13.17733  
133.400    13.18264  
133.500    13.18793  
133.600    13.19322  
133.700    13.19851  
133.800    13.20378  
133.900    13.20906  
134.000    13.21432  
134.100    13.21958  
134.200    13.22483  
134.300    13.23008  
134.400    13.23532  
134.500    13.24055  
134.600    13.24578  
134.700    13.25100  
134.800    13.25621  
134.900    13.26142  
135.000    13.26663  
135.100    13.27182  
135.200    13.27701  
135.300    13.28220  
135.400    13.28738  
135.500    13.29255  
135.600    13.29771  
135.700    13.30287  
135.800    13.30803  
135.900    13.31317  
136.000    13.31832  
136.100    13.32345  
136.200    13.32858  
136.300    13.33370  
136.400    13.33882  
136.500    13.34393  
136.600    13.34904  
136.700    13.35414  
136.800    13.35923  
136.900    13.36431  
137.000    13.36940  
137.100    13.37447  
137.200    13.37954  
137.300    13.38460  
137.400    13.38966  
137.500    13.39471  
137.600    13.39975  
137.700    13.40479  
137.800    13.40983  
137.900    13.41485  
138.000    13.41987  
138.100    13.42489  
138.200    13.42990  
138.300    13.43490  
138.400    13.43990  
138.500    13.44489  
138.600    13.44987  
138.700    13.45485  
138.800    13.45983  
138.900    13.46479  
139.000    13.46976  
139.100    13.47471  
139.200    13.47966  
139.300    13.48461  
139.400    13.48954  
139.500    13.49448  
139.600    13.49940  
139.700    13.50432  
139.800    13.50924  
139.900    13.51415  
140.000    13.51905  
140.100    13.52395  
140.200    13.52884  
140.300    13.53373  
140.400    13.53861  
140.500    13.54348  
140.600    13.54835  
140.700    13.55321  
140.800    13.55807  
140.900    13.56292  
141.000    13.56777  
141.100    13.57261  
141.200    13.57744  
141.300    13.58227  
141.400    13.58709  
141.500    13.59191  
141.600    13.59672  
141.700    13.60152  
141.800    13.60632  
141.900    13.61112  
142.000    13.61591  
142.100    13.62069  
142.200    13.62547  
142.300    13.63024  
142.400    13.63500  
142.500    13.63976  
142.600    13.64452  
142.700    13.64927  
142.800    13.65401  
142.900    13.65875  
143.000    13.66348  
143.100    13.66821  
143.200    13.67293  
143.300    13.67764  
143.400    13.68235  
143.500    13.68706  
143.600    13.69176  
143.700    13.69645  
143.800    13.70114  
143.900    13.70582  
144.000    13.71050  
144.100    13.71517  
144.200    13.71983  
144.300    13.72449  
144.400    13.72915  
144.500    13.73380  
144.600    13.73844  
144.700    13.74308  
144.800    13.74771  
144.900    13.75234  
145.000    13.75696  
145.100    13.76158  
145.200    13.76619  
145.300    13.77079  
145.400    13.77539  
145.500    13.77999  
145.600    13.78457  
145.700    13.78916  
145.800    13.79374  
145.900    13.79831  
146.000    13.80288  
146.100    13.80744  
146.200    13.81199  
146.300    13.81655  
146.400    13.82109  
146.500    13.82563  
146.600    13.83017  
146.700    13.83470  
146.800    13.83922  
146.900    13.84374  
147.000    13.84825  
147.100    13.85276  
147.200    13.85727  
147.300    13.86176  
147.400    13.86626  
147.500    13.87074  
147.600    13.87522  
147.700    13.87970  
147.800    13.88417  
147.900    13.88864  
148.000    13.89310  
148.100    13.89755  
148.200    13.90200  
148.300    13.90645  
148.400    13.91089  
148.500    13.91532  
148.600    13.91975  
148.700    13.92418  
148.800    13.92860  
148.900    13.93301  
149.000    13.93742  
149.100    13.94182  
149.200    13.94622  
149.300    13.95061  
149.400    13.95500  
149.500    13.95938  
149.600    13.96376  
149.700    13.96813  
149.800    13.97250  
149.900    13.97686 
150.000    13.98122  
150.100    13.98557  
150.200    13.98992  
150.300    13.99426  
150.400    13.99859  
150.500    14.00293  
150.600    14.00725  
150.700    14.01157  
150.800    14.01589  
150.900    14.02020  
151.000    14.02450  
151.100    14.02881  
151.200    14.03310  
151.300    14.03739  
151.400    14.04168  
151.500    14.04596  
151.600    14.05023  
151.700    14.05450  
151.800    14.05877  
151.900    14.06303  
152.000    14.06728  
152.100    14.07154  
152.200    14.07578  
152.300    14.08002  
152.400    14.08426  
152.500    14.08849  
152.600    14.09271  
152.700    14.09693  
152.800    14.10115  
152.900    14.10536  
153.000    14.10956  
153.100    14.11377  
153.200    14.11796  
153.300    14.12215  
153.400    14.12634  
153.500    14.13052  
153.600    14.13470  
153.700    14.13887  
153.800    14.14303  
153.900    14.14719  
154.000    14.15135  
154.100    14.15550  
154.200    14.15965  
154.300    14.16379  
154.400    14.16793  
154.500    14.17206  
154.600    14.17619  
154.700    14.18031  
154.800    14.18443  
154.900    14.18854  
155.000    14.19265  
155.100    14.19675  
155.200    14.20085  
155.300    14.20495  
155.400    14.20903  
155.500    14.21312  
155.600    14.21720  
155.700    14.22127  
155.800    14.22534  
155.900    14.22941  
156.000    14.23347  
156.100    14.23752  
156.200    14.24157  
156.300    14.24562  
156.400    14.24966  
156.500    14.25370  
156.600    14.25773  
156.700    14.26176  
156.800    14.26578  
156.900    14.26980  
157.000    14.27381  
157.100    14.27782  
157.200    14.28182  
157.300    14.28582  
157.400    14.28981  
157.500    14.29380  
157.600    14.29779  
157.700    14.30177  
157.800    14.30574  
157.900    14.30971  
158.000    14.31368  
158.100    14.31764  
158.200    14.32160  
158.300    14.32555  
158.400    14.32950  
158.500    14.33344  
158.600    14.33738  
158.700    14.34131  
158.800    14.34524  
158.900    14.34917  
159.000    14.35309  
159.100    14.35700  
159.200    14.36092  
159.300    14.36482  
159.400    14.36872  
159.500    14.37262  
159.600    14.37651  
159.700    14.38040  
159.800    14.38429  
159.900    14.38817  
160.000    14.39204  
160.100    14.39591  
160.200    14.39978  
160.300    14.40364  
160.400    14.40749  
160.500    14.41135  
160.600    14.41519  
160.700    14.41904  
160.800    14.42287  
160.900    14.42671  
161.000    14.43054  
161.100    14.43436  
161.200    14.43818  
161.300    14.44200  
161.400    14.44581  
161.500    14.44962  
161.600    14.45342  
161.700    14.45722  
161.800    14.46102  
161.900    14.46481  
162.000    14.46859  
162.100    14.47237  
162.200    14.47615  
162.300    14.47992  
162.400    14.48369  
162.500    14.48745  
162.600    14.49121  
162.700    14.49497  
162.800    14.49872  
162.900    14.50246  
163.000    14.50620  
163.100    14.50994  
163.200    14.51367  
163.300    14.51740  
163.400    14.52113  
163.500    14.52485  
163.600    14.52856  
163.700    14.53227  
163.800    14.53598  
163.900    14.53968  
164.000    14.54338  
164.100    14.54707  
164.200    14.55076  
164.300    14.55445  
164.400    14.55813  
164.500    14.56181  
164.600    14.56548  
164.700    14.56915  
164.800    14.57281  
164.900    14.57647  
165.000    14.58013  
165.100    14.58378  
165.200    14.58743  
165.300    14.59107  
165.400    14.59471  
165.500    14.59834  
165.600    14.60197  
165.700    14.60560  
165.800    14.60922  
165.900    14.61284  
166.000    14.61645  
166.100    14.62006  
166.200    14.62367  
166.300    14.62727  
166.400    14.63086  
166.500    14.63446  
166.600    14.63804  
166.700    14.64163  
166.800    14.64521  
166.900    14.64878  
167.000    14.65236  
167.100    14.65592  
167.200    14.65949  
167.300    14.66305  
167.400    14.66660  
167.500    14.67015  
167.600    14.67370  
167.700    14.67724  
167.800    14.68078  
167.900    14.68432  
168.000    14.68785  
168.100    14.69137  
168.200    14.69490  
168.300    14.69842  
168.400    14.70193  
168.500    14.70544  
168.600    14.70895  
168.700    14.71245  
168.800    14.71595  
168.900    14.71944  
169.000    14.72293  
169.100    14.72642  
169.200    14.72990  
169.300    14.73338  
169.400    14.73685  
169.500    14.74032  
169.600    14.74379  
169.700    14.74725  
169.800    14.75071  
169.900    14.75416  
170.000    14.75761  
170.100    14.76106  
170.200    14.76450  
170.300    14.76794  
170.400    14.77137  
170.500    14.77480  
170.600    14.77823  
170.700    14.78165  
170.800    14.78507  
170.900    14.78849  
171.000    14.79190  
171.100    14.79530  
171.200    14.79871  
171.300    14.80210  
171.400    14.80550  
171.500    14.80889  
171.600    14.81228  
171.700    14.81566  
171.800    14.81904  
171.900    14.82241  
172.000    14.82579  
172.100    14.82915  
172.200    14.83252  
172.300    14.83588  
172.400    14.83923  
172.500    14.84259  
172.600    14.84593  
172.700    14.84928  
172.800    14.85262  
172.900    14.85596  
173.000    14.85929  
173.100    14.86262  
173.200    14.86594  
173.300    14.86927  
173.400    14.87258  
173.500    14.87590  
173.600    14.87921  
173.700    14.88251  
173.800    14.88582  
173.900    14.88911  
174.000    14.89241  
174.100    14.89570  
174.200    14.89899  
174.300    14.90227  
174.400    14.90555  
174.500    14.90883  
174.600    14.91210  
174.700    14.91537  
174.800    14.91863  
174.900    14.92190  
175.000    14.92515  
175.100    14.92841  
175.200    14.93166  
175.300    14.93490  
175.400    14.93815  
175.500    14.94138  
175.600    14.94462  
175.700    14.94785  
175.800    14.95108  
175.900    14.95430  
176.000    14.95752  
176.100    14.96074  
176.200    14.96395  
176.300    14.96716  
176.400    14.97037  
176.500    14.97357  
176.600    14.97677  
176.700    14.97996  
176.800    14.98315  
176.900    14.98634  
177.000    14.98952  
177.100    14.99270  
177.200    14.99588  
177.300    14.99905  
177.400    15.00222  
177.500    15.00539  
177.600    15.00855  
177.700    15.01171  
177.800    15.01486  
177.900    15.01802  
178.000    15.02116  
178.100    15.02431  
178.200    15.02745  
178.300    15.03058  
178.400    15.03372  
178.500    15.03685  
178.600    15.03997  
178.700    15.04310  
178.800    15.04622  
178.900    15.04933  
179.000    15.05244  
179.100    15.05555  
179.200    15.05866  
179.300    15.06176  
179.400    15.06485  
179.500    15.06795  
179.600    15.07104  
179.700    15.07413  
179.800    15.07721  
179.900    15.08029  
180.000    15.08337  
180.100    15.08644  
180.200    15.08951  
180.300    15.09258  
180.400    15.09564  
180.500    15.09870  
180.600    15.10176  
180.700    15.10481  
180.800    15.10786  
180.900    15.11090  
181.000    15.11394  
181.100    15.11698  
181.200    15.12002  
181.300    15.12305  
181.400    15.12608  
181.500    15.12910  
181.600    15.13212  
181.700    15.13514  
181.800    15.13816  
181.900    15.14117  
182.000    15.14417  
182.100    15.14718  
182.200    15.15018  
182.300    15.15318  
182.400    15.15617  
182.500    15.15916  
182.600    15.16215  
182.700    15.16513  
182.800    15.16811  
182.900    15.17109  
183.000    15.17407  
183.100    15.17704  
183.200    15.18000  
183.300    15.18297  
183.400    15.18593  
183.500    15.18888  
183.600    15.19184  
183.700    15.19479  
183.800    15.19774  
183.900    15.20068  
184.000    15.20362  
184.100    15.20656  
184.200    15.20949  
184.300    15.21242  
184.400    15.21535  
184.500    15.21827  
184.600    15.22119  
184.700    15.22411  
184.800    15.22702  
184.900    15.22994  
185.000    15.23284  
185.100    15.23575  
185.200    15.23865  
185.300    15.24155  
185.400    15.24444  
185.500    15.24733  
185.600    15.25022  
185.700    15.25310  
185.800    15.25598  
185.900    15.25886  
186.000    15.26174  
186.100    15.26461  
186.200    15.26748  
186.300    15.27034  
186.400    15.27320  
186.500    15.27606  
186.600    15.27892  
186.700    15.28177  
186.800    15.28462  
186.900    15.28747  
187.000    15.29031  
187.100    15.29315  
187.200    15.29598  
187.300    15.29882  
187.400    15.30165  
187.500    15.30447  
187.600    15.30730  
187.700    15.31012  
187.800    15.31293  
187.900    15.31575  
188.000    15.31856  
188.100    15.32137  
188.200    15.32417  
188.300    15.32697  
188.400    15.32977  
188.500    15.33257  
188.600    15.33536  
188.700    15.33815  
188.800    15.34093  
188.900    15.34372  
189.000    15.34650  
189.100    15.34927  
189.200    15.35205  
189.300    15.35482  
189.400    15.35758  
189.500    15.36035  
189.600    15.36311  
189.700    15.36587  
189.800    15.36862  
189.900    15.37137  
190.000    15.37412  
190.100    15.37687  
190.200    15.37961  
190.300    15.38235  
190.400    15.38509  
190.500    15.38782  
190.600    15.39055  
190.700    15.39328  
190.800    15.39600  
190.900    15.39872  
191.000    15.40144  
191.100    15.40415  
191.200    15.40687  
191.300    15.40958  
191.400    15.41228  
191.500    15.41499  
191.600    15.41769  
191.700    15.42038  
191.800    15.42308  
191.900    15.42577  
192.000    15.42845  
192.100    15.43114  
192.200    15.43382  
192.300    15.43650  
192.400    15.43918  
192.500    15.44185  
192.600    15.44452  
192.700    15.44719  
192.800    15.44985  
192.900    15.45251  
193.000    15.45517  
193.100    15.45783  
193.200    15.46048  
193.300    15.46313  
193.400    15.46577  
193.500    15.46842  
193.600    15.47106  
193.700    15.47369  
193.800    15.47633  
193.900    15.47896  
194.000    15.48159  
194.100    15.48422  
194.200    15.48684  
194.300    15.48946  
194.400    15.49208  
194.500    15.49469  
194.600    15.49730  
194.700    15.49991  
194.800    15.50252  
194.900    15.50512  
195.000    15.50772  
195.100    15.51032  
195.200    15.51291  
195.300    15.51550  
195.400    15.51809  
195.500    15.52067  
195.600    15.52326  
195.700    15.52584  
195.800    15.52841  
195.900    15.53099  
196.000    15.53356  
196.100    15.53613  
196.200    15.53869  
196.300    15.54126  
196.400    15.54382  
196.500    15.54637  
196.600    15.54893  
196.700    15.55148  
196.800    15.55403  
196.900    15.55657  
197.000    15.55912  
197.100    15.56166  
197.200    15.56419  
197.300    15.56673  
197.400    15.56926  
197.500    15.57179  
197.600    15.57431  
197.700    15.57684  
197.800    15.57936  
197.900    15.58188  
198.000    15.58439  
198.100    15.58690  
198.200    15.58941  
198.300    15.59192  
198.400    15.59442  
198.500    15.59692  
198.600    15.59942  
198.700    15.60192  
198.800    15.60441  
198.900    15.60690  
199.000    15.60939  
199.100    15.61187  
199.200    15.61436  
199.300    15.61684  
199.400    15.61931  
199.500    15.62179  
199.600    15.62426  
199.700    15.62673  
199.800    15.62919  
199.900    15.63165  
200.000    15.63411  
200.100    15.63657  
200.200    15.63903  
200.300    15.64148  
200.400    15.64393  
200.500    15.64637  
200.600    15.64882  
200.700    15.65126  
200.800    15.65370  
200.900    15.65614  
201.000    15.65857  
201.100    15.66100  
201.200    15.66343  
201.300    15.66585  
201.400    15.66828  
201.500    15.67070  
201.600    15.67311  
201.700    15.67553  
201.800    15.67794  
201.900    15.68035  
202.000    15.68276  
202.100    15.68516  
202.200    15.68756  
202.300    15.68996  
202.400    15.69236  
202.500    15.69475  
202.600    15.69714  
202.700    15.69953  
202.800    15.70192  
202.900    15.70430  
203.000    15.70668  
203.100    15.70906  
203.200    15.71144  
203.300    15.71381  
203.400    15.71618  
203.500    15.71855  
203.600    15.72091  
203.700    15.72327  
203.800    15.72563  
203.900    15.72799  
204.000    15.73035  
204.100    15.73270  
204.200    15.73505  
204.300    15.73740  
204.400    15.73974  
204.500    15.74208  
204.600    15.74442  
204.700    15.74676  
204.800    15.74909  
204.900    15.75143  
205.000    15.75376  
205.100    15.75608  
205.200    15.75841  
205.300    15.76073  
205.400    15.76305  
205.500    15.76537  
205.600    15.76768  
205.700    15.76999  
205.800    15.77230  
205.900    15.77461  
206.000    15.77691  
206.100    15.77921  
206.200    15.78151  
206.300    15.78381  
206.400    15.78610  
206.500    15.78840  
206.600    15.79068  
206.700    15.79297  
206.800    15.79526  
206.900    15.79754  
207.000    15.79982  
207.100    15.80209  
207.200    15.80437  
207.300    15.80664  
207.400    15.80891  
207.500    15.81118  
207.600    15.81344  
207.700    15.81570  
207.800    15.81796  
207.900    15.82022  
208.000    15.82248  
208.100    15.82473  
208.200    15.82698  
208.300    15.82923  
208.400    15.83147  
208.500    15.83371  
208.600    15.83595  
208.700    15.83819  
208.800    15.84043  
208.900    15.84266  
209.000    15.84489  
209.100    15.84712  
209.200    15.84934  
209.300    15.85157  
209.400    15.85379  
209.500    15.85601  
209.600    15.85822  
209.700    15.86044  
209.800    15.86265  
209.900    15.86486  
210.000    15.86706  
210.100    15.86927  
210.200    15.87147  
210.300    15.87367  
210.400    15.87587  
210.500    15.87806  
210.600    15.88026  
210.700    15.88245  
210.800    15.88463  
210.900    15.88682  
211.000    15.88900  
211.100    15.89118  
211.200    15.89336  
211.300    15.89554  
211.400    15.89771  
211.500    15.89988  
211.600    15.90205  
211.700    15.90422  
211.800    15.90638  
211.900    15.90854  
212.000    15.91070  
212.100    15.91286  
212.200    15.91502  
212.300    15.91717  
212.400    15.91932  
212.500    15.92147  
212.600    15.92361  
212.700    15.92576  
212.800    15.92790  
212.900    15.93004  
213.000    15.93218  
213.100    15.93431  
213.200    15.93644  
213.300    15.93857  
213.400    15.94070  
213.500    15.94282  
213.600    15.94495  
213.700    15.94707  
213.800    15.94919  
213.900    15.95130  
214.000    15.95342  
214.100    15.95553  
214.200    15.95764  
214.300    15.95975  
214.400    15.96185  
214.500    15.96395  
214.600    15.96605  
214.700    15.96815  
214.800    15.97025  
214.900    15.97234  
215.000    15.97443  
215.100    15.97652  
215.200    15.97861  
215.300    15.98070  
215.400    15.98278  
215.500    15.98486  
215.600    15.98694  
215.700    15.98901  
215.800    15.99109  
215.900    15.99316  
216.000    15.99523  
216.100    15.99729  
216.200    15.99936  
216.300    16.00142  
216.400    16.00348  
216.500    16.00554  
216.600    16.00760  
216.700    16.00965  
216.800    16.01170  
216.900    16.01375  
217.000    16.01580  
217.100    16.01785  
217.200    16.01989  
217.300    16.02193  
217.400    16.02397  
217.500    16.02601  
217.600    16.02804  
217.700    16.03007  
217.800    16.03210  
217.900    16.03413  
218.000    16.03616  
218.100    16.03818  
218.200    16.04020  
218.300    16.04222  
218.400    16.04424  
218.500    16.04625  
218.600    16.04827  
218.700    16.05028  
218.800    16.05229  
218.900    16.05429  
219.000    16.05630  
219.100    16.05830  
219.200    16.06030  
219.300    16.06230  
219.400    16.06430  
219.500    16.06629  
219.600    16.06828  
219.700    16.07027  
219.800    16.07226  
219.900    16.07424  
220.000    16.07623  
220.100    16.07821  
220.200    16.08019  
220.300    16.08217  
220.400    16.08414  
220.500    16.08611  
220.600    16.08809  
220.700    16.09005  
220.800    16.09202  
220.900    16.09399  
221.000    16.09595  
221.100    16.09791  
221.200    16.09987  
221.300    16.10182  
221.400    16.10378  
221.500    16.10573  
221.600    16.10768  
221.700    16.10963  
221.800    16.11158  
221.900    16.11352  
222.000    16.11546  
222.100    16.11740  
222.200    16.11934  
222.300    16.12128  
222.400    16.12321  
222.500    16.12514  
222.600    16.12707  
222.700    16.12900  
222.800    16.13093  
222.900    16.13285  
223.000    16.13477  
223.100    16.13669  
223.200    16.13861  
223.300    16.14053  
223.400    16.14244  
223.500    16.14435  
223.600    16.14626  
223.700    16.14817  
223.800    16.15008  
223.900    16.15198  
224.000    16.15388  
224.100    16.15578  
224.200    16.15768  
224.300    16.15958  
224.400    16.16147  
224.500    16.16336  
224.600    16.16525  
224.700    16.16714  
224.800    16.16903  
224.900    16.17091  
225.000    16.17279  
225.100    16.17467  
225.200    16.17655  
225.300    16.17843  
225.400    16.18030  
225.500    16.18217  
225.600    16.18404  
225.700    16.18591  
225.800    16.18778  
225.900    16.18964  
226.000    16.19151  
226.100    16.19337  
226.200    16.19522  
226.300    16.19708  
226.400    16.19894  
226.500    16.20079  
226.600    16.20264  
226.700    16.20449  
226.800    16.20634  
226.900    16.20818  
227.000    16.21002  
227.100    16.21187  
227.200    16.21371  
227.300    16.21554  
227.400    16.21738  
227.500    16.21921  
227.600    16.22104  
227.700    16.22287  
227.800    16.22470  
227.900    16.22653  
228.000    16.22835  
228.100    16.23017  
228.200    16.23200  
228.300    16.23381  
228.400    16.23563  
228.500    16.23745  
228.600    16.23926  
228.700    16.24107  
228.800    16.24288  
228.900    16.24469  
229.000    16.24649  
229.100    16.24829  
229.200    16.25010  
229.300    16.25190  
229.400    16.25369  
229.500    16.25549  
229.600    16.25728  
229.700    16.25908  
229.800    16.26087  
229.900    16.26266  
230.000    16.26444  
230.100    16.26623  
230.200    16.26801  
230.300    16.26979  
230.400    16.27157  
230.500    16.27335  
230.600    16.27513  
230.700    16.27690  
230.800    16.27867  
230.900    16.28044  
231.000    16.28221  
231.100    16.28398  
231.200    16.28574  
231.300    16.28750  
231.400    16.28927  
231.500    16.29103  
231.600    16.29278  
231.700    16.29454  
231.800    16.29629  
231.900    16.29805  
232.000    16.29980  
232.100    16.30154  
232.200    16.30329  
232.300    16.30504  
232.400    16.30678  
232.500    16.30852  
232.600    16.31026  
232.700    16.31200  
232.800    16.31373  
232.900    16.31547  
233.000    16.31720  
233.100    16.31893  
233.200    16.32066  
233.300    16.32239  
233.400    16.32411  
233.500    16.32584  
233.600    16.32756  
233.700    16.32928  
233.800    16.33100  
233.900    16.33271  
234.000    16.33443  
234.100    16.33614  
234.200    16.33785  
234.300    16.33956  
234.400    16.34127  
234.500    16.34298  
234.600    16.34468  
234.700    16.34638  
234.800    16.34808  
234.900    16.34978  
235.000    16.35148  
235.100    16.35318  
235.200    16.35487  
235.300    16.35656  
235.400    16.35825  
235.500    16.35994  
235.600    16.36163  
235.700    16.36331  
235.800    16.36500  
235.900    16.36668  
236.000    16.36836  
236.100    16.37004  
236.200    16.37171  
236.300    16.37339  
236.400    16.37506  
236.500    16.37673  
236.600    16.37840  
236.700    16.38007  
236.800    16.38174  
236.900    16.38340  
237.000    16.38507  
237.100    16.38673  
237.200    16.38839  
237.300    16.39004  
237.400    16.39170  
237.500    16.39336  
237.600    16.39501  
237.700    16.39666  
237.800    16.39831  
237.900    16.39996  
238.000    16.40160  
238.100    16.40325  
238.200    16.40489  
238.300    16.40653  
238.400    16.40817  
238.500    16.40981  
238.600    16.41145  
238.700    16.41308  
238.800    16.41471  
238.900    16.41635  
239.000    16.41798  
239.100    16.41960  
239.200    16.42123  
239.300    16.42285  
239.400    16.42448  
239.500    16.42610  
239.600    16.42772  
239.700    16.42934  
239.800    16.43095  
239.900    16.43257  
240.000    16.43418  
240.100    16.43579  
240.200    16.43740  
240.300    16.43901  
240.400    16.44062  
240.500    16.44222  
240.600    16.44383  
240.700    16.44543  
240.800    16.44703  
240.900    16.44863  
241.000    16.45022  
241.100    16.45182  
241.200    16.45341  
241.300    16.45501  
241.400    16.45660  
241.500    16.45818  
241.600    16.45977  
241.700    16.46136  
241.800    16.46294  
241.900    16.46452  
242.000    16.46611  
242.100    16.46769  
242.200    16.46926  
242.300    16.47084  
242.400    16.47241  
242.500    16.47399  
242.600    16.47556  
242.700    16.47713  
242.800    16.47870  
242.900    16.48026  
243.000    16.48183  
243.100    16.48339  
243.200    16.48495  
243.300    16.48651  
243.400    16.48807  
243.500    16.48963  
243.600    16.49119  
243.700    16.49274  
243.800    16.49429  
243.900    16.49584  
244.000    16.49739  
244.100    16.49894  
244.200    16.50049  
244.300    16.50203  
244.400    16.50358  
244.500    16.50512  
244.600    16.50666  
244.700    16.50820  
244.800    16.50974  
244.900    16.51127  
245.000    16.51280  
245.100    16.51434  
245.200    16.51587  
245.300    16.51740  
245.400    16.51893  
245.500    16.52045  
245.600    16.52198  
245.700    16.52350  
245.800    16.52502  
245.900    16.52654  
246.000    16.52806  
246.100    16.52958  
246.200    16.53110  
246.300    16.53261  
246.400    16.53412  
246.500    16.53563  
246.600    16.53714  
246.700    16.53865  
246.800    16.54016  
246.900    16.54166  
247.000    16.54317  
247.100    16.54467  
247.200    16.54617  
247.300    16.54767  
247.400    16.54917  
247.500    16.55066  
247.600    16.55216  
247.700    16.55365  
247.800    16.55514  
247.900    16.55664  
248.000    16.55812  
248.100    16.55961  
248.200    16.56110  
248.300    16.56258  
248.400    16.56407  
248.500    16.56555  
248.600    16.56703  
248.700    16.56851  
248.800    16.56998  
248.900    16.57146  
249.000    16.57293  
249.100    16.57441  
249.200    16.57588  
249.300    16.57735  
249.400    16.57881  
249.500    16.58028  
249.600    16.58175  
249.700    16.58321  
249.800    16.58467  
249.900    16.58614  
250.000    16.58759  
250.100    16.58905  
250.200    16.59051  
250.300    16.59197  
250.400    16.59342  
250.500    16.59487  
250.600    16.59632  
250.700    16.59777  
250.800    16.59922  
250.900    16.60067  
251.000    16.60211  
251.100    16.60356  
251.200    16.60500  
251.300    16.60644  
251.400    16.60788  
251.500    16.60932  
251.600    16.61076  
251.700    16.61219  
251.800    16.61363  
251.900    16.61506  
252.000    16.61649  
252.100    16.61792  
252.200    16.61935  
252.300    16.62077  
252.400    16.62220  
252.500    16.62362  
252.600    16.62505  
252.700    16.62647  
252.800    16.62789  
252.900    16.62931  
253.000    16.63072  
253.100    16.63214  
253.200    16.63355  
253.300    16.63497  
253.400    16.63638  
253.500    16.63779  
253.600    16.63920  
253.700    16.64061  
253.800    16.64201  
253.900    16.64342  
254.000    16.64482  
254.100    16.64622  
254.200    16.64762  
254.300    16.64902  
254.400    16.65042  
254.500    16.65182  
254.600    16.65321  
254.700    16.65460  
254.800    16.65600  
254.900    16.65739  
255.000    16.65878  
255.100    16.66017  
255.200    16.66155  
255.300    16.66294  
255.400    16.66432  
255.500    16.66571  
255.600    16.66709  
255.700    16.66847  
255.800    16.66985  
255.900    16.67122  
256.000    16.67260  
256.100    16.67398  
256.200    16.67535  
256.300    16.67672  
256.400    16.67809  
256.500    16.67946  
256.600    16.68083  
256.700    16.68220  
256.800    16.68356  
256.900    16.68493  
257.000    16.68629  
257.100    16.68765  
257.200    16.68901  
257.300    16.69037  
257.400    16.69173  
257.500    16.69308  
257.600    16.69444  
257.700    16.69579  
257.800    16.69714  
257.900    16.69849  
258.000    16.69984  
258.100    16.70119  
258.200    16.70254  
258.300    16.70388  
258.400    16.70523  
258.500    16.70657  
258.600    16.70791  
258.700    16.70925  
258.800    16.71059  
258.900    16.71193  
259.000    16.71327  
259.100    16.71460  
259.200    16.71594  
259.300    16.71727  
259.400    16.71860  
259.500    16.71993  
259.600    16.72126  
259.700    16.72259  
259.800    16.72391  
259.900    16.72524  
260.000    16.72656  
260.100    16.72789  
260.200    16.72921  
260.300    16.73053  
260.400    16.73185  
260.500    16.73316  
260.600    16.73448  
260.700    16.73579  
260.800    16.73711  
260.900    16.73842  
261.000    16.73973  
261.100    16.74104  
261.200    16.74235  
261.300    16.74366  
261.400    16.74496  
261.500    16.74627  
261.600    16.74757  
261.700    16.74887  
261.800    16.75017  
261.900    16.75147  
262.000    16.75277  
262.100    16.75407  
262.200    16.75536  
262.300    16.75666  
262.400    16.75795  
262.500    16.75924  
262.600    16.76053  
262.700    16.76182  
262.800    16.76311  
262.900    16.76440  
263.000    16.76569  
263.100    16.76697  
263.200    16.76825  
263.300    16.76954  
263.400    16.77082  
263.500    16.77210  
263.600    16.77338  
263.700    16.77465  
263.800    16.77593  
263.900    16.77720  
264.000    16.77848  
264.100    16.77975  
264.200    16.78102  
264.300    16.78229  
264.400    16.78356  
264.500    16.78483  
264.600    16.78609  
264.700    16.78736  
264.800    16.78862  
264.900    16.78989  
265.000    16.79115  
265.100    16.79241  
265.200    16.79367  
265.300    16.79492  
265.400    16.79618  
265.500    16.79744  
265.600    16.79869  
265.700    16.79994  
265.800    16.80120  
265.900    16.80245  
266.000    16.80370  
266.100    16.80494  
266.200    16.80619  
266.300    16.80744  
266.400    16.80868  
266.500    16.80993  
266.600    16.81117  
266.700    16.81241  
266.800    16.81365  
266.900    16.81489  
267.000    16.81613  
267.100    16.81736  
267.200    16.81860  
267.300    16.81983  
267.400    16.82106  
267.500    16.82230  
267.600    16.82353  
267.700    16.82476  
267.800    16.82598  
267.900    16.82721  
268.000    16.82844  
268.100    16.82966  
268.200    16.83089  
268.300    16.83211  
268.400    16.83333  
268.500    16.83455  
268.600    16.83577  
268.700    16.83699  
268.800    16.83820  
268.900    16.83942  
269.000    16.84063  
269.100    16.84185  
269.200    16.84306  
269.300    16.84427  
269.400    16.84548  
269.500    16.84669  
269.600    16.84789  
269.700    16.84910  
269.800    16.85031  
269.900    16.85151  
270.000    16.85271  
270.100    16.85391  
270.200    16.85511  
270.300    16.85631  
270.400    16.85751  
270.500    16.85871  
270.600    16.85991  
270.700    16.86110  
270.800    16.86229  
270.900    16.86349  
271.000    16.86468  
271.100    16.86587  
271.200    16.86706  
271.300    16.86825  
271.400    16.86943  
271.500    16.87062  
271.600    16.87180  
271.700    16.87299  
271.800    16.87417  
271.900    16.87535  
272.000    16.87653  
272.100    16.87771  
272.200    16.87889  
272.300    16.88007  
272.400    16.88124  
272.500    16.88242  
272.600    16.88359  
272.700    16.88476  
272.800    16.88593  
272.900    16.88710  
273.000    16.88827  
273.100    16.88944  
273.200    16.89061  
273.300    16.89177  
273.400    16.89294  
273.500    16.89410  
273.600    16.89527  
273.700    16.89643  
273.800    16.89759  
273.900    16.89875  
274.000    16.89990  
274.100    16.90106  
274.200    16.90222  
274.300    16.90337  
274.400    16.90453  
274.500    16.90568  
274.600    16.90683  
274.700    16.90798  
274.800    16.90913  
274.900    16.91028  
275.000    16.91143  
275.100    16.91257  
275.200    16.91372  
275.300    16.91486  
275.400    16.91601  
275.500    16.91715  
275.600    16.91829  
275.700    16.91943  
275.800    16.92057  
275.900    16.92171  
276.000    16.92284  
276.100    16.92398  
276.200    16.92511  
276.300    16.92625  
276.400    16.92738  
276.500    16.92851  
276.600    16.92964  
276.700    16.93077  
276.800    16.93190  
276.900    16.93303  
277.000    16.93415  
277.100    16.93528  
277.200    16.93640  
277.300    16.93752  
277.400    16.93865  
277.500    16.93977  
277.600    16.94089  
277.700    16.94201  
277.800    16.94312  
277.900    16.94424  
278.000    16.94536  
278.100    16.94647  
278.200    16.94758  
278.300    16.94870  
278.400    16.94981  
278.500    16.95092  
278.600    16.95203  
278.700    16.95314  
278.800    16.95424  
278.900    16.95535  
279.000    16.95646  
279.100    16.95756  
279.200    16.95866  
279.300    16.95977  
279.400    16.96087  
279.500    16.96197  
279.600    16.96307  
279.700    16.96417  
279.800    16.96526  
279.900    16.96636  
280.000    16.96745  
280.100    16.96855  
280.200    16.96964  
280.300    16.97073  
280.400    16.97182  
280.500    16.97291  
280.600    16.97400  
280.700    16.97509  
280.800    16.97618  
280.900    16.97726  
281.000    16.97835  
281.100    16.97943  
281.200    16.98052  
281.300    16.98160  
281.400    16.98268  
281.500    16.98376  
281.600    16.98484  
281.700    16.98592  
281.800    16.98699  
281.900    16.98807  
282.000    16.98914  
282.100    16.99022  
282.200    16.99129  
282.300    16.99236  
282.400    16.99343  
282.500    16.99451  
282.600    16.99557  
282.700    16.99664  
282.800    16.99771  
282.900    16.99878  
283.000    16.99984  
283.100    17.00090  
283.200    17.00197  
283.300    17.00303  
283.400    17.00409  
283.500    17.00515  
283.600    17.00621  
283.700    17.00727  
283.800    17.00833  
283.900    17.00938  
284.000    17.01044  
284.100    17.01149  
284.200    17.01255  
284.300    17.01360  
284.400    17.01465  
284.500    17.01570  
284.600    17.01675  
284.700    17.01780  
284.800    17.01885  
284.900    17.01989  
285.000    17.02094  
285.100    17.02198  
285.200    17.02303  
285.300    17.02407  
285.400    17.02511  
285.500    17.02615  
285.600    17.02719  
285.700    17.02823  
285.800    17.02927  
285.900    17.03031  
286.000    17.03134  
286.100    17.03238  
286.200    17.03341  
286.300    17.03444  
286.400    17.03548  
286.500    17.03651  
286.600    17.03754  
286.700    17.03857  
286.800    17.03960  
286.900    17.04062  
287.000    17.04165  
287.100    17.04268  
287.200    17.04370  
287.300    17.04472  
287.400    17.04575  
287.500    17.04677  
287.600    17.04779  
287.700    17.04881  
287.800    17.04983  
287.900    17.05085  
288.000    17.05187  
288.100    17.05288  
288.200    17.05390  
288.300    17.05491  
288.400    17.05593  
288.500    17.05694  
288.600    17.05795  
288.700    17.05896  
288.800    17.05997  
288.900    17.06098  
289.000    17.06199  
289.100    17.06299  
289.200    17.06400  
289.300    17.06501  
289.400    17.06601  
289.500    17.06701  
289.600    17.06802  
289.700    17.06902  
289.800    17.07002  
289.900    17.07102  
290.000    17.07202  
290.100    17.07301  
290.200    17.07401  
290.300    17.07501  
290.400    17.07600  
290.500    17.07700  
290.600    17.07799  
290.700    17.07898  
290.800    17.07998  
290.900    17.08097  
291.000    17.08196  
291.100    17.08294  
291.200    17.08393  
291.300    17.08492  
291.400    17.08591  
291.500    17.08689  
291.600    17.08788  
291.700    17.08886  
291.800    17.08984  
291.900    17.09082  
292.000    17.09181  
292.100    17.09279  
292.200    17.09376  
292.300    17.09474  
292.400    17.09572  
292.500    17.09670  
292.600    17.09767  
292.700    17.09865  
292.800    17.09962  
292.900    17.10059  
293.000    17.10157  
293.100    17.10254  
293.200    17.10351  
293.300    17.10448  
293.400    17.10544  
293.500    17.10641  
293.600    17.10738  
293.700    17.10834  
293.800    17.10931  
293.900    17.11027  
294.000    17.11124  
294.100    17.11220  
294.200    17.11316  
294.300    17.11412  
294.400    17.11508  
294.500    17.11604  
294.600    17.11700  
294.700    17.11796  
294.800    17.11891  
294.900    17.11987  
295.000    17.12082  
295.100    17.12178  
295.200    17.12273  
295.300    17.12368  
295.400    17.12463  
295.500    17.12558  
295.600    17.12653  
295.700    17.12748  
295.800    17.12843  
295.900    17.12937  
296.000    17.13032  
296.100    17.13127  
296.200    17.13221  
296.300    17.13315  
296.400    17.13410  
296.500    17.13504  
296.600    17.13598  
296.700    17.13692  
296.800    17.13786  
296.900    17.13880  
297.000    17.13973  
297.100    17.14067  
297.200    17.14161  
297.300    17.14254  
297.400    17.14348  
297.500    17.14441  
297.600    17.14534  
297.700    17.14627  
297.800    17.14720  
297.900    17.14813  
298.000    17.14906  
298.100    17.14999  
298.200    17.15092  
298.300    17.15185  
298.400    17.15277  
298.500    17.15370  
298.600    17.15462  
298.700    17.15554  
298.800    17.15647  
298.900    17.15739  
299.000    17.15831  
299.100    17.15923  
299.200    17.16015  
299.300    17.16107  
299.400    17.16198  
299.500    17.16290  
299.600    17.16382  
299.700    17.16473  
299.800    17.16564  
299.900    17.16656  
300.000    17.16747  
300.100    17.16838  
300.200    17.16929  
300.300    17.17020  
300.400    17.17111  
300.500    17.17202  
300.600    17.17293  
300.700    17.17384  
300.800    17.17474  
300.900    17.17565  
301.000    17.17655  
301.100    17.17746  
301.200    17.17836  
301.300    17.17926  
301.400    17.18016  
301.500    17.18106  
301.600    17.18196  
301.700    17.18286  
301.800    17.18376  
301.900    17.18466  
302.000    17.18555  
302.100    17.18645  
302.200    17.18734  
302.300    17.18824  
302.400    17.18913  
302.500    17.19002  
302.600    17.19091  
302.700    17.19181  
302.800    17.19270  
302.900    17.19358  
303.000    17.19447  
303.100    17.19536  
303.200    17.19625  
303.300    17.19713  
303.400    17.19802  
303.500    17.19890  
303.600    17.19979  
303.700    17.20067  
303.800    17.20155  
303.900    17.20243  
304.000    17.20331  
304.100    17.20419  
304.200    17.20507  
304.300    17.20595  
304.400    17.20683  
304.500    17.20771  
304.600    17.20858  
304.700    17.20946  
304.800    17.21033  
304.900    17.21121  
305.000    17.21208  
305.100    17.21295  
305.200    17.21382  
305.300    17.21469  
305.400    17.21556  
305.500    17.21643  
305.600    17.21730  
305.700    17.21817  
305.800    17.21903  
305.900    17.21990  
306.000    17.22076  
306.100    17.22163  
306.200    17.22249  
306.300    17.22335  
306.400    17.22422  
306.500    17.22508  
306.600    17.22594  
306.700    17.22680  
306.800    17.22766  
306.900    17.22851  
307.000    17.22937  
307.100    17.23023  
307.200    17.23108  
307.300    17.23194  
307.400    17.23279  
307.500    17.23365  
307.600    17.23450  
307.700    17.23535  
307.800    17.23620  
307.900    17.23706  
308.000    17.23791  
308.100    17.23875  
308.200    17.23960  
308.300    17.24045  
308.400    17.24130  
308.500    17.24214  
308.600    17.24299  
308.700    17.24383  
308.800    17.24468  
308.900    17.24552  
309.000    17.24636  
309.100    17.24720  
309.200    17.24805  
309.300    17.24889  
309.400    17.24972  
309.500    17.25056  
309.600    17.25140  
309.700    17.25224  
309.800    17.25308  
309.900    17.25391  
310.000    17.25475  
310.100    17.25558  
310.200    17.25641  
310.300    17.25725  
310.400    17.25808  
310.500    17.25891  
310.600    17.25974  
310.700    17.26057  
310.800    17.26140  
310.900    17.26223  
311.000    17.26306  
311.100    17.26388  
311.200    17.26471  
311.300    17.26553  
311.400    17.26636  
311.500    17.26718  
311.600    17.26801  
311.700    17.26883  
311.800    17.26965  
311.900    17.27047  
312.000    17.27129  
312.100    17.27211  
312.200    17.27293  
312.300    17.27375  
312.400    17.27457  
312.500    17.27538  
312.600    17.27620  
312.700    17.27702  
312.800    17.27783  
312.900    17.27864  
313.000    17.27946  
313.100    17.28027  
313.200    17.28108  
313.300    17.28189  
313.400    17.28270  
313.500    17.28351  
313.600    17.28432  
313.700    17.28513  
313.800    17.28594  
313.900    17.28674  
314.000    17.28755  
314.100    17.28836  
314.200    17.28916  
314.300    17.28996  
314.400    17.29077  
314.500    17.29157  
314.600    17.29237  
314.700    17.29317  
314.800    17.29397  
314.900    17.29477  
315.000    17.29557  
315.100    17.29637  
315.200    17.29717  
315.300    17.29797  
315.400    17.29876  
315.500    17.29956  
315.600    17.30035  
315.700    17.30115  
315.800    17.30194  
315.900    17.30273  
316.000    17.30353  
316.100    17.30432  
316.200    17.30511  
316.300    17.30590  
316.400    17.30669  
316.500    17.30748  
316.600    17.30826  
316.700    17.30905  
316.800    17.30984  
316.900    17.31062  
317.000    17.31141  
317.100    17.31219  
317.200    17.31298  
317.300    17.31376  
317.400    17.31454  
317.500    17.31533  
317.600    17.31611  
317.700    17.31689  
317.800    17.31767  
317.900    17.31845  
318.000    17.31922  
318.100    17.32000  
318.200    17.32078  
318.300    17.32156  
318.400    17.32233  
318.500    17.32311  
318.600    17.32388  
318.700    17.32465  
318.800    17.32543  
318.900    17.32620  
319.000    17.32697  
319.100    17.32774  
319.200    17.32851  
319.300    17.32928  
319.400    17.33005  
319.500    17.33082  
319.600    17.33159  
319.700    17.33235  
319.800    17.33312  
319.900    17.33389  
320.000    17.33465  
320.100    17.33542  
320.200    17.33618  
320.300    17.33694  
320.400    17.33770  
320.500    17.33847  
320.600    17.33923  
320.700    17.33999  
320.800    17.34075  
320.900    17.34151  
321.000    17.34226  
321.100    17.34302  
321.200    17.34378  
321.300    17.34453  
321.400    17.34529  
321.500    17.34605  
321.600    17.34680  
321.700    17.34755  
321.800    17.34831  
321.900    17.34906  
322.000    17.34981  
322.100    17.35056  
322.200    17.35131  
322.300    17.35206  
322.400    17.35281  
322.500    17.35356  
322.600    17.35431  
322.700    17.35506  
322.800    17.35580  
322.900    17.35655  
323.000    17.35729  
323.100    17.35804  
323.200    17.35878  
323.300    17.35952  
323.400    17.36027  
323.500    17.36101  
323.600    17.36175  
323.700    17.36249  
323.800    17.36323  
323.900    17.36397  
324.000    17.36471  
324.100    17.36545  
324.200    17.36619  
324.300    17.36692  
324.400    17.36766  
324.500    17.36839  
324.600    17.36913  
324.700    17.36986  
324.800    17.37060  
324.900    17.37133  
325.000    17.37206  
325.100    17.37279  
325.200    17.37353  
325.300    17.37426  
325.400    17.37499  
325.500    17.37572  
325.600    17.37644  
325.700    17.37717  
325.800    17.37790  
325.900    17.37863  
326.000    17.37935  
326.100    17.38008  
326.200    17.38080  
326.300    17.38153  
326.400    17.38225  
326.500    17.38297  
326.600    17.38370  
326.700    17.38442  
326.800    17.38514  
326.900    17.38586  
327.000    17.38658  
327.100    17.38730  
327.200    17.38802  
327.300    17.38874  
327.400    17.38945  
327.500    17.39017  
327.600    17.39089  
327.700    17.39160  
327.800    17.39232  
327.900    17.39303  
328.000    17.39375  
328.100    17.39446  
328.200    17.39517  
328.300    17.39588  
328.400    17.39659  
328.500    17.39731  
328.600    17.39802  
328.700    17.39872  
328.800    17.39943  
328.900    17.40014  
329.000    17.40085  
329.100    17.40156  
329.200    17.40226  
329.300    17.40297  
329.400    17.40367  
329.500    17.40438  
329.600    17.40508  
329.700    17.40579  
329.800    17.40649  
329.900    17.40719  
330.000    17.40789  
330.100    17.40859  
330.200    17.40929  
330.300    17.40999  
330.400    17.41069  
330.500    17.41139  
330.600    17.41209  
330.700    17.41279  
330.800    17.41348  
330.900    17.41418  
331.000    17.41487  
331.100    17.41557  
331.200    17.41626  
331.300    17.41696  
331.400    17.41765  
331.500    17.41834  
331.600    17.41903  
331.700    17.41973  
331.800    17.42042  
331.900    17.42111  
332.000    17.42180  
332.100    17.42249  
332.200    17.42317  
332.300    17.42386  
332.400    17.42455  
332.500    17.42524  
332.600    17.42592  
332.700    17.42661  
332.800    17.42729  
332.900    17.42798  
333.000    17.42866  
333.100    17.42934  
333.200    17.43003  
333.300    17.43071  
333.400    17.43139  
333.500    17.43207  
333.600    17.43275  
333.700    17.43343  
333.800    17.43411  
333.900    17.43479  
334.000    17.43546  
334.100    17.43614  
334.200    17.43682  
334.300    17.43749  
334.400    17.43817  
334.500    17.43885  
334.600    17.43952  
334.700    17.44019  
334.800    17.44087  
334.900    17.44154  
335.000    17.44221  
335.100    17.44288  
335.200    17.44355  
335.300    17.44422  
335.400    17.44489  
335.500    17.44556  
335.600    17.44623  
335.700    17.44690  
335.800    17.44757  
335.900    17.44823  
336.000    17.44890  
336.100    17.44957  
336.200    17.45023  
336.300    17.45090  
336.400    17.45156  
336.500    17.45222  
336.600    17.45289  
336.700    17.45355  
336.800    17.45421  
336.900    17.45487  
337.000    17.45553  
337.100    17.45619  
337.200    17.45685  
337.300    17.45751  
337.400    17.45817  
337.500    17.45883  
337.600    17.45948  
337.700    17.46014  
337.800    17.46080  
337.900    17.46145  
338.000    17.46211  
338.100    17.46276  
338.200    17.46342  
338.300    17.46407  
338.400    17.46472  
338.500    17.46537  
338.600    17.46603  
338.700    17.46668  
338.800    17.46733  
338.900    17.46798  
339.000    17.46863  
339.100    17.46928  
339.200    17.46992  
339.300    17.47057  
339.400    17.47122  
339.500    17.47186  
339.600    17.47251  
339.700    17.47316  
339.800    17.47380  
339.900    17.47445  
340.000    17.47509  
340.100    17.47573  
340.200    17.47638  
340.300    17.47702  
340.400    17.47766  
340.500    17.47830  
340.600    17.47894  
340.700    17.47958  
340.800    17.48022  
340.900    17.48086  
341.000    17.48150  
341.100    17.48214  
341.200    17.48277  
341.300    17.48341  
341.400    17.48405  
341.500    17.48468  
341.600    17.48532  
341.700    17.48595  
341.800    17.48659  
341.900    17.48722  
342.000    17.48785  
342.100    17.48849  
342.200    17.48912  
342.300    17.48975  
342.400    17.49038  
342.500    17.49101  
342.600    17.49164  
342.700    17.49227  
342.800    17.49290  
342.900    17.49353  
343.000    17.49415  
343.100    17.49478  
343.200    17.49541  
343.300    17.49603  
343.400    17.49666  
343.500    17.49728  
343.600    17.49791  
343.700    17.49853  
343.800    17.49916  
343.900    17.49978  
344.000    17.50040  
344.100    17.50102  
344.200    17.50164  
344.300    17.50226  
344.400    17.50288  
344.500    17.50350  
344.600    17.50412  
344.700    17.50474  
344.800    17.50536  
344.900    17.50598  
345.000    17.50659  
345.100    17.50721  
345.200    17.50783  
345.300    17.50844  
345.400    17.50906  
345.500    17.50967  
345.600    17.51028  
345.700    17.51090  
345.800    17.51151  
345.900    17.51212  
346.000    17.51273  
346.100    17.51335  
346.200    17.51396  
346.300    17.51457  
346.400    17.51518  
346.500    17.51579  
346.600    17.51639  
346.700    17.51700  
346.800    17.51761  
346.900    17.51822  
347.000    17.51882  
347.100    17.51943  
347.200    17.52004  
347.300    17.52064  
347.400    17.52124  
347.500    17.52185  
347.600    17.52245  
347.700    17.52306  
347.800    17.52366  
347.900    17.52426  
348.000    17.52486  
348.100    17.52546  
348.200    17.52606  
348.300    17.52666  
348.400    17.52726  
348.500    17.52786  
348.600    17.52846  
348.700    17.52906  
348.800    17.52965  
348.900    17.53025  
349.000    17.53085  
349.100    17.53144  
349.200    17.53204  
349.300    17.53263  
349.400    17.53323  
349.500    17.53382  
349.600    17.53441  
349.700    17.53501  
349.800    17.53560  
349.900    17.53619  
350.000    17.53678  