 0.000     0.00000  
  0.100     0.00000  
  0.200     0.00000  
  0.300     0.00000  
  0.400     0.00000  
  0.500     0.00000  
  0.600     0.00000  
  0.700     0.00000  
  0.800     0.00000  
  0.900     0.00000  
  1.000     0.00000  
  1.100     0.00000  
  1.200     0.00000  
  1.300     0.00000  
  1.400     0.00000  
  1.500     0.00000  
  1.600     0.00000  
  1.700     0.00000  
  1.800     0.00000  
  1.900     0.00000  
  2.000     0.00000  
  2.100     0.00000  
  2.200     0.00000  
  2.300     0.00000  
  2.400     0.00000  
  2.500     0.00000  
  2.600     0.00000  
  2.700     0.00000  
  2.800     0.00000  
  2.900     0.00000  
  3.000     0.00000  
  3.100     0.00000  
  3.200     0.00000  
  3.300     0.00000  
  3.400     0.00000  
  3.500     0.00000  
  3.600     0.00000  
  3.700     0.00000  
  3.800     0.00000  
  3.900     0.00000  
  4.000     0.00000  
  4.100     0.00000  
  4.200     0.00000  
  4.300     0.00000  
  4.400     0.00000  
  4.500     0.00000  
  4.600     0.00000  
  4.700     0.00000  
  4.800     0.00000  
  4.900     0.00000  
  5.000     0.00000  
  5.100     0.00001  
  5.200     0.00001  
  5.300     0.00001  
  5.400     0.00001  
  5.500     0.00001  
  5.600     0.00001  
  5.700     0.00001  
  5.800     0.00001  
  5.900     0.00001  
  6.000     0.00001  
  6.100     0.00001  
  6.200     0.00001  
  6.300     0.00002  
  6.400     0.00002  
  6.500     0.00002  
  6.600     0.00002  
  6.700     0.00002  
  6.800     0.00002  
  6.900     0.00002  
  7.000     0.00002  
  7.100     0.00003  
  7.200     0.00003  
  7.300     0.00003  
  7.400     0.00003  
  7.500     0.00003  
  7.600     0.00003  
  7.700     0.00004  
  7.800     0.00004  
  7.900     0.00004  
  8.000     0.00004  
  8.100     0.00004  
  8.200     0.00005  
  8.300     0.00005  
  8.400     0.00005  
  8.500     0.00006  
  8.600     0.00006  
  8.700     0.00006  
  8.800     0.00006  
  8.900     0.00007  
  9.000     0.00007  
  9.100     0.00007  
  9.200     0.00008  
  9.300     0.00008  
  9.400     0.00008  
  9.500     0.00009  
  9.600     0.00009  
  9.700     0.00010  
  9.800     0.00010  
  9.900     0.00010  
 10.000     0.00011  
 10.100     0.00011  
 10.200     0.00012  
 10.300     0.00012  
 10.400     0.00013  
 10.500     0.00013  
 10.600     0.00014  
 10.700     0.00015  
 10.800     0.00015  
 10.900     0.00016  
 11.000     0.00016  
 11.100     0.00017  
 11.200     0.00017  
 11.300     0.00018  
 11.400     0.00019  
 11.500     0.00019  
 11.600     0.00020  
 11.700     0.00020  
 11.800     0.00021  
 11.900     0.00021  
 12.000     0.00022  
 12.100     0.00023  
 12.200     0.00024  
 12.300     0.00025  
 12.400     0.00025  
 12.500     0.00026  
 12.600     0.00027  
 12.700     0.00028  
 12.800     0.00029  
 12.900     0.00030  
 13.000     0.00031  
 13.100     0.00032  
 13.200     0.00033  
 13.300     0.00034  
 13.400     0.00034  
 13.500     0.00035  
 13.600     0.00036  
 13.700     0.00037  
 13.800     0.00038  
 13.900     0.00039  
 14.000     0.00040  
 14.100     0.00041  
 14.200     0.00042  
 14.300     0.00043  
 14.400     0.00045  
 14.500     0.00046  
 14.600     0.00047  
 14.700     0.00049  
 14.800     0.00050  
 14.900     0.00051  
 15.000     0.00052  
 15.100     0.00054  
 15.200     0.00055  
 15.300     0.00056  
 15.400     0.00057  
 15.500     0.00058  
 15.600     0.00060  
 15.700     0.00061  
 15.800     0.00062  
 15.900     0.00064  
 16.000     0.00065  
 16.100     0.00067  
 16.200     0.00068  
 16.300     0.00070  
 16.400     0.00071  
 16.500     0.00073  
 16.600     0.00075  
 16.700     0.00077  
 16.800     0.00078  
 16.900     0.00080  
 17.000     0.00082  
 17.100     0.00083  
 17.200     0.00085  
 17.300     0.00087  
 17.400     0.00088  
 17.500     0.00090  
 17.600     0.00092  
 17.700     0.00093  
 17.800     0.00095  
 17.900     0.00097  
 18.000     0.00099  
 18.100     0.00101  
 18.200     0.00103  
 18.300     0.00105  
 18.400     0.00107  
 18.500     0.00109  
 18.600     0.00111  
 18.700     0.00114  
 18.800     0.00116  
 18.900     0.00118  
 19.000     0.00120  
 19.100     0.00122  
 19.200     0.00124  
 19.300     0.00126  
 19.400     0.00129  
 19.500     0.00131  
 19.600     0.00133  
 19.700     0.00135  
 19.800     0.00137  
 19.900     0.00139  
 20.000     0.00142  
 20.100     0.00144  
 20.200     0.00147  
 20.300     0.00149  
 20.400     0.00152  
 20.500     0.00155  
 20.600     0.00157  
 20.700     0.00160  
 20.800     0.00163  
 20.900     0.00165  
 21.000     0.00168  
 21.100     0.00171  
 21.200     0.00173  
 21.300     0.00176  
 21.400     0.00178  
 21.500     0.00181  
 21.600     0.00184  
 21.700     0.00186  
 21.800     0.00189  
 21.900     0.00192  
 22.000     0.00195  
 22.100     0.00197  
 22.200     0.00200  
 22.300     0.00204  
 22.400     0.00207  
 22.500     0.00210  
 22.600     0.00213  
 22.700     0.00216  
 22.800     0.00220  
 22.900     0.00223  
 23.000     0.00226  
 23.100     0.00229  
 23.200     0.00232  
 23.300     0.00235  
 23.400     0.00239  
 23.500     0.00242  
 23.600     0.00245  
 23.700     0.00248  
 23.800     0.00251  
 23.900     0.00254  
 24.000     0.00258  
 24.100     0.00261  
 24.200     0.00264  
 24.300     0.00268  
 24.400     0.00271  
 24.500     0.00275  
 24.600     0.00278  
 24.700     0.00282  
 24.800     0.00286  
 24.900     0.00289  
 25.000     0.00293  
 25.100     0.00297  
 25.200     0.00301  
 25.300     0.00304  
 25.400     0.00308  
 25.500     0.00312  
 25.600     0.00316  
 25.700     0.00319  
 25.800     0.00323  
 25.900     0.00327  
 26.000     0.00331  
 26.100     0.00336  
 26.200     0.00340  
 26.300     0.00344  
 26.400     0.00348  
 26.500     0.00352  
 26.600     0.00357  
 26.700     0.00361  
 26.800     0.00365  
 26.900     0.00369  
 27.000     0.00374  
 27.100     0.00378  
 27.200     0.00382  
 27.300     0.00386  
 27.400     0.00390  
 27.500     0.00394  
 27.600     0.00399  
 27.700     0.00403  
 27.800     0.00407  
 27.900     0.00412  
 28.000     0.00416  
 28.100     0.00421  
 28.200     0.00425  
 28.300     0.00430  
 28.400     0.00435  
 28.500     0.00440  
 28.600     0.00444  
 28.700     0.00449  
 28.800     0.00454  
 28.900     0.00459  
 29.000     0.00464  
 29.100     0.00468  
 29.200     0.00473  
 29.300     0.00478  
 29.400     0.00482  
 29.500     0.00487  
 29.600     0.00492  
 29.700     0.00496  
 29.800     0.00501  
 29.900     0.00506  
 30.000     0.00511  
 30.100     0.00517  
 30.200     0.00522  
 30.300     0.00528  
 30.400     0.00533  
 30.500     0.00539  
 30.600     0.00545  
 30.700     0.00551  
 30.800     0.00557  
 30.900     0.00563  
 31.000     0.00569  
 31.100     0.00574  
 31.200     0.00580  
 31.300     0.00586  
 31.400     0.00592  
 31.500     0.00597  
 31.600     0.00603  
 31.700     0.00609  
 31.800     0.00614  
 31.900     0.00620  
 32.000     0.00626  
 32.100     0.00631  
 32.200     0.00637  
 32.300     0.00643  
 32.400     0.00649  
 32.500     0.00654  
 32.600     0.00660  
 32.700     0.00666  
 32.800     0.00671  
 32.900     0.00677  
 33.000     0.00683  
 33.100     0.00689  
 33.200     0.00695  
 33.300     0.00700  
 33.400     0.00706  
 33.500     0.00712  
 33.600     0.00718  
 33.700     0.00723  
 33.800     0.00729  
 33.900     0.00735  
 34.000     0.00740  
 34.100     0.00746  
 34.200     0.00751  
 34.300     0.00757  
 34.400     0.00762  
 34.500     0.00768  
 34.600     0.00773  
 34.700     0.00779  
 34.800     0.00785  
 34.900     0.00791  
 35.000     0.00797  
 35.100     0.00804  
 35.200     0.00811  
 35.300     0.00817  
 35.400     0.00824  
 35.500     0.00832  
 35.600     0.00839  
 35.700     0.00846  
 35.800     0.00853  
 35.900     0.00861  
 36.000     0.00868  
 36.100     0.00875  
 36.200     0.00882  
 36.300     0.00889  
 36.400     0.00896  
 36.500     0.00903  
 36.600     0.00910  
 36.700     0.00917  
 36.800     0.00924  
 36.900     0.00931  
 37.000     0.00938  
 37.100     0.00945  
 37.200     0.00952  
 37.300     0.00959  
 37.400     0.00966  
 37.500     0.00973  
 37.600     0.00980  
 37.700     0.00987  
 37.800     0.00994  
 37.900     0.01002  
 38.000     0.01009  
 38.100     0.01016  
 38.200     0.01023  
 38.300     0.01030  
 38.400     0.01037  
 38.500     0.01044  
 38.600     0.01051  
 38.700     0.01058  
 38.800     0.01065  
 38.900     0.01072  
 39.000     0.01079  
 39.100     0.01086  
 39.200     0.01093  
 39.300     0.01099  
 39.400     0.01106  
 39.500     0.01113  
 39.600     0.01120  
 39.700     0.01127  
 39.800     0.01134  
 39.900     0.01142  
 40.000     0.01149  
 40.100     0.01157  
 40.200     0.01165  
 40.300     0.01173  
 40.400     0.01181  
 40.500     0.01190  
 40.600     0.01198  
 40.700     0.01207  
 40.800     0.01215  
 40.900     0.01224  
 41.000     0.01232  
 41.100     0.01241  
 41.200     0.01249  
 41.300     0.01257  
 41.400     0.01266  
 41.500     0.01274  
 41.600     0.01282  
 41.700     0.01291  
 41.800     0.01299  
 41.900     0.01307  
 42.000     0.01315  
 42.100     0.01324  
 42.200     0.01332  
 42.300     0.01340  
 42.400     0.01348  
 42.500     0.01357  
 42.600     0.01365  
 42.700     0.01373  
 42.800     0.01382  
 42.900     0.01390  
 43.000     0.01398  
 43.100     0.01407  
 43.200     0.01415  
 43.300     0.01423  
 43.400     0.01432  
 43.500     0.01440  
 43.600     0.01448  
 43.700     0.01457  
 43.800     0.01465  
 43.900     0.01473  
 44.000     0.01481  
 44.100     0.01489  
 44.200     0.01497  
 44.300     0.01505  
 44.400     0.01514  
 44.500     0.01522  
 44.600     0.01530  
 44.700     0.01538  
 44.800     0.01547  
 44.900     0.01555  
 45.000     0.01564  
 45.100     0.01573  
 45.200     0.01582  
 45.300     0.01592  
 45.400     0.01601  
 45.500     0.01611  
 45.600     0.01620  
 45.700     0.01630  
 45.800     0.01639  
 45.900     0.01649  
 46.000     0.01659  
 46.100     0.01668  
 46.200     0.01678  
 46.300     0.01687  
 46.400     0.01697  
 46.500     0.01706  
 46.600     0.01716  
 46.700     0.01725  
 46.800     0.01735  
 46.900     0.01744  
 47.000     0.01754  
 47.100     0.01763  
 47.200     0.01772  
 47.300     0.01782  
 47.400     0.01791  
 47.500     0.01801  
 47.600     0.01810  
 47.700     0.01820  
 47.800     0.01829  
 47.900     0.01839  
 48.000     0.01848  
 48.100     0.01858  
 48.200     0.01867  
 48.300     0.01877  
 48.400     0.01886  
 48.500     0.01896  
 48.600     0.01905  
 48.700     0.01915  
 48.800     0.01924  
 48.900     0.01934  
 49.000     0.01943  
 49.100     0.01952  
 49.200     0.01961  
 49.300     0.01971  
 49.400     0.01980  
 49.500     0.01989  
 49.600     0.01999  
 49.700     0.02008  
 49.800     0.02018  
 49.900     0.02028  
 50.000     0.02038  
 50.100     0.02048  
 50.200     0.02058  
 50.300     0.02068  
 50.400     0.02079  
 50.500     0.02089  
 50.600     0.02100  
 50.700     0.02111  
 50.800     0.02122  
 50.900     0.02132  
 51.000     0.02143  
 51.100     0.02154  
 51.200     0.02164  
 51.300     0.02175  
 51.400     0.02185  
 51.500     0.02196  
 51.600     0.02207  
 51.700     0.02217  
 51.800     0.02228  
 51.900     0.02238  
 52.000     0.02249  
 52.100     0.02259  
 52.200     0.02270  
 52.300     0.02280  
 52.400     0.02291  
 52.500     0.02301  
 52.600     0.02312  
 52.700     0.02322  
 52.800     0.02333  
 52.900     0.02344  
 53.000     0.02354  
 53.100     0.02365  
 53.200     0.02375  
 53.300     0.02386  
 53.400     0.02396  
 53.500     0.02407  
 53.600     0.02418  
 53.700     0.02428  
 53.800     0.02439  
 53.900     0.02449  
 54.000     0.02460  
 54.100     0.02470  
 54.200     0.02480  
 54.300     0.02491  
 54.400     0.02501  
 54.500     0.02512  
 54.600     0.02522  
 54.700     0.02533  
 54.800     0.02543  
 54.900     0.02554  
 55.000     0.02565  
 55.100     0.02576  
 55.200     0.02588  
 55.300     0.02599  
 55.400     0.02610  
 55.500     0.02622  
 55.600     0.02634  
 55.700     0.02645  
 55.800     0.02657  
 55.900     0.02669  
 56.000     0.02681  
 56.100     0.02692  
 56.200     0.02704  
 56.300     0.02715  
 56.400     0.02727  
 56.500     0.02739  
 56.600     0.02750  
 56.700     0.02762  
 56.800     0.02773  
 56.900     0.02785  
 57.000     0.02796  
 57.100     0.02808  
 57.200     0.02819  
 57.300     0.02831  
 57.400     0.02842  
 57.500     0.02854  
 57.600     0.02865  
 57.700     0.02877  
 57.800     0.02888  
 57.900     0.02900  
 58.000     0.02912  
 58.100     0.02923  
 58.200     0.02935  
 58.300     0.02946  
 58.400     0.02958  
 58.500     0.02970  
 58.600     0.02981  
 58.700     0.02993  
 58.800     0.03004  
 58.900     0.03016  
 59.000     0.03027  
 59.100     0.03039  
 59.200     0.03050  
 59.300     0.03061  
 59.400     0.03073  
 59.500     0.03084  
 59.600     0.03096  
 59.700     0.03107  
 59.800     0.03119  
 59.900     0.03131  
 60.000     0.03143  
 60.100     0.03155  
 60.200     0.03167  
 60.300     0.03179  
 60.400     0.03192  
 60.500     0.03204  
 60.600     0.03217  
 60.700     0.03230  
 60.800     0.03242  
 60.900     0.03255  
 61.000     0.03268  
 61.100     0.03280  
 61.200     0.03293  
 61.300     0.03305  
 61.400     0.03318  
 61.500     0.03330  
 61.600     0.03342  
 61.700     0.03355  
 61.800     0.03367  
 61.900     0.03380  
 62.000     0.03392  
 62.100     0.03405  
 62.200     0.03417  
 62.300     0.03430  
 62.400     0.03442  
 62.500     0.03454  
 62.600     0.03467  
 62.700     0.03479  
 62.800     0.03492  
 62.900     0.03504  
 63.000     0.03517  
 63.100     0.03530  
 63.200     0.03542  
 63.300     0.03555  
 63.400     0.03567  
 63.500     0.03580  
 63.600     0.03592  
 63.700     0.03605  
 63.800     0.03617  
 63.900     0.03629  
 64.000     0.03642  
 64.100     0.03654  
 64.200     0.03666  
 64.300     0.03679  
 64.400     0.03691  
 64.500     0.03704  
 64.600     0.03716  
 64.700     0.03728  
 64.800     0.03741  
 64.900     0.03754  
 65.000     0.03767  
 65.100     0.03780  
 65.200     0.03793  
 65.300     0.03806  
 65.400     0.03819  
 65.500     0.03833  
 65.600     0.03846  
 65.700     0.03859  
 65.800     0.03873  
 65.900     0.03886  
 66.000     0.03900  
 66.100     0.03913  
 66.200     0.03927  
 66.300     0.03940  
 66.400     0.03953  
 66.500     0.03967  
 66.600     0.03980  
 66.700     0.03993  
 66.800     0.04006  
 66.900     0.04020  
 67.000     0.04033  
 67.100     0.04046  
 67.200     0.04060  
 67.300     0.04073  
 67.400     0.04086  
 67.500     0.04099  
 67.600     0.04113  
 67.700     0.04126  
 67.800     0.04139  
 67.900     0.04153  
 68.000     0.04166  
 68.100     0.04180  
 68.200     0.04193  
 68.300     0.04206  
 68.400     0.04220  
 68.500     0.04233  
 68.600     0.04246  
 68.700     0.04260  
 68.800     0.04273  
 68.900     0.04286  
 69.000     0.04300  
 69.100     0.04313  
 69.200     0.04326  
 69.300     0.04339  
 69.400     0.04352  
 69.500     0.04365  
 69.600     0.04379  
 69.700     0.04392  
 69.800     0.04406  
 69.900     0.04419  
 70.000     0.04433  
 70.100     0.04446  
 70.200     0.04460  
 70.300     0.04474  
 70.400     0.04488  
 70.500     0.04503  
 70.600     0.04517  
 70.700     0.04531  
 70.800     0.04545  
 70.900     0.04559  
 71.000     0.04574  
 71.100     0.04588  
 71.200     0.04602  
 71.300     0.04616  
 71.400     0.04630  
 71.500     0.04644  
 71.600     0.04658  
 71.700     0.04672  
 71.800     0.04686  
 71.900     0.04700  
 72.000     0.04715  
 72.100     0.04729  
 72.200     0.04743  
 72.300     0.04757  
 72.400     0.04771  
 72.500     0.04785  
 72.600     0.04799  
 72.700     0.04813  
 72.800     0.04827  
 72.900     0.04841  
 73.000     0.04855  
 73.100     0.04870  
 73.200     0.04884  
 73.300     0.04898  
 73.400     0.04912  
 73.500     0.04926  
 73.600     0.04940  
 73.700     0.04954  
 73.800     0.04968  
 73.900     0.04982  
 74.000     0.04996  
 74.100     0.05010  
 74.200     0.05024  
 74.300     0.05038  
 74.400     0.05052  
 74.500     0.05066  
 74.600     0.05080  
 74.700     0.05094  
 74.800     0.05109  
 74.900     0.05123  
 75.000     0.05137  
 75.100     0.05152  
 75.200     0.05166  
 75.300     0.05181  
 75.400     0.05196  
 75.500     0.05211  
 75.600     0.05225  
 75.700     0.05240  
 75.800     0.05255  
 75.900     0.05270  
 76.000     0.05285  
 76.100     0.05300  
 76.200     0.05315  
 76.300     0.05330  
 76.400     0.05344  
 76.500     0.05359  
 76.600     0.05374  
 76.700     0.05389  
 76.800     0.05403  
 76.900     0.05418  
 77.000     0.05433  
 77.100     0.05448  
 77.200     0.05463  
 77.300     0.05477  
 77.400     0.05492  
 77.500     0.05507  
 77.600     0.05522  
 77.700     0.05536  
 77.800     0.05551  
 77.900     0.05566  
 78.000     0.05581  
 78.100     0.05596  
 78.200     0.05611  
 78.300     0.05625  
 78.400     0.05640  
 78.500     0.05655  
 78.600     0.05670  
 78.700     0.05685  
 78.800     0.05699  
 78.900     0.05714  
 79.000     0.05729  
 79.100     0.05743  
 79.200     0.05758  
 79.300     0.05773  
 79.400     0.05787  
 79.500     0.05802  
 79.600     0.05817  
 79.700     0.05832  
 79.800     0.05847  
 79.900     0.05862  
 80.000     0.05877  
 80.100     0.05892  
 80.200     0.05907  
 80.300     0.05922  
 80.400     0.05938  
 80.500     0.05953  
 80.600     0.05969  
 80.700     0.05984  
 80.800     0.06000  
 80.900     0.06015  
 81.000     0.06031  
 81.100     0.06046  
 81.200     0.06062  
 81.300     0.06077  
 81.400     0.06093  
 81.500     0.06108  
 81.600     0.06124  
 81.700     0.06139  
 81.800     0.06154  
 81.900     0.06170  
 82.000     0.06185  
 82.100     0.06201  
 82.200     0.06216  
 82.300     0.06231  
 82.400     0.06247  
 82.500     0.06262  
 82.600     0.06278  
 82.700     0.06293  
 82.800     0.06309  
 82.900     0.06324  
 83.000     0.06339  
 83.100     0.06355  
 83.200     0.06370  
 83.300     0.06386  
 83.400     0.06401  
 83.500     0.06417  
 83.600     0.06432  
 83.700     0.06448  
 83.800     0.06463  
 83.900     0.06478  
 84.000     0.06494  
 84.100     0.06509  
 84.200     0.06524  
 84.300     0.06540  
 84.400     0.06555  
 84.500     0.06570  
 84.600     0.06586  
 84.700     0.06601  
 84.800     0.06617  
 84.900     0.06632  
 85.000     0.06648  
 85.100     0.06664  
 85.200     0.06680  
 85.300     0.06696  
 85.400     0.06712  
 85.500     0.06728  
 85.600     0.06744  
 85.700     0.06760  
 85.800     0.06776  
 85.900     0.06792  
 86.000     0.06808  
 86.100     0.06824  
 86.200     0.06840  
 86.300     0.06856  
 86.400     0.06872  
 86.500     0.06888  
 86.600     0.06904  
 86.700     0.06920  
 86.800     0.06936  
 86.900     0.06952  
 87.000     0.06968  
 87.100     0.06984  
 87.200     0.07000  
 87.300     0.07016  
 87.400     0.07032  
 87.500     0.07048  
 87.600     0.07064  
 87.700     0.07080  
 87.800     0.07096  
 87.900     0.07112  
 88.000     0.07128  
 88.100     0.07145  
 88.200     0.07161  
 88.300     0.07177  
 88.400     0.07193  
 88.500     0.07209  
 88.600     0.07225  
 88.700     0.07241  
 88.800     0.07257  
 88.900     0.07273  
 89.000     0.07289  
 89.100     0.07305  
 89.200     0.07320  
 89.300     0.07336  
 89.400     0.07352  
 89.500     0.07368  
 89.600     0.07384  
 89.700     0.07400  
 89.800     0.07416  
 89.900     0.07433  
 90.000     0.07449  
 90.100     0.07465  
 90.200     0.07482  
 90.300     0.07498  
 90.400     0.07515  
 90.500     0.07531  
 90.600     0.07548  
 90.700     0.07564  
 90.800     0.07581  
 90.900     0.07598  
 91.000     0.07614  
 91.100     0.07631  
 91.200     0.07647  
 91.300     0.07664  
 91.400     0.07681  
 91.500     0.07697  
 91.600     0.07714  
 91.700     0.07730  
 91.800     0.07747  
 91.900     0.07763  
 92.000     0.07780  
 92.100     0.07796  
 92.200     0.07813  
 92.300     0.07829  
 92.400     0.07846  
 92.500     0.07862  
 92.600     0.07879  
 92.700     0.07895  
 92.800     0.07912  
 92.900     0.07929  
 93.000     0.07945  
 93.100     0.07962  
 93.200     0.07978  
 93.300     0.07995  
 93.400     0.08011  
 93.500     0.08028  
 93.600     0.08045  
 93.700     0.08061  
 93.800     0.08078  
 93.900     0.08094  
 94.000     0.08111  
 94.100     0.08127  
 94.200     0.08144  
 94.300     0.08160  
 94.400     0.08176  
 94.500     0.08193  
 94.600     0.08209  
 94.700     0.08226  
 94.800     0.08243  
 94.900     0.08259  
 95.000     0.08276  
 95.100     0.08293  
 95.200     0.08310  
 95.300     0.08327  
 95.400     0.08344  
 95.500     0.08361  
 95.600     0.08378  
 95.700     0.08395  
 95.800     0.08412  
 95.900     0.08429  
 96.000     0.08446  
 96.100     0.08463  
 96.200     0.08481  
 96.300     0.08498  
 96.400     0.08515  
 96.500     0.08532  
 96.600     0.08549  
 96.700     0.08566  
 96.800     0.08583  
 96.900     0.08600  
 97.000     0.08617  
 97.100     0.08634  
 97.200     0.08651  
 97.300     0.08668  
 97.400     0.08685  
 97.500     0.08702  
 97.600     0.08719  
 97.700     0.08736  
 97.800     0.08753  
 97.900     0.08770  
 98.000     0.08787  
 98.100     0.08804  
 98.200     0.08821  
 98.300     0.08838  
 98.400     0.08855  
 98.500     0.08872  
 98.600     0.08889  
 98.700     0.08906  
 98.800     0.08923  
 98.900     0.08940  
 99.000     0.08957  
 99.100     0.08974  
 99.200     0.08991  
 99.300     0.09008  
 99.400     0.09025  
 99.500     0.09042  
 99.600     0.09059  
 99.700     0.09076  
 99.800     0.09093  
 99.900     0.09111  
100.000     0.09128  
100.100     0.09145  
100.200     0.09162  
100.300     0.09180  
100.400     0.09197  
100.500     0.09215  
100.600     0.09233  
100.700     0.09250  
100.800     0.09268  
100.900     0.09286  
101.000     0.09303  
101.100     0.09321  
101.200     0.09339  
101.300     0.09357  
101.400     0.09375  
101.500     0.09392  
101.600     0.09410  
101.700     0.09428  
101.800     0.09446  
101.900     0.09464  
102.000     0.09482  
102.100     0.09500  
102.200     0.09517  
102.300     0.09535  
102.400     0.09553  
102.500     0.09571  
102.600     0.09588  
102.700     0.09606  
102.800     0.09624  
102.900     0.09641  
103.000     0.09659  
103.100     0.09677  
103.200     0.09694  
103.300     0.09712  
103.400     0.09730  
103.500     0.09747  
103.600     0.09765  
103.700     0.09783  
103.800     0.09800  
103.900     0.09818  
104.000     0.09836  
104.100     0.09853  
104.200     0.09871  
104.300     0.09889  
104.400     0.09906  
104.500     0.09924  
104.600     0.09942  
104.700     0.09959  
104.800     0.09977  
104.900     0.09995  
105.000     0.10013  
105.100     0.10030  
105.200     0.10048  
105.300     0.10066  
105.400     0.10083  
105.500     0.10101  
105.600     0.10119  
105.700     0.10137  
105.800     0.10154  
105.900     0.10172  
106.000     0.10190  
106.100     0.10207  
106.200     0.10225  
106.300     0.10243  
106.400     0.10261  
106.500     0.10278  
106.600     0.10296  
106.700     0.10314  
106.800     0.10332  
106.900     0.10349  
107.000     0.10367  
107.100     0.10385  
107.200     0.10402  
107.300     0.10420  
107.400     0.10438  
107.500     0.10455  
107.600     0.10473  
107.700     0.10491  
107.800     0.10508  
107.900     0.10526  
108.000     0.10544  
108.100     0.10561  
108.200     0.10579  
108.300     0.10596  
108.400     0.10614  
108.500     0.10631  
108.600     0.10649  
108.700     0.10667  
108.800     0.10684  
108.900     0.10702  
109.000     0.10719  
109.100     0.10737  
109.200     0.10755  
109.300     0.10772  
109.400     0.10790  
109.500     0.10808  
109.600     0.10826  
109.700     0.10844  
109.800     0.10862  
109.900     0.10880  
110.000     0.10898  
110.100     0.10916  
110.200     0.10934  
110.300     0.10952  
110.400     0.10970  
110.500     0.10989  
110.600     0.11007  
110.700     0.11025  
110.800     0.11044  
110.900     0.11062  
111.000     0.11081  
111.100     0.11099  
111.200     0.11118  
111.300     0.11136  
111.400     0.11155  
111.500     0.11174  
111.600     0.11192  
111.700     0.11211  
111.800     0.11229  
111.900     0.11248  
112.000     0.11266  
112.100     0.11285  
112.200     0.11303  
112.300     0.11322  
112.400     0.11340  
112.500     0.11359  
112.600     0.11377  
112.700     0.11396  
112.800     0.11414  
112.900     0.11433  
113.000     0.11451  
113.100     0.11470  
113.200     0.11488  
113.300     0.11506  
113.400     0.11525  
113.500     0.11543  
113.600     0.11562  
113.700     0.11580  
113.800     0.11598  
113.900     0.11617  
114.000     0.11635  
114.100     0.11654  
114.200     0.11672  
114.300     0.11691  
114.400     0.11709  
114.500     0.11727  
114.600     0.11746  
114.700     0.11764  
114.800     0.11783  
114.900     0.11801  
115.000     0.11820  
115.100     0.11838  
115.200     0.11856  
115.300     0.11875  
115.400     0.11893  
115.500     0.11912  
115.600     0.11930  
115.700     0.11949  
115.800     0.11967  
115.900     0.11986  
116.000     0.12004  
116.100     0.12023  
116.200     0.12041  
116.300     0.12060  
116.400     0.12078  
116.500     0.12096  
116.600     0.12115  
116.700     0.12133  
116.800     0.12152  
116.900     0.12170  
117.000     0.12189  
117.100     0.12207  
117.200     0.12226  
117.300     0.12244  
117.400     0.12263  
117.500     0.12281  
117.600     0.12299  
117.700     0.12318  
117.800     0.12336  
117.900     0.12355  
118.000     0.12373  
118.100     0.12391  
118.200     0.12410  
118.300     0.12428  
118.400     0.12446  
118.500     0.12465  
118.600     0.12483  
118.700     0.12501  
118.800     0.12520  
118.900     0.12538  
119.000     0.12556  
119.100     0.12575  
119.200     0.12593  
119.300     0.12612  
119.400     0.12630  
119.500     0.12649  
119.600     0.12667  
119.700     0.12686  
119.800     0.12704  
119.900     0.12723  
120.000     0.12742  
120.100     0.12761  
120.200     0.12779  
120.300     0.12798  
120.400     0.12817  
120.500     0.12836  
120.600     0.12855  
120.700     0.12874  
120.800     0.12893  
120.900     0.12912  
121.000     0.12931  
121.100     0.12950  
121.200     0.12970  
121.300     0.12989  
121.400     0.13008  
121.500     0.13027  
121.600     0.13046  
121.700     0.13065  
121.800     0.13085  
121.900     0.13104  
122.000     0.13123  
122.100     0.13142  
122.200     0.13161  
122.300     0.13180  
122.400     0.13199  
122.500     0.13218  
122.600     0.13237  
122.700     0.13256  
122.800     0.13275  
122.900     0.13294  
123.000     0.13314  
123.100     0.13333  
123.200     0.13352  
123.300     0.13371  
123.400     0.13390  
123.500     0.13409  
123.600     0.13428  
123.700     0.13447  
123.800     0.13466  
123.900     0.13485  
124.000     0.13504  
124.100     0.13523  
124.200     0.13542  
124.300     0.13561  
124.400     0.13580  
124.500     0.13599  
124.600     0.13618  
124.700     0.13637  
124.800     0.13656  
124.900     0.13675  
125.000     0.13694  
125.100     0.13713  
125.200     0.13732  
125.300     0.13751  
125.400     0.13770  
125.500     0.13789  
125.600     0.13808  
125.700     0.13827  
125.800     0.13847  
125.900     0.13866  
126.000     0.13885  
126.100     0.13904  
126.200     0.13923  
126.300     0.13942  
126.400     0.13961  
126.500     0.13980  
126.600     0.13999  
126.700     0.14018  
126.800     0.14037  
126.900     0.14056  
127.000     0.14075  
127.100     0.14094  
127.200     0.14113  
127.300     0.14133  
127.400     0.14152  
127.500     0.14171  
127.600     0.14190  
127.700     0.14209  
127.800     0.14228  
127.900     0.14247  
128.000     0.14266  
128.100     0.14285  
128.200     0.14304  
128.300     0.14322  
128.400     0.14341  
128.500     0.14360  
128.600     0.14379  
128.700     0.14398  
128.800     0.14417  
128.900     0.14436  
129.000     0.14455  
129.100     0.14474  
129.200     0.14493  
129.300     0.14512  
129.400     0.14531  
129.500     0.14550  
129.600     0.14570  
129.700     0.14589  
129.800     0.14608  
129.900     0.14627  
130.000     0.14646  
130.100     0.14666  
130.200     0.14685  
130.300     0.14705  
130.400     0.14724  
130.500     0.14744  
130.600     0.14763  
130.700     0.14783  
130.800     0.14802  
130.900     0.14822  
131.000     0.14841  
131.100     0.14861  
131.200     0.14881  
131.300     0.14900  
131.400     0.14920  
131.500     0.14939  
131.600     0.14959  
131.700     0.14979  
131.800     0.14998  
131.900     0.15018  
132.000     0.15038  
132.100     0.15057  
132.200     0.15077  
132.300     0.15097  
132.400     0.15116  
132.500     0.15136  
132.600     0.15155  
132.700     0.15175  
132.800     0.15194  
132.900     0.15214  
133.000     0.15234  
133.100     0.15253  
133.200     0.15273  
133.300     0.15292  
133.400     0.15312  
133.500     0.15331  
133.600     0.15351  
133.700     0.15370  
133.800     0.15390  
133.900     0.15409  
134.000     0.15429  
134.100     0.15448  
134.200     0.15468  
134.300     0.15488  
134.400     0.15507  
134.500     0.15527  
134.600     0.15546  
134.700     0.15566  
134.800     0.15585  
134.900     0.15605  
135.000     0.15624  
135.100     0.15644  
135.200     0.15664  
135.300     0.15683  
135.400     0.15703  
135.500     0.15722  
135.600     0.15742  
135.700     0.15761  
135.800     0.15781  
135.900     0.15801  
136.000     0.15820  
136.100     0.15840  
136.200     0.15859  
136.300     0.15879  
136.400     0.15898  
136.500     0.15918  
136.600     0.15938  
136.700     0.15957  
136.800     0.15977  
136.900     0.15996  
137.000     0.16016  
137.100     0.16035  
137.200     0.16055  
137.300     0.16075  
137.400     0.16094  
137.500     0.16114  
137.600     0.16133  
137.700     0.16153  
137.800     0.16172  
137.900     0.16192  
138.000     0.16211  
138.100     0.16231  
138.200     0.16250  
138.300     0.16270  
138.400     0.16289  
138.500     0.16309  
138.600     0.16328  
138.700     0.16348  
138.800     0.16367  
138.900     0.16387  
139.000     0.16406  
139.100     0.16426  
139.200     0.16445  
139.300     0.16465  
139.400     0.16484  
139.500     0.16504  
139.600     0.16524  
139.700     0.16543  
139.800     0.16563  
139.900     0.16583  
140.000     0.16602  
140.100     0.16622  
140.200     0.16642  
140.300     0.16662  
140.400     0.16682  
140.500     0.16702  
140.600     0.16722  
140.700     0.16742  
140.800     0.16762  
140.900     0.16782  
141.000     0.16802  
141.100     0.16822  
141.200     0.16842  
141.300     0.16862  
141.400     0.16882  
141.500     0.16902  
141.600     0.16922  
141.700     0.16942  
141.800     0.16962  
141.900     0.16982  
142.000     0.17002  
142.100     0.17022  
142.200     0.17042  
142.300     0.17062  
142.400     0.17082  
142.500     0.17102  
142.600     0.17122  
142.700     0.17142  
142.800     0.17162  
142.900     0.17182  
143.000     0.17202  
143.100     0.17222  
143.200     0.17242  
143.300     0.17262  
143.400     0.17282  
143.500     0.17302  
143.600     0.17322  
143.700     0.17341  
143.800     0.17361  
143.900     0.17381  
144.000     0.17401  
144.100     0.17421  
144.200     0.17441  
144.300     0.17461  
144.400     0.17481  
144.500     0.17501  
144.600     0.17521  
144.700     0.17541  
144.800     0.17561  
144.900     0.17581  
145.000     0.17601  
145.100     0.17621  
145.200     0.17641  
145.300     0.17661  
145.400     0.17681  
145.500     0.17701  
145.600     0.17721  
145.700     0.17741  
145.800     0.17761  
145.900     0.17781  
146.000     0.17801  
146.100     0.17821  
146.200     0.17841  
146.300     0.17861  
146.400     0.17881  
146.500     0.17901  
146.600     0.17921  
146.700     0.17941  
146.800     0.17961  
146.900     0.17981  
147.000     0.18001  
147.100     0.18021  
147.200     0.18040  
147.300     0.18060  
147.400     0.18080  
147.500     0.18100  
147.600     0.18120  
147.700     0.18140  
147.800     0.18160  
147.900     0.18180  
148.000     0.18200  
148.100     0.18220  
148.200     0.18240  
148.300     0.18260  
148.400     0.18280  
148.500     0.18300  
148.600     0.18320  
148.700     0.18339  
148.800     0.18359  
148.900     0.18379  
149.000     0.18399  
149.100     0.18419  
149.200     0.18439  
149.300     0.18459  
149.400     0.18479  
149.500     0.18499  
149.600     0.18519  
149.700     0.18539  
149.800     0.18559  
149.900     0.18579  
150.000     0.18599  
150.100     0.18620  
150.200     0.18640  
150.300     0.18660  
150.400     0.18680  
150.500     0.18700  
150.600     0.18721  
150.700     0.18741  
150.800     0.18761  
150.900     0.18782  
151.000     0.18802  
151.100     0.18822  
151.200     0.18843  
151.300     0.18863  
151.400     0.18883  
151.500     0.18904  
151.600     0.18924  
151.700     0.18944  
151.800     0.18965  
151.900     0.18985  
152.000     0.19005  
152.100     0.19026  
152.200     0.19046  
152.300     0.19067  
152.400     0.19087  
152.500     0.19107  
152.600     0.19127  
152.700     0.19148  
152.800     0.19168  
152.900     0.19188  
153.000     0.19209  
153.100     0.19229  
153.200     0.19249  
153.300     0.19270  
153.400     0.19290  
153.500     0.19310  
153.600     0.19330  
153.700     0.19351  
153.800     0.19371  
153.900     0.19391  
154.000     0.19412  
154.100     0.19432  
154.200     0.19452  
154.300     0.19472  
154.400     0.19493  
154.500     0.19513  
154.600     0.19533  
154.700     0.19554  
154.800     0.19574  
154.900     0.19594  
155.000     0.19615  
155.100     0.19635  
155.200     0.19655  
155.300     0.19675  
155.400     0.19696  
155.500     0.19716  
155.600     0.19736  
155.700     0.19757  
155.800     0.19777  
155.900     0.19797  
156.000     0.19818  
156.100     0.19838  
156.200     0.19858  
156.300     0.19879  
156.400     0.19899  
156.500     0.19919  
156.600     0.19939  
156.700     0.19960  
156.800     0.19980  
156.900     0.20000  
157.000     0.20021  
157.100     0.20041  
157.200     0.20061  
157.300     0.20082  
157.400     0.20102  
157.500     0.20122  
157.600     0.20143  
157.700     0.20163  
157.800     0.20183  
157.900     0.20204  
158.000     0.20224  
158.100     0.20244  
158.200     0.20264  
158.300     0.20285  
158.400     0.20305  
158.500     0.20325  
158.600     0.20346  
158.700     0.20366  
158.800     0.20386  
158.900     0.20406  
159.000     0.20427  
159.100     0.20447  
159.200     0.20467  
159.300     0.20488  
159.400     0.20508  
159.500     0.20528  
159.600     0.20548  
159.700     0.20569  
159.800     0.20589  
159.900     0.20609  
160.000     0.20630  
160.100     0.20650  
160.200     0.20671  
160.300     0.20691  
160.400     0.20711  
160.500     0.20732  
160.600     0.20752  
160.700     0.20773  
160.800     0.20793  
160.900     0.20814  
161.000     0.20835  
161.100     0.20855  
161.200     0.20876  
161.300     0.20896  
161.400     0.20917  
161.500     0.20938  
161.600     0.20958  
161.700     0.20979  
161.800     0.20999  
161.900     0.21020  
162.000     0.21040  
162.100     0.21061  
162.200     0.21082  
162.300     0.21102  
162.400     0.21123  
162.500     0.21143  
162.600     0.21164  
162.700     0.21184  
162.800     0.21205  
162.900     0.21226  
163.000     0.21246  
163.100     0.21267  
163.200     0.21287  
163.300     0.21308  
163.400     0.21328  
163.500     0.21349  
163.600     0.21369  
163.700     0.21390  
163.800     0.21410  
163.900     0.21431  
164.000     0.21451  
164.100     0.21472  
164.200     0.21492  
164.300     0.21513  
164.400     0.21533  
164.500     0.21554  
164.600     0.21574  
164.700     0.21595  
164.800     0.21616  
164.900     0.21636  
165.000     0.21657  
165.100     0.21677  
165.200     0.21698  
165.300     0.21718  
165.400     0.21739  
165.500     0.21759  
165.600     0.21780  
165.700     0.21800  
165.800     0.21821  
165.900     0.21842  
166.000     0.21862  
166.100     0.21883  
166.200     0.21903  
166.300     0.21924  
166.400     0.21944  
166.500     0.21965  
166.600     0.21985  
166.700     0.22006  
166.800     0.22026  
166.900     0.22047  
167.000     0.22068  
167.100     0.22088  
167.200     0.22109  
167.300     0.22129  
167.400     0.22150  
167.500     0.22170  
167.600     0.22191  
167.700     0.22211  
167.800     0.22232  
167.900     0.22252  
168.000     0.22273  
168.100     0.22293  
168.200     0.22314  
168.300     0.22334  
168.400     0.22355  
168.500     0.22375  
168.600     0.22396  
168.700     0.22417  
168.800     0.22437  
168.900     0.22458  
169.000     0.22478  
169.100     0.22499  
169.200     0.22519  
169.300     0.22540  
169.400     0.22560  
169.500     0.22581  
169.600     0.22601  
169.700     0.22622  
169.800     0.22643  
169.900     0.22663  
170.000     0.22684  
170.100     0.22704  
170.200     0.22725  
170.300     0.22746  
170.400     0.22766  
170.500     0.22787  
170.600     0.22808  
170.700     0.22828  
170.800     0.22849  
170.900     0.22870  
171.000     0.22890  
171.100     0.22911  
171.200     0.22932  
171.300     0.22952  
171.400     0.22973  
171.500     0.22994  
171.600     0.23014  
171.700     0.23035  
171.800     0.23056  
171.900     0.23077  
172.000     0.23097  
172.100     0.23118  
172.200     0.23139  
172.300     0.23159  
172.400     0.23180  
172.500     0.23201  
172.600     0.23221  
172.700     0.23242  
172.800     0.23263  
172.900     0.23283  
173.000     0.23304  
173.100     0.23325  
173.200     0.23345  
173.300     0.23366  
173.400     0.23387  
173.500     0.23407  
173.600     0.23428  
173.700     0.23449  
173.800     0.23469  
173.900     0.23490  
174.000     0.23511  
174.100     0.23531  
174.200     0.23552  
174.300     0.23573  
174.400     0.23593  
174.500     0.23614  
174.600     0.23635  
174.700     0.23656  
174.800     0.23676  
174.900     0.23697  
175.000     0.23718  
175.100     0.23738  
175.200     0.23759  
175.300     0.23780  
175.400     0.23800  
175.500     0.23821  
175.600     0.23842  
175.700     0.23862  
175.800     0.23883  
175.900     0.23904  
176.000     0.23924  
176.100     0.23945  
176.200     0.23966  
176.300     0.23986  
176.400     0.24007  
176.500     0.24028  
176.600     0.24048  
176.700     0.24069  
176.800     0.24090  
176.900     0.24110  
177.000     0.24131  
177.100     0.24152  
177.200     0.24172  
177.300     0.24193  
177.400     0.24214  
177.500     0.24234  
177.600     0.24255  
177.700     0.24276  
177.800     0.24296  
177.900     0.24317  
178.000     0.24338  
178.100     0.24358  
178.200     0.24379  
178.300     0.24400  
178.400     0.24420  
178.500     0.24441  
178.600     0.24462  
178.700     0.24482  
178.800     0.24503  
178.900     0.24524  
179.000     0.24544  
179.100     0.24565  
179.200     0.24586  
179.300     0.24606  
179.400     0.24627  
179.500     0.24648  
179.600     0.24669  
179.700     0.24689  
179.800     0.24710  
179.900     0.24731  
180.000     0.24751  
180.100     0.24772  
180.200     0.24793  
180.300     0.24814  
180.400     0.24834  
180.500     0.24855  
180.600     0.24876  
180.700     0.24897  
180.800     0.24917  
180.900     0.24938  
181.000     0.24959  
181.100     0.24980  
181.200     0.25000  
181.300     0.25021  
181.400     0.25042  
181.500     0.25063  
181.600     0.25084  
181.700     0.25104  
181.800     0.25125  
181.900     0.25146  
182.000     0.25167  
182.100     0.25187  
182.200     0.25208  
182.300     0.25229  
182.400     0.25250  
182.500     0.25270  
182.600     0.25291  
182.700     0.25312  
182.800     0.25333  
182.900     0.25354  
183.000     0.25374  
183.100     0.25395  
183.200     0.25416  
183.300     0.25437  
183.400     0.25457  
183.500     0.25478  
183.600     0.25499  
183.700     0.25520  
183.800     0.25540  
183.900     0.25561  
184.000     0.25582  
184.100     0.25603  
184.200     0.25623  
184.300     0.25644  
184.400     0.25665  
184.500     0.25686  
184.600     0.25706  
184.700     0.25727  
184.800     0.25748  
184.900     0.25769  
185.000     0.25790  
185.100     0.25810  
185.200     0.25831  
185.300     0.25852  
185.400     0.25873  
185.500     0.25893  
185.600     0.25914  
185.700     0.25935  
185.800     0.25956  
185.900     0.25976  
186.000     0.25997  
186.100     0.26018  
186.200     0.26039  
186.300     0.26059  
186.400     0.26080  
186.500     0.26101  
186.600     0.26122  
186.700     0.26143  
186.800     0.26163  
186.900     0.26184  
187.000     0.26205  
187.100     0.26226  
187.200     0.26246  
187.300     0.26267  
187.400     0.26288  
187.500     0.26309  
187.600     0.26329  
187.700     0.26350  
187.800     0.26371  
187.900     0.26392  
188.000     0.26412  
188.100     0.26433  
188.200     0.26454  
188.300     0.26475  
188.400     0.26495  
188.500     0.26516  
188.600     0.26537  
188.700     0.26558  
188.800     0.26578  
188.900     0.26599  
189.000     0.26620  
189.100     0.26641  
189.200     0.26661  
189.300     0.26682  
189.400     0.26703  
189.500     0.26724  
189.600     0.26745  
189.700     0.26765  
189.800     0.26786  
189.900     0.26807  
190.000     0.26828  
190.100     0.26848  
190.200     0.26869  
190.300     0.26890  
190.400     0.26911  
190.500     0.26932  
190.600     0.26952  
190.700     0.26973  
190.800     0.26994  
190.900     0.27015  
191.000     0.27036  
191.100     0.27057  
191.200     0.27077  
191.300     0.27098  
191.400     0.27119  
191.500     0.27140  
191.600     0.27161  
191.700     0.27181  
191.800     0.27202  
191.900     0.27223  
192.000     0.27244  
192.100     0.27265  
192.200     0.27285  
192.300     0.27306  
192.400     0.27327  
192.500     0.27348  
192.600     0.27369  
192.700     0.27389  
192.800     0.27410  
192.900     0.27431  
193.000     0.27452  
193.100     0.27473  
193.200     0.27493  
193.300     0.27514  
193.400     0.27535  
193.500     0.27556  
193.600     0.27577  
193.700     0.27597  
193.800     0.27618  
193.900     0.27639  
194.000     0.27660  
194.100     0.27681  
194.200     0.27701  
194.300     0.27722  
194.400     0.27743  
194.500     0.27764  
194.600     0.27785  
194.700     0.27805  
194.800     0.27826  
194.900     0.27847  
195.000     0.27868  
195.100     0.27889  
195.200     0.27909  
195.300     0.27930  
195.400     0.27951  
195.500     0.27972  
195.600     0.27993  
195.700     0.28013  
195.800     0.28034  
195.900     0.28055  
196.000     0.28076  
196.100     0.28097  
196.200     0.28118  
196.300     0.28138  
196.400     0.28159  
196.500     0.28180  
196.600     0.28201  
196.700     0.28221  
196.800     0.28242  
196.900     0.28263  
197.000     0.28284  
197.100     0.28305  
197.200     0.28325  
197.300     0.28346  
197.400     0.28367  
197.500     0.28388  
197.600     0.28409  
197.700     0.28429  
197.800     0.28450  
197.900     0.28471  
198.000     0.28492  
198.100     0.28513  
198.200     0.28534  
198.300     0.28554  
198.400     0.28575  
198.500     0.28596  
198.600     0.28617  
198.700     0.28638  
198.800     0.28658  
198.900     0.28679  
199.000     0.28700  
199.100     0.28721  
199.200     0.28742  
199.300     0.28762  
199.400     0.28783  
199.500     0.28804  
199.600     0.28825  
199.700     0.28846  
199.800     0.28866  
199.900     0.28887  
200.000     0.28908  
200.100     0.28929  
200.200     0.28950  
200.300     0.28970  
200.400     0.28991  
200.500     0.29012  
200.600     0.29033  
200.700     0.29053  
200.800     0.29074  
200.900     0.29095  
201.000     0.29116  
201.100     0.29137  
201.200     0.29157  
201.300     0.29178  
201.400     0.29199  
201.500     0.29220  
201.600     0.29240  
201.700     0.29261  
201.800     0.29282  
201.900     0.29303  
202.000     0.29323  
202.100     0.29344  
202.200     0.29365  
202.300     0.29386  
202.400     0.29406  
202.500     0.29427  
202.600     0.29448  
202.700     0.29469  
202.800     0.29489  
202.900     0.29510  
203.000     0.29531  
203.100     0.29551  
203.200     0.29572  
203.300     0.29593  
203.400     0.29614  
203.500     0.29634  
203.600     0.29655  
203.700     0.29676  
203.800     0.29697  
203.900     0.29717  
204.000     0.29738  
204.100     0.29759  
204.200     0.29780  
204.300     0.29800  
204.400     0.29821  
204.500     0.29842  
204.600     0.29863  
204.700     0.29883  
204.800     0.29904  
204.900     0.29925  
205.000     0.29946  
205.100     0.29966  
205.200     0.29987  
205.300     0.30008  
205.400     0.30029  
205.500     0.30050  
205.600     0.30070  
205.700     0.30091  
205.800     0.30112  
205.900     0.30133  
206.000     0.30153  
206.100     0.30174  
206.200     0.30195  
206.300     0.30216  
206.400     0.30237  
206.500     0.30257  
206.600     0.30278  
206.700     0.30299  
206.800     0.30320  
206.900     0.30340  
207.000     0.30361  
207.100     0.30382  
207.200     0.30403  
207.300     0.30423  
207.400     0.30444  
207.500     0.30465  
207.600     0.30486  
207.700     0.30507  
207.800     0.30527  
207.900     0.30548  
208.000     0.30569  
208.100     0.30590  
208.200     0.30610  
208.300     0.30631  
208.400     0.30652  
208.500     0.30673  
208.600     0.30693  
208.700     0.30714  
208.800     0.30735  
208.900     0.30756  
209.000     0.30776  
209.100     0.30797  
209.200     0.30818  
209.300     0.30839  
209.400     0.30859  
209.500     0.30880  
209.600     0.30901  
209.700     0.30921  
209.800     0.30942  
209.900     0.30963  
210.000     0.30983  
210.100     0.31004  
210.200     0.31025  
210.300     0.31046  
210.400     0.31066  
210.500     0.31087  
210.600     0.31108  
210.700     0.31128  
210.800     0.31149  
210.900     0.31170  
211.000     0.31190  
211.100     0.31211  
211.200     0.31231  
211.300     0.31252  
211.400     0.31273  
211.500     0.31293  
211.600     0.31314  
211.700     0.31335  
211.800     0.31355  
211.900     0.31376  
212.000     0.31397  
212.100     0.31417  
212.200     0.31438  
212.300     0.31458  
212.400     0.31479  
212.500     0.31500  
212.600     0.31520  
212.700     0.31541  
212.800     0.31562  
212.900     0.31582  
213.000     0.31603  
213.100     0.31623  
213.200     0.31644  
213.300     0.31665  
213.400     0.31685  
213.500     0.31706  
213.600     0.31726  
213.700     0.31747  
213.800     0.31768  
213.900     0.31788  
214.000     0.31809  
214.100     0.31830  
214.200     0.31850  
214.300     0.31871  
214.400     0.31891  
214.500     0.31912  
214.600     0.31933  
214.700     0.31953  
214.800     0.31974  
214.900     0.31995  
215.000     0.32015  
215.100     0.32036  
215.200     0.32057  
215.300     0.32077  
215.400     0.32098  
215.500     0.32119  
215.600     0.32139  
215.700     0.32160  
215.800     0.32181  
215.900     0.32201  
216.000     0.32222  
216.100     0.32243  
216.200     0.32263  
216.300     0.32284  
216.400     0.32305  
216.500     0.32325  
216.600     0.32346  
216.700     0.32367  
216.800     0.32387  
216.900     0.32408  
217.000     0.32429  
217.100     0.32449  
217.200     0.32470  
217.300     0.32491  
217.400     0.32511  
217.500     0.32532  
217.600     0.32553  
217.700     0.32573  
217.800     0.32594  
217.900     0.32615  
218.000     0.32635  
218.100     0.32656  
218.200     0.32676  
218.300     0.32697  
218.400     0.32718  
218.500     0.32738  
218.600     0.32759  
218.700     0.32780  
218.800     0.32800  
218.900     0.32821  
219.000     0.32841  
219.100     0.32862  
219.200     0.32883  
219.300     0.32903  
219.400     0.32924  
219.500     0.32944  
219.600     0.32965  
219.700     0.32986  
219.800     0.33006  
219.900     0.33027  
220.000     0.33047  
220.100     0.33068  
220.200     0.33088  
220.300     0.33109  
220.400     0.33129  
220.500     0.33150  
220.600     0.33170  
220.700     0.33191  
220.800     0.33211  
220.900     0.33232  
221.000     0.33252  
221.100     0.33273  
221.200     0.33293  
221.300     0.33314  
221.400     0.33334  
221.500     0.33355  
221.600     0.33375  
221.700     0.33396  
221.800     0.33416  
221.900     0.33436  
222.000     0.33457  
222.100     0.33477  
222.200     0.33498  
222.300     0.33518  
222.400     0.33539  
222.500     0.33559  
222.600     0.33580  
222.700     0.33600  
222.800     0.33620  
222.900     0.33641  
223.000     0.33661  
223.100     0.33682  
223.200     0.33702  
223.300     0.33723  
223.400     0.33743  
223.500     0.33763  
223.600     0.33784  
223.700     0.33804  
223.800     0.33825  
223.900     0.33845  
224.000     0.33866  
224.100     0.33886  
224.200     0.33907  
224.300     0.33927  
224.400     0.33947  
224.500     0.33968  
224.600     0.33988  
224.700     0.34009  
224.800     0.34029  
224.900     0.34050  
225.000     0.34070  
225.100     0.34091  
225.200     0.34111  
225.300     0.34132  
225.400     0.34152  
225.500     0.34173  
225.600     0.34193  
225.700     0.34214  
225.800     0.34234  
225.900     0.34255  
226.000     0.34275  
226.100     0.34296  
226.200     0.34316  
226.300     0.34337  
226.400     0.34357  
226.500     0.34378  
226.600     0.34398  
226.700     0.34419  
226.800     0.34439  
226.900     0.34460  
227.000     0.34480  
227.100     0.34501  
227.200     0.34521  
227.300     0.34542  
227.400     0.34562  
227.500     0.34583  
227.600     0.34603  
227.700     0.34624  
227.800     0.34644  
227.900     0.34665  
228.000     0.34685  
228.100     0.34705  
228.200     0.34726  
228.300     0.34746  
228.400     0.34767  
228.500     0.34787  
228.600     0.34808  
228.700     0.34828  
228.800     0.34849  
228.900     0.34869  
229.000     0.34889  
229.100     0.34910  
229.200     0.34930  
229.300     0.34951  
229.400     0.34971  
229.500     0.34991  
229.600     0.35012  
229.700     0.35032  
229.800     0.35053  
229.900     0.35073  
230.000     0.35093  
230.100     0.35114  
230.200     0.35134  
230.300     0.35154  
230.400     0.35174  
230.500     0.35195  
230.600     0.35215  
230.700     0.35235  
230.800     0.35256  
230.900     0.35276  
231.000     0.35296  
231.100     0.35316  
231.200     0.35336  
231.300     0.35357  
231.400     0.35377  
231.500     0.35397  
231.600     0.35417  
231.700     0.35438  
231.800     0.35458  
231.900     0.35478  
232.000     0.35498  
232.100     0.35518  
232.200     0.35538  
232.300     0.35559  
232.400     0.35579  
232.500     0.35599  
232.600     0.35619  
232.700     0.35639  
232.800     0.35659  
232.900     0.35680  
233.000     0.35700  
233.100     0.35720  
233.200     0.35740  
233.300     0.35760  
233.400     0.35780  
233.500     0.35801  
233.600     0.35821  
233.700     0.35841  
233.800     0.35861  
233.900     0.35881  
234.000     0.35901  
234.100     0.35922  
234.200     0.35942  
234.300     0.35962  
234.400     0.35982  
234.500     0.36002  
234.600     0.36022  
234.700     0.36043  
234.800     0.36063  
234.900     0.36083  
235.000     0.36103  
235.100     0.36124  
235.200     0.36144  
235.300     0.36164  
235.400     0.36184  
235.500     0.36204  
235.600     0.36225  
235.700     0.36245  
235.800     0.36265  
235.900     0.36285  
236.000     0.36306  
236.100     0.36326  
236.200     0.36346  
236.300     0.36366  
236.400     0.36387  
236.500     0.36407  
236.600     0.36427  
236.700     0.36447  
236.800     0.36468  
236.900     0.36488  
237.000     0.36508  
237.100     0.36528  
237.200     0.36549  
237.300     0.36569  
237.400     0.36589  
237.500     0.36609  
237.600     0.36630  
237.700     0.36650  
237.800     0.36670  
237.900     0.36690  
238.000     0.36711  
238.100     0.36731  
238.200     0.36751  
238.300     0.36771  
238.400     0.36791  
238.500     0.36812  
238.600     0.36832  
238.700     0.36852  
238.800     0.36872  
238.900     0.36892  
239.000     0.36912  
239.100     0.36933  
239.200     0.36953  
239.300     0.36973  
239.400     0.36993  
239.500     0.37013  
239.600     0.37033  
239.700     0.37053  
239.800     0.37073  
239.900     0.37093  
240.000     0.37113  
240.100     0.37133  
240.200     0.37153  
240.300     0.37173  
240.400     0.37193  
240.500     0.37213  
240.600     0.37233  
240.700     0.37253  
240.800     0.37273  
240.900     0.37293  
241.000     0.37313  
241.100     0.37333  
241.200     0.37353  
241.300     0.37373  
241.400     0.37393  
241.500     0.37413  
241.600     0.37433  
241.700     0.37453  
241.800     0.37472  
241.900     0.37492  
242.000     0.37512  
242.100     0.37532  
242.200     0.37552  
242.300     0.37572  
242.400     0.37592  
242.500     0.37612  
242.600     0.37631  
242.700     0.37651  
242.800     0.37671  
242.900     0.37691  
243.000     0.37711  
243.100     0.37731  
243.200     0.37750  
243.300     0.37770  
243.400     0.37790  
243.500     0.37810  
243.600     0.37830  
243.700     0.37850  
243.800     0.37869  
243.900     0.37889  
244.000     0.37909  
244.100     0.37929  
244.200     0.37949  
244.300     0.37969  
244.400     0.37989  
244.500     0.38008  
244.600     0.38028  
244.700     0.38048  
244.800     0.38068  
244.900     0.38088  
245.000     0.38108  
245.100     0.38128  
245.200     0.38148  
245.300     0.38168  
245.400     0.38187  
245.500     0.38207  
245.600     0.38227  
245.700     0.38247  
245.800     0.38267  
245.900     0.38287  
246.000     0.38307  
246.100     0.38327  
246.200     0.38347  
246.300     0.38367  
246.400     0.38387  
246.500     0.38407  
246.600     0.38427  
246.700     0.38447  
246.800     0.38467  
246.900     0.38486  
247.000     0.38506  
247.100     0.38526  
247.200     0.38546  
247.300     0.38566  
247.400     0.38586  
247.500     0.38606  
247.600     0.38626  
247.700     0.38646  
247.800     0.38666  
247.900     0.38686  
248.000     0.38706  
248.100     0.38726  
248.200     0.38746  
248.300     0.38765  
248.400     0.38785  
248.500     0.38805  
248.600     0.38825  
248.700     0.38845  
248.800     0.38865  
248.900     0.38885  
249.000     0.38904  
249.100     0.38924  
249.200     0.38944  
249.300     0.38964  
249.400     0.38984  
249.500     0.39004  
249.600     0.39023  
249.700     0.39043  
249.800     0.39063  
249.900     0.39083  
250.000     0.39102  
250.100     0.39122  
250.200     0.39142  
250.300     0.39161  
250.400     0.39181  
250.500     0.39201  
250.600     0.39220  
250.700     0.39240  
250.800     0.39260  
250.900     0.39279  
251.000     0.39299  
251.100     0.39318  
251.200     0.39338  
251.300     0.39358  
251.400     0.39377  
251.500     0.39397  
251.600     0.39416  
251.700     0.39436  
251.800     0.39455  
251.900     0.39475  
252.000     0.39495  
252.100     0.39514  
252.200     0.39534  
252.300     0.39553  
252.400     0.39573  
252.500     0.39592  
252.600     0.39612  
252.700     0.39631  
252.800     0.39651  
252.900     0.39670  
253.000     0.39690  
253.100     0.39709  
253.200     0.39729  
253.300     0.39748  
253.400     0.39768  
253.500     0.39787  
253.600     0.39807  
253.700     0.39826  
253.800     0.39846  
253.900     0.39865  
254.000     0.39885  
254.100     0.39904  
254.200     0.39924  
254.300     0.39943  
254.400     0.39963  
254.500     0.39982  
254.600     0.40002  
254.700     0.40021  
254.800     0.40041  
254.900     0.40061  
255.000     0.40080  
255.100     0.40100  
255.200     0.40119  
255.300     0.40139  
255.400     0.40158  
255.500     0.40178  
255.600     0.40198  
255.700     0.40217  
255.800     0.40237  
255.900     0.40256  
256.000     0.40276  
256.100     0.40296  
256.200     0.40315  
256.300     0.40335  
256.400     0.40355  
256.500     0.40374  
256.600     0.40394  
256.700     0.40413  
256.800     0.40433  
256.900     0.40453  
257.000     0.40472  
257.100     0.40492  
257.200     0.40512  
257.300     0.40531  
257.400     0.40551  
257.500     0.40570  
257.600     0.40590  
257.700     0.40610  
257.800     0.40629  
257.900     0.40649  
258.000     0.40668  
258.100     0.40688  
258.200     0.40707  
258.300     0.40727  
258.400     0.40747  
258.500     0.40766  
258.600     0.40786  
258.700     0.40805  
258.800     0.40825  
258.900     0.40844  
259.000     0.40864  
259.100     0.40883  
259.200     0.40903  
259.300     0.40922  
259.400     0.40942  
259.500     0.40961  
259.600     0.40980  
259.700     0.41000  
259.800     0.41019  
259.900     0.41039  
260.000     0.41058  
260.100     0.41077  
260.200     0.41097  
260.300     0.41116  
260.400     0.41135  
260.500     0.41155  
260.600     0.41174  
260.700     0.41193  
260.800     0.41212  
260.900     0.41232  
261.000     0.41251  
261.100     0.41270  
261.200     0.41289  
261.300     0.41308  
261.400     0.41328  
261.500     0.41347  
261.600     0.41366  
261.700     0.41385  
261.800     0.41404  
261.900     0.41424  
262.000     0.41443  
262.100     0.41462  
262.200     0.41481  
262.300     0.41500  
262.400     0.41519  
262.500     0.41538  
262.600     0.41557  
262.700     0.41577  
262.800     0.41596  
262.900     0.41615  
263.000     0.41634  
263.100     0.41653  
263.200     0.41672  
263.300     0.41691  
263.400     0.41710  
263.500     0.41729  
263.600     0.41748  
263.700     0.41768  
263.800     0.41787  
263.900     0.41806  
264.000     0.41825  
264.100     0.41844  
264.200     0.41863  
264.300     0.41882  
264.400     0.41901  
264.500     0.41921  
264.600     0.41940  
264.700     0.41959  
264.800     0.41978  
264.900     0.41997  
265.000     0.42016  
265.100     0.42036  
265.200     0.42055  
265.300     0.42074  
265.400     0.42093  
265.500     0.42112  
265.600     0.42132  
265.700     0.42151  
265.800     0.42170  
265.900     0.42189  
266.000     0.42209  
266.100     0.42228  
266.200     0.42247  
266.300     0.42266  
266.400     0.42286  
266.500     0.42305  
266.600     0.42324  
266.700     0.42343  
266.800     0.42363  
266.900     0.42382  
267.000     0.42401  
267.100     0.42420  
267.200     0.42440  
267.300     0.42459  
267.400     0.42478  
267.500     0.42497  
267.600     0.42516  
267.700     0.42536  
267.800     0.42555  
267.900     0.42574  
268.000     0.42593  
268.100     0.42612  
268.200     0.42632  
268.300     0.42651  
268.400     0.42670  
268.500     0.42689  
268.600     0.42708  
268.700     0.42727  
268.800     0.42747  
268.900     0.42766  
269.000     0.42785  
269.100     0.42804  
269.200     0.42823  
269.300     0.42842  
269.400     0.42861  
269.500     0.42880  
269.600     0.42899  
269.700     0.42918  
269.800     0.42937  
269.900     0.42956  
270.000     0.42975  
270.100     0.42994  
270.200     0.43013  
270.300     0.43031  
270.400     0.43050  
270.500     0.43069  
270.600     0.43088  
270.700     0.43107  
270.800     0.43126  
270.900     0.43144  
271.000     0.43163  
271.100     0.43182  
271.200     0.43201  
271.300     0.43219  
271.400     0.43238  
271.500     0.43257  
271.600     0.43275  
271.700     0.43294  
271.800     0.43313  
271.900     0.43331  
272.000     0.43350  
272.100     0.43369  
272.200     0.43387  
272.300     0.43406  
272.400     0.43425  
272.500     0.43443  
272.600     0.43462  
272.700     0.43481  
272.800     0.43499  
272.900     0.43518  
273.000     0.43536  
273.100     0.43555  
273.200     0.43574  
273.300     0.43592  
273.400     0.43611  
273.500     0.43629  
273.600     0.43648  
273.700     0.43667  
273.800     0.43685  
273.900     0.43704  
274.000     0.43722  
274.100     0.43741  
274.200     0.43760  
274.300     0.43778  
274.400     0.43797  
274.500     0.43816  
274.600     0.43834  
274.700     0.43853  
274.800     0.43872  
274.900     0.43890  
275.000     0.43909  
275.100     0.43928  
275.200     0.43946  
275.300     0.43965  
275.400     0.43984  
275.500     0.44003  
275.600     0.44021  
275.700     0.44040  
275.800     0.44059  
275.900     0.44078  
276.000     0.44096  
276.100     0.44115  
276.200     0.44134  
276.300     0.44153  
276.400     0.44171  
276.500     0.44190  
276.600     0.44209  
276.700     0.44228  
276.800     0.44247  
276.900     0.44265  
277.000     0.44284  
277.100     0.44303  
277.200     0.44322  
277.300     0.44340  
277.400     0.44359  
277.500     0.44378  
277.600     0.44397  
277.700     0.44415  
277.800     0.44434  
277.900     0.44453  
278.000     0.44472  
278.100     0.44490  
278.200     0.44509  
278.300     0.44528  
278.400     0.44546  
278.500     0.44565  
278.600     0.44584  
278.700     0.44602  
278.800     0.44621  
278.900     0.44640  
279.000     0.44658  
279.100     0.44677  
279.200     0.44695  
279.300     0.44714  
279.400     0.44732  
279.500     0.44751  
279.600     0.44769  
279.700     0.44788  
279.800     0.44806  
279.900     0.44825  
280.000     0.44843  
280.100     0.44862  
280.200     0.44880  
280.300     0.44898  
280.400     0.44917  
280.500     0.44935  
280.600     0.44953  
280.700     0.44972  
280.800     0.44990  
280.900     0.45008  
281.000     0.45026  
281.100     0.45044  
281.200     0.45063  
281.300     0.45081  
281.400     0.45099  
281.500     0.45117  
281.600     0.45135  
281.700     0.45153  
281.800     0.45172  
281.900     0.45190  
282.000     0.45208  
282.100     0.45226  
282.200     0.45244  
282.300     0.45262  
282.400     0.45280  
282.500     0.45298  
282.600     0.45316  
282.700     0.45334  
282.800     0.45352  
282.900     0.45370  
283.000     0.45388  
283.100     0.45407  
283.200     0.45425  
283.300     0.45443  
283.400     0.45461  
283.500     0.45479  
283.600     0.45497  
283.700     0.45515  
283.800     0.45533  
283.900     0.45551  
284.000     0.45569  
284.100     0.45587  
284.200     0.45605  
284.300     0.45623  
284.400     0.45641  
284.500     0.45659  
284.600     0.45677  
284.700     0.45696  
284.800     0.45714  
284.900     0.45732  
285.000     0.45750  
285.100     0.45768  
285.200     0.45786  
285.300     0.45804  
285.400     0.45823  
285.500     0.45841  
285.600     0.45859  
285.700     0.45877  
285.800     0.45895  
285.900     0.45914  
286.000     0.45932  
286.100     0.45950  
286.200     0.45968  
286.300     0.45986  
286.400     0.46005  
286.500     0.46023  
286.600     0.46041  
286.700     0.46059  
286.800     0.46078  
286.900     0.46096  
287.000     0.46114  
287.100     0.46132  
287.200     0.46150  
287.300     0.46169  
287.400     0.46187  
287.500     0.46205  
287.600     0.46223  
287.700     0.46242  
287.800     0.46260  
287.900     0.46278  
288.000     0.46296  
288.100     0.46314  
288.200     0.46332  
288.300     0.46351  
288.400     0.46369  
288.500     0.46387  
288.600     0.46405  
288.700     0.46423  
288.800     0.46441  
288.900     0.46459  
289.000     0.46477  
289.100     0.46495  
289.200     0.46513  
289.300     0.46531  
289.400     0.46549  
289.500     0.46567  
289.600     0.46585  
289.700     0.46603  
289.800     0.46621  
289.900     0.46639  
290.000     0.46657  
290.100     0.46674  
290.200     0.46692  
290.300     0.46710  
290.400     0.46728  
290.500     0.46746  
290.600     0.46763  
290.700     0.46781  
290.800     0.46799  
290.900     0.46816  
291.000     0.46834  
291.100     0.46852  
291.200     0.46869  
291.300     0.46887  
291.400     0.46904  
291.500     0.46922  
291.600     0.46940  
291.700     0.46957  
291.800     0.46975  
291.900     0.46992  
292.000     0.47010  
292.100     0.47027  
292.200     0.47045  
292.300     0.47062  
292.400     0.47080  
292.500     0.47097  
292.600     0.47115  
292.700     0.47132  
292.800     0.47150  
292.900     0.47167  
293.000     0.47184  
293.100     0.47202  
293.200     0.47219  
293.300     0.47237  
293.400     0.47254  
293.500     0.47272  
293.600     0.47289  
293.700     0.47307  
293.800     0.47324  
293.900     0.47342  
294.000     0.47359  
294.100     0.47377  
294.200     0.47394  
294.300     0.47412  
294.400     0.47429  
294.500     0.47447  
294.600     0.47464  
294.700     0.47482  
294.800     0.47499  
294.900     0.47517  
295.000     0.47534  
295.100     0.47552  
295.200     0.47569  
295.300     0.47587  
295.400     0.47605  
295.500     0.47622  
295.600     0.47640  
295.700     0.47657  
295.800     0.47675  
295.900     0.47693  
296.000     0.47710  
296.100     0.47728  
296.200     0.47746  
296.300     0.47763  
296.400     0.47781  
296.500     0.47799  
296.600     0.47816  
296.700     0.47834  
296.800     0.47852  
296.900     0.47869  
297.000     0.47887  
297.100     0.47904  
297.200     0.47922  
297.300     0.47940  
297.400     0.47957  
297.500     0.47975  
297.600     0.47993  
297.700     0.48010  
297.800     0.48028  
297.900     0.48045  
298.000     0.48063  
298.100     0.48081  
298.200     0.48098  
298.300     0.48116  
298.400     0.48133  
298.500     0.48151  
298.600     0.48168  
298.700     0.48186  
298.800     0.48203  
298.900     0.48221  
299.000     0.48238  
299.100     0.48256  
299.200     0.48273  
299.300     0.48291  
299.400     0.48308  
299.500     0.48325  
299.600     0.48343  
299.700     0.48360  
299.800     0.48377  
299.900     0.48395  
300.000     0.48412  
300.100     0.48429  
300.200     0.48446  
300.300     0.48463  
300.400     0.48481  
300.500     0.48498  
300.600     0.48515  
300.700     0.48532  
300.800     0.48549  
300.900     0.48566  
301.000     0.48583  
301.100     0.48600  
301.200     0.48617  
301.300     0.48634  
301.400     0.48651  
301.500     0.48668  
301.600     0.48685  
301.700     0.48702  
301.800     0.48719  
301.900     0.48736  
302.000     0.48753  
302.100     0.48769  
302.200     0.48786  
302.300     0.48803  
302.400     0.48820  
302.500     0.48837  
302.600     0.48854  
302.700     0.48871  
302.800     0.48887  
302.900     0.48904  
303.000     0.48921  
303.100     0.48938  
303.200     0.48955  
303.300     0.48971  
303.400     0.48988  
303.500     0.49005  
303.600     0.49022  
303.700     0.49039  
303.800     0.49056  
303.900     0.49072  
304.000     0.49089  
304.100     0.49106  
304.200     0.49123  
304.300     0.49140  
304.400     0.49157  
304.500     0.49174  
304.600     0.49190  
304.700     0.49207  
304.800     0.49224  
304.900     0.49241  
305.000     0.49258  
305.100     0.49275  
305.200     0.49292  
305.300     0.49309  
305.400     0.49326  
305.500     0.49343  
305.600     0.49360  
305.700     0.49377  
305.800     0.49394  
305.900     0.49411  
306.000     0.49428  
306.100     0.49445  
306.200     0.49462  
306.300     0.49479  
306.400     0.49496  
306.500     0.49513  
306.600     0.49530  
306.700     0.49547  
306.800     0.49564  
306.900     0.49581  
307.000     0.49598  
307.100     0.49615  
307.200     0.49632  
307.300     0.49649  
307.400     0.49666  
307.500     0.49683  
307.600     0.49700  
307.700     0.49717  
307.800     0.49734  
307.900     0.49751  
308.000     0.49768  
308.100     0.49785  
308.200     0.49802  
308.300     0.49819  
308.400     0.49836  
308.500     0.49853  
308.600     0.49870  
308.700     0.49887  
308.800     0.49904  
308.900     0.49921  
309.000     0.49937  
309.100     0.49954  
309.200     0.49971  
309.300     0.49988  
309.400     0.50004  
309.500     0.50021  
309.600     0.50038  
309.700     0.50055  
309.800     0.50071  
309.900     0.50088  
310.000     0.50104  
310.100     0.50121  
310.200     0.50138  
310.300     0.50154  
310.400     0.50171  
310.500     0.50187  
310.600     0.50203  
310.700     0.50220  
310.800     0.50236  
310.900     0.50253  
311.000     0.50269  
311.100     0.50285  
311.200     0.50302  
311.300     0.50318  
311.400     0.50334  
311.500     0.50351  
311.600     0.50367  
311.700     0.50383  
311.800     0.50399  
311.900     0.50415  
312.000     0.50432  
312.100     0.50448  
312.200     0.50464  
312.300     0.50480  
312.400     0.50496  
312.500     0.50513  
312.600     0.50529  
312.700     0.50545  
312.800     0.50561  
312.900     0.50577  
313.000     0.50593  
313.100     0.50609  
313.200     0.50626  
313.300     0.50642  
313.400     0.50658  
313.500     0.50674  
313.600     0.50690  
313.700     0.50706  
313.800     0.50722  
313.900     0.50739  
314.000     0.50755  
314.100     0.50771  
314.200     0.50787  
314.300     0.50803  
314.400     0.50819  
314.500     0.50836  
314.600     0.50852  
314.700     0.50868  
314.800     0.50884  
314.900     0.50900  
315.000     0.50917  
315.100     0.50933  
315.200     0.50949  
315.300     0.50965  
315.400     0.50982  
315.500     0.50998  
315.600     0.51014  
315.700     0.51031  
315.800     0.51047  
315.900     0.51063  
316.000     0.51080  
316.100     0.51096  
316.200     0.51112  
316.300     0.51129  
316.400     0.51145  
316.500     0.51161  
316.600     0.51178  
316.700     0.51194  
316.800     0.51210  
316.900     0.51227  
317.000     0.51243  
317.100     0.51260  
317.200     0.51276  
317.300     0.51292  
317.400     0.51309  
317.500     0.51325  
317.600     0.51341  
317.700     0.51358  
317.800     0.51374  
317.900     0.51390  
318.000     0.51406  
318.100     0.51423  
318.200     0.51439  
318.300     0.51455  
318.400     0.51472  
318.500     0.51488  
318.600     0.51504  
318.700     0.51520  
318.800     0.51536  
318.900     0.51552  
319.000     0.51569  
319.100     0.51585  
319.200     0.51601  
319.300     0.51617  
319.400     0.51633  
319.500     0.51649  
319.600     0.51665  
319.700     0.51681  
319.800     0.51697  
319.900     0.51713  
320.000     0.51729  
320.100     0.51745  
320.200     0.51760  
320.300     0.51776  
320.400     0.51792  
320.500     0.51808  
320.600     0.51824  
320.700     0.51839  
320.800     0.51855  
320.900     0.51871  
321.000     0.51886  
321.100     0.51902  
321.200     0.51917  
321.300     0.51933  
321.400     0.51949  
321.500     0.51964  
321.600     0.51980  
321.700     0.51995  
321.800     0.52011  
321.900     0.52026  
322.000     0.52042  
322.100     0.52057  
322.200     0.52073  
322.300     0.52088  
322.400     0.52104  
322.500     0.52119  
322.600     0.52135  
322.700     0.52150  
322.800     0.52165  
322.900     0.52181  
323.000     0.52196  
323.100     0.52212  
323.200     0.52227  
323.300     0.52242  
323.400     0.52258  
323.500     0.52273  
323.600     0.52289  
323.700     0.52304  
323.800     0.52320  
323.900     0.52335  
324.000     0.52350  
324.100     0.52366  
324.200     0.52381  
324.300     0.52397  
324.400     0.52412  
324.500     0.52428  
324.600     0.52443  
324.700     0.52459  
324.800     0.52474  
324.900     0.52490  
325.000     0.52505  
325.100     0.52521  
325.200     0.52536  
325.300     0.52552  
325.400     0.52567  
325.500     0.52583  
325.600     0.52599  
325.700     0.52614  
325.800     0.52630  
325.900     0.52645  
326.000     0.52661  
326.100     0.52677  
326.200     0.52692  
326.300     0.52708  
326.400     0.52724  
326.500     0.52739  
326.600     0.52755  
326.700     0.52771  
326.800     0.52786  
326.900     0.52802  
327.000     0.52817  
327.100     0.52833  
327.200     0.52849  
327.300     0.52864  
327.400     0.52880  
327.500     0.52896  
327.600     0.52911  
327.700     0.52927  
327.800     0.52942  
327.900     0.52958  
328.000     0.52974  
328.100     0.52989  
328.200     0.53005  
328.300     0.53020  
328.400     0.53036  
328.500     0.53051  
328.600     0.53067  
328.700     0.53082  
328.800     0.53098  
328.900     0.53113  
329.000     0.53129  
329.100     0.53144  
329.200     0.53159  
329.300     0.53175  
329.400     0.53190  
329.500     0.53205  
329.600     0.53221  
329.700     0.53236  
329.800     0.53251  
329.900     0.53266  
330.000     0.53282  
330.100     0.53297  
330.200     0.53312  
330.300     0.53327  
330.400     0.53342  
330.500     0.53357  
330.600     0.53372  
330.700     0.53387  
330.800     0.53402  
330.900     0.53417  
331.000     0.53432  
331.100     0.53447  
331.200     0.53461  
331.300     0.53476  
331.400     0.53491  
331.500     0.53506  
331.600     0.53521  
331.700     0.53536  
331.800     0.53550  
331.900     0.53565  
332.000     0.53580  
332.100     0.53595  
332.200     0.53609  
332.300     0.53624  
332.400     0.53639  
332.500     0.53653  
332.600     0.53668  
332.700     0.53683  
332.800     0.53698  
332.900     0.53712  
333.000     0.53727  
333.100     0.53742  
333.200     0.53756  
333.300     0.53771  
333.400     0.53786  
333.500     0.53800  
333.600     0.53815  
333.700     0.53830  
333.800     0.53844  
333.900     0.53859  
334.000     0.53874  
334.100     0.53888  
334.200     0.53903  
334.300     0.53918  
334.400     0.53932  
334.500     0.53947  
334.600     0.53962  
334.700     0.53977  
334.800     0.53991  
334.900     0.54006  
335.000     0.54021  
335.100     0.54036  
335.200     0.54051  
335.300     0.54065  
335.400     0.54080  
335.500     0.54095  
335.600     0.54110  
335.700     0.54125  
335.800     0.54140  
335.900     0.54155  
336.000     0.54170  
336.100     0.54185  
336.200     0.54199  
336.300     0.54214  
336.400     0.54229  
336.500     0.54244  
336.600     0.54259  
336.700     0.54274  
336.800     0.54289  
336.900     0.54304  
337.000     0.54319  
337.100     0.54334  
337.200     0.54349  
337.300     0.54364  
337.400     0.54378  
337.500     0.54393  
337.600     0.54408  
337.700     0.54423  
337.800     0.54438  
337.900     0.54453  
338.000     0.54468  
338.100     0.54482  
338.200     0.54497  
338.300     0.54512  
338.400     0.54527  
338.500     0.54542  
338.600     0.54556  
338.700     0.54571  
338.800     0.54586  
338.900     0.54601  
339.000     0.54615  
339.100     0.54630  
339.200     0.54644  
339.300     0.54659  
339.400     0.54674  
339.500     0.54688  
339.600     0.54703  
339.700     0.54717  
339.800     0.54732  
339.900     0.54746  
340.000     0.54761  
340.100     0.54775  
340.200     0.54789  
340.300     0.54804  
340.400     0.54818  
340.500     0.54832  
340.600     0.54846  
340.700     0.54860  
340.800     0.54875  
340.900     0.54889  
341.000     0.54903  
341.100     0.54917  
341.200     0.54931  
341.300     0.54945  
341.400     0.54959  
341.500     0.54973  
341.600     0.54987  
341.700     0.55001  
341.800     0.55015  
341.900     0.55029  
342.000     0.55043  
342.100     0.55057  
342.200     0.55071  
342.300     0.55085  
342.400     0.55099  
342.500     0.55113  
342.600     0.55127  
342.700     0.55140  
342.800     0.55154  
342.900     0.55168  
343.000     0.55182  
343.100     0.55196  
343.200     0.55210  
343.300     0.55224  
343.400     0.55237  
343.500     0.55251  
343.600     0.55265  
343.700     0.55279  
343.800     0.55293  
343.900     0.55307  
344.000     0.55321  
344.100     0.55335  
344.200     0.55348  
344.300     0.55362  
344.400     0.55376  
344.500     0.55390  
344.600     0.55404  
344.700     0.55418  
344.800     0.55432  
344.900     0.55446  
345.000     0.55460  
345.100     0.55474  
345.200     0.55488  
345.300     0.55502  
345.400     0.55516  
345.500     0.55530  
345.600     0.55544  
345.700     0.55558  
345.800     0.55572  
345.900     0.55587  
346.000     0.55601  
346.100     0.55615  
346.200     0.55629  
346.300     0.55643  
346.400     0.55657  
346.500     0.55671  
346.600     0.55685  
346.700     0.55700  
346.800     0.55714  
346.900     0.55728  
347.000     0.55742  
347.100     0.55756  
347.200     0.55770  
347.300     0.55784  
347.400     0.55798  
347.500     0.55813  
347.600     0.55827  
347.700     0.55841  
347.800     0.55855  
347.900     0.55869  
348.000     0.55883  
348.100     0.55897  
348.200     0.55911  
348.300     0.55925  
348.400     0.55939  
348.500     0.55953  
348.600     0.55967  
348.700     0.55981  
348.800     0.55995  
348.900     0.56009  
349.000     0.56022  
349.100     0.56036  
349.200     0.56050  
349.300     0.56064  
349.400     0.56078  
349.500     0.56091  
349.600     0.56105  
349.700     0.56119  
349.800     0.56132  
349.900     0.56146  
350.000     0.56159  