 0.000     0.00000  
  0.100     0.00067  
  0.200     0.00191  
  0.300     0.00352  
  0.400     0.00543  
  0.500     0.00760  
  0.600     0.01001  
  0.700     0.01264  
  0.800     0.01546  
  0.900     0.01848  
  1.000     0.02168  
  1.100     0.02506  
  1.200     0.02859  
  1.300     0.03229  
  1.400     0.03613  
  1.500     0.04013  
  1.600     0.04426  
  1.700     0.04853  
  1.800     0.05294  
  1.900     0.05748  
  2.000     0.06215  
  2.100     0.06694  
  2.200     0.07185  
  2.300     0.07689  
  2.400     0.08203  
  2.500     0.08729  
  2.600     0.09267  
  2.700     0.09815  
  2.800     0.10374  
  2.900     0.10943  
  3.000     0.11523  
  3.100     0.12156  
  3.200     0.12789  
  3.300     0.13422  
  3.400     0.14055  
  3.500     0.14688  
  3.600     0.15321  
  3.700     0.15954  
  3.800     0.16587  
  3.900     0.17220  
  4.000     0.17853  
  4.100     0.18573  
  4.200     0.19292  
  4.300     0.20012  
  4.400     0.20732  
  4.500     0.21452  
  4.600     0.22171  
  4.700     0.22891  
  4.800     0.23611  
  4.900     0.24330  
  5.000     0.25050  
  5.100     0.25804  
  5.200     0.26592  
  5.300     0.27400  
  5.400     0.28215  
  5.500     0.29025  
  5.600     0.29821  
  5.700     0.30606  
  5.800     0.31392  
  5.900     0.32187  
  6.000     0.33001  
  6.100     0.33839  
  6.200     0.34697  
  6.300     0.35566  
  6.400     0.36439  
  6.500     0.37307  
  6.600     0.38165  
  6.700     0.39017  
  6.800     0.39871  
  6.900     0.40734  
  7.000     0.41614  
  7.100     0.42514  
  7.200     0.43432  
  7.300     0.44359  
  7.400     0.45288  
  7.500     0.46214  
  7.600     0.47131  
  7.700     0.48043  
  7.800     0.48956  
  7.900     0.49878  
  8.000     0.50814  
  8.100     0.51769  
  8.200     0.52739  
  8.300     0.53718  
  8.400     0.54699  
  8.500     0.55676  
  8.600     0.56646  
  8.700     0.57611  
  8.800     0.58577  
  8.900     0.59551  
  9.000     0.60538  
  9.100     0.61542  
  9.200     0.62559  
  9.300     0.63583  
  9.400     0.64610  
  9.500     0.65634  
  9.600     0.66651  
  9.700     0.67664  
  9.800     0.68678  
  9.900     0.69698  
 10.000     0.70730  
 10.100     0.71776  
 10.200     0.72836  
 10.300     0.73908  
 10.400     0.74988  
 10.500     0.76075  
 10.600     0.77167  
 10.700     0.78260  
 10.800     0.79353  
 10.900     0.80444  
 11.000     0.81529  
 11.100     0.82608  
 11.200     0.83681  
 11.300     0.84751  
 11.400     0.85820  
 11.500     0.86890  
 11.600     0.87964  
 11.700     0.89042  
 11.800     0.90127  
 11.900     0.91222  
 12.000     0.92328  
 12.100     0.93448  
 12.200     0.94579  
 12.300     0.95719  
 12.400     0.96867  
 12.500     0.98021  
 12.600     0.99178  
 12.700     1.00337  
 12.800     1.01496  
 12.900     1.02653  
 13.000     1.03806  
 13.100     1.04953  
 13.200     1.06095  
 13.300     1.07235  
 13.400     1.08374  
 13.500     1.09514  
 13.600     1.10656  
 13.700     1.11802  
 13.800     1.12954  
 13.900     1.14114  
 14.000     1.15283  
 14.100     1.16462  
 14.200     1.17651  
 14.300     1.18847  
 14.400     1.20050  
 14.500     1.21257  
 14.600     1.22467  
 14.700     1.23678  
 14.800     1.24890  
 14.900     1.26099  
 15.000     1.27306  
 15.100     1.28508  
 15.200     1.29706  
 15.300     1.30902  
 15.400     1.32097  
 15.500     1.33293  
 15.600     1.34491  
 15.700     1.35692  
 15.800     1.36898  
 15.900     1.38110  
 16.000     1.39329  
 16.100     1.40556  
 16.200     1.41791  
 16.300     1.43033  
 16.400     1.44279  
 16.500     1.45529  
 16.600     1.46781  
 16.700     1.48034  
 16.800     1.49288  
 16.900     1.50540  
 17.000     1.51789  
 17.100     1.53035  
 17.200     1.54278  
 17.300     1.55519  
 17.400     1.56759  
 17.500     1.58000  
 17.600     1.59242  
 17.700     1.60487  
 17.800     1.61736  
 17.900     1.62990  
 18.000     1.64249  
 18.100     1.65515  
 18.200     1.66787  
 18.300     1.68063  
 18.400     1.69344  
 18.500     1.70628  
 18.600     1.71913  
 18.700     1.73200  
 18.800     1.74486  
 18.900     1.75772  
 19.000     1.77055  
 19.100     1.78336  
 19.200     1.79614  
 19.300     1.80891  
 19.400     1.82167  
 19.500     1.83444  
 19.600     1.84722  
 19.700     1.86001  
 19.800     1.87284  
 19.900     1.88570  
 20.000     1.89861  
 20.100     1.91157  
 20.200     1.92458  
 20.300     1.93762  
 20.400     1.95070  
 20.500     1.96380  
 20.600     1.97691  
 20.700     1.99003  
 20.800     2.00316  
 20.900     2.01627  
 21.000     2.02937  
 21.100     2.04244  
 21.200     2.05550  
 21.300     2.06855  
 21.400     2.08159  
 21.500     2.09464  
 21.600     2.10769  
 21.700     2.12076  
 21.800     2.13385  
 21.900     2.14697  
 22.000     2.16012  
 22.100     2.17331  
 22.200     2.18653  
 22.300     2.19978  
 22.400     2.21306  
 22.500     2.22635  
 22.600     2.23966  
 22.700     2.25298  
 22.800     2.26629  
 22.900     2.27960  
 23.000     2.29290  
 23.100     2.30619  
 23.200     2.31947  
 23.300     2.33273  
 23.400     2.34600  
 23.500     2.35926  
 23.600     2.37253  
 23.700     2.38580  
 23.800     2.39908  
 23.900     2.41237  
 24.000     2.42569  
 24.100     2.43902  
 24.200     2.45237  
 24.300     2.46574  
 24.400     2.47913  
 24.500     2.49252  
 24.600     2.50593  
 24.700     2.51935  
 24.800     2.53277  
 24.900     2.54620  
 25.000     2.55964  
 25.100     2.57307  
 25.200     2.58651  
 25.300     2.59994  
 25.400     2.61339  
 25.500     2.62684  
 25.600     2.64029  
 25.700     2.65375  
 25.800     2.66722  
 25.900     2.68070  
 26.000     2.69419  
 26.100     2.70769  
 26.200     2.72120  
 26.300     2.73471  
 26.400     2.74823  
 26.500     2.76176  
 26.600     2.77529  
 26.700     2.78882  
 26.800     2.80236  
 26.900     2.81588  
 27.000     2.82941  
 27.100     2.84293  
 27.200     2.85645  
 27.300     2.86996  
 27.400     2.88348  
 27.500     2.89699  
 27.600     2.91051  
 27.700     2.92403  
 27.800     2.93756  
 27.900     2.95109  
 28.000     2.96463  
 28.100     2.97819  
 28.200     2.99175  
 28.300     3.00532  
 28.400     3.01889  
 28.500     3.03247  
 28.600     3.04606  
 28.700     3.05964  
 28.800     3.07323  
 28.900     3.08682  
 29.000     3.10040  
 29.100     3.11399  
 29.200     3.12757  
 29.300     3.14114  
 29.400     3.15472  
 29.500     3.16830  
 29.600     3.18187  
 29.700     3.19545  
 29.800     3.20902  
 29.900     3.22260  
 30.000     3.23617  
 30.100     3.24975  
 30.200     3.26333  
 30.300     3.27690  
 30.400     3.29048  
 30.500     3.30406  
 30.600     3.31764  
 30.700     3.33122  
 30.800     3.34480  
 30.900     3.35838  
 31.000     3.37197  
 31.100     3.38554  
 31.200     3.39912  
 31.300     3.41270  
 31.400     3.42628  
 31.500     3.43986  
 31.600     3.45344  
 31.700     3.46702  
 31.800     3.48060  
 31.900     3.49418  
 32.000     3.50776  
 32.100     3.52134  
 32.200     3.53492  
 32.300     3.54850  
 32.400     3.56208  
 32.500     3.57566  
 32.600     3.58924  
 32.700     3.60282  
 32.800     3.61640  
 32.900     3.62998  
 33.000     3.64355  
 33.100     3.65713  
 33.200     3.67070  
 33.300     3.68427  
 33.400     3.69784  
 33.500     3.71142  
 33.600     3.72500  
 33.700     3.73858  
 33.800     3.75216  
 33.900     3.76575  
 34.000     3.77935  
 34.100     3.79295  
 34.200     3.80655  
 34.300     3.82015  
 34.400     3.83375  
 34.500     3.84735  
 34.600     3.86094  
 34.700     3.87451  
 34.800     3.88807  
 34.900     3.90162  
 35.000     3.91514  
 35.100     3.92864  
 35.200     3.94212  
 35.300     3.95558  
 35.400     3.96902  
 35.500     3.98246  
 35.600     3.99588  
 35.700     4.00930  
 35.800     4.02272  
 35.900     4.03613  
 36.000     4.04955  
 36.100     4.06298  
 36.200     4.07641  
 36.300     4.08984  
 36.400     4.10328  
 36.500     4.11673  
 36.600     4.13017  
 36.700     4.14362  
 36.800     4.15707  
 36.900     4.17052  
 37.000     4.18397  
 37.100     4.19742  
 37.200     4.21086  
 37.300     4.22431  
 37.400     4.23776  
 37.500     4.25120  
 37.600     4.26464  
 37.700     4.27808  
 37.800     4.29152  
 37.900     4.30495  
 38.000     4.31838  
 38.100     4.33181  
 38.200     4.34524  
 38.300     4.35867  
 38.400     4.37210  
 38.500     4.38553  
 38.600     4.39897  
 38.700     4.41241  
 38.800     4.42587  
 38.900     4.43933  
 39.000     4.45280  
 39.100     4.46628  
 39.200     4.47977  
 39.300     4.49326  
 39.400     4.50675  
 39.500     4.52022  
 39.600     4.53368  
 39.700     4.54711  
 39.800     4.56052  
 39.900     4.57389  
 40.000     4.58721  
 40.100     4.60050  
 40.200     4.61374  
 40.300     4.62695  
 40.400     4.64013  
 40.500     4.65328  
 40.600     4.66642  
 40.700     4.67955  
 40.800     4.69267  
 40.900     4.70579  
 41.000     4.71892  
 41.100     4.73205  
 41.200     4.74520  
 41.300     4.75836  
 41.400     4.77153  
 41.500     4.78470  
 41.600     4.79788  
 41.700     4.81106  
 41.800     4.82425  
 41.900     4.83743  
 42.000     4.85062  
 42.100     4.86380  
 42.200     4.87698  
 42.300     4.89016  
 42.400     4.90333  
 42.500     4.91650  
 42.600     4.92967  
 42.700     4.94284  
 42.800     4.95600  
 42.900     4.96916  
 43.000     4.98232  
 43.100     4.99547  
 43.200     5.00862  
 43.300     5.02177  
 43.400     5.03493  
 43.500     5.04809  
 43.600     5.06125  
 43.700     5.07443  
 43.800     5.08761  
 43.900     5.10081  
 44.000     5.11402  
 44.100     5.12725  
 44.200     5.14048  
 44.300     5.15372  
 44.400     5.16695  
 44.500     5.18016  
 44.600     5.19335  
 44.700     5.20651  
 44.800     5.21963  
 44.900     5.23270  
 45.000     5.24572  
 45.100     5.25868  
 45.200     5.27158  
 45.300     5.28443  
 45.400     5.29725  
 45.500     5.31003  
 45.600     5.32279  
 45.700     5.33554  
 45.800     5.34828  
 45.900     5.36101  
 46.000     5.37376  
 46.100     5.38652  
 46.200     5.39930  
 46.300     5.41209  
 46.400     5.42489  
 46.500     5.43770  
 46.600     5.45051  
 46.700     5.46333  
 46.800     5.47615  
 46.900     5.48898  
 47.000     5.50180  
 47.100     5.51462  
 47.200     5.52744  
 47.300     5.54025  
 47.400     5.55306  
 47.500     5.56587  
 47.600     5.57867  
 47.700     5.59147  
 47.800     5.60426  
 47.900     5.61705  
 48.000     5.62984  
 48.100     5.64262  
 48.200     5.65541  
 48.300     5.66819  
 48.400     5.68097  
 48.500     5.69376  
 48.600     5.70656  
 48.700     5.71937  
 48.800     5.73219  
 48.900     5.74503  
 49.000     5.75788  
 49.100     5.77075  
 49.200     5.78363  
 49.300     5.79652  
 49.400     5.80939  
 49.500     5.82224  
 49.600     5.83507  
 49.700     5.84786  
 49.800     5.86061  
 49.900     5.87330  
 50.000     5.88592  
 50.100     5.89847  
 50.200     5.91096  
 50.300     5.92339  
 50.400     5.93578  
 50.500     5.94812  
 50.600     5.96044  
 50.700     5.97275  
 50.800     5.98504  
 50.900     5.99734  
 51.000     6.00964  
 51.100     6.02196  
 51.200     6.03430  
 51.300     6.04666  
 51.400     6.05902  
 51.500     6.07140  
 51.600     6.08379  
 51.700     6.09618  
 51.800     6.10857  
 51.900     6.12097  
 52.000     6.13336  
 52.100     6.14575  
 52.200     6.15814  
 52.300     6.17052  
 52.400     6.18290  
 52.500     6.19527  
 52.600     6.20764  
 52.700     6.22001  
 52.800     6.23237  
 52.900     6.24473  
 53.000     6.25708  
 53.100     6.26943  
 53.200     6.28178  
 53.300     6.29412  
 53.400     6.30648  
 53.500     6.31883  
 53.600     6.33120  
 53.700     6.34358  
 53.800     6.35597  
 53.900     6.36837  
 54.000     6.38080  
 54.100     6.39325  
 54.200     6.40570  
 54.300     6.41816  
 54.400     6.43061  
 54.500     6.44304  
 54.600     6.45544  
 54.700     6.46779  
 54.800     6.48010  
 54.900     6.49235  
 55.000     6.50452  
 55.100     6.51661  
 55.200     6.52864  
 55.300     6.54060  
 55.400     6.55251  
 55.500     6.56438  
 55.600     6.57622  
 55.700     6.58804  
 55.800     6.59985  
 55.900     6.61166  
 56.000     6.62348  
 56.100     6.63532  
 56.200     6.64718  
 56.300     6.65906  
 56.400     6.67095  
 56.500     6.68285  
 56.600     6.69476  
 56.700     6.70668  
 56.800     6.71860  
 56.900     6.73052  
 57.000     6.74244  
 57.100     6.75436  
 57.200     6.76627  
 57.300     6.77818  
 57.400     6.79008  
 57.500     6.80198  
 57.600     6.81387  
 57.700     6.82576  
 57.800     6.83765  
 57.900     6.84953  
 58.000     6.86140  
 58.100     6.87328  
 58.200     6.88515  
 58.300     6.89702  
 58.400     6.90889  
 58.500     6.92077  
 58.600     6.93266  
 58.700     6.94456  
 58.800     6.95648  
 58.900     6.96841  
 59.000     6.98037  
 59.100     6.99234  
 59.200     7.00433  
 59.300     7.01631  
 59.400     7.02829  
 59.500     7.04025  
 59.600     7.05217  
 59.700     7.06405  
 59.800     7.07588  
 59.900     7.08764  
 60.000     7.09933  
 60.100     7.11093  
 60.200     7.12246  
 60.300     7.13392  
 60.400     7.14533  
 60.500     7.15669  
 60.600     7.16803  
 60.700     7.17934  
 60.800     7.19064  
 60.900     7.20194  
 61.000     7.21326  
 61.100     7.22459  
 61.200     7.23595  
 61.300     7.24732  
 61.400     7.25871  
 61.500     7.27011  
 61.600     7.28152  
 61.700     7.29294  
 61.800     7.30435  
 61.900     7.31577  
 62.000     7.32719  
 62.100     7.33861  
 62.200     7.35002  
 62.300     7.36142  
 62.400     7.37282  
 62.500     7.38422  
 62.600     7.39561  
 62.700     7.40699  
 62.800     7.41838  
 62.900     7.42975  
 63.000     7.44113  
 63.100     7.45249  
 63.200     7.46386  
 63.300     7.47523  
 63.400     7.48660  
 63.500     7.49797  
 63.600     7.50936  
 63.700     7.52076  
 63.800     7.53217  
 63.900     7.54360  
 64.000     7.55506  
 64.100     7.56653  
 64.200     7.57802  
 64.300     7.58950  
 64.400     7.60098  
 64.500     7.61243  
 64.600     7.62386  
 64.700     7.63523  
 64.800     7.64656  
 64.900     7.65781  
 65.000     7.66899  
 65.100     7.68008  
 65.200     7.69110  
 65.300     7.70204  
 65.400     7.71294  
 65.500     7.72378  
 65.600     7.73460  
 65.700     7.74539  
 65.800     7.75617  
 65.900     7.76696  
 66.000     7.77775  
 66.100     7.78857  
 66.200     7.79941  
 66.300     7.81026  
 66.400     7.82114  
 66.500     7.83202  
 66.600     7.84291  
 66.700     7.85381  
 66.800     7.86471  
 66.900     7.87562  
 67.000     7.88652  
 67.100     7.89742  
 67.200     7.90831  
 67.300     7.91920  
 67.400     7.93008  
 67.500     7.94096  
 67.600     7.95183  
 67.700     7.96270  
 67.800     7.97357  
 67.900     7.98443  
 68.000     7.99528  
 68.100     8.00613  
 68.200     8.01698  
 68.300     8.02783  
 68.400     8.03869  
 68.500     8.04955  
 68.600     8.06042  
 68.700     8.07130  
 68.800     8.08219  
 68.900     8.09311  
 69.000     8.10405  
 69.100     8.11500  
 69.200     8.12597  
 69.300     8.13694  
 69.400     8.14790  
 69.500     8.15884  
 69.600     8.16975  
 69.700     8.18061  
 69.800     8.19141  
 69.900     8.20215  
 70.000     8.21281  
 70.100     8.22338  
 70.200     8.23388  
 70.300     8.24430  
 70.400     8.25467  
 70.500     8.26500  
 70.600     8.27529  
 70.700     8.28557  
 70.800     8.29583  
 70.900     8.30609  
 71.000     8.31636  
 71.100     8.32666  
 71.200     8.33698  
 71.300     8.34731  
 71.400     8.35766  
 71.500     8.36802  
 71.600     8.37839  
 71.700     8.38877  
 71.800     8.39915  
 71.900     8.40954  
 72.000     8.41992  
 72.100     8.43029  
 72.200     8.44067  
 72.300     8.45103  
 72.400     8.46140  
 72.500     8.47175  
 72.600     8.48211  
 72.700     8.49245  
 72.800     8.50280  
 72.900     8.51314  
 73.000     8.52347  
 73.100     8.53380  
 73.200     8.54413  
 73.300     8.55446  
 73.400     8.56479  
 73.500     8.57513  
 73.600     8.58548  
 73.700     8.59584  
 73.800     8.60621  
 73.900     8.61661  
 74.000     8.62702  
 74.100     8.63746  
 74.200     8.64791  
 74.300     8.65836  
 74.400     8.66879  
 74.500     8.67921  
 74.600     8.68960  
 74.700     8.69994  
 74.800     8.71022  
 74.900     8.72044  
 75.000     8.73058  
 75.100     8.74063  
 75.200     8.75061  
 75.300     8.76051  
 75.400     8.77037  
 75.500     8.78018  
 75.600     8.78995  
 75.700     8.79971  
 75.800     8.80945  
 75.900     8.81920  
 76.000     8.82895  
 76.100     8.83873  
 76.200     8.84853  
 76.300     8.85835  
 76.400     8.86818  
 76.500     8.87802  
 76.600     8.88788  
 76.700     8.89774  
 76.800     8.90760  
 76.900     8.91747  
 77.000     8.92733  
 77.100     8.93719  
 77.200     8.94704  
 77.300     8.95689  
 77.400     8.96674  
 77.500     8.97658  
 77.600     8.98641  
 77.700     8.99624  
 77.800     9.00607  
 77.900     9.01589  
 78.000     9.02570  
 78.100     9.03552  
 78.200     9.04533  
 78.300     9.05514  
 78.400     9.06496  
 78.500     9.07478  
 78.600     9.08461  
 78.700     9.09445  
 78.800     9.10431  
 78.900     9.11419  
 79.000     9.12408  
 79.100     9.13400  
 79.200     9.14393  
 79.300     9.15386  
 79.400     9.16378  
 79.500     9.17367  
 79.600     9.18354  
 79.700     9.19336  
 79.800     9.20313  
 79.900     9.21283  
 80.000     9.22246  
 80.100     9.23200  
 80.200     9.24146  
 80.300     9.25086  
 80.400     9.26021  
 80.500     9.26951  
 80.600     9.27878  
 80.700     9.28802  
 80.800     9.29726  
 80.900     9.30650  
 81.000     9.31575  
 81.100     9.32502  
 81.200     9.33431  
 81.300     9.34362  
 81.400     9.35294  
 81.500     9.36228  
 81.600     9.37162  
 81.700     9.38097  
 81.800     9.39033  
 81.900     9.39968  
 82.000     9.40904  
 82.100     9.41839  
 82.200     9.42773  
 82.300     9.43707  
 82.400     9.44641  
 82.500     9.45574  
 82.600     9.46506  
 82.700     9.47439  
 82.800     9.48370  
 82.900     9.49302  
 83.000     9.50233  
 83.100     9.51163  
 83.200     9.52093  
 83.300     9.53024  
 83.400     9.53954  
 83.500     9.54886  
 83.600     9.55818  
 83.700     9.56751  
 83.800     9.57686  
 83.900     9.58623  
 84.000     9.59561  
 84.100     9.60502  
 84.200     9.61444  
 84.300     9.62386  
 84.400     9.63327  
 84.500     9.64265  
 84.600     9.65201  
 84.700     9.66132  
 84.800     9.67058  
 84.900     9.67978  
 85.000     9.68890  
 85.100     9.69794  
 85.200     9.70691  
 85.300     9.71581  
 85.400     9.72466  
 85.500     9.73346  
 85.600     9.74224  
 85.700     9.75099  
 85.800     9.75974  
 85.900     9.76848  
 86.000     9.77724  
 86.100     9.78601  
 86.200     9.79481  
 86.300     9.80363  
 86.400     9.81245  
 86.500     9.82129  
 86.600     9.83014  
 86.700     9.83900  
 86.800     9.84786  
 86.900     9.85672  
 87.000     9.86557  
 87.100     9.87443  
 87.200     9.88328  
 87.300     9.89212  
 87.400     9.90096  
 87.500     9.90980  
 87.600     9.91863  
 87.700     9.92745  
 87.800     9.93628  
 87.900     9.94509  
 88.000     9.95391  
 88.100     9.96272  
 88.200     9.97152  
 88.300     9.98033  
 88.400     9.98915  
 88.500     9.99796  
 88.600    10.00679  
 88.700    10.01563  
 88.800    10.02448  
 88.900    10.03335  
 89.000    10.04224  
 89.100    10.05115  
 89.200    10.06007  
 89.300    10.06899  
 89.400    10.07790  
 89.500    10.08679  
 89.600    10.09565  
 89.700    10.10447  
 89.800    10.11324  
 89.900    10.12194  
 90.000    10.13057  
 90.100    10.13913  
 90.200    10.14761  
 90.300    10.15603  
 90.400    10.16440  
 90.500    10.17273  
 90.600    10.18102  
 90.700    10.18930  
 90.800    10.19757  
 90.900    10.20584  
 91.000    10.21412  
 91.100    10.22242  
 91.200    10.23073  
 91.300    10.23907  
 91.400    10.24742  
 91.500    10.25578  
 91.600    10.26415  
 91.700    10.27252  
 91.800    10.28090  
 91.900    10.28928  
 92.000    10.29766  
 92.100    10.30603  
 92.200    10.31440  
 92.300    10.32276  
 92.400    10.33112  
 92.500    10.33948  
 92.600    10.34783  
 92.700    10.35618  
 92.800    10.36452  
 92.900    10.37286  
 93.000    10.38120  
 93.100    10.38953  
 93.200    10.39786  
 93.300    10.40619  
 93.400    10.41452  
 93.500    10.42286  
 93.600    10.43121  
 93.700    10.43957  
 93.800    10.44794  
 93.900    10.45633  
 94.000    10.46474  
 94.100    10.47316  
 94.200    10.48160  
 94.300    10.49004  
 94.400    10.49847  
 94.500    10.50688  
 94.600    10.51526  
 94.700    10.52360  
 94.800    10.53189  
 94.900    10.54012  
 95.000    10.54828  
 95.100    10.55637  
 95.200    10.56438  
 95.300    10.57234  
 95.400    10.58024  
 95.500    10.58811  
 95.600    10.59595  
 95.700    10.60377  
 95.800    10.61158  
 95.900    10.61939  
 96.000    10.62721  
 96.100    10.63505  
 96.200    10.64291  
 96.300    10.65078  
 96.400    10.65867  
 96.500    10.66657  
 96.600    10.67448  
 96.700    10.68239  
 96.800    10.69031  
 96.900    10.69822  
 97.000    10.70614  
 97.100    10.71405  
 97.200    10.72196  
 97.300    10.72986  
 97.400    10.73776  
 97.500    10.74565  
 97.600    10.75355  
 97.700    10.76143  
 97.800    10.76932  
 97.900    10.77719  
 98.000    10.78507  
 98.100    10.79294  
 98.200    10.80081  
 98.300    10.80868  
 98.400    10.81656  
 98.500    10.82443  
 98.600    10.83232  
 98.700    10.84022  
 98.800    10.84813  
 98.900    10.85606  
 99.000    10.86400  
 99.100    10.87196  
 99.200    10.87993  
 99.300    10.88790  
 99.400    10.89587  
 99.500    10.90381  
 99.600    10.91173  
 99.700    10.91961  
 99.800    10.92744  
 99.900    10.93522  
100.000    10.94293  
100.100    10.95057  
100.200    10.95814  
100.300    10.96564  
100.400    10.97308  
100.500    10.98047  
100.600    10.98780  
100.700    10.99509  
100.800    11.00234  
100.900    11.00954  
101.000    11.01672  
101.100    11.02387  
101.200    11.03100  
101.300    11.03810  
101.400    11.04520  
101.500    11.05228  
101.600    11.05937  
101.700    11.06645  
101.800    11.07354  
101.900    11.08063  
102.000    11.08775  
102.100    11.09488  
102.200    11.10203  
102.300    11.10920  
102.400    11.11638  
102.500    11.12358  
102.600    11.13080  
102.700    11.13802  
102.800    11.14526  
102.900    11.15251  
103.000    11.15976  
103.100    11.16703  
103.200    11.17430  
103.300    11.18158  
103.400    11.18886  
103.500    11.19614  
103.600    11.20343  
103.700    11.21071  
103.800    11.21800  
103.900    11.22529  
104.000    11.23257  
104.100    11.23984  
104.200    11.24712  
104.300    11.25439  
104.400    11.26165  
104.500    11.26892  
104.600    11.27617  
104.700    11.28343  
104.800    11.29068  
104.900    11.29792  
105.000    11.30517  
105.100    11.31240  
105.200    11.31964  
105.300    11.32687  
105.400    11.33410  
105.500    11.34132  
105.600    11.34854  
105.700    11.35576  
105.800    11.36297  
105.900    11.37018  
106.000    11.37738  
106.100    11.38459  
106.200    11.39179  
106.300    11.39899  
106.400    11.40618  
106.500    11.41338  
106.600    11.42058  
106.700    11.42779  
106.800    11.43500  
106.900    11.44221  
107.000    11.44943  
107.100    11.45665  
107.200    11.46389  
107.300    11.47113  
107.400    11.47839  
107.500    11.48566  
107.600    11.49294  
107.700    11.50023  
107.800    11.50754  
107.900    11.51486  
108.000    11.52220  
108.100    11.52956  
108.200    11.53694  
108.300    11.54432  
108.400    11.55170  
108.500    11.55909  
108.600    11.56648  
108.700    11.57385  
108.800    11.58122  
108.900    11.58856  
109.000    11.59589  
109.100    11.60319  
109.200    11.61046  
109.300    11.61770  
109.400    11.62489  
109.500    11.63205  
109.600    11.63915  
109.700    11.64621  
109.800    11.65321  
109.900    11.66015  
110.000    11.66702  
110.100    11.67383  
110.200    11.68057  
110.300    11.68725  
110.400    11.69388  
110.500    11.70045  
110.600    11.70698  
110.700    11.71346  
110.800    11.71991  
110.900    11.72632  
111.000    11.73270  
111.100    11.73905  
111.200    11.74539  
111.300    11.75170  
111.400    11.75801  
111.500    11.76431  
111.600    11.77060  
111.700    11.77689  
111.800    11.78319  
111.900    11.78950  
112.000    11.79582  
112.100    11.80216  
112.200    11.80852  
112.300    11.81489  
112.400    11.82128  
112.500    11.82768  
112.600    11.83410  
112.700    11.84053  
112.800    11.84696  
112.900    11.85341  
113.000    11.85986  
113.100    11.86633  
113.200    11.87279  
113.300    11.87927  
113.400    11.88574  
113.500    11.89222  
113.600    11.89870  
113.700    11.90519  
113.800    11.91167  
113.900    11.91815  
114.000    11.92463  
114.100    11.93110  
114.200    11.93757  
114.300    11.94404  
114.400    11.95050  
114.500    11.95696  
114.600    11.96341  
114.700    11.96987  
114.800    11.97631  
114.900    11.98276  
115.000    11.98920  
115.100    11.99564  
115.200    12.00207  
115.300    12.00850  
115.400    12.01493  
115.500    12.02135  
115.600    12.02778  
115.700    12.03419  
115.800    12.04061  
115.900    12.04702  
116.000    12.05343  
116.100    12.05983  
116.200    12.06624  
116.300    12.07264  
116.400    12.07904  
116.500    12.08544  
116.600    12.09185  
116.700    12.09825  
116.800    12.10466  
116.900    12.11108  
117.000    12.11750  
117.100    12.12393  
117.200    12.13036  
117.300    12.13680  
117.400    12.14326  
117.500    12.14972  
117.600    12.15620  
117.700    12.16268  
117.800    12.16918  
117.900    12.17570  
118.000    12.18223  
118.100    12.18877  
118.200    12.19533  
118.300    12.20190  
118.400    12.20847  
118.500    12.21504  
118.600    12.22161  
118.700    12.22817  
118.800    12.23472  
118.900    12.24126  
119.000    12.24777  
119.100    12.25427  
119.200    12.26073  
119.300    12.26717  
119.400    12.27357  
119.500    12.27993  
119.600    12.28625  
119.700    12.29253  
119.800    12.29875  
119.900    12.30492  
120.000    12.31103  
120.100    12.31708  
120.200    12.32307  
120.300    12.32901  
120.400    12.33490  
120.500    12.34074  
120.600    12.34654  
120.700    12.35230  
120.800    12.35802  
120.900    12.36372  
121.000    12.36938  
121.100    12.37503  
121.200    12.38066  
121.300    12.38627  
121.400    12.39187  
121.500    12.39746  
121.600    12.40305  
121.700    12.40864  
121.800    12.41423  
121.900    12.41984  
122.000    12.42545  
122.100    12.43108  
122.200    12.43673  
122.300    12.44239  
122.400    12.44807  
122.500    12.45375  
122.600    12.45945  
122.700    12.46516  
122.800    12.47088  
122.900    12.47661  
123.000    12.48234  
123.100    12.48808  
123.200    12.49383  
123.300    12.49958  
123.400    12.50533  
123.500    12.51109  
123.600    12.51685  
123.700    12.52261  
123.800    12.52836  
123.900    12.53412  
124.000    12.53988  
124.100    12.54563  
124.200    12.55138  
124.300    12.55712  
124.400    12.56286  
124.500    12.56860  
124.600    12.57433  
124.700    12.58007  
124.800    12.58579  
124.900    12.59152  
125.000    12.59724  
125.100    12.60296  
125.200    12.60868  
125.300    12.61439  
125.400    12.62010  
125.500    12.62581  
125.600    12.63151  
125.700    12.63721  
125.800    12.64291  
125.900    12.64861  
126.000    12.65430  
126.100    12.65999  
126.200    12.66568  
126.300    12.67136  
126.400    12.67705  
126.500    12.68274  
126.600    12.68843  
126.700    12.69412  
126.800    12.69981  
126.900    12.70551  
127.000    12.71122  
127.100    12.71693  
127.200    12.72264  
127.300    12.72837  
127.400    12.73410  
127.500    12.73984  
127.600    12.74559  
127.700    12.75136  
127.800    12.75713  
127.900    12.76292  
128.000    12.76872  
128.100    12.77454  
128.200    12.78036  
128.300    12.78620  
128.400    12.79204  
128.500    12.79787  
128.600    12.80371  
128.700    12.80954  
128.800    12.81536  
128.900    12.82116  
129.000    12.82695  
129.100    12.83272  
129.200    12.83847  
129.300    12.84418  
129.400    12.84987  
129.500    12.85552  
129.600    12.86114  
129.700    12.86671  
129.800    12.87224  
129.900    12.87772  
130.000    12.88314  
130.100    12.88852  
130.200    12.89384  
130.300    12.89911  
130.400    12.90434  
130.500    12.90953  
130.600    12.91468  
130.700    12.91979  
130.800    12.92488  
130.900    12.92994  
131.000    12.93497  
131.100    12.93998  
131.200    12.94498  
131.300    12.94996  
131.400    12.95493  
131.500    12.95990  
131.600    12.96486  
131.700    12.96983  
131.800    12.97479  
131.900    12.97977  
132.000    12.98476  
132.100    12.98976  
132.200    12.99477  
132.300    12.99980  
132.400    13.00484  
132.500    13.00989  
132.600    13.01495  
132.700    13.02002  
132.800    13.02510  
132.900    13.03018  
133.000    13.03527  
133.100    13.04037  
133.200    13.04548  
133.300    13.05058  
133.400    13.05569  
133.500    13.06080  
133.600    13.06592  
133.700    13.07103  
133.800    13.07615  
133.900    13.08126  
134.000    13.08637  
134.100    13.09148  
134.200    13.09658  
134.300    13.10168  
134.400    13.10678  
134.500    13.11188  
134.600    13.11697  
134.700    13.12206  
134.800    13.12715  
134.900    13.13223  
135.000    13.13731  
135.100    13.14239  
135.200    13.14747  
135.300    13.15254  
135.400    13.15761  
135.500    13.16268  
135.600    13.16774  
135.700    13.17281  
135.800    13.17787  
135.900    13.18293  
136.000    13.18798  
136.100    13.19303  
136.200    13.19809  
136.300    13.20314  
136.400    13.20819  
136.500    13.21324  
136.600    13.21829  
136.700    13.22334  
136.800    13.22840  
136.900    13.23346  
137.000    13.23853  
137.100    13.24360  
137.200    13.24867  
137.300    13.25376  
137.400    13.25885  
137.500    13.26395  
137.600    13.26905  
137.700    13.27417  
137.800    13.27930  
137.900    13.28444  
138.000    13.28959  
138.100    13.29476  
138.200    13.29993  
138.300    13.30511  
138.400    13.31030  
138.500    13.31548  
138.600    13.32066  
138.700    13.32584  
138.800    13.33101  
138.900    13.33616  
139.000    13.34130  
139.100    13.34643  
139.200    13.35153  
139.300    13.35660  
139.400    13.36165  
139.500    13.36667  
139.600    13.37166  
139.700    13.37661  
139.800    13.38152  
139.900    13.38638  
140.000    13.39120  
140.100    13.39598  
140.200    13.40070  
140.300    13.40539  
140.400    13.41003  
140.500    13.41464  
140.600    13.41921  
140.700    13.42376  
140.800    13.42827  
140.900    13.43277  
141.000    13.43724  
141.100    13.44169  
141.200    13.44613  
141.300    13.45055  
141.400    13.45497  
141.500    13.45938  
141.600    13.46379  
141.700    13.46820  
141.800    13.47261  
141.900    13.47703  
142.000    13.48146  
142.100    13.48591  
142.200    13.49036  
142.300    13.49482  
142.400    13.49930  
142.500    13.50379  
142.600    13.50828  
142.700    13.51279  
142.800    13.51730  
142.900    13.52181  
143.000    13.52634  
143.100    13.53086  
143.200    13.53540  
143.300    13.53993  
143.400    13.54447  
143.500    13.54901  
143.600    13.55356  
143.700    13.55810  
143.800    13.56264  
143.900    13.56718  
144.000    13.57172  
144.100    13.57626  
144.200    13.58079  
144.300    13.58532  
144.400    13.58985  
144.500    13.59438  
144.600    13.59890  
144.700    13.60342  
144.800    13.60794  
144.900    13.61246  
145.000    13.61697  
145.100    13.62148  
145.200    13.62599  
145.300    13.63050  
145.400    13.63500  
145.500    13.63951  
145.600    13.64400  
145.700    13.64850  
145.800    13.65300  
145.900    13.65749  
146.000    13.66198  
146.100    13.66647  
146.200    13.67096  
146.300    13.67544  
146.400    13.67993  
146.500    13.68441  
146.600    13.68890  
146.700    13.69339  
146.800    13.69788  
146.900    13.70238  
147.000    13.70688  
147.100    13.71138  
147.200    13.71589  
147.300    13.72041  
147.400    13.72493  
147.500    13.72946  
147.600    13.73400  
147.700    13.73854  
147.800    13.74310  
147.900    13.74766  
148.000    13.75224  
148.100    13.75682  
148.200    13.76142  
148.300    13.76602  
148.400    13.77063  
148.500    13.77523  
148.600    13.77983  
148.700    13.78443  
148.800    13.78902  
148.900    13.79360  
149.000    13.79817  
149.100    13.80272  
149.200    13.80725  
149.300    13.81176  
149.400    13.81624  
149.500    13.82070  
149.600    13.82513  
149.700    13.82953  
149.800    13.83389  
149.900    13.83821 
150.000    13.84250  
150.100    13.84674  
150.200    13.85094  
150.300    13.85510  
150.400    13.85923  
150.500    13.86332  
150.600    13.86739  
150.700    13.87143  
150.800    13.87544  
150.900    13.87943  
151.000    13.88341  
151.100    13.88737  
151.200    13.89131  
151.300    13.89525  
151.400    13.89917  
151.500    13.90310  
151.600    13.90702  
151.700    13.91094  
151.800    13.91486  
151.900    13.91879  
152.000    13.92273  
152.100    13.92668  
152.200    13.93064  
152.300    13.93461  
152.400    13.93859  
152.500    13.94257  
152.600    13.94657  
152.700    13.95057  
152.800    13.95458  
152.900    13.95860  
153.000    13.96262  
153.100    13.96665  
153.200    13.97067  
153.300    13.97471  
153.400    13.97874  
153.500    13.98278  
153.600    13.98682  
153.700    13.99085  
153.800    13.99489  
153.900    13.99893  
154.000    14.00296  
154.100    14.00699  
154.200    14.01102  
154.300    14.01505  
154.400    14.01907  
154.500    14.02310  
154.600    14.02712  
154.700    14.03114  
154.800    14.03515  
154.900    14.03917  
155.000    14.04318  
155.100    14.04719  
155.200    14.05120  
155.300    14.05520  
155.400    14.05921  
155.500    14.06321  
155.600    14.06721  
155.700    14.07121  
155.800    14.07520  
155.900    14.07920  
156.000    14.08319  
156.100    14.08719  
156.200    14.09118  
156.300    14.09517  
156.400    14.09916  
156.500    14.10314  
156.600    14.10713  
156.700    14.11112  
156.800    14.11511  
156.900    14.11910  
157.000    14.12309  
157.100    14.12709  
157.200    14.13108  
157.300    14.13507  
157.400    14.13907  
157.500    14.14307  
157.600    14.14707  
157.700    14.15108  
157.800    14.15509  
157.900    14.15910  
158.000    14.16312  
158.100    14.16714  
158.200    14.17116  
158.300    14.17519  
158.400    14.17922  
158.500    14.18326  
158.600    14.18731  
158.700    14.19135  
158.800    14.19541  
158.900    14.19947  
159.000    14.20354  
159.100    14.20762  
159.200    14.21169  
159.300    14.21576  
159.400    14.21982  
159.500    14.22387  
159.600    14.22789  
159.700    14.23189  
159.800    14.23585  
159.900    14.23978  
160.000    14.24366  
160.100    14.24749  
160.200    14.25128  
160.300    14.25502  
160.400    14.25872  
160.500    14.26239  
160.600    14.26602  
160.700    14.26962  
160.800    14.27319  
160.900    14.27674  
161.000    14.28027  
161.100    14.28378  
161.200    14.28727  
161.300    14.29076  
161.400    14.29423  
161.500    14.29770  
161.600    14.30116  
161.700    14.30463  
161.800    14.30809  
161.900    14.31157  
162.000    14.31506  
162.100    14.31856  
162.200    14.32207  
162.300    14.32559  
162.400    14.32912  
162.500    14.33267  
162.600    14.33622  
162.700    14.33978  
162.800    14.34335  
162.900    14.34692  
163.000    14.35050  
163.100    14.35409  
163.200    14.35768  
163.300    14.36127  
163.400    14.36487  
163.500    14.36847  
163.600    14.37206  
163.700    14.37566  
163.800    14.37926  
163.900    14.38286  
164.000    14.38646  
164.100    14.39005  
164.200    14.39364  
164.300    14.39723  
164.400    14.40081  
164.500    14.40439  
164.600    14.40797  
164.700    14.41155  
164.800    14.41512  
164.900    14.41870  
165.000    14.42227  
165.100    14.42583  
165.200    14.42940  
165.300    14.43296  
165.400    14.43652  
165.500    14.44008  
165.600    14.44364  
165.700    14.44720  
165.800    14.45075  
165.900    14.45431  
166.000    14.45786  
166.100    14.46141  
166.200    14.46496  
166.300    14.46850  
166.400    14.47205  
166.500    14.47560  
166.600    14.47915  
166.700    14.48270  
166.800    14.48626  
166.900    14.48982  
167.000    14.49338  
167.100    14.49694  
167.200    14.50051  
167.300    14.50408  
167.400    14.50766  
167.500    14.51124  
167.600    14.51483  
167.700    14.51842  
167.800    14.52203  
167.900    14.52564  
168.000    14.52926  
168.100    14.53289  
168.200    14.53652  
168.300    14.54016  
168.400    14.54380  
168.500    14.54744  
168.600    14.55108  
168.700    14.55472  
168.800    14.55835  
168.900    14.56197  
169.000    14.56558  
169.100    14.56918  
169.200    14.57276  
169.300    14.57633  
169.400    14.57988  
169.500    14.58341  
169.600    14.58691  
169.700    14.59039  
169.800    14.59384  
169.900    14.59727  
170.000    14.60066  
170.100    14.60402  
170.200    14.60734  
170.300    14.61064  
170.400    14.61391  
170.500    14.61716  
170.600    14.62038  
170.700    14.62359  
170.800    14.62677  
170.900    14.62994  
171.000    14.63309  
171.100    14.63623  
171.200    14.63936  
171.300    14.64248  
171.400    14.64560  
171.500    14.64871  
171.600    14.65182  
171.700    14.65493  
171.800    14.65804  
171.900    14.66116  
172.000    14.66429  
172.100    14.66742  
172.200    14.67056  
172.300    14.67371  
172.400    14.67687  
172.500    14.68003  
172.600    14.68320  
172.700    14.68637  
172.800    14.68955  
172.900    14.69274  
173.000    14.69593  
173.100    14.69912  
173.200    14.70231  
173.300    14.70551  
173.400    14.70871  
173.500    14.71191  
173.600    14.71511  
173.700    14.71831  
173.800    14.72152  
173.900    14.72472  
174.000    14.72792  
174.100    14.73111  
174.200    14.73431  
174.300    14.73750  
174.400    14.74070  
174.500    14.74389  
174.600    14.74708  
174.700    14.75026  
174.800    14.75345  
174.900    14.75663  
175.000    14.75982  
175.100    14.76300  
175.200    14.76617  
175.300    14.76935  
175.400    14.77253  
175.500    14.77570  
175.600    14.77887  
175.700    14.78204  
175.800    14.78521  
175.900    14.78838  
176.000    14.79155  
176.100    14.79471  
176.200    14.79788  
176.300    14.80104  
176.400    14.80420  
176.500    14.80737  
176.600    14.81053  
176.700    14.81370  
176.800    14.81686  
176.900    14.82003  
177.000    14.82320  
177.100    14.82638  
177.200    14.82956  
177.300    14.83274  
177.400    14.83593  
177.500    14.83912  
177.600    14.84232  
177.700    14.84552  
177.800    14.84873  
177.900    14.85195  
178.000    14.85518  
178.100    14.85841  
178.200    14.86165  
178.300    14.86489  
178.400    14.86813  
178.500    14.87137  
178.600    14.87462  
178.700    14.87786  
178.800    14.88109  
178.900    14.88432  
179.000    14.88753  
179.100    14.89074  
179.200    14.89394  
179.300    14.89712  
179.400    14.90028  
179.500    14.90342  
179.600    14.90655  
179.700    14.90965  
179.800    14.91273  
179.900    14.91578  
180.000    14.91881  
180.100    14.92180  
180.200    14.92477  
180.300    14.92771  
180.400    14.93063  
180.500    14.93353  
180.600    14.93641  
180.700    14.93926  
180.800    14.94211  
180.900    14.94493  
181.000    14.94775  
181.100    14.95055  
181.200    14.95335  
181.300    14.95613  
181.400    14.95892  
181.500    14.96170  
181.600    14.96447  
181.700    14.96725  
181.800    14.97003  
181.900    14.97282  
182.000    14.97560  
182.100    14.97840  
182.200    14.98121  
182.300    14.98402  
182.400    14.98684  
182.500    14.98966  
182.600    14.99249  
182.700    14.99532  
182.800    14.99816  
182.900    15.00100  
183.000    15.00385  
183.100    15.00670  
183.200    15.00955  
183.300    15.01241  
183.400    15.01526  
183.500    15.01812  
183.600    15.02098  
183.700    15.02383  
183.800    15.02669  
183.900    15.02955  
184.000    15.03240  
184.100    15.03526  
184.200    15.03811  
184.300    15.04096  
184.400    15.04381  
184.500    15.04666  
184.600    15.04951  
184.700    15.05235  
184.800    15.05519  
184.900    15.05804  
185.000    15.06088  
185.100    15.06372  
185.200    15.06655  
185.300    15.06939  
185.400    15.07222  
185.500    15.07506  
185.600    15.07789  
185.700    15.08072  
185.800    15.08355  
185.900    15.08638  
186.000    15.08920  
186.100    15.09203  
186.200    15.09485  
186.300    15.09768  
186.400    15.10050  
186.500    15.10332  
186.600    15.10615  
186.700    15.10898  
186.800    15.11180  
186.900    15.11463  
187.000    15.11746  
187.100    15.12030  
187.200    15.12314  
187.300    15.12598  
187.400    15.12882  
187.500    15.13167  
187.600    15.13453  
187.700    15.13739  
187.800    15.14025  
187.900    15.14312  
188.000    15.14600  
188.100    15.14889  
188.200    15.15178  
188.300    15.15467  
188.400    15.15756  
188.500    15.16046  
188.600    15.16335  
188.700    15.16624  
188.800    15.16913  
188.900    15.17201  
189.000    15.17488  
189.100    15.17774  
189.200    15.18059  
189.300    15.18343  
189.400    15.18625  
189.500    15.18906  
189.600    15.19185  
189.700    15.19462  
189.800    15.19737  
189.900    15.20010  
190.000    15.20280  
190.100    15.20548  
190.200    15.20813  
190.300    15.21076  
190.400    15.21337  
190.500    15.21596  
190.600    15.21853  
190.700    15.22109  
190.800    15.22363  
190.900    15.22616  
191.000    15.22868  
191.100    15.23118  
191.200    15.23368  
191.300    15.23618  
191.400    15.23867  
191.500    15.24115  
191.600    15.24364  
191.700    15.24612  
191.800    15.24861  
191.900    15.25110  
192.000    15.25360  
192.100    15.25610  
192.200    15.25861  
192.300    15.26112  
192.400    15.26364  
192.500    15.26617  
192.600    15.26870  
192.700    15.27124  
192.800    15.27378  
192.900    15.27632  
193.000    15.27886  
193.100    15.28141  
193.200    15.28396  
193.300    15.28651  
193.400    15.28907  
193.500    15.29162  
193.600    15.29418  
193.700    15.29673  
193.800    15.29929  
193.900    15.30184  
194.000    15.30439  
194.100    15.30694  
194.200    15.30949  
194.300    15.31204  
194.400    15.31459  
194.500    15.31713  
194.600    15.31968  
194.700    15.32222  
194.800    15.32476  
194.900    15.32730  
195.000    15.32984  
195.100    15.33238  
195.200    15.33492  
195.300    15.33745  
195.400    15.33999  
195.500    15.34253  
195.600    15.34506  
195.700    15.34759  
195.800    15.35012  
195.900    15.35266  
196.000    15.35519  
196.100    15.35772  
196.200    15.36025  
196.300    15.36278  
196.400    15.36531  
196.500    15.36784  
196.600    15.37037  
196.700    15.37291  
196.800    15.37544  
196.900    15.37797  
197.000    15.38051  
197.100    15.38305  
197.200    15.38558  
197.300    15.38813  
197.400    15.39067  
197.500    15.39321  
197.600    15.39576  
197.700    15.39831  
197.800    15.40087  
197.900    15.40342  
198.000    15.40598  
198.100    15.40855  
198.200    15.41111  
198.300    15.41368  
198.400    15.41625  
198.500    15.41882  
198.600    15.42139  
198.700    15.42396  
198.800    15.42652  
198.900    15.42908  
199.000    15.43164  
199.100    15.43419  
199.200    15.43674  
199.300    15.43928  
199.400    15.44181  
199.500    15.44433  
199.600    15.44684  
199.700    15.44934  
199.800    15.45184  
199.900    15.45431  
200.000    15.45678  
200.100    15.45923  
200.200    15.46167  
200.300    15.46410  
200.400    15.46651  
200.500    15.46891  
200.600    15.47130  
200.700    15.47367  
200.800    15.47604  
200.900    15.47840  
201.000    15.48074  
201.100    15.48307  
201.200    15.48540  
201.300    15.48772  
201.400    15.49002  
201.500    15.49232  
201.600    15.49461  
201.700    15.49689  
201.800    15.49917  
201.900    15.50144  
202.000    15.50370  
202.100    15.50596  
202.200    15.50821  
202.300    15.51046  
202.400    15.51270  
202.500    15.51493  
202.600    15.51717  
202.700    15.51940  
202.800    15.52162  
202.900    15.52384  
203.000    15.52606  
203.100    15.52828  
203.200    15.53050  
203.300    15.53272  
203.400    15.53493  
203.500    15.53714  
203.600    15.53936  
203.700    15.54157  
203.800    15.54379  
203.900    15.54600  
204.000    15.54822  
204.100    15.55044  
204.200    15.55266  
204.300    15.55489  
204.400    15.55712  
204.500    15.55935  
204.600    15.56158  
204.700    15.56382  
204.800    15.56607  
204.900    15.56832  
205.000    15.57057  
205.100    15.57283  
205.200    15.57510  
205.300    15.57737  
205.400    15.57964  
205.500    15.58192  
205.600    15.58421  
205.700    15.58650  
205.800    15.58879  
205.900    15.59109  
206.000    15.59339  
206.100    15.59569  
206.200    15.59799  
206.300    15.60030  
206.400    15.60261  
206.500    15.60492  
206.600    15.60723  
206.700    15.60954  
206.800    15.61186  
206.900    15.61417  
207.000    15.61648  
207.100    15.61880  
207.200    15.62111  
207.300    15.62342  
207.400    15.62573  
207.500    15.62804  
207.600    15.63035  
207.700    15.63265  
207.800    15.63495  
207.900    15.63725  
208.000    15.63955  
208.100    15.64184  
208.200    15.64413  
208.300    15.64642  
208.400    15.64870  
208.500    15.65098  
208.600    15.65325  
208.700    15.65551  
208.800    15.65777  
208.900    15.66003  
209.000    15.66228  
209.100    15.66452  
209.200    15.66676  
209.300    15.66898  
209.400    15.67121  
209.500    15.67342  
209.600    15.67562  
209.700    15.67782  
209.800    15.68001  
209.900    15.68219  
210.000    15.68436  
210.100    15.68652  
210.200    15.68867  
210.300    15.69082  
210.400    15.69295  
210.500    15.69507  
210.600    15.69719  
210.700    15.69930  
210.800    15.70140  
210.900    15.70350  
211.000    15.70559  
211.100    15.70767  
211.200    15.70974  
211.300    15.71181  
211.400    15.71387  
211.500    15.71593  
211.600    15.71798  
211.700    15.72002  
211.800    15.72207  
211.900    15.72410  
212.000    15.72614  
212.100    15.72816  
212.200    15.73019  
212.300    15.73221  
212.400    15.73423  
212.500    15.73625  
212.600    15.73826  
212.700    15.74027  
212.800    15.74228  
212.900    15.74429  
213.000    15.74629  
213.100    15.74830  
213.200    15.75030  
213.300    15.75230  
213.400    15.75431  
213.500    15.75631  
213.600    15.75831  
213.700    15.76031  
213.800    15.76232  
213.900    15.76432  
214.000    15.76633  
214.100    15.76834  
214.200    15.77035  
214.300    15.77236  
214.400    15.77438  
214.500    15.77639  
214.600    15.77842  
214.700    15.78044  
214.800    15.78247  
214.900    15.78450  
215.000    15.78653  
215.100    15.78858  
215.200    15.79062  
215.300    15.79267  
215.400    15.79472  
215.500    15.79677  
215.600    15.79883  
215.700    15.80089  
215.800    15.80296  
215.900    15.80503  
216.000    15.80709  
216.100    15.80916  
216.200    15.81124  
216.300    15.81331  
216.400    15.81539  
216.500    15.81746  
216.600    15.81954  
216.700    15.82161  
216.800    15.82369  
216.900    15.82577  
217.000    15.82784  
217.100    15.82992  
217.200    15.83200  
217.300    15.83407  
217.400    15.83614  
217.500    15.83821  
217.600    15.84028  
217.700    15.84235  
217.800    15.84441  
217.900    15.84647  
218.000    15.84853  
218.100    15.85059  
218.200    15.85264  
218.300    15.85469  
218.400    15.85673  
218.500    15.85877  
218.600    15.86081  
218.700    15.86284  
218.800    15.86487  
218.900    15.86689  
219.000    15.86891  
219.100    15.87092  
219.200    15.87292  
219.300    15.87492  
219.400    15.87691  
219.500    15.87889  
219.600    15.88087  
219.700    15.88284  
219.800    15.88481  
219.900    15.88676  
220.000    15.88871  
220.100    15.89065  
220.200    15.89258  
220.300    15.89450  
220.400    15.89642  
220.500    15.89833  
220.600    15.90023  
220.700    15.90213  
220.800    15.90401  
220.900    15.90590  
221.000    15.90777  
221.100    15.90964  
221.200    15.91151  
221.300    15.91337  
221.400    15.91522  
221.500    15.91707  
221.600    15.91892  
221.700    15.92076  
221.800    15.92260  
221.900    15.92443  
222.000    15.92626  
222.100    15.92808  
222.200    15.92991  
222.300    15.93173  
222.400    15.93354  
222.500    15.93536  
222.600    15.93717  
222.700    15.93898  
222.800    15.94079  
222.900    15.94260  
223.000    15.94440  
223.100    15.94621  
223.200    15.94801  
223.300    15.94982  
223.400    15.95162  
223.500    15.95343  
223.600    15.95523  
223.700    15.95703  
223.800    15.95884  
223.900    15.96065  
224.000    15.96245  
224.100    15.96426  
224.200    15.96607  
224.300    15.96789  
224.400    15.96970  
224.500    15.97152  
224.600    15.97334  
224.700    15.97516  
224.800    15.97699  
224.900    15.97882  
225.000    15.98065  
225.100    15.98248  
225.200    15.98432  
225.300    15.98617  
225.400    15.98802  
225.500    15.98987  
225.600    15.99172  
225.700    15.99357  
225.800    15.99543  
225.900    15.99729  
226.000    15.99915  
226.100    16.00101  
226.200    16.00288  
226.300    16.00474  
226.400    16.00661  
226.500    16.00848  
226.600    16.01035  
226.700    16.01221  
226.800    16.01408  
226.900    16.01595  
227.000    16.01782  
227.100    16.01969  
227.200    16.02155  
227.300    16.02342  
227.400    16.02528  
227.500    16.02714  
227.600    16.02901  
227.700    16.03087  
227.800    16.03272  
227.900    16.03458  
228.000    16.03643  
228.100    16.03828  
228.200    16.04012  
228.300    16.04197  
228.400    16.04381  
228.500    16.04564  
228.600    16.04747  
228.700    16.04930  
228.800    16.05113  
228.900    16.05294  
229.000    16.05476  
229.100    16.05657  
229.200    16.05837  
229.300    16.06017  
229.400    16.06196  
229.500    16.06375  
229.600    16.06553  
229.700    16.06730  
229.800    16.06907  
229.900    16.07083  
230.000    16.07259  
230.100    16.07433  
230.200    16.07607  
230.300    16.07781  
230.400    16.07953  
230.500    16.08125  
230.600    16.08297  
230.700    16.08467  
230.800    16.08638  
230.900    16.08807  
231.000    16.08976  
231.100    16.09145  
231.200    16.09313  
231.300    16.09481  
231.400    16.09648  
231.500    16.09815  
231.600    16.09981  
231.700    16.10147  
231.800    16.10313  
231.900    16.10478  
232.000    16.10643  
232.100    16.10808  
232.200    16.10972  
232.300    16.11136  
232.400    16.11300  
232.500    16.11464  
232.600    16.11627  
232.700    16.11791  
232.800    16.11954  
232.900    16.12117  
233.000    16.12280  
233.100    16.12443  
233.200    16.12605  
233.300    16.12768  
233.400    16.12931  
233.500    16.13094  
233.600    16.13256  
233.700    16.13419  
233.800    16.13582  
233.900    16.13745  
234.000    16.13908  
234.100    16.14071  
234.200    16.14235  
234.300    16.14398  
234.400    16.14562  
234.500    16.14726  
234.600    16.14890  
234.700    16.15054  
234.800    16.15219  
234.900    16.15384  
235.000    16.15549  
235.100    16.15715  
235.200    16.15881  
235.300    16.16047  
235.400    16.16213  
235.500    16.16380  
235.600    16.16547  
235.700    16.16715  
235.800    16.16882  
235.900    16.17050  
236.000    16.17217  
236.100    16.17385  
236.200    16.17553  
236.300    16.17722  
236.400    16.17890  
236.500    16.18058  
236.600    16.18227  
236.700    16.18395  
236.800    16.18563  
236.900    16.18732  
237.000    16.18900  
237.100    16.19069  
237.200    16.19237  
237.300    16.19405  
237.400    16.19573  
237.500    16.19741  
237.600    16.19909  
237.700    16.20076  
237.800    16.20244  
237.900    16.20411  
238.000    16.20578  
238.100    16.20745  
238.200    16.20911  
238.300    16.21077  
238.400    16.21243  
238.500    16.21409  
238.600    16.21574  
238.700    16.21739  
238.800    16.21903  
238.900    16.22067  
239.000    16.22231  
239.100    16.22394  
239.200    16.22557  
239.300    16.22719  
239.400    16.22881  
239.500    16.23042  
239.600    16.23203  
239.700    16.23363  
239.800    16.23522  
239.900    16.23681  
240.000    16.23839  
240.100    16.23997  
240.200    16.24154  
240.300    16.24311  
240.400    16.24466  
240.500    16.24622  
240.600    16.24776  
240.700    16.24931  
240.800    16.25084  
240.900    16.25238  
241.000    16.25390  
241.100    16.25543  
241.200    16.25695  
241.300    16.25846  
241.400    16.25997  
241.500    16.26148  
241.600    16.26298  
241.700    16.26448  
241.800    16.26598  
241.900    16.26747  
242.000    16.26896  
242.100    16.27045  
242.200    16.27194  
242.300    16.27342  
242.400    16.27490  
242.500    16.27638  
242.600    16.27786  
242.700    16.27933  
242.800    16.28081  
242.900    16.28228  
243.000    16.28376  
243.100    16.28523  
243.200    16.28670  
243.300    16.28817  
243.400    16.28964  
243.500    16.29111  
243.600    16.29258  
243.700    16.29406  
243.800    16.29553  
243.900    16.29700  
244.000    16.29848  
244.100    16.29995  
244.200    16.30143  
244.300    16.30290  
244.400    16.30438  
244.500    16.30587  
244.600    16.30735  
244.700    16.30884  
244.800    16.31032  
244.900    16.31181  
245.000    16.31331  
245.100    16.31480  
245.200    16.31630  
245.300    16.31781  
245.400    16.31931  
245.500    16.32082  
245.600    16.32233  
245.700    16.32384  
245.800    16.32535  
245.900    16.32687  
246.000    16.32838  
246.100    16.32990  
246.200    16.33142  
246.300    16.33294  
246.400    16.33446  
246.500    16.33598  
246.600    16.33750  
246.700    16.33902  
246.800    16.34054  
246.900    16.34206  
247.000    16.34358  
247.100    16.34511  
247.200    16.34663  
247.300    16.34814  
247.400    16.34966  
247.500    16.35118  
247.600    16.35270  
247.700    16.35421  
247.800    16.35572  
247.900    16.35723  
248.000    16.35874  
248.100    16.36025  
248.200    16.36175  
248.300    16.36325  
248.400    16.36475  
248.500    16.36625  
248.600    16.36774  
248.700    16.36923  
248.800    16.37072  
248.900    16.37220  
249.000    16.37368  
249.100    16.37515  
249.200    16.37662  
249.300    16.37809  
249.400    16.37955  
249.500    16.38101  
249.600    16.38246  
249.700    16.38391  
249.800    16.38535  
249.900    16.38679  
250.000    16.38822  
250.100    16.38965  
250.200    16.39107  
250.300    16.39248  
250.400    16.39389  
250.500    16.39530  
250.600    16.39670  
250.700    16.39809  
250.800    16.39949  
250.900    16.40087  
251.000    16.40226  
251.100    16.40363  
251.200    16.40501  
251.300    16.40638  
251.400    16.40775  
251.500    16.40911  
251.600    16.41047  
251.700    16.41183  
251.800    16.41319  
251.900    16.41454  
252.000    16.41589  
252.100    16.41724  
252.200    16.41858  
252.300    16.41993  
252.400    16.42127  
252.500    16.42261  
252.600    16.42395  
252.700    16.42528  
252.800    16.42662  
252.900    16.42795  
253.000    16.42929  
253.100    16.43062  
253.200    16.43196  
253.300    16.43329  
253.400    16.43462  
253.500    16.43595  
253.600    16.43729  
253.700    16.43862  
253.800    16.43995  
253.900    16.44129  
254.000    16.44262  
254.100    16.44396  
254.200    16.44530  
254.300    16.44663  
254.400    16.44797  
254.500    16.44932  
254.600    16.45066  
254.700    16.45201  
254.800    16.45335  
254.900    16.45470  
255.000    16.45606  
255.100    16.45741  
255.200    16.45877  
255.300    16.46013  
255.400    16.46149  
255.500    16.46286  
255.600    16.46422  
255.700    16.46559  
255.800    16.46696  
255.900    16.46833  
256.000    16.46971  
256.100    16.47108  
256.200    16.47245  
256.300    16.47383  
256.400    16.47521  
256.500    16.47658  
256.600    16.47796  
256.700    16.47934  
256.800    16.48071  
256.900    16.48209  
257.000    16.48347  
257.100    16.48484  
257.200    16.48622  
257.300    16.48760  
257.400    16.48897  
257.500    16.49034  
257.600    16.49172  
257.700    16.49309  
257.800    16.49446  
257.900    16.49582  
258.000    16.49719  
258.100    16.49855  
258.200    16.49991  
258.300    16.50127  
258.400    16.50263  
258.500    16.50399  
258.600    16.50534  
258.700    16.50669  
258.800    16.50803  
258.900    16.50938  
259.000    16.51071  
259.100    16.51205  
259.200    16.51338  
259.300    16.51471  
259.400    16.51604  
259.500    16.51736  
259.600    16.51867  
259.700    16.51998  
259.800    16.52129  
259.900    16.52259  
260.000    16.52389  
260.100    16.52518  
260.200    16.52647  
260.300    16.52775  
260.400    16.52903  
260.500    16.53031  
260.600    16.53158  
260.700    16.53284  
260.800    16.53410  
260.900    16.53536  
261.000    16.53661  
261.100    16.53786  
261.200    16.53911  
261.300    16.54036  
261.400    16.54160  
261.500    16.54283  
261.600    16.54407  
261.700    16.54530  
261.800    16.54653  
261.900    16.54776  
262.000    16.54898  
262.100    16.55020  
262.200    16.55143  
262.300    16.55265  
262.400    16.55386  
262.500    16.55508  
262.600    16.55629  
262.700    16.55751  
262.800    16.55872  
262.900    16.55993  
263.000    16.56114  
263.100    16.56235  
263.200    16.56356  
263.300    16.56477  
263.400    16.56598  
263.500    16.56719  
263.600    16.56840  
263.700    16.56961  
263.800    16.57082  
263.900    16.57203  
264.000    16.57324  
264.100    16.57446  
264.200    16.57567  
264.300    16.57689  
264.400    16.57810  
264.500    16.57932  
264.600    16.58054  
264.700    16.58176  
264.800    16.58298  
264.900    16.58421  
265.000    16.58544  
265.100    16.58667  
265.200    16.58790  
265.300    16.58913  
265.400    16.59037  
265.500    16.59161  
265.600    16.59285  
265.700    16.59409  
265.800    16.59533  
265.900    16.59657  
266.000    16.59782  
266.100    16.59907  
266.200    16.60031  
266.300    16.60156  
266.400    16.60281  
266.500    16.60406  
266.600    16.60531  
266.700    16.60656  
266.800    16.60780  
266.900    16.60905  
267.000    16.61030  
267.100    16.61155  
267.200    16.61280  
267.300    16.61405  
267.400    16.61529  
267.500    16.61654  
267.600    16.61778  
267.700    16.61903  
267.800    16.62027  
267.900    16.62151  
268.000    16.62275  
268.100    16.62399  
268.200    16.62522  
268.300    16.62646  
268.400    16.62769  
268.500    16.62892  
268.600    16.63014  
268.700    16.63137  
268.800    16.63259  
268.900    16.63381  
269.000    16.63502  
269.100    16.63623  
269.200    16.63744  
269.300    16.63865  
269.400    16.63985  
269.500    16.64105  
269.600    16.64224  
269.700    16.64344  
269.800    16.64462  
269.900    16.64580  
270.000    16.64698  
270.100    16.64816  
270.200    16.64933  
270.300    16.65049  
270.400    16.65165  
270.500    16.65281  
270.600    16.65396  
270.700    16.65511  
270.800    16.65626  
270.900    16.65740  
271.000    16.65854  
271.100    16.65968  
271.200    16.66081  
271.300    16.66194  
271.400    16.66307  
271.500    16.66419  
271.600    16.66531  
271.700    16.66643  
271.800    16.66755  
271.900    16.66867  
272.000    16.66978  
272.100    16.67089  
272.200    16.67200  
272.300    16.67311  
272.400    16.67422  
272.500    16.67532  
272.600    16.67643  
272.700    16.67753  
272.800    16.67863  
272.900    16.67974  
273.000    16.68084  
273.100    16.68194  
273.200    16.68304  
273.300    16.68414  
273.400    16.68524  
273.500    16.68634  
273.600    16.68744  
273.700    16.68854  
273.800    16.68964  
273.900    16.69074  
274.000    16.69184  
274.100    16.69294  
274.200    16.69405  
274.300    16.69515  
274.400    16.69626  
274.500    16.69736  
274.600    16.69847  
274.700    16.69958  
274.800    16.70070  
274.900    16.70181  
275.000    16.70292  
275.100    16.70404  
275.200    16.70516  
275.300    16.70628  
275.400    16.70741  
275.500    16.70853  
275.600    16.70966  
275.700    16.71079  
275.800    16.71192  
275.900    16.71305  
276.000    16.71418  
276.100    16.71531  
276.200    16.71644  
276.300    16.71758  
276.400    16.71871  
276.500    16.71985  
276.600    16.72098  
276.700    16.72212  
276.800    16.72325  
276.900    16.72439  
277.000    16.72552  
277.100    16.72666  
277.200    16.72779  
277.300    16.72893  
277.400    16.73006  
277.500    16.73119  
277.600    16.73232  
277.700    16.73345  
277.800    16.73458  
277.900    16.73571  
278.000    16.73683  
278.100    16.73796  
278.200    16.73908  
278.300    16.74020  
278.400    16.74132  
278.500    16.74244  
278.600    16.74355  
278.700    16.74467  
278.800    16.74578  
278.900    16.74688  
279.000    16.74799  
279.100    16.74909  
279.200    16.75019  
279.300    16.75129  
279.400    16.75238  
279.500    16.75347  
279.600    16.75456  
279.700    16.75564  
279.800    16.75672  
279.900    16.75780  
280.000    16.75887  
280.100    16.75993  
280.200    16.76100  
280.300    16.76206  
280.400    16.76311  
280.500    16.76417  
280.600    16.76522  
280.700    16.76626  
280.800    16.76731  
280.900    16.76835  
281.000    16.76938  
281.100    16.77042  
281.200    16.77145  
281.300    16.77248  
281.400    16.77350  
281.500    16.77453  
281.600    16.77555  
281.700    16.77657  
281.800    16.77759  
281.900    16.77860  
282.000    16.77962  
282.100    16.78063  
282.200    16.78164  
282.300    16.78265  
282.400    16.78366  
282.500    16.78466  
282.600    16.78567  
282.700    16.78667  
282.800    16.78768  
282.900    16.78868  
283.000    16.78969  
283.100    16.79069  
283.200    16.79169  
283.300    16.79269  
283.400    16.79369  
283.500    16.79469  
283.600    16.79570  
283.700    16.79670  
283.800    16.79770  
283.900    16.79870  
284.000    16.79971  
284.100    16.80071  
284.200    16.80172  
284.300    16.80272  
284.400    16.80373  
284.500    16.80474  
284.600    16.80575  
284.700    16.80676  
284.800    16.80777  
284.900    16.80879  
285.000    16.80980  
285.100    16.81082  
285.200    16.81184  
285.300    16.81286  
285.400    16.81388  
285.500    16.81491  
285.600    16.81593  
285.700    16.81696  
285.800    16.81799  
285.900    16.81902  
286.000    16.82005  
286.100    16.82108  
286.200    16.82211  
286.300    16.82314  
286.400    16.82418  
286.500    16.82521  
286.600    16.82624  
286.700    16.82727  
286.800    16.82831  
286.900    16.82934  
287.000    16.83037  
287.100    16.83141  
287.200    16.83244  
287.300    16.83347  
287.400    16.83450  
287.500    16.83553  
287.600    16.83656  
287.700    16.83759  
287.800    16.83862  
287.900    16.83965  
288.000    16.84067  
288.100    16.84170  
288.200    16.84272  
288.300    16.84374  
288.400    16.84476  
288.500    16.84577  
288.600    16.84679  
288.700    16.84780  
288.800    16.84881  
288.900    16.84982  
289.000    16.85083  
289.100    16.85183  
289.200    16.85283  
289.300    16.85383  
289.400    16.85483  
289.500    16.85582  
289.600    16.85681  
289.700    16.85780  
289.800    16.85878  
289.900    16.85976  
290.000    16.86074  
290.100    16.86171  
290.200    16.86268  
290.300    16.86364  
290.400    16.86461  
290.500    16.86557  
290.600    16.86652  
290.700    16.86748  
290.800    16.86843  
290.900    16.86937  
291.000    16.87032  
291.100    16.87126  
291.200    16.87220  
291.300    16.87314  
291.400    16.87408  
291.500    16.87501  
291.600    16.87594  
291.700    16.87687  
291.800    16.87780  
291.900    16.87873  
292.000    16.87965  
292.100    16.88057  
292.200    16.88150  
292.300    16.88242  
292.400    16.88334  
292.500    16.88425  
292.600    16.88517  
292.700    16.88609  
292.800    16.88700  
292.900    16.88792  
293.000    16.88883  
293.100    16.88975  
293.200    16.89066  
293.300    16.89158  
293.400    16.89249  
293.500    16.89340  
293.600    16.89432  
293.700    16.89523  
293.800    16.89614  
293.900    16.89706  
294.000    16.89797  
294.100    16.89889  
294.200    16.89981  
294.300    16.90073  
294.400    16.90164  
294.500    16.90256  
294.600    16.90348  
294.700    16.90441  
294.800    16.90533  
294.900    16.90625  
295.000    16.90718  
295.100    16.90811  
295.200    16.90904  
295.300    16.90997  
295.400    16.91090  
295.500    16.91184  
295.600    16.91277  
295.700    16.91371  
295.800    16.91465  
295.900    16.91558  
296.000    16.91652  
296.100    16.91746  
296.200    16.91840  
296.300    16.91935  
296.400    16.92029  
296.500    16.92123  
296.600    16.92217  
296.700    16.92311  
296.800    16.92405  
296.900    16.92500  
297.000    16.92594  
297.100    16.92688  
297.200    16.92782  
297.300    16.92876  
297.400    16.92970  
297.500    16.93064  
297.600    16.93158  
297.700    16.93252  
297.800    16.93346  
297.900    16.93439  
298.000    16.93533  
298.100    16.93626  
298.200    16.93719  
298.300    16.93812  
298.400    16.93905  
298.500    16.93998  
298.600    16.94090  
298.700    16.94183  
298.800    16.94275  
298.900    16.94367  
299.000    16.94459  
299.100    16.94550  
299.200    16.94642  
299.300    16.94733  
299.400    16.94824  
299.500    16.94914  
299.600    16.95004  
299.700    16.95094  
299.800    16.95184  
299.900    16.95274  
300.000    16.95363 
300.100    16.95451  
300.200    16.95540  
300.300    16.95628  
300.400    16.95716  
300.500    16.95803  
300.600    16.95891  
300.700    16.95978  
300.800    16.96064  
300.900    16.96151  
301.000    16.96237  
301.100    16.96323  
301.200    16.96409  
301.300    16.96495  
301.400    16.96580  
301.500    16.96665  
301.600    16.96751  
301.700    16.96835  
301.800    16.96920  
301.900    16.97005  
302.000    16.97089  
302.100    16.97173  
302.200    16.97258  
302.300    16.97342  
302.400    16.97426  
302.500    16.97510  
302.600    16.97593  
302.700    16.97677  
302.800    16.97761  
302.900    16.97844  
303.000    16.97928  
303.100    16.98011  
303.200    16.98095  
303.300    16.98178  
303.400    16.98262  
303.500    16.98345  
303.600    16.98429  
303.700    16.98512  
303.800    16.98596  
303.900    16.98679  
304.000    16.98763  
304.100    16.98846  
304.200    16.98930  
304.300    16.99014  
304.400    16.99098  
304.500    16.99182  
304.600    16.99266  
304.700    16.99350  
304.800    16.99434  
304.900    16.99519  
305.000    16.99604  
305.100    16.99688  
305.200    16.99773  
305.300    16.99858  
305.400    16.99943  
305.500    17.00029  
305.600    17.00114  
305.700    17.00200  
305.800    17.00285  
305.900    17.00371  
306.000    17.00457  
306.100    17.00542  
306.200    17.00628  
306.300    17.00714  
306.400    17.00800  
306.500    17.00886  
306.600    17.00972  
306.700    17.01058  
306.800    17.01144  
306.900    17.01230  
307.000    17.01316  
307.100    17.01402  
307.200    17.01488  
307.300    17.01574  
307.400    17.01660  
307.500    17.01745  
307.600    17.01831  
307.700    17.01917  
307.800    17.02002  
307.900    17.02088  
308.000    17.02173  
308.100    17.02258  
308.200    17.02343  
308.300    17.02428  
308.400    17.02513  
308.500    17.02598  
308.600    17.02683  
308.700    17.02767  
308.800    17.02851  
308.900    17.02935  
309.000    17.03019  
309.100    17.03102  
309.200    17.03186  
309.300    17.03269  
309.400    17.03352  
309.500    17.03435  
309.600    17.03517  
309.700    17.03599  
309.800    17.03681  
309.900    17.03763  
310.000    17.03844  
310.100    17.03925  
310.200    17.04006  
310.300    17.04087  
310.400    17.04167  
310.500    17.04247  
310.600    17.04327  
310.700    17.04406  
310.800    17.04486  
310.900    17.04565  
311.000    17.04643  
311.100    17.04722  
311.200    17.04801  
311.300    17.04879  
311.400    17.04957  
311.500    17.05035  
311.600    17.05113  
311.700    17.05190  
311.800    17.05268  
311.900    17.05345  
312.000    17.05422  
312.100    17.05499  
312.200    17.05576  
312.300    17.05653  
312.400    17.05730  
312.500    17.05806  
312.600    17.05883  
312.700    17.05959  
312.800    17.06036  
312.900    17.06112  
313.000    17.06189  
313.100    17.06265  
313.200    17.06341  
313.300    17.06418  
313.400    17.06494  
313.500    17.06570  
313.600    17.06647  
313.700    17.06723  
313.800    17.06799  
313.900    17.06876  
314.000    17.06952  
314.100    17.07029  
314.200    17.07105  
314.300    17.07182  
314.400    17.07258  
314.500    17.07335  
314.600    17.07412  
314.700    17.07489  
314.800    17.07566  
314.900    17.07643  
315.000    17.07721  
315.100    17.07798  
315.200    17.07876  
315.300    17.07954  
315.400    17.08031  
315.500    17.08109  
315.600    17.08187  
315.700    17.08266  
315.800    17.08344  
315.900    17.08422  
316.000    17.08500  
316.100    17.08579  
316.200    17.08657  
316.300    17.08736  
316.400    17.08814  
316.500    17.08893  
316.600    17.08972  
316.700    17.09050  
316.800    17.09129  
316.900    17.09207  
317.000    17.09286  
317.100    17.09365  
317.200    17.09443  
317.300    17.09522  
317.400    17.09600  
317.500    17.09678  
317.600    17.09757  
317.700    17.09835  
317.800    17.09913  
317.900    17.09991  
318.000    17.10069  
318.100    17.10147  
318.200    17.10225  
318.300    17.10303  
318.400    17.10380  
318.500    17.10458  
318.600    17.10535  
318.700    17.10612  
318.800    17.10689  
318.900    17.10766  
319.000    17.10842  
319.100    17.10919  
319.200    17.10995  
319.300    17.11071  
319.400    17.11147  
319.500    17.11223  
319.600    17.11298  
319.700    17.11373  
319.800    17.11448  
319.900    17.11523  
320.000    17.11597  
320.100    17.11671  
320.200    17.11745  
320.300    17.11819  
320.400    17.11892  
320.500    17.11965  
320.600    17.12038  
320.700    17.12111  
320.800    17.12184  
320.900    17.12256  
321.000    17.12328  
321.100    17.12400  
321.200    17.12472  
321.300    17.12543  
321.400    17.12615  
321.500    17.12686  
321.600    17.12757  
321.700    17.12828  
321.800    17.12899  
321.900    17.12970  
322.000    17.13040  
322.100    17.13111  
322.200    17.13181  
322.300    17.13252  
322.400    17.13322  
322.500    17.13392  
322.600    17.13462  
322.700    17.13532  
322.800    17.13602  
322.900    17.13672  
323.000    17.13742  
323.100    17.13812  
323.200    17.13881  
323.300    17.13951  
323.400    17.14021  
323.500    17.14091  
323.600    17.14161  
323.700    17.14231  
323.800    17.14300  
323.900    17.14370  
324.000    17.14440  
324.100    17.14510  
324.200    17.14580  
324.300    17.14650  
324.400    17.14721  
324.500    17.14791  
324.600    17.14861  
324.700    17.14932  
324.800    17.15002  
324.900    17.15073  
325.000    17.15144  
325.100    17.15214  
325.200    17.15285  
325.300    17.15357  
325.400    17.15428  
325.500    17.15499  
325.600    17.15570  
325.700    17.15642  
325.800    17.15714  
325.900    17.15785  
326.000    17.15857  
326.100    17.15929  
326.200    17.16000  
326.300    17.16072  
326.400    17.16144  
326.500    17.16216  
326.600    17.16288  
326.700    17.16360  
326.800    17.16432  
326.900    17.16504  
327.000    17.16576  
327.100    17.16647  
327.200    17.16719  
327.300    17.16791  
327.400    17.16863  
327.500    17.16935  
327.600    17.17006  
327.700    17.17078  
327.800    17.17149  
327.900    17.17221  
328.000    17.17292  
328.100    17.17363  
328.200    17.17435  
328.300    17.17506  
328.400    17.17577  
328.500    17.17647  
328.600    17.17718  
328.700    17.17789  
328.800    17.17859  
328.900    17.17929  
329.000    17.17999  
329.100    17.18069  
329.200    17.18139  
329.300    17.18209  
329.400    17.18278  
329.500    17.18347  
329.600    17.18416  
329.700    17.18485  
329.800    17.18553  
329.900    17.18622  
330.000    17.18690  
330.100    17.18758  
330.200    17.18825  
330.300    17.18893  
330.400    17.18960  
330.500    17.19027  
330.600    17.19094  
330.700    17.19160  
330.800    17.19227  
330.900    17.19293  
331.000    17.19359  
331.100    17.19425  
331.200    17.19490  
331.300    17.19556  
331.400    17.19621  
331.500    17.19687  
331.600    17.19752  
331.700    17.19817  
331.800    17.19881  
331.900    17.19946  
332.000    17.20011  
332.100    17.20075  
332.200    17.20140  
332.300    17.20204  
332.400    17.20269  
332.500    17.20333  
332.600    17.20397  
332.700    17.20461  
332.800    17.20525  
332.900    17.20589  
333.000    17.20653  
333.100    17.20717  
333.200    17.20781  
333.300    17.20845  
333.400    17.20909  
333.500    17.20973  
333.600    17.21037  
333.700    17.21101  
333.800    17.21165  
333.900    17.21229  
334.000    17.21293  
334.100    17.21357  
334.200    17.21421  
334.300    17.21485  
334.400    17.21549  
334.500    17.21613  
334.600    17.21678  
334.700    17.21742  
334.800    17.21807  
334.900    17.21872  
335.000    17.21936  
335.100    17.22001  
335.200    17.22066  
335.300    17.22131  
335.400    17.22197  
335.500    17.22262  
335.600    17.22327  
335.700    17.22393  
335.800    17.22458  
335.900    17.22524  
336.000    17.22589  
336.100    17.22655  
336.200    17.22721  
336.300    17.22787  
336.400    17.22852  
336.500    17.22918  
336.600    17.22984  
336.700    17.23050  
336.800    17.23116  
336.900    17.23182  
337.000    17.23247  
337.100    17.23313  
337.200    17.23379  
337.300    17.23445  
337.400    17.23510  
337.500    17.23576  
337.600    17.23642  
337.700    17.23707  
337.800    17.23773  
337.900    17.23838  
338.000    17.23903  
338.100    17.23969  
338.200    17.24034  
338.300    17.24099  
338.400    17.24164  
338.500    17.24229  
338.600    17.24293  
338.700    17.24358  
338.800    17.24422  
338.900    17.24487  
339.000    17.24551  
339.100    17.24615  
339.200    17.24679  
339.300    17.24742  
339.400    17.24806  
339.500    17.24869  
339.600    17.24932  
339.700    17.24995  
339.800    17.25058  
339.900    17.25121  
340.000    17.25183  
340.100    17.25245  
340.200    17.25307  
340.300    17.25369  
340.400    17.25430  
340.500    17.25492  
340.600    17.25553  
340.700    17.25614  
340.800    17.25674  
340.900    17.25735  
341.000    17.25796  
341.100    17.25856  
341.200    17.25916  
341.300    17.25976  
341.400    17.26036  
341.500    17.26096  
341.600    17.26155  
341.700    17.26215  
341.800    17.26274  
341.900    17.26333  
342.000    17.26393  
342.100    17.26452  
342.200    17.26511  
342.300    17.26570  
342.400    17.26629  
342.500    17.26687  
342.600    17.26746  
342.700    17.26805  
342.800    17.26863  
342.900    17.26922  
343.000    17.26981  
343.100    17.27039  
343.200    17.27098  
343.300    17.27156  
343.400    17.27215  
343.500    17.27273  
343.600    17.27332  
343.700    17.27391  
343.800    17.27449  
343.900    17.27508  
344.000    17.27566  
344.100    17.27625  
344.200    17.27684  
344.300    17.27743  
344.400    17.27801  
344.500    17.27860  
344.600    17.27919  
344.700    17.27978  
344.800    17.28037  
344.900    17.28097  
345.000    17.28156  
345.100    17.28215  
345.200    17.28275  
345.300    17.28335  
345.400    17.28394  
345.500    17.28454  
345.600    17.28514  
345.700    17.28574  
345.800    17.28634  
345.900    17.28694  
346.000    17.28754  
346.100    17.28814  
346.200    17.28874  
346.300    17.28935  
346.400    17.28995  
346.500    17.29055  
346.600    17.29115  
346.700    17.29176  
346.800    17.29236  
346.900    17.29296  
347.000    17.29356  
347.100    17.29417  
347.200    17.29477  
347.300    17.29537  
347.400    17.29597  
347.500    17.29657  
347.600    17.29717  
347.700    17.29777  
347.800    17.29837  
347.900    17.29897  
348.000    17.29957  
348.100    17.30017  
348.200    17.30077  
348.300    17.30136  
348.400    17.30196  
348.500    17.30255  
348.600    17.30314  
348.700    17.30373  
348.800    17.30432  
348.900    17.30491  
349.000    17.30550  
349.100    17.30609  
349.200    17.30667  
349.300    17.30726  
349.400    17.30784  
349.500    17.30842  
349.600    17.30900  
349.700    17.30957  
349.800    17.31015  
349.900    17.31072  
350.000    17.31129   