0.000     0.00000  
  0.100     0.00000  
  0.200     0.00000  
  0.300     0.00000  
  0.400     0.00000  
  0.500     0.00000  
  0.600     0.00000  
  0.700     0.00000  
  0.800     0.00000  
  0.900     0.00000  
  1.000     0.00000  
  1.100     0.00000  
  1.200     0.00000  
  1.300     0.00000  
  1.400     0.00000  
  1.500     0.00000  
  1.600     0.00000  
  1.700     0.00000  
  1.800     0.00000  
  1.900     0.00000  
  2.000     0.00000  
  2.100     0.00000  
  2.200     0.00000  
  2.300     0.00000  
  2.400     0.00000  
  2.500     0.00000  
  2.600     0.00000  
  2.700     0.00000  
  2.800     0.00000  
  2.900     0.00000  
  3.000     0.00000  
  3.100     0.00000  
  3.200     0.00000  
  3.300     0.00000  
  3.400     0.00000  
  3.500     0.00000  
  3.600     0.00000  
  3.700     0.00000  
  3.800     0.00000  
  3.900     0.00000  
  4.000     0.00000  
  4.100     0.00000  
  4.200     0.00000  
  4.300     0.00000  
  4.400     0.00001  
  4.500     0.00001  
  4.600     0.00001  
  4.700     0.00001  
  4.800     0.00001  
  4.900     0.00001  
  5.000     0.00001  
  5.100     0.00001  
  5.200     0.00001  
  5.300     0.00001  
  5.400     0.00001  
  5.500     0.00001  
  5.600     0.00001  
  5.700     0.00002  
  5.800     0.00002  
  5.900     0.00002  
  6.000     0.00002  
  6.100     0.00002  
  6.200     0.00002  
  6.300     0.00002  
  6.400     0.00003  
  6.500     0.00003  
  6.600     0.00003  
  6.700     0.00003  
  6.800     0.00003  
  6.900     0.00004  
  7.000     0.00004  
  7.100     0.00004  
  7.200     0.00004  
  7.300     0.00005  
  7.400     0.00005  
  7.500     0.00005  
  7.600     0.00005  
  7.700     0.00006  
  7.800     0.00006  
  7.900     0.00006  
  8.000     0.00007  
  8.100     0.00007  
  8.200     0.00007  
  8.300     0.00008  
  8.400     0.00008  
  8.500     0.00009  
  8.600     0.00009  
  8.700     0.00009  
  8.800     0.00010  
  8.900     0.00010  
  9.000     0.00011  
  9.100     0.00011  
  9.200     0.00012  
  9.300     0.00012  
  9.400     0.00013  
  9.500     0.00013  
  9.600     0.00014  
  9.700     0.00015  
  9.800     0.00015  
  9.900     0.00016  
 10.000     0.00017  
 10.100     0.00017  
 10.200     0.00018  
 10.300     0.00019  
 10.400     0.00019  
 10.500     0.00020  
 10.600     0.00021  
 10.700     0.00022  
 10.800     0.00022  
 10.900     0.00023  
 11.000     0.00024  
 11.100     0.00025  
 11.200     0.00026  
 11.300     0.00027  
 11.400     0.00028  
 11.500     0.00029  
 11.600     0.00030  
 11.700     0.00031  
 11.800     0.00032  
 11.900     0.00033  
 12.000     0.00034  
 12.100     0.00035  
 12.200     0.00036  
 12.300     0.00037  
 12.400     0.00038  
 12.500     0.00039  
 12.600     0.00040  
 12.700     0.00042  
 12.800     0.00043  
 12.900     0.00044  
 13.000     0.00045  
 13.100     0.00047  
 13.200     0.00048  
 13.300     0.00049  
 13.400     0.00051  
 13.500     0.00052  
 13.600     0.00053  
 13.700     0.00055  
 13.800     0.00056  
 13.900     0.00058  
 14.000     0.00059  
 14.100     0.00061  
 14.200     0.00063  
 14.300     0.00064  
 14.400     0.00066  
 14.500     0.00067  
 14.600     0.00069  
 14.700     0.00071  
 14.800     0.00073  
 14.900     0.00074  
 15.000     0.00076  
 15.100     0.00078  
 15.200     0.00080  
 15.300     0.00082  
 15.400     0.00084  
 15.500     0.00085  
 15.600     0.00087  
 15.700     0.00089  
 15.800     0.00091  
 15.900     0.00093  
 16.000     0.00095  
 16.100     0.00098  
 16.200     0.00100  
 16.300     0.00102  
 16.400     0.00104  
 16.500     0.00106  
 16.600     0.00108  
 16.700     0.00111  
 16.800     0.00113  
 16.900     0.00115  
 17.000     0.00118  
 17.100     0.00120  
 17.200     0.00123  
 17.300     0.00125  
 17.400     0.00127  
 17.500     0.00130  
 17.600     0.00132  
 17.700     0.00135  
 17.800     0.00138  
 17.900     0.00140  
 18.000     0.00143  
 18.100     0.00146  
 18.200     0.00148  
 18.300     0.00151  
 18.400     0.00154  
 18.500     0.00157  
 18.600     0.00159  
 18.700     0.00162  
 18.800     0.00165  
 18.900     0.00168  
 19.000     0.00171  
 19.100     0.00174  
 19.200     0.00177  
 19.300     0.00180  
 19.400     0.00183  
 19.500     0.00186  
 19.600     0.00189  
 19.700     0.00193  
 19.800     0.00196  
 19.900     0.00199  
 20.000     0.00202  
 20.100     0.00206  
 20.200     0.00209  
 20.300     0.00212  
 20.400     0.00216  
 20.500     0.00219  
 20.600     0.00223  
 20.700     0.00226  
 20.800     0.00230  
 20.900     0.00233  
 21.000     0.00237  
 21.100     0.00240  
 21.200     0.00244  
 21.300     0.00248  
 21.400     0.00251  
 21.500     0.00255  
 21.600     0.00259  
 21.700     0.00263  
 21.800     0.00267  
 21.900     0.00270  
 22.000     0.00274  
 22.100     0.00278  
 22.200     0.00282  
 22.300     0.00286  
 22.400     0.00290  
 22.500     0.00294  
 22.600     0.00299  
 22.700     0.00303  
 22.800     0.00307  
 22.900     0.00311  
 23.000     0.00315  
 23.100     0.00320  
 23.200     0.00324  
 23.300     0.00328  
 23.400     0.00333  
 23.500     0.00337  
 23.600     0.00341  
 23.700     0.00346  
 23.800     0.00350  
 23.900     0.00355  
 24.000     0.00359  
 24.100     0.00364  
 24.200     0.00369  
 24.300     0.00373  
 24.400     0.00378  
 24.500     0.00383  
 24.600     0.00387  
 24.700     0.00392  
 24.800     0.00397  
 24.900     0.00402  
 25.000     0.00407  
 25.100     0.00412  
 25.200     0.00417  
 25.300     0.00422  
 25.400     0.00427  
 25.500     0.00432  
 25.600     0.00437  
 25.700     0.00442  
 25.800     0.00447  
 25.900     0.00452  
 26.000     0.00458  
 26.100     0.00463  
 26.200     0.00468  
 26.300     0.00473  
 26.400     0.00479  
 26.500     0.00484  
 26.600     0.00490  
 26.700     0.00495  
 26.800     0.00500  
 26.900     0.00506  
 27.000     0.00512  
 27.100     0.00517  
 27.200     0.00523  
 27.300     0.00528  
 27.400     0.00534  
 27.500     0.00540  
 27.600     0.00545  
 27.700     0.00551  
 27.800     0.00557  
 27.900     0.00563  
 28.000     0.00569  
 28.100     0.00575  
 28.200     0.00581  
 28.300     0.00587  
 28.400     0.00593  
 28.500     0.00599  
 28.600     0.00605  
 28.700     0.00611  
 28.800     0.00617  
 28.900     0.00623  
 29.000     0.00629  
 29.100     0.00636  
 29.200     0.00642  
 29.300     0.00648  
 29.400     0.00654  
 29.500     0.00661  
 29.600     0.00667  
 29.700     0.00674  
 29.800     0.00680  
 29.900     0.00687  
 30.000     0.00693  
 30.100     0.00700  
 30.200     0.00706  
 30.300     0.00713  
 30.400     0.00720  
 30.500     0.00726  
 30.600     0.00733  
 30.700     0.00740  
 30.800     0.00746  
 30.900     0.00753  
 31.000     0.00760  
 31.100     0.00767  
 31.200     0.00774  
 31.300     0.00781  
 31.400     0.00788  
 31.500     0.00795  
 31.600     0.00802  
 31.700     0.00809  
 31.800     0.00816  
 31.900     0.00823  
 32.000     0.00830  
 32.100     0.00837  
 32.200     0.00845  
 32.300     0.00852  
 32.400     0.00859  
 32.500     0.00867  
 32.600     0.00874  
 32.700     0.00881  
 32.800     0.00889  
 32.900     0.00896  
 33.000     0.00904  
 33.100     0.00911  
 33.200     0.00919  
 33.300     0.00926  
 33.400     0.00934  
 33.500     0.00941  
 33.600     0.00949  
 33.700     0.00957  
 33.800     0.00964  
 33.900     0.00972  
 34.000     0.00980  
 34.100     0.00988  
 34.200     0.00996  
 34.300     0.01004  
 34.400     0.01011  
 34.500     0.01019  
 34.600     0.01027  
 34.700     0.01035  
 34.800     0.01043  
 34.900     0.01051  
 35.000     0.01060  
 35.100     0.01068  
 35.200     0.01076  
 35.300     0.01084  
 35.400     0.01092  
 35.500     0.01100  
 35.600     0.01109  
 35.700     0.01117  
 35.800     0.01125  
 35.900     0.01134  
 36.000     0.01142  
 36.100     0.01151  
 36.200     0.01159  
 36.300     0.01167  
 36.400     0.01176  
 36.500     0.01184  
 36.600     0.01193  
 36.700     0.01202  
 36.800     0.01210  
 36.900     0.01219  
 37.000     0.01228  
 37.100     0.01236  
 37.200     0.01245  
 37.300     0.01254  
 37.400     0.01263  
 37.500     0.01271  
 37.600     0.01280  
 37.700     0.01289  
 37.800     0.01298  
 37.900     0.01307  
 38.000     0.01316  
 38.100     0.01325  
 38.200     0.01334  
 38.300     0.01343  
 38.400     0.01352  
 38.500     0.01361  
 38.600     0.01371  
 38.700     0.01380  
 38.800     0.01389  
 38.900     0.01398  
 39.000     0.01408  
 39.100     0.01417  
 39.200     0.01426  
 39.300     0.01435  
 39.400     0.01445  
 39.500     0.01454  
 39.600     0.01464  
 39.700     0.01473  
 39.800     0.01483  
 39.900     0.01492  
 40.000     0.01502  
 40.100     0.01511  
 40.200     0.01521  
 40.300     0.01531  
 40.400     0.01540  
 40.500     0.01550  
 40.600     0.01560  
 40.700     0.01569  
 40.800     0.01579  
 40.900     0.01589  
 41.000     0.01599  
 41.100     0.01609  
 41.200     0.01618  
 41.300     0.01628  
 41.400     0.01638  
 41.500     0.01648  
 41.600     0.01658  
 41.700     0.01668  
 41.800     0.01678  
 41.900     0.01688  
 42.000     0.01699  
 42.100     0.01709  
 42.200     0.01719  
 42.300     0.01729  
 42.400     0.01739  
 42.500     0.01749  
 42.600     0.01760  
 42.700     0.01770  
 42.800     0.01780  
 42.900     0.01791  
 43.000     0.01801  
 43.100     0.01811  
 43.200     0.01822  
 43.300     0.01832  
 43.400     0.01843  
 43.500     0.01853  
 43.600     0.01864  
 43.700     0.01874  
 43.800     0.01885  
 43.900     0.01896  
 44.000     0.01906  
 44.100     0.01917  
 44.200     0.01928  
 44.300     0.01938  
 44.400     0.01949  
 44.500     0.01960  
 44.600     0.01971  
 44.700     0.01981  
 44.800     0.01992  
 44.900     0.02003  
 45.000     0.02014  
 45.100     0.02025  
 45.200     0.02036  
 45.300     0.02047  
 45.400     0.02058  
 45.500     0.02069  
 45.600     0.02080  
 45.700     0.02091  
 45.800     0.02102  
 45.900     0.02113  
 46.000     0.02124  
 46.100     0.02135  
 46.200     0.02147  
 46.300     0.02158  
 46.400     0.02169  
 46.500     0.02180  
 46.600     0.02192  
 46.700     0.02203  
 46.800     0.02214  
 46.900     0.02226  
 47.000     0.02237  
 47.100     0.02249  
 47.200     0.02260  
 47.300     0.02272  
 47.400     0.02283  
 47.500     0.02295  
 47.600     0.02306  
 47.700     0.02318  
 47.800     0.02329  
 47.900     0.02341  
 48.000     0.02353  
 48.100     0.02364  
 48.200     0.02376  
 48.300     0.02388  
 48.400     0.02399  
 48.500     0.02411  
 48.600     0.02423  
 48.700     0.02435  
 48.800     0.02447  
 48.900     0.02458  
 49.000     0.02470  
 49.100     0.02482  
 49.200     0.02494  
 49.300     0.02506  
 49.400     0.02518  
 49.500     0.02530  
 49.600     0.02542  
 49.700     0.02554  
 49.800     0.02566  
 49.900     0.02578  
 50.000     0.02590  
 50.100     0.02603  
 50.200     0.02615  
 50.300     0.02627  
 50.400     0.02639  
 50.500     0.02651  
 50.600     0.02664  
 50.700     0.02676  
 50.800     0.02688  
 50.900     0.02700  
 51.000     0.02713  
 51.100     0.02725  
 51.200     0.02738  
 51.300     0.02750  
 51.400     0.02762  
 51.500     0.02775  
 51.600     0.02787  
 51.700     0.02800  
 51.800     0.02812  
 51.900     0.02825  
 52.000     0.02838  
 52.100     0.02850  
 52.200     0.02863  
 52.300     0.02875  
 52.400     0.02888  
 52.500     0.02901  
 52.600     0.02913  
 52.700     0.02926  
 52.800     0.02939  
 52.900     0.02952  
 53.000     0.02964  
 53.100     0.02977  
 53.200     0.02990  
 53.300     0.03003  
 53.400     0.03016  
 53.500     0.03029  
 53.600     0.03041  
 53.700     0.03054  
 53.800     0.03067  
 53.900     0.03080  
 54.000     0.03093  
 54.100     0.03106  
 54.200     0.03119  
 54.300     0.03133  
 54.400     0.03146  
 54.500     0.03159  
 54.600     0.03172  
 54.700     0.03185  
 54.800     0.03198  
 54.900     0.03211  
 55.000     0.03225  
 55.100     0.03238  
 55.200     0.03251  
 55.300     0.03264  
 55.400     0.03278  
 55.500     0.03291  
 55.600     0.03304  
 55.700     0.03318  
 55.800     0.03331  
 55.900     0.03344  
 56.000     0.03358  
 56.100     0.03371  
 56.200     0.03385  
 56.300     0.03398  
 56.400     0.03412  
 56.500     0.03425  
 56.600     0.03439  
 56.700     0.03452  
 56.800     0.03466  
 56.900     0.03480  
 57.000     0.03493  
 57.100     0.03507  
 57.200     0.03521  
 57.300     0.03534  
 57.400     0.03548  
 57.500     0.03562  
 57.600     0.03575  
 57.700     0.03589  
 57.800     0.03603  
 57.900     0.03617  
 58.000     0.03631  
 58.100     0.03644  
 58.200     0.03658  
 58.300     0.03672  
 58.400     0.03686  
 58.500     0.03700  
 58.600     0.03714  
 58.700     0.03728  
 58.800     0.03742  
 58.900     0.03756  
 59.000     0.03770  
 59.100     0.03784  
 59.200     0.03798  
 59.300     0.03812  
 59.400     0.03826  
 59.500     0.03840  
 59.600     0.03854  
 59.700     0.03869  
 59.800     0.03883  
 59.900     0.03897  
 60.000     0.03911  
 60.100     0.03925  
 60.200     0.03940  
 60.300     0.03954  
 60.400     0.03968  
 60.500     0.03983  
 60.600     0.03997  
 60.700     0.04011  
 60.800     0.04026  
 60.900     0.04040  
 61.000     0.04054  
 61.100     0.04069  
 61.200     0.04083  
 61.300     0.04098  
 61.400     0.04112  
 61.500     0.04127  
 61.600     0.04141  
 61.700     0.04156  
 61.800     0.04170  
 61.900     0.04185  
 62.000     0.04199  
 62.100     0.04214  
 62.200     0.04229  
 62.300     0.04243  
 62.400     0.04258  
 62.500     0.04273  
 62.600     0.04287  
 62.700     0.04302  
 62.800     0.04317  
 62.900     0.04332  
 63.000     0.04346  
 63.100     0.04361  
 63.200     0.04376  
 63.300     0.04391  
 63.400     0.04406  
 63.500     0.04420  
 63.600     0.04435  
 63.700     0.04450  
 63.800     0.04465  
 63.900     0.04480  
 64.000     0.04495  
 64.100     0.04510  
 64.200     0.04525  
 64.300     0.04540  
 64.400     0.04555  
 64.500     0.04570  
 64.600     0.04585  
 64.700     0.04600  
 64.800     0.04615  
 64.900     0.04630  
 65.000     0.04645  
 65.100     0.04660  
 65.200     0.04676  
 65.300     0.04691  
 65.400     0.04706  
 65.500     0.04721  
 65.600     0.04736  
 65.700     0.04752  
 65.800     0.04767  
 65.900     0.04782  
 66.000     0.04797  
 66.100     0.04813  
 66.200     0.04828  
 66.300     0.04843  
 66.400     0.04859  
 66.500     0.04874  
 66.600     0.04889  
 66.700     0.04905  
 66.800     0.04920  
 66.900     0.04936  
 67.000     0.04951  
 67.100     0.04967  
 67.200     0.04982  
 67.300     0.04998  
 67.400     0.05013  
 67.500     0.05029  
 67.600     0.05044  
 67.700     0.05060  
 67.800     0.05075  
 67.900     0.05091  
 68.000     0.05107  
 68.100     0.05122  
 68.200     0.05138  
 68.300     0.05153  
 68.400     0.05169  
 68.500     0.05185  
 68.600     0.05201  
 68.700     0.05216  
 68.800     0.05232  
 68.900     0.05248  
 69.000     0.05264  
 69.100     0.05279  
 69.200     0.05295  
 69.300     0.05311  
 69.400     0.05327  
 69.500     0.05343  
 69.600     0.05358  
 69.700     0.05374  
 69.800     0.05390  
 69.900     0.05406  
 70.000     0.05422  
 70.100     0.05438  
 70.200     0.05454  
 70.300     0.05470  
 70.400     0.05486  
 70.500     0.05502  
 70.600     0.05518  
 70.700     0.05534  
 70.800     0.05550  
 70.900     0.05566  
 71.000     0.05582  
 71.100     0.05598  
 71.200     0.05614  
 71.300     0.05630  
 71.400     0.05647  
 71.500     0.05663  
 71.600     0.05679  
 71.700     0.05695  
 71.800     0.05711  
 71.900     0.05727  
 72.000     0.05744  
 72.100     0.05760  
 72.200     0.05776  
 72.300     0.05792  
 72.400     0.05809  
 72.500     0.05825  
 72.600     0.05841  
 72.700     0.05857  
 72.800     0.05874  
 72.900     0.05890  
 73.000     0.05907  
 73.100     0.05923  
 73.200     0.05939  
 73.300     0.05956  
 73.400     0.05972  
 73.500     0.05989  
 73.600     0.06005  
 73.700     0.06021  
 73.800     0.06038  
 73.900     0.06054  
 74.000     0.06071  
 74.100     0.06087  
 74.200     0.06104  
 74.300     0.06120  
 74.400     0.06137  
 74.500     0.06154  
 74.600     0.06170  
 74.700     0.06187  
 74.800     0.06203  
 74.900     0.06220  
 75.000     0.06237  
 75.100     0.06253  
 75.200     0.06270  
 75.300     0.06287  
 75.400     0.06303  
 75.500     0.06320  
 75.600     0.06337  
 75.700     0.06354  
 75.800     0.06370  
 75.900     0.06387  
 76.000     0.06404  
 76.100     0.06421  
 76.200     0.06437  
 76.300     0.06454  
 76.400     0.06471  
 76.500     0.06488  
 76.600     0.06505  
 76.700     0.06522  
 76.800     0.06538  
 76.900     0.06555  
 77.000     0.06572  
 77.100     0.06589  
 77.200     0.06606  
 77.300     0.06623  
 77.400     0.06640  
 77.500     0.06657  
 77.600     0.06674  
 77.700     0.06691  
 77.800     0.06708  
 77.900     0.06725  
 78.000     0.06742  
 78.100     0.06759  
 78.200     0.06776  
 78.300     0.06793  
 78.400     0.06810  
 78.500     0.06827  
 78.600     0.06844  
 78.700     0.06862  
 78.800     0.06879  
 78.900     0.06896  
 79.000     0.06913  
 79.100     0.06930  
 79.200     0.06947  
 79.300     0.06965  
 79.400     0.06982  
 79.500     0.06999  
 79.600     0.07016  
 79.700     0.07033  
 79.800     0.07051  
 79.900     0.07068  
 80.000     0.07085  
 80.100     0.07103  
 80.200     0.07120  
 80.300     0.07137  
 80.400     0.07155  
 80.500     0.07172  
 80.600     0.07189  
 80.700     0.07207  
 80.800     0.07224  
 80.900     0.07241  
 81.000     0.07259  
 81.100     0.07276  
 81.200     0.07294  
 81.300     0.07311  
 81.400     0.07329  
 81.500     0.07346  
 81.600     0.07363  
 81.700     0.07381  
 81.800     0.07398  
 81.900     0.07416  
 82.000     0.07433  
 82.100     0.07451  
 82.200     0.07469  
 82.300     0.07486  
 82.400     0.07504  
 82.500     0.07521  
 82.600     0.07539  
 82.700     0.07557  
 82.800     0.07574  
 82.900     0.07592  
 83.000     0.07609  
 83.100     0.07627  
 83.200     0.07645  
 83.300     0.07662  
 83.400     0.07680  
 83.500     0.07698  
 83.600     0.07716  
 83.700     0.07733  
 83.800     0.07751  
 83.900     0.07769  
 84.000     0.07786  
 84.100     0.07804  
 84.200     0.07822  
 84.300     0.07840  
 84.400     0.07858  
 84.500     0.07875  
 84.600     0.07893  
 84.700     0.07911  
 84.800     0.07929  
 84.900     0.07947  
 85.000     0.07965  
 85.100     0.07983  
 85.200     0.08000  
 85.300     0.08018  
 85.400     0.08036  
 85.500     0.08054  
 85.600     0.08072  
 85.700     0.08090  
 85.800     0.08108  
 85.900     0.08126  
 86.000     0.08144  
 86.100     0.08162  
 86.200     0.08180  
 86.300     0.08198  
 86.400     0.08216  
 86.500     0.08234  
 86.600     0.08252  
 86.700     0.08270  
 86.800     0.08288  
 86.900     0.08306  
 87.000     0.08324  
 87.100     0.08342  
 87.200     0.08360  
 87.300     0.08379  
 87.400     0.08397  
 87.500     0.08415  
 87.600     0.08433  
 87.700     0.08451  
 87.800     0.08469  
 87.900     0.08488  
 88.000     0.08506  
 88.100     0.08524  
 88.200     0.08542  
 88.300     0.08560  
 88.400     0.08579  
 88.500     0.08597  
 88.600     0.08615  
 88.700     0.08633  
 88.800     0.08652  
 88.900     0.08670  
 89.000     0.08688  
 89.100     0.08707  
 89.200     0.08725  
 89.300     0.08743  
 89.400     0.08761  
 89.500     0.08780  
 89.600     0.08798  
 89.700     0.08816  
 89.800     0.08835  
 89.900     0.08853  
 90.000     0.08872  
 90.100     0.08890  
 90.200     0.08908  
 90.300     0.08927  
 90.400     0.08945  
 90.500     0.08964  
 90.600     0.08982  
 90.700     0.09001  
 90.800     0.09019  
 90.900     0.09038  
 91.000     0.09056  
 91.100     0.09074  
 91.200     0.09093  
 91.300     0.09112  
 91.400     0.09130  
 91.500     0.09149  
 91.600     0.09167  
 91.700     0.09186  
 91.800     0.09204  
 91.900     0.09223  
 92.000     0.09241  
 92.100     0.09260  
 92.200     0.09279  
 92.300     0.09297  
 92.400     0.09316  
 92.500     0.09334  
 92.600     0.09353  
 92.700     0.09372  
 92.800     0.09390  
 92.900     0.09409  
 93.000     0.09428  
 93.100     0.09446  
 93.200     0.09465  
 93.300     0.09484  
 93.400     0.09503  
 93.500     0.09521  
 93.600     0.09540  
 93.700     0.09559  
 93.800     0.09577  
 93.900     0.09596  
 94.000     0.09615  
 94.100     0.09634  
 94.200     0.09653  
 94.300     0.09671  
 94.400     0.09690  
 94.500     0.09709  
 94.600     0.09728  
 94.700     0.09747  
 94.800     0.09765  
 94.900     0.09784  
 95.000     0.09803  
 95.100     0.09822  
 95.200     0.09841  
 95.300     0.09860  
 95.400     0.09879  
 95.500     0.09898  
 95.600     0.09916  
 95.700     0.09935  
 95.800     0.09954  
 95.900     0.09973  
 96.000     0.09992  
 96.100     0.10011  
 96.200     0.10030  
 96.300     0.10049  
 96.400     0.10068  
 96.500     0.10087  
 96.600     0.10106  
 96.700     0.10125  
 96.800     0.10144  
 96.900     0.10163  
 97.000     0.10182  
 97.100     0.10201  
 97.200     0.10220  
 97.300     0.10239  
 97.400     0.10258  
 97.500     0.10277  
 97.600     0.10296  
 97.700     0.10316  
 97.800     0.10335  
 97.900     0.10354  
 98.000     0.10373  
 98.100     0.10392  
 98.200     0.10411  
 98.300     0.10430  
 98.400     0.10449  
 98.500     0.10469  
 98.600     0.10488  
 98.700     0.10507  
 98.800     0.10526  
 98.900     0.10545  
 99.000     0.10564  
 99.100     0.10584  
 99.200     0.10603  
 99.300     0.10622  
 99.400     0.10641  
 99.500     0.10661  
 99.600     0.10680  
 99.700     0.10699  
 99.800     0.10718  
 99.900     0.10738  
100.000     0.10757  
100.100     0.10776  
100.200     0.10796  
100.300     0.10815  
100.400     0.10834  
100.500     0.10854  
100.600     0.10873  
100.700     0.10892  
100.800     0.10912  
100.900     0.10931  
101.000     0.10950  
101.100     0.10970  
101.200     0.10989  
101.300     0.11008  
101.400     0.11028  
101.500     0.11047  
101.600     0.11067  
101.700     0.11086  
101.800     0.11106  
101.900     0.11125  
102.000     0.11144  
102.100     0.11164  
102.200     0.11183  
102.300     0.11203  
102.400     0.11222  
102.500     0.11242  
102.600     0.11261  
102.700     0.11281  
102.800     0.11300  
102.900     0.11320  
103.000     0.11339  
103.100     0.11359  
103.200     0.11378  
103.300     0.11398  
103.400     0.11417  
103.500     0.11437  
103.600     0.11457  
103.700     0.11476  
103.800     0.11496  
103.900     0.11515  
104.000     0.11535  
104.100     0.11555  
104.200     0.11574  
104.300     0.11594  
104.400     0.11613  
104.500     0.11633  
104.600     0.11653  
104.700     0.11672  
104.800     0.11692  
104.900     0.11712  
105.000     0.11731  
105.100     0.11751  
105.200     0.11771  
105.300     0.11791  
105.400     0.11810  
105.500     0.11830  
105.600     0.11850  
105.700     0.11869  
105.800     0.11889  
105.900     0.11909  
106.000     0.11929  
106.100     0.11948  
106.200     0.11968  
106.300     0.11988  
106.400     0.12008  
106.500     0.12027  
106.600     0.12047  
106.700     0.12067  
106.800     0.12087  
106.900     0.12107  
107.000     0.12126  
107.100     0.12146  
107.200     0.12166  
107.300     0.12186  
107.400     0.12206  
107.500     0.12226  
107.600     0.12246  
107.700     0.12265  
107.800     0.12285  
107.900     0.12305  
108.000     0.12325  
108.100     0.12345  
108.200     0.12365  
108.300     0.12385  
108.400     0.12405  
108.500     0.12425  
108.600     0.12445  
108.700     0.12465  
108.800     0.12484  
108.900     0.12504  
109.000     0.12524  
109.100     0.12544  
109.200     0.12564  
109.300     0.12584  
109.400     0.12604  
109.500     0.12624  
109.600     0.12644  
109.700     0.12664  
109.800     0.12684  
109.900     0.12704  
110.000     0.12724  
110.100     0.12744  
110.200     0.12764  
110.300     0.12784  
110.400     0.12804  
110.500     0.12825  
110.600     0.12845  
110.700     0.12865  
110.800     0.12885  
110.900     0.12905  
111.000     0.12925  
111.100     0.12945  
111.200     0.12965  
111.300     0.12985  
111.400     0.13005  
111.500     0.13025  
111.600     0.13046  
111.700     0.13066  
111.800     0.13086  
111.900     0.13106  
112.000     0.13126  
112.100     0.13146  
112.200     0.13166  
112.300     0.13187  
112.400     0.13207  
112.500     0.13227  
112.600     0.13247  
112.700     0.13267  
112.800     0.13288  
112.900     0.13308  
113.000     0.13328  
113.100     0.13348  
113.200     0.13368  
113.300     0.13389  
113.400     0.13409  
113.500     0.13429  
113.600     0.13449  
113.700     0.13470  
113.800     0.13490  
113.900     0.13510  
114.000     0.13530  
114.100     0.13551  
114.200     0.13571  
114.300     0.13591  
114.400     0.13612  
114.500     0.13632  
114.600     0.13652  
114.700     0.13672  
114.800     0.13693  
114.900     0.13713  
115.000     0.13733  
115.100     0.13754  
115.200     0.13774  
115.300     0.13794  
115.400     0.13815  
115.500     0.13835  
115.600     0.13856  
115.700     0.13876  
115.800     0.13896  
115.900     0.13917  
116.000     0.13937  
116.100     0.13957  
116.200     0.13978  
116.300     0.13998  
116.400     0.14019  
116.500     0.14039  
116.600     0.14059  
116.700     0.14080  
116.800     0.14100  
116.900     0.14121  
117.000     0.14141  
117.100     0.14162  
117.200     0.14182  
117.300     0.14202  
117.400     0.14223  
117.500     0.14243  
117.600     0.14264  
117.700     0.14284  
117.800     0.14305  
117.900     0.14325  
118.000     0.14346  
118.100     0.14366  
118.200     0.14387  
118.300     0.14407  
118.400     0.14428  
118.500     0.14448  
118.600     0.14469  
118.700     0.14489  
118.800     0.14510  
118.900     0.14530  
119.000     0.14551  
119.100     0.14571  
119.200     0.14592  
119.300     0.14612  
119.400     0.14633  
119.500     0.14654  
119.600     0.14674  
119.700     0.14695  
119.800     0.14715  
119.900     0.14736  
120.000     0.14756  
120.100     0.14777  
120.200     0.14798  
120.300     0.14818  
120.400     0.14839  
120.500     0.14860  
120.600     0.14880  
120.700     0.14901  
120.800     0.14921  
120.900     0.14942  
121.000     0.14963  
121.100     0.14983  
121.200     0.15004  
121.300     0.15025  
121.400     0.15045  
121.500     0.15066  
121.600     0.15087  
121.700     0.15107  
121.800     0.15128  
121.900     0.15149  
122.000     0.15169  
122.100     0.15190  
122.200     0.15211  
122.300     0.15232  
122.400     0.15252  
122.500     0.15273  
122.600     0.15294  
122.700     0.15314  
122.800     0.15335  
122.900     0.15356  
123.000     0.15377  
123.100     0.15397  
123.200     0.15418  
123.300     0.15439  
123.400     0.15460  
123.500     0.15480  
123.600     0.15501  
123.700     0.15522  
123.800     0.15543  
123.900     0.15563  
124.000     0.15584  
124.100     0.15605  
124.200     0.15626  
124.300     0.15647  
124.400     0.15667  
124.500     0.15688  
124.600     0.15709  
124.700     0.15730  
124.800     0.15751  
124.900     0.15771  
125.000     0.15792  
125.100     0.15813  
125.200     0.15834  
125.300     0.15855  
125.400     0.15876  
125.500     0.15897  
125.600     0.15917  
125.700     0.15938  
125.800     0.15959  
125.900     0.15980  
126.000     0.16001  
126.100     0.16022  
126.200     0.16043  
126.300     0.16064  
126.400     0.16084  
126.500     0.16105  
126.600     0.16126  
126.700     0.16147  
126.800     0.16168  
126.900     0.16189  
127.000     0.16210  
127.100     0.16231  
127.200     0.16252  
127.300     0.16273  
127.400     0.16294  
127.500     0.16315  
127.600     0.16336  
127.700     0.16357  
127.800     0.16377  
127.900     0.16398  
128.000     0.16419  
128.100     0.16440  
128.200     0.16461  
128.300     0.16482  
128.400     0.16503  
128.500     0.16524  
128.600     0.16545  
128.700     0.16566  
128.800     0.16587  
128.900     0.16608  
129.000     0.16629  
129.100     0.16650  
129.200     0.16671  
129.300     0.16692  
129.400     0.16713  
129.500     0.16734  
129.600     0.16755  
129.700     0.16776  
129.800     0.16797  
129.900     0.16819  
130.000     0.16840  
130.100     0.16861  
130.200     0.16882  
130.300     0.16903  
130.400     0.16924  
130.500     0.16945  
130.600     0.16966  
130.700     0.16987  
130.800     0.17008  
130.900     0.17029  
131.000     0.17050  
131.100     0.17071  
131.200     0.17093  
131.300     0.17114  
131.400     0.17135  
131.500     0.17156  
131.600     0.17177  
131.700     0.17198  
131.800     0.17219  
131.900     0.17240  
132.000     0.17262  
132.100     0.17283  
132.200     0.17304  
132.300     0.17325  
132.400     0.17346  
132.500     0.17367  
132.600     0.17388  
132.700     0.17410  
132.800     0.17431  
132.900     0.17452  
133.000     0.17473  
133.100     0.17494  
133.200     0.17516  
133.300     0.17537  
133.400     0.17558  
133.500     0.17579  
133.600     0.17600  
133.700     0.17621  
133.800     0.17643  
133.900     0.17664  
134.000     0.17685  
134.100     0.17706  
134.200     0.17728  
134.300     0.17749  
134.400     0.17770  
134.500     0.17791  
134.600     0.17812  
134.700     0.17834  
134.800     0.17855  
134.900     0.17876  
135.000     0.17897  
135.100     0.17919  
135.200     0.17940  
135.300     0.17961  
135.400     0.17982  
135.500     0.18004  
135.600     0.18025  
135.700     0.18046  
135.800     0.18068  
135.900     0.18089  
136.000     0.18110  
136.100     0.18131  
136.200     0.18153  
136.300     0.18174  
136.400     0.18195  
136.500     0.18217  
136.600     0.18238  
136.700     0.18259  
136.800     0.18281  
136.900     0.18302  
137.000     0.18323  
137.100     0.18345  
137.200     0.18366  
137.300     0.18387  
137.400     0.18409  
137.500     0.18430  
137.600     0.18451  
137.700     0.18473  
137.800     0.18494  
137.900     0.18515  
138.000     0.18537  
138.100     0.18558  
138.200     0.18579  
138.300     0.18601  
138.400     0.18622  
138.500     0.18643  
138.600     0.18665  
138.700     0.18686  
138.800     0.18708  
138.900     0.18729  
139.000     0.18750  
139.100     0.18772  
139.200     0.18793  
139.300     0.18815  
139.400     0.18836  
139.500     0.18857  
139.600     0.18879  
139.700     0.18900  
139.800     0.18922  
139.900     0.18943  
140.000     0.18964  
140.100     0.18986  
140.200     0.19007  
140.300     0.19029  
140.400     0.19050  
140.500     0.19072  
140.600     0.19093  
140.700     0.19114  
140.800     0.19136  
140.900     0.19157  
141.000     0.19179  
141.100     0.19200  
141.200     0.19222  
141.300     0.19243  
141.400     0.19265  
141.500     0.19286  
141.600     0.19308  
141.700     0.19329  
141.800     0.19351  
141.900     0.19372  
142.000     0.19393  
142.100     0.19415  
142.200     0.19436  
142.300     0.19458  
142.400     0.19479  
142.500     0.19501  
142.600     0.19522  
142.700     0.19544  
142.800     0.19565  
142.900     0.19587  
143.000     0.19609  
143.100     0.19630  
143.200     0.19652  
143.300     0.19673  
143.400     0.19695  
143.500     0.19716  
143.600     0.19738  
143.700     0.19759  
143.800     0.19781  
143.900     0.19802  
144.000     0.19824  
144.100     0.19845  
144.200     0.19867  
144.300     0.19888  
144.400     0.19910  
144.500     0.19932  
144.600     0.19953  
144.700     0.19975  
144.800     0.19996  
144.900     0.20018  
145.000     0.20039  
145.100     0.20061  
145.200     0.20083  
145.300     0.20104  
145.400     0.20126  
145.500     0.20147  
145.600     0.20169  
145.700     0.20190  
145.800     0.20212  
145.900     0.20234  
146.000     0.20255  
146.100     0.20277  
146.200     0.20298  
146.300     0.20320  
146.400     0.20342  
146.500     0.20363  
146.600     0.20385  
146.700     0.20406  
146.800     0.20428  
146.900     0.20450  
147.000     0.20471  
147.100     0.20493  
147.200     0.20515  
147.300     0.20536  
147.400     0.20558  
147.500     0.20579  
147.600     0.20601  
147.700     0.20623  
147.800     0.20644  
147.900     0.20666  
148.000     0.20688  
148.100     0.20709  
148.200     0.20731  
148.300     0.20753  
148.400     0.20774  
148.500     0.20796  
148.600     0.20818  
148.700     0.20839  
148.800     0.20861  
148.900     0.20883  
149.000     0.20904  
149.100     0.20926  
149.200     0.20948  
149.300     0.20969  
149.400     0.20991  
149.500     0.21013  
149.600     0.21034  
149.700     0.21056  
149.800     0.21078  
149.900     0.21099 
150.000     0.21121  
150.100     0.21143  
150.200     0.21165  
150.300     0.21186  
150.400     0.21208  
150.500     0.21230  
150.600     0.21251  
150.700     0.21273  
150.800     0.21295  
150.900     0.21317  
151.000     0.21338  
151.100     0.21360  
151.200     0.21382  
151.300     0.21403  
151.400     0.21425  
151.500     0.21447  
151.600     0.21469  
151.700     0.21490  
151.800     0.21512  
151.900     0.21534  
152.000     0.21556  
152.100     0.21577  
152.200     0.21599  
152.300     0.21621  
152.400     0.21643  
152.500     0.21664  
152.600     0.21686  
152.700     0.21708  
152.800     0.21730  
152.900     0.21751  
153.000     0.21773  
153.100     0.21795  
153.200     0.21817  
153.300     0.21839  
153.400     0.21860  
153.500     0.21882  
153.600     0.21904  
153.700     0.21926  
153.800     0.21948  
153.900     0.21969  
154.000     0.21991  
154.100     0.22013  
154.200     0.22035  
154.300     0.22056  
154.400     0.22078  
154.500     0.22100  
154.600     0.22122  
154.700     0.22144  
154.800     0.22166  
154.900     0.22187  
155.000     0.22209  
155.100     0.22231  
155.200     0.22253  
155.300     0.22275  
155.400     0.22296  
155.500     0.22318  
155.600     0.22340  
155.700     0.22362  
155.800     0.22384  
155.900     0.22406  
156.000     0.22427  
156.100     0.22449  
156.200     0.22471  
156.300     0.22493  
156.400     0.22515  
156.500     0.22537  
156.600     0.22558  
156.700     0.22580  
156.800     0.22602  
156.900     0.22624  
157.000     0.22646  
157.100     0.22668  
157.200     0.22690  
157.300     0.22711  
157.400     0.22733  
157.500     0.22755  
157.600     0.22777  
157.700     0.22799  
157.800     0.22821  
157.900     0.22843  
158.000     0.22865  
158.100     0.22886  
158.200     0.22908  
158.300     0.22930  
158.400     0.22952  
158.500     0.22974  
158.600     0.22996  
158.700     0.23018  
158.800     0.23040  
158.900     0.23062  
159.000     0.23083  
159.100     0.23105  
159.200     0.23127  
159.300     0.23149  
159.400     0.23171  
159.500     0.23193  
159.600     0.23215  
159.700     0.23237  
159.800     0.23259  
159.900     0.23280  
160.000     0.23302  
160.100     0.23324  
160.200     0.23346  
160.300     0.23368  
160.400     0.23390  
160.500     0.23412  
160.600     0.23434  
160.700     0.23456  
160.800     0.23478  
160.900     0.23500  
161.000     0.23522  
161.100     0.23543  
161.200     0.23565  
161.300     0.23587  
161.400     0.23609  
161.500     0.23631  
161.600     0.23653  
161.700     0.23675  
161.800     0.23697  
161.900     0.23719  
162.000     0.23741  
162.100     0.23763  
162.200     0.23785  
162.300     0.23807  
162.400     0.23829  
162.500     0.23851  
162.600     0.23873  
162.700     0.23895  
162.800     0.23916  
162.900     0.23938  
163.000     0.23960  
163.100     0.23982  
163.200     0.24004  
163.300     0.24026  
163.400     0.24048  
163.500     0.24070  
163.600     0.24092  
163.700     0.24114  
163.800     0.24136  
163.900     0.24158  
164.000     0.24180  
164.100     0.24202  
164.200     0.24224  
164.300     0.24246  
164.400     0.24268  
164.500     0.24290  
164.600     0.24312  
164.700     0.24334  
164.800     0.24356  
164.900     0.24378  
165.000     0.24400  
165.100     0.24422  
165.200     0.24444  
165.300     0.24466  
165.400     0.24488  
165.500     0.24510  
165.600     0.24532  
165.700     0.24554  
165.800     0.24576  
165.900     0.24598  
166.000     0.24619  
166.100     0.24641  
166.200     0.24663  
166.300     0.24685  
166.400     0.24707  
166.500     0.24729  
166.600     0.24751  
166.700     0.24773  
166.800     0.24795  
166.900     0.24817  
167.000     0.24839  
167.100     0.24861  
167.200     0.24883  
167.300     0.24905  
167.400     0.24927  
167.500     0.24949  
167.600     0.24971  
167.700     0.24993  
167.800     0.25015  
167.900     0.25037  
168.000     0.25059  
168.100     0.25081  
168.200     0.25103  
168.300     0.25125  
168.400     0.25147  
168.500     0.25169  
168.600     0.25191  
168.700     0.25213  
168.800     0.25235  
168.900     0.25257  
169.000     0.25279  
169.100     0.25301  
169.200     0.25323  
169.300     0.25345  
169.400     0.25367  
169.500     0.25389  
169.600     0.25411  
169.700     0.25433  
169.800     0.25455  
169.900     0.25477  
170.000     0.25499  
170.100     0.25522  
170.200     0.25544  
170.300     0.25566  
170.400     0.25588  
170.500     0.25610  
170.600     0.25632  
170.700     0.25654  
170.800     0.25676  
170.900     0.25698  
171.000     0.25720  
171.100     0.25742  
171.200     0.25764  
171.300     0.25786  
171.400     0.25808  
171.500     0.25830  
171.600     0.25852  
171.700     0.25874  
171.800     0.25896  
171.900     0.25918  
172.000     0.25940  
172.100     0.25962  
172.200     0.25984  
172.300     0.26006  
172.400     0.26028  
172.500     0.26050  
172.600     0.26072  
172.700     0.26094  
172.800     0.26116  
172.900     0.26138  
173.000     0.26160  
173.100     0.26182  
173.200     0.26204  
173.300     0.26226  
173.400     0.26248  
173.500     0.26270  
173.600     0.26292  
173.700     0.26314  
173.800     0.26336  
173.900     0.26358  
174.000     0.26380  
174.100     0.26402  
174.200     0.26424  
174.300     0.26446  
174.400     0.26468  
174.500     0.26490  
174.600     0.26513  
174.700     0.26535  
174.800     0.26557  
174.900     0.26579  
175.000     0.26601  
175.100     0.26623  
175.200     0.26645  
175.300     0.26667  
175.400     0.26689  
175.500     0.26711  
175.600     0.26733  
175.700     0.26755  
175.800     0.26777  
175.900     0.26799  
176.000     0.26821  
176.100     0.26843  
176.200     0.26865  
176.300     0.26887  
176.400     0.26909  
176.500     0.26931  
176.600     0.26953  
176.700     0.26975  
176.800     0.26997  
176.900     0.27019  
177.000     0.27041  
177.100     0.27063  
177.200     0.27085  
177.300     0.27107  
177.400     0.27129  
177.500     0.27152  
177.600     0.27174  
177.700     0.27196  
177.800     0.27218  
177.900     0.27240  
178.000     0.27262  
178.100     0.27284  
178.200     0.27306  
178.300     0.27328  
178.400     0.27350  
178.500     0.27372  
178.600     0.27394  
178.700     0.27416  
178.800     0.27438  
178.900     0.27460  
179.000     0.27482  
179.100     0.27504  
179.200     0.27526  
179.300     0.27548  
179.400     0.27570  
179.500     0.27592  
179.600     0.27614  
179.700     0.27636  
179.800     0.27659  
179.900     0.27681  
180.000     0.27703  
180.100     0.27725  
180.200     0.27747  
180.300     0.27769  
180.400     0.27791  
180.500     0.27813  
180.600     0.27835  
180.700     0.27857  
180.800     0.27879  
180.900     0.27901  
181.000     0.27923  
181.100     0.27945  
181.200     0.27967  
181.300     0.27989  
181.400     0.28011  
181.500     0.28033  
181.600     0.28055  
181.700     0.28077  
181.800     0.28099  
181.900     0.28121  
182.000     0.28143  
182.100     0.28166  
182.200     0.28188  
182.300     0.28210  
182.400     0.28232  
182.500     0.28254  
182.600     0.28276  
182.700     0.28298  
182.800     0.28320  
182.900     0.28342  
183.000     0.28364  
183.100     0.28386  
183.200     0.28408  
183.300     0.28430  
183.400     0.28452  
183.500     0.28474  
183.600     0.28496  
183.700     0.28518  
183.800     0.28540  
183.900     0.28562  
184.000     0.28584  
184.100     0.28606  
184.200     0.28629  
184.300     0.28651  
184.400     0.28673  
184.500     0.28695  
184.600     0.28717  
184.700     0.28739  
184.800     0.28761  
184.900     0.28783  
185.000     0.28805  
185.100     0.28827  
185.200     0.28849  
185.300     0.28871  
185.400     0.28893  
185.500     0.28915  
185.600     0.28937  
185.700     0.28959  
185.800     0.28981  
185.900     0.29003  
186.000     0.29025  
186.100     0.29048  
186.200     0.29070  
186.300     0.29092  
186.400     0.29114  
186.500     0.29136  
186.600     0.29158  
186.700     0.29180  
186.800     0.29202  
186.900     0.29224  
187.000     0.29246  
187.100     0.29268  
187.200     0.29290  
187.300     0.29312  
187.400     0.29334  
187.500     0.29356  
187.600     0.29378  
187.700     0.29400  
187.800     0.29422  
187.900     0.29444  
188.000     0.29466  
188.100     0.29489  
188.200     0.29511  
188.300     0.29533  
188.400     0.29555  
188.500     0.29577  
188.600     0.29599  
188.700     0.29621  
188.800     0.29643  
188.900     0.29665  
189.000     0.29687  
189.100     0.29709  
189.200     0.29731  
189.300     0.29753  
189.400     0.29775  
189.500     0.29797  
189.600     0.29819  
189.700     0.29841  
189.800     0.29863  
189.900     0.29885  
190.000     0.29907  
190.100     0.29930  
190.200     0.29952  
190.300     0.29974  
190.400     0.29996  
190.500     0.30018  
190.600     0.30040  
190.700     0.30062  
190.800     0.30084  
190.900     0.30106  
191.000     0.30128  
191.100     0.30150  
191.200     0.30172  
191.300     0.30194  
191.400     0.30216  
191.500     0.30238  
191.600     0.30260  
191.700     0.30282  
191.800     0.30304  
191.900     0.30326  
192.000     0.30348  
192.100     0.30371  
192.200     0.30393  
192.300     0.30415  
192.400     0.30437  
192.500     0.30459  
192.600     0.30481  
192.700     0.30503  
192.800     0.30525  
192.900     0.30547  
193.000     0.30569  
193.100     0.30591  
193.200     0.30613  
193.300     0.30635  
193.400     0.30657  
193.500     0.30679  
193.600     0.30701  
193.700     0.30723  
193.800     0.30745  
193.900     0.30767  
194.000     0.30789  
194.100     0.30811  
194.200     0.30833  
194.300     0.30855  
194.400     0.30877  
194.500     0.30899  
194.600     0.30921  
194.700     0.30944  
194.800     0.30966  
194.900     0.30988  
195.000     0.31010  
195.100     0.31032  
195.200     0.31054  
195.300     0.31076  
195.400     0.31098  
195.500     0.31120  
195.600     0.31142  
195.700     0.31164  
195.800     0.31186  
195.900     0.31208  
196.000     0.31230  
196.100     0.31252  
196.200     0.31274  
196.300     0.31296  
196.400     0.31318  
196.500     0.31340  
196.600     0.31362  
196.700     0.31384  
196.800     0.31406  
196.900     0.31428  
197.000     0.31450  
197.100     0.31472  
197.200     0.31494  
197.300     0.31516  
197.400     0.31538  
197.500     0.31560  
197.600     0.31582  
197.700     0.31604  
197.800     0.31626  
197.900     0.31648  
198.000     0.31670  
198.100     0.31692  
198.200     0.31714  
198.300     0.31736  
198.400     0.31758  
198.500     0.31780  
198.600     0.31802  
198.700     0.31824  
198.800     0.31846  
198.900     0.31868  
199.000     0.31890  
199.100     0.31912  
199.200     0.31934  
199.300     0.31956  
199.400     0.31978  
199.500     0.32000  
199.600     0.32022  
199.700     0.32044  
199.800     0.32066  
199.900     0.32088  
200.000     0.32110  
200.100     0.32132  
200.200     0.32154  
200.300     0.32176  
200.400     0.32198  
200.500     0.32220  
200.600     0.32242  
200.700     0.32264  
200.800     0.32286  
200.900     0.32308  
201.000     0.32330  
201.100     0.32352  
201.200     0.32374  
201.300     0.32396  
201.400     0.32418  
201.500     0.32440  
201.600     0.32462  
201.700     0.32484  
201.800     0.32506  
201.900     0.32528  
202.000     0.32550  
202.100     0.32572  
202.200     0.32594  
202.300     0.32616  
202.400     0.32637  
202.500     0.32659  
202.600     0.32681  
202.700     0.32703  
202.800     0.32725  
202.900     0.32747  
203.000     0.32769  
203.100     0.32791  
203.200     0.32813  
203.300     0.32835  
203.400     0.32857  
203.500     0.32879  
203.600     0.32901  
203.700     0.32923  
203.800     0.32945  
203.900     0.32967  
204.000     0.32989  
204.100     0.33011  
204.200     0.33032  
204.300     0.33054  
204.400     0.33076  
204.500     0.33098  
204.600     0.33120  
204.700     0.33142  
204.800     0.33164  
204.900     0.33186  
205.000     0.33208  
205.100     0.33230  
205.200     0.33252  
205.300     0.33274  
205.400     0.33296  
205.500     0.33317  
205.600     0.33339  
205.700     0.33361  
205.800     0.33383  
205.900     0.33405  
206.000     0.33427  
206.100     0.33449  
206.200     0.33471  
206.300     0.33493  
206.400     0.33515  
206.500     0.33537  
206.600     0.33558  
206.700     0.33580  
206.800     0.33602  
206.900     0.33624  
207.000     0.33646  
207.100     0.33668  
207.200     0.33690  
207.300     0.33712  
207.400     0.33734  
207.500     0.33755  
207.600     0.33777  
207.700     0.33799  
207.800     0.33821  
207.900     0.33843  
208.000     0.33865  
208.100     0.33887  
208.200     0.33909  
208.300     0.33931  
208.400     0.33952  
208.500     0.33974  
208.600     0.33996  
208.700     0.34018  
208.800     0.34040  
208.900     0.34062  
209.000     0.34084  
209.100     0.34105  
209.200     0.34127  
209.300     0.34149  
209.400     0.34171  
209.500     0.34193  
209.600     0.34215  
209.700     0.34237  
209.800     0.34258  
209.900     0.34280  
210.000     0.34302  
210.100     0.34324  
210.200     0.34346  
210.300     0.34368  
210.400     0.34389  
210.500     0.34411  
210.600     0.34433  
210.700     0.34455  
210.800     0.34477  
210.900     0.34499  
211.000     0.34520  
211.100     0.34542  
211.200     0.34564  
211.300     0.34586  
211.400     0.34608  
211.500     0.34630  
211.600     0.34651  
211.700     0.34673  
211.800     0.34695  
211.900     0.34717  
212.000     0.34739  
212.100     0.34760  
212.200     0.34782  
212.300     0.34804  
212.400     0.34826  
212.500     0.34848  
212.600     0.34869  
212.700     0.34891  
212.800     0.34913  
212.900     0.34935  
213.000     0.34957  
213.100     0.34978  
213.200     0.35000  
213.300     0.35022  
213.400     0.35044  
213.500     0.35066  
213.600     0.35087  
213.700     0.35109  
213.800     0.35131  
213.900     0.35153  
214.000     0.35174  
214.100     0.35196  
214.200     0.35218  
214.300     0.35240  
214.400     0.35262  
214.500     0.35283  
214.600     0.35305  
214.700     0.35327  
214.800     0.35349  
214.900     0.35370  
215.000     0.35392  
215.100     0.35414  
215.200     0.35436  
215.300     0.35457  
215.400     0.35479  
215.500     0.35501  
215.600     0.35523  
215.700     0.35544  
215.800     0.35566  
215.900     0.35588  
216.000     0.35610  
216.100     0.35631  
216.200     0.35653  
216.300     0.35675  
216.400     0.35696  
216.500     0.35718  
216.600     0.35740  
216.700     0.35762  
216.800     0.35783  
216.900     0.35805  
217.000     0.35827  
217.100     0.35848  
217.200     0.35870  
217.300     0.35892  
217.400     0.35914  
217.500     0.35935  
217.600     0.35957  
217.700     0.35979  
217.800     0.36000  
217.900     0.36022  
218.000     0.36044  
218.100     0.36065  
218.200     0.36087  
218.300     0.36109  
218.400     0.36131  
218.500     0.36152  
218.600     0.36174  
218.700     0.36196  
218.800     0.36217  
218.900     0.36239  
219.000     0.36261  
219.100     0.36282  
219.200     0.36304  
219.300     0.36326  
219.400     0.36347  
219.500     0.36369  
219.600     0.36391  
219.700     0.36412  
219.800     0.36434  
219.900     0.36456  
220.000     0.36477  
220.100     0.36499  
220.200     0.36520  
220.300     0.36542  
220.400     0.36564  
220.500     0.36585  
220.600     0.36607  
220.700     0.36629  
220.800     0.36650  
220.900     0.36672  
221.000     0.36694  
221.100     0.36715  
221.200     0.36737  
221.300     0.36758  
221.400     0.36780  
221.500     0.36802  
221.600     0.36823  
221.700     0.36845  
221.800     0.36867  
221.900     0.36888  
222.000     0.36910  
222.100     0.36931  
222.200     0.36953  
222.300     0.36975  
222.400     0.36996  
222.500     0.37018  
222.600     0.37039  
222.700     0.37061  
222.800     0.37083  
222.900     0.37104  
223.000     0.37126  
223.100     0.37147  
223.200     0.37169  
223.300     0.37190  
223.400     0.37212  
223.500     0.37234  
223.600     0.37255  
223.700     0.37277  
223.800     0.37298  
223.900     0.37320  
224.000     0.37341  
224.100     0.37363  
224.200     0.37385  
224.300     0.37406  
224.400     0.37428  
224.500     0.37449  
224.600     0.37471  
224.700     0.37492  
224.800     0.37514  
224.900     0.37535  
225.000     0.37557  
225.100     0.37578  
225.200     0.37600  
225.300     0.37621  
225.400     0.37643  
225.500     0.37665  
225.600     0.37686  
225.700     0.37708  
225.800     0.37729  
225.900     0.37751  
226.000     0.37772  
226.100     0.37794  
226.200     0.37815  
226.300     0.37837  
226.400     0.37858  
226.500     0.37880  
226.600     0.37901  
226.700     0.37923  
226.800     0.37944  
226.900     0.37966  
227.000     0.37987  
227.100     0.38008  
227.200     0.38030  
227.300     0.38051  
227.400     0.38073  
227.500     0.38094  
227.600     0.38116  
227.700     0.38137  
227.800     0.38159  
227.900     0.38180  
228.000     0.38202  
228.100     0.38223  
228.200     0.38245  
228.300     0.38266  
228.400     0.38287  
228.500     0.38309  
228.600     0.38330  
228.700     0.38352  
228.800     0.38373  
228.900     0.38395  
229.000     0.38416  
229.100     0.38437  
229.200     0.38459  
229.300     0.38480  
229.400     0.38502  
229.500     0.38523  
229.600     0.38544  
229.700     0.38566  
229.800     0.38587  
229.900     0.38609  
230.000     0.38630  
230.100     0.38651  
230.200     0.38673  
230.300     0.38694  
230.400     0.38716  
230.500     0.38737  
230.600     0.38758  
230.700     0.38780  
230.800     0.38801  
230.900     0.38822  
231.000     0.38844  
231.100     0.38865  
231.200     0.38886  
231.300     0.38908  
231.400     0.38929  
231.500     0.38950  
231.600     0.38972  
231.700     0.38993  
231.800     0.39014  
231.900     0.39036  
232.000     0.39057  
232.100     0.39078  
232.200     0.39100  
232.300     0.39121  
232.400     0.39142  
232.500     0.39164  
232.600     0.39185  
232.700     0.39206  
232.800     0.39228  
232.900     0.39249  
233.000     0.39270  
233.100     0.39292  
233.200     0.39313  
233.300     0.39334  
233.400     0.39355  
233.500     0.39377  
233.600     0.39398  
233.700     0.39419  
233.800     0.39441  
233.900     0.39462  
234.000     0.39483  
234.100     0.39504  
234.200     0.39526  
234.300     0.39547  
234.400     0.39568  
234.500     0.39589  
234.600     0.39611  
234.700     0.39632  
234.800     0.39653  
234.900     0.39674  
235.000     0.39695  
235.100     0.39717  
235.200     0.39738  
235.300     0.39759  
235.400     0.39780  
235.500     0.39802  
235.600     0.39823  
235.700     0.39844  
235.800     0.39865  
235.900     0.39886  
236.000     0.39908  
236.100     0.39929  
236.200     0.39950  
236.300     0.39971  
236.400     0.39992  
236.500     0.40014  
236.600     0.40035  
236.700     0.40056  
236.800     0.40077  
236.900     0.40098  
237.000     0.40119  
237.100     0.40141  
237.200     0.40162  
237.300     0.40183  
237.400     0.40204  
237.500     0.40225  
237.600     0.40246  
237.700     0.40267  
237.800     0.40289  
237.900     0.40310  
238.000     0.40331  
238.100     0.40352  
238.200     0.40373  
238.300     0.40394  
238.400     0.40415  
238.500     0.40436  
238.600     0.40458  
238.700     0.40479  
238.800     0.40500  
238.900     0.40521  
239.000     0.40542  
239.100     0.40563  
239.200     0.40584  
239.300     0.40605  
239.400     0.40626  
239.500     0.40647  
239.600     0.40668  
239.700     0.40690  
239.800     0.40711  
239.900     0.40732  
240.000     0.40753  
240.100     0.40774  
240.200     0.40795  
240.300     0.40816  
240.400     0.40837  
240.500     0.40858  
240.600     0.40879  
240.700     0.40900  
240.800     0.40921  
240.900     0.40942  
241.000     0.40963  
241.100     0.40984  
241.200     0.41005  
241.300     0.41026  
241.400     0.41047  
241.500     0.41068  
241.600     0.41089  
241.700     0.41110  
241.800     0.41131  
241.900     0.41152  
242.000     0.41173  
242.100     0.41194  
242.200     0.41215  
242.300     0.41236  
242.400     0.41257  
242.500     0.41278  
242.600     0.41299  
242.700     0.41320  
242.800     0.41341  
242.900     0.41362  
243.000     0.41383  
243.100     0.41404  
243.200     0.41425  
243.300     0.41446  
243.400     0.41467  
243.500     0.41488  
243.600     0.41508  
243.700     0.41529  
243.800     0.41550  
243.900     0.41571  
244.000     0.41592  
244.100     0.41613  
244.200     0.41634  
244.300     0.41655  
244.400     0.41676  
244.500     0.41697  
244.600     0.41718  
244.700     0.41738  
244.800     0.41759  
244.900     0.41780  
245.000     0.41801  
245.100     0.41822  
245.200     0.41843  
245.300     0.41864  
245.400     0.41885  
245.500     0.41905  
245.600     0.41926  
245.700     0.41947  
245.800     0.41968  
245.900     0.41989  
246.000     0.42010  
246.100     0.42031  
246.200     0.42051  
246.300     0.42072  
246.400     0.42093  
246.500     0.42114  
246.600     0.42135  
246.700     0.42156  
246.800     0.42176  
246.900     0.42197  
247.000     0.42218  
247.100     0.42239  
247.200     0.42260  
247.300     0.42280  
247.400     0.42301  
247.500     0.42322  
247.600     0.42343  
247.700     0.42364  
247.800     0.42384  
247.900     0.42405  
248.000     0.42426  
248.100     0.42447  
248.200     0.42467  
248.300     0.42488  
248.400     0.42509  
248.500     0.42530  
248.600     0.42550  
248.700     0.42571  
248.800     0.42592  
248.900     0.42613  
249.000     0.42633  
249.100     0.42654  
249.200     0.42675  
249.300     0.42696  
249.400     0.42716  
249.500     0.42737  
249.600     0.42758  
249.700     0.42778  
249.800     0.42799  
249.900     0.42820  
250.000     0.42841  
250.100     0.42861  
250.200     0.42882  
250.300     0.42903  
250.400     0.42923  
250.500     0.42944  
250.600     0.42965  
250.700     0.42985  
250.800     0.43006  
250.900     0.43027  
251.000     0.43047  
251.100     0.43068  
251.200     0.43089  
251.300     0.43109  
251.400     0.43130  
251.500     0.43151  
251.600     0.43171  
251.700     0.43192  
251.800     0.43213  
251.900     0.43233  
252.000     0.43254  
252.100     0.43274  
252.200     0.43295  
252.300     0.43316  
252.400     0.43336  
252.500     0.43357  
252.600     0.43378  
252.700     0.43398  
252.800     0.43419  
252.900     0.43439  
253.000     0.43460  
253.100     0.43481  
253.200     0.43501  
253.300     0.43522  
253.400     0.43542  
253.500     0.43563  
253.600     0.43583  
253.700     0.43604  
253.800     0.43625  
253.900     0.43645  
254.000     0.43666  
254.100     0.43686  
254.200     0.43707  
254.300     0.43727  
254.400     0.43748  
254.500     0.43768  
254.600     0.43789  
254.700     0.43809  
254.800     0.43830  
254.900     0.43850  
255.000     0.43871  
255.100     0.43892  
255.200     0.43912  
255.300     0.43933  
255.400     0.43953  
255.500     0.43974  
255.600     0.43994  
255.700     0.44015  
255.800     0.44035  
255.900     0.44056  
256.000     0.44076  
256.100     0.44096  
256.200     0.44117  
256.300     0.44137  
256.400     0.44158  
256.500     0.44178  
256.600     0.44199  
256.700     0.44219  
256.800     0.44240  
256.900     0.44260  
257.000     0.44281  
257.100     0.44301  
257.200     0.44321  
257.300     0.44342  
257.400     0.44362  
257.500     0.44383  
257.600     0.44403  
257.700     0.44424  
257.800     0.44444  
257.900     0.44464  
258.000     0.44485  
258.100     0.44505  
258.200     0.44526  
258.300     0.44546  
258.400     0.44566  
258.500     0.44587  
258.600     0.44607  
258.700     0.44628  
258.800     0.44648  
258.900     0.44668  
259.000     0.44689  
259.100     0.44709  
259.200     0.44729  
259.300     0.44750  
259.400     0.44770  
259.500     0.44790  
259.600     0.44811  
259.700     0.44831  
259.800     0.44851  
259.900     0.44872  
260.000     0.44892  
260.100     0.44912  
260.200     0.44933  
260.300     0.44953  
260.400     0.44973  
260.500     0.44994  
260.600     0.45014  
260.700     0.45034  
260.800     0.45055  
260.900     0.45075  
261.000     0.45095  
261.100     0.45115  
261.200     0.45136  
261.300     0.45156  
261.400     0.45176  
261.500     0.45196  
261.600     0.45217  
261.700     0.45237  
261.800     0.45257  
261.900     0.45277  
262.000     0.45298  
262.100     0.45318  
262.200     0.45338  
262.300     0.45358  
262.400     0.45379  
262.500     0.45399  
262.600     0.45419  
262.700     0.45439  
262.800     0.45459  
262.900     0.45480  
263.000     0.45500  
263.100     0.45520  
263.200     0.45540  
263.300     0.45560  
263.400     0.45581  
263.500     0.45601  
263.600     0.45621  
263.700     0.45641  
263.800     0.45661  
263.900     0.45681  
264.000     0.45702  
264.100     0.45722  
264.200     0.45742  
264.300     0.45762  
264.400     0.45782  
264.500     0.45802  
264.600     0.45822  
264.700     0.45842  
264.800     0.45863  
264.900     0.45883  
265.000     0.45903  
265.100     0.45923  
265.200     0.45943  
265.300     0.45963  
265.400     0.45983  
265.500     0.46003  
265.600     0.46023  
265.700     0.46043  
265.800     0.46063  
265.900     0.46084  
266.000     0.46104  
266.100     0.46124  
266.200     0.46144  
266.300     0.46164  
266.400     0.46184  
266.500     0.46204  
266.600     0.46224  
266.700     0.46244  
266.800     0.46264  
266.900     0.46284  
267.000     0.46304  
267.100     0.46324  
267.200     0.46344  
267.300     0.46364  
267.400     0.46384  
267.500     0.46404  
267.600     0.46424  
267.700     0.46444  
267.800     0.46464  
267.900     0.46484  
268.000     0.46504  
268.100     0.46524  
268.200     0.46544  
268.300     0.46564  
268.400     0.46584  
268.500     0.46603  
268.600     0.46623  
268.700     0.46643  
268.800     0.46663  
268.900     0.46683  
269.000     0.46703  
269.100     0.46723  
269.200     0.46743  
269.300     0.46763  
269.400     0.46783  
269.500     0.46803  
269.600     0.46822  
269.700     0.46842  
269.800     0.46862  
269.900     0.46882  
270.000     0.46902  
270.100     0.46922  
270.200     0.46942  
270.300     0.46961  
270.400     0.46981  
270.500     0.47001  
270.600     0.47021  
270.700     0.47041  
270.800     0.47061  
270.900     0.47080  
271.000     0.47100  
271.100     0.47120  
271.200     0.47140  
271.300     0.47160  
271.400     0.47179  
271.500     0.47199  
271.600     0.47219  
271.700     0.47239  
271.800     0.47259  
271.900     0.47278  
272.000     0.47298  
272.100     0.47318  
272.200     0.47338  
272.300     0.47357  
272.400     0.47377  
272.500     0.47397  
272.600     0.47416  
272.700     0.47436  
272.800     0.47456  
272.900     0.47476  
273.000     0.47495  
273.100     0.47515  
273.200     0.47535  
273.300     0.47554  
273.400     0.47574  
273.500     0.47594  
273.600     0.47613  
273.700     0.47633  
273.800     0.47653  
273.900     0.47672  
274.000     0.47692  
274.100     0.47712  
274.200     0.47731  
274.300     0.47751  
274.400     0.47771  
274.500     0.47790  
274.600     0.47810  
274.700     0.47829  
274.800     0.47849  
274.900     0.47869  
275.000     0.47888  
275.100     0.47908  
275.200     0.47927  
275.300     0.47947  
275.400     0.47967  
275.500     0.47986  
275.600     0.48006  
275.700     0.48025  
275.800     0.48045  
275.900     0.48064  
276.000     0.48084  
276.100     0.48104  
276.200     0.48123  
276.300     0.48143  
276.400     0.48162  
276.500     0.48182  
276.600     0.48201  
276.700     0.48221  
276.800     0.48240  
276.900     0.48260  
277.000     0.48279  
277.100     0.48299  
277.200     0.48318  
277.300     0.48337  
277.400     0.48357  
277.500     0.48376  
277.600     0.48396  
277.700     0.48415  
277.800     0.48435  
277.900     0.48454  
278.000     0.48474  
278.100     0.48493  
278.200     0.48512  
278.300     0.48532  
278.400     0.48551  
278.500     0.48571  
278.600     0.48590  
278.700     0.48609  
278.800     0.48629  
278.900     0.48648  
279.000     0.48668  
279.100     0.48687  
279.200     0.48706  
279.300     0.48726  
279.400     0.48745  
279.500     0.48764  
279.600     0.48784  
279.700     0.48803  
279.800     0.48822  
279.900     0.48842  
280.000     0.48861  
280.100     0.48880  
280.200     0.48900  
280.300     0.48919  
280.400     0.48938  
280.500     0.48957  
280.600     0.48977  
280.700     0.48996  
280.800     0.49015  
280.900     0.49035  
281.000     0.49054  
281.100     0.49073  
281.200     0.49092  
281.300     0.49112  
281.400     0.49131  
281.500     0.49150  
281.600     0.49169  
281.700     0.49188  
281.800     0.49208  
281.900     0.49227  
282.000     0.49246  
282.100     0.49265  
282.200     0.49284  
282.300     0.49304  
282.400     0.49323  
282.500     0.49342  
282.600     0.49361  
282.700     0.49380  
282.800     0.49399  
282.900     0.49419  
283.000     0.49438  
283.100     0.49457  
283.200     0.49476  
283.300     0.49495  
283.400     0.49514  
283.500     0.49533  
283.600     0.49552  
283.700     0.49572  
283.800     0.49591  
283.900     0.49610  
284.000     0.49629  
284.100     0.49648  
284.200     0.49667  
284.300     0.49686  
284.400     0.49705  
284.500     0.49724  
284.600     0.49743  
284.700     0.49762  
284.800     0.49781  
284.900     0.49800  
285.000     0.49819  
285.100     0.49838  
285.200     0.49857  
285.300     0.49876  
285.400     0.49895  
285.500     0.49914  
285.600     0.49933  
285.700     0.49952  
285.800     0.49971  
285.900     0.49990  
286.000     0.50009  
286.100     0.50028  
286.200     0.50047  
286.300     0.50066  
286.400     0.50085  
286.500     0.50104  
286.600     0.50123  
286.700     0.50142  
286.800     0.50161  
286.900     0.50180  
287.000     0.50199  
287.100     0.50217  
287.200     0.50236  
287.300     0.50255  
287.400     0.50274  
287.500     0.50293  
287.600     0.50312  
287.700     0.50331  
287.800     0.50350  
287.900     0.50369  
288.000     0.50387  
288.100     0.50406  
288.200     0.50425  
288.300     0.50444  
288.400     0.50463  
288.500     0.50482  
288.600     0.50500  
288.700     0.50519  
288.800     0.50538  
288.900     0.50557  
289.000     0.50576  
289.100     0.50594  
289.200     0.50613  
289.300     0.50632  
289.400     0.50651  
289.500     0.50669  
289.600     0.50688  
289.700     0.50707  
289.800     0.50726  
289.900     0.50744  
290.000     0.50763  
290.100     0.50782  
290.200     0.50801  
290.300     0.50819  
290.400     0.50838  
290.500     0.50857  
290.600     0.50875  
290.700     0.50894  
290.800     0.50913  
290.900     0.50931  
291.000     0.50950  
291.100     0.50969  
291.200     0.50987  
291.300     0.51006  
291.400     0.51025  
291.500     0.51043  
291.600     0.51062  
291.700     0.51081  
291.800     0.51099  
291.900     0.51118  
292.000     0.51136  
292.100     0.51155  
292.200     0.51174  
292.300     0.51192  
292.400     0.51211  
292.500     0.51229  
292.600     0.51248  
292.700     0.51267  
292.800     0.51285  
292.900     0.51304  
293.000     0.51322  
293.100     0.51341  
293.200     0.51359  
293.300     0.51378  
293.400     0.51396  
293.500     0.51415  
293.600     0.51433  
293.700     0.51452  
293.800     0.51470  
293.900     0.51489  
294.000     0.51507  
294.100     0.51526  
294.200     0.51544  
294.300     0.51563  
294.400     0.51581  
294.500     0.51600  
294.600     0.51618  
294.700     0.51637  
294.800     0.51655  
294.900     0.51673  
295.000     0.51692  
295.100     0.51710  
295.200     0.51729  
295.300     0.51747  
295.400     0.51766  
295.500     0.51784  
295.600     0.51802  
295.700     0.51821  
295.800     0.51839  
295.900     0.51857  
296.000     0.51876  
296.100     0.51894  
296.200     0.51913  
296.300     0.51931  
296.400     0.51949  
296.500     0.51968  
296.600     0.51986  
296.700     0.52004  
296.800     0.52023  
296.900     0.52041  
297.000     0.52059  
297.100     0.52077  
297.200     0.52096  
297.300     0.52114  
297.400     0.52132  
297.500     0.52151  
297.600     0.52169  
297.700     0.52187  
297.800     0.52205  
297.900     0.52224  
298.000     0.52242  
298.100     0.52260  
298.200     0.52278  
298.300     0.52297  
298.400     0.52315  
298.500     0.52333  
298.600     0.52351  
298.700     0.52369  
298.800     0.52388  
298.900     0.52406  
299.000     0.52424  
299.100     0.52442  
299.200     0.52460  
299.300     0.52478  
299.400     0.52497  
299.500     0.52515  
299.600     0.52533  
299.700     0.52551  
299.800     0.52569  
299.900     0.52587  
300.000     0.52605  
300.100     0.52624  
300.200     0.52642  
300.300     0.52660  
300.400     0.52678  
300.500     0.52696  
300.600     0.52714  
300.700     0.52732  
300.800     0.52750  
300.900     0.52768  
301.000     0.52786  
301.100     0.52804  
301.200     0.52822  
301.300     0.52840  
301.400     0.52858  
301.500     0.52876  
301.600     0.52894  
301.700     0.52912  
301.800     0.52930  
301.900     0.52948  
302.000     0.52966  
302.100     0.52984  
302.200     0.53002  
302.300     0.53020  
302.400     0.53038  
302.500     0.53056  
302.600     0.53074  
302.700     0.53092  
302.800     0.53110  
302.900     0.53128  
303.000     0.53146  
303.100     0.53164  
303.200     0.53182  
303.300     0.53200  
303.400     0.53217  
303.500     0.53235  
303.600     0.53253  
303.700     0.53271  
303.800     0.53289  
303.900     0.53307  
304.000     0.53325  
304.100     0.53343  
304.200     0.53360  
304.300     0.53378  
304.400     0.53396  
304.500     0.53414  
304.600     0.53432  
304.700     0.53450  
304.800     0.53467  
304.900     0.53485  
305.000     0.53503  
305.100     0.53521  
305.200     0.53538  
305.300     0.53556  
305.400     0.53574  
305.500     0.53592  
305.600     0.53609  
305.700     0.53627  
305.800     0.53645  
305.900     0.53663  
306.000     0.53680  
306.100     0.53698  
306.200     0.53716  
306.300     0.53734  
306.400     0.53751  
306.500     0.53769  
306.600     0.53787  
306.700     0.53804  
306.800     0.53822  
306.900     0.53840  
307.000     0.53857  
307.100     0.53875  
307.200     0.53893  
307.300     0.53910  
307.400     0.53928  
307.500     0.53945  
307.600     0.53963  
307.700     0.53981  
307.800     0.53998  
307.900     0.54016  
308.000     0.54033  
308.100     0.54051  
308.200     0.54069  
308.300     0.54086  
308.400     0.54104  
308.500     0.54121  
308.600     0.54139  
308.700     0.54156  
308.800     0.54174  
308.900     0.54191  
309.000     0.54209  
309.100     0.54226  
309.200     0.54244  
309.300     0.54261  
309.400     0.54279  
309.500     0.54296  
309.600     0.54314  
309.700     0.54331  
309.800     0.54349  
309.900     0.54366  
310.000     0.54384  
310.100     0.54401  
310.200     0.54419  
310.300     0.54436  
310.400     0.54453  
310.500     0.54471  
310.600     0.54488  
310.700     0.54506  
310.800     0.54523  
310.900     0.54540  
311.000     0.54558  
311.100     0.54575  
311.200     0.54593  
311.300     0.54610  
311.400     0.54627  
311.500     0.54645  
311.600     0.54662  
311.700     0.54679  
311.800     0.54697  
311.900     0.54714  
312.000     0.54731  
312.100     0.54748  
312.200     0.54766  
312.300     0.54783  
312.400     0.54800  
312.500     0.54818  
312.600     0.54835  
312.700     0.54852  
312.800     0.54869  
312.900     0.54887  
313.000     0.54904  
313.100     0.54921  
313.200     0.54938  
313.300     0.54956  
313.400     0.54973  
313.500     0.54990  
313.600     0.55007  
313.700     0.55024  
313.800     0.55042  
313.900     0.55059  
314.000     0.55076  
314.100     0.55093  
314.200     0.55110  
314.300     0.55127  
314.400     0.55144  
314.500     0.55162  
314.600     0.55179  
314.700     0.55196  
314.800     0.55213  
314.900     0.55230  
315.000     0.55247  
315.100     0.55264  
315.200     0.55281  
315.300     0.55298  
315.400     0.55315  
315.500     0.55332  
315.600     0.55350  
315.700     0.55367  
315.800     0.55384  
315.900     0.55401  
316.000     0.55418  
316.100     0.55435  
316.200     0.55452  
316.300     0.55469  
316.400     0.55486  
316.500     0.55503  
316.600     0.55520  
316.700     0.55537  
316.800     0.55554  
316.900     0.55571  
317.000     0.55587  
317.100     0.55604  
317.200     0.55621  
317.300     0.55638  
317.400     0.55655  
317.500     0.55672  
317.600     0.55689  
317.700     0.55706  
317.800     0.55723  
317.900     0.55740  
318.000     0.55757  
318.100     0.55773  
318.200     0.55790  
318.300     0.55807  
318.400     0.55824  
318.500     0.55841  
318.600     0.55858  
318.700     0.55874  
318.800     0.55891  
318.900     0.55908  
319.000     0.55925  
319.100     0.55942  
319.200     0.55959  
319.300     0.55975  
319.400     0.55992  
319.500     0.56009  
319.600     0.56026  
319.700     0.56042  
319.800     0.56059  
319.900     0.56076  
320.000     0.56093  
320.100     0.56109  
320.200     0.56126  
320.300     0.56143  
320.400     0.56159  
320.500     0.56176  
320.600     0.56193  
320.700     0.56210  
320.800     0.56226  
320.900     0.56243  
321.000     0.56260  
321.100     0.56276  
321.200     0.56293  
321.300     0.56309  
321.400     0.56326  
321.500     0.56343  
321.600     0.56359  
321.700     0.56376  
321.800     0.56393  
321.900     0.56409  
322.000     0.56426  
322.100     0.56442  
322.200     0.56459  
322.300     0.56475  
322.400     0.56492  
322.500     0.56509  
322.600     0.56525  
322.700     0.56542  
322.800     0.56558  
322.900     0.56575  
323.000     0.56591  
323.100     0.56608  
323.200     0.56624  
323.300     0.56641  
323.400     0.56657  
323.500     0.56674  
323.600     0.56690  
323.700     0.56707  
323.800     0.56723  
323.900     0.56740  
324.000     0.56756  
324.100     0.56772  
324.200     0.56789  
324.300     0.56805  
324.400     0.56822  
324.500     0.56838  
324.600     0.56855  
324.700     0.56871  
324.800     0.56887  
324.900     0.56904  
325.000     0.56920  
325.100     0.56936  
325.200     0.56953  
325.300     0.56969  
325.400     0.56986  
325.500     0.57002  
325.600     0.57018  
325.700     0.57035  
325.800     0.57051  
325.900     0.57067  
326.000     0.57083  
326.100     0.57100  
326.200     0.57116  
326.300     0.57132  
326.400     0.57149  
326.500     0.57165  
326.600     0.57181  
326.700     0.57197  
326.800     0.57214  
326.900     0.57230  
327.000     0.57246  
327.100     0.57262  
327.200     0.57278  
327.300     0.57295  
327.400     0.57311  
327.500     0.57327  
327.600     0.57343  
327.700     0.57359  
327.800     0.57376  
327.900     0.57392  
328.000     0.57408  
328.100     0.57424  
328.200     0.57440  
328.300     0.57456  
328.400     0.57472  
328.500     0.57489  
328.600     0.57505  
328.700     0.57521  
328.800     0.57537  
328.900     0.57553  
329.000     0.57569  
329.100     0.57585  
329.200     0.57601  
329.300     0.57617  
329.400     0.57633  
329.500     0.57649  
329.600     0.57665  
329.700     0.57681  
329.800     0.57697  
329.900     0.57713  
330.000     0.57729  
330.100     0.57745  
330.200     0.57761  
330.300     0.57777  
330.400     0.57793  
330.500     0.57809  
330.600     0.57825  
330.700     0.57841  
330.800     0.57857  
330.900     0.57873  
331.000     0.57889  
331.100     0.57905  
331.200     0.57921  
331.300     0.57937  
331.400     0.57953  
331.500     0.57969  
331.600     0.57984  
331.700     0.58000  
331.800     0.58016  
331.900     0.58032  
332.000     0.58048  
332.100     0.58064  
332.200     0.58080  
332.300     0.58095  
332.400     0.58111  
332.500     0.58127  
332.600     0.58143  
332.700     0.58159  
332.800     0.58175  
332.900     0.58190  
333.000     0.58206  
333.100     0.58222  
333.200     0.58238  
333.300     0.58253  
333.400     0.58269  
333.500     0.58285  
333.600     0.58301  
333.700     0.58316  
333.800     0.58332  
333.900     0.58348  
334.000     0.58363  
334.100     0.58379  
334.200     0.58395  
334.300     0.58411  
334.400     0.58426  
334.500     0.58442  
334.600     0.58458  
334.700     0.58473  
334.800     0.58489  
334.900     0.58504  
335.000     0.58520  
335.100     0.58536  
335.200     0.58551  
335.300     0.58567  
335.400     0.58583  
335.500     0.58598  
335.600     0.58614  
335.700     0.58629  
335.800     0.58645  
335.900     0.58660  
336.000     0.58676  
336.100     0.58692  
336.200     0.58707  
336.300     0.58723  
336.400     0.58738  
336.500     0.58754  
336.600     0.58769  
336.700     0.58785  
336.800     0.58800  
336.900     0.58816  
337.000     0.58831  
337.100     0.58847  
337.200     0.58862  
337.300     0.58877  
337.400     0.58893  
337.500     0.58908  
337.600     0.58924  
337.700     0.58939  
337.800     0.58955  
337.900     0.58970  
338.000     0.58985  
338.100     0.59001  
338.200     0.59016  
338.300     0.59032  
338.400     0.59047  
338.500     0.59062  
338.600     0.59078  
338.700     0.59093  
338.800     0.59108  
338.900     0.59124  
339.000     0.59139  
339.100     0.59154  
339.200     0.59170  
339.300     0.59185  
339.400     0.59200  
339.500     0.59216  
339.600     0.59231  
339.700     0.59246  
339.800     0.59261  
339.900     0.59277  
340.000     0.59292  
340.100     0.59307  
340.200     0.59322  
340.300     0.59337  
340.400     0.59353  
340.500     0.59368  
340.600     0.59383  
340.700     0.59398  
340.800     0.59413  
340.900     0.59429  
341.000     0.59444  
341.100     0.59459  
341.200     0.59474  
341.300     0.59489  
341.400     0.59504  
341.500     0.59519  
341.600     0.59535  
341.700     0.59550  
341.800     0.59565  
341.900     0.59580  
342.000     0.59595  
342.100     0.59610  
342.200     0.59625  
342.300     0.59640  
342.400     0.59655  
342.500     0.59670  
342.600     0.59685  
342.700     0.59700  
342.800     0.59715  
342.900     0.59730  
343.000     0.59745  
343.100     0.59760  
343.200     0.59775  
343.300     0.59790  
343.400     0.59805  
343.500     0.59820  
343.600     0.59835  
343.700     0.59850  
343.800     0.59865  
343.900     0.59880  
344.000     0.59895  
344.100     0.59910  
344.200     0.59925  
344.300     0.59940  
344.400     0.59954  
344.500     0.59969  
344.600     0.59984  
344.700     0.59999  
344.800     0.60014  
344.900     0.60029  
345.000     0.60044  
345.100     0.60058  
345.200     0.60073  
345.300     0.60088  
345.400     0.60103  
345.500     0.60118  
345.600     0.60132  
345.700     0.60147  
345.800     0.60162  
345.900     0.60177  
346.000     0.60191  
346.100     0.60206  
346.200     0.60221  
346.300     0.60236  
346.400     0.60250  
346.500     0.60265  
346.600     0.60280  
346.700     0.60294  
346.800     0.60309  
346.900     0.60324  
347.000     0.60338  
347.100     0.60353  
347.200     0.60368  
347.300     0.60382  
347.400     0.60397  
347.500     0.60411  
347.600     0.60426  
347.700     0.60441  
347.800     0.60455  
347.900     0.60470  
348.000     0.60484  
348.100     0.60499  
348.200     0.60514  
348.300     0.60528  
348.400     0.60543  
348.500     0.60557  
348.600     0.60572  
348.700     0.60586  
348.800     0.60601  
348.900     0.60615  
349.000     0.60630  
349.100     0.60644  
349.200     0.60659  
349.300     0.60673  
349.400     0.60687  
349.500     0.60702  
349.600     0.60716  
349.700     0.60731  
349.800     0.60745  
349.900     0.60760  
350.000     0.60774  