0.000     0.00000  
  0.100     0.00000  
  0.200     0.00000  
  0.300     0.00000  
  0.400     0.00000  
  0.500     0.00000  
  0.600     0.00000  
  0.700     0.00000  
  0.800     0.00000  
  0.900     0.00000  
  1.000     0.00000  
  1.100     0.00000  
  1.200     0.00000  
  1.300     0.00000  
  1.400     0.00000  
  1.500     0.00000  
  1.600     0.00000  
  1.700     0.00000  
  1.800     0.00000  
  1.900     0.00000  
  2.000     0.00000  
  2.100     0.00000  
  2.200     0.00000  
  2.300     0.00000  
  2.400     0.00000  
  2.500     0.00000  
  2.600     0.00000  
  2.700     0.00000  
  2.800     0.00000  
  2.900     0.00000  
  3.000     0.00000  
  3.100     0.00000  
  3.200     0.00000  
  3.300     0.00000  
  3.400     0.00000  
  3.500     0.00000  
  3.600    -0.00001  
  3.700    -0.00001  
  3.800    -0.00001  
  3.900    -0.00001  
  4.000    -0.00001  
  4.100    -0.00001  
  4.200    -0.00001  
  4.300    -0.00001  
  4.400    -0.00001  
  4.500    -0.00002  
  4.600    -0.00002  
  4.700    -0.00002  
  4.800    -0.00002  
  4.900    -0.00002  
  5.000    -0.00002  
  5.100    -0.00003  
  5.200    -0.00003  
  5.300    -0.00003  
  5.400    -0.00003  
  5.500    -0.00004  
  5.600    -0.00004  
  5.700    -0.00004  
  5.800    -0.00005  
  5.900    -0.00005  
  6.000    -0.00005  
  6.100    -0.00006  
  6.200    -0.00006  
  6.300    -0.00007  
  6.400    -0.00007  
  6.500    -0.00008  
  6.600    -0.00008  
  6.700    -0.00009  
  6.800    -0.00009  
  6.900    -0.00010  
  7.000    -0.00011  
  7.100    -0.00011  
  7.200    -0.00012  
  7.300    -0.00013  
  7.400    -0.00013  
  7.500    -0.00014  
  7.600    -0.00015  
  7.700    -0.00016  
  7.800    -0.00017  
  7.900    -0.00018  
  8.000    -0.00019  
  8.100    -0.00020  
  8.200    -0.00021  
  8.300    -0.00022  
  8.400    -0.00023  
  8.500    -0.00024  
  8.600    -0.00025  
  8.700    -0.00026  
  8.800    -0.00028  
  8.900    -0.00029  
  9.000    -0.00030  
  9.100    -0.00032  
  9.200    -0.00033  
  9.300    -0.00035  
  9.400    -0.00036  
  9.500    -0.00038  
  9.600    -0.00039  
  9.700    -0.00041  
  9.800    -0.00043  
  9.900    -0.00044  
 10.000    -0.00046  
 10.100    -0.00048  
 10.200    -0.00050  
 10.300    -0.00052  
 10.400    -0.00054  
 10.500    -0.00056  
 10.600    -0.00058  
 10.700    -0.00060  
 10.800    -0.00062  
 10.900    -0.00065  
 11.000    -0.00067  
 11.100    -0.00069  
 11.200    -0.00072  
 11.300    -0.00074  
 11.400    -0.00077  
 11.500    -0.00080  
 11.600    -0.00082  
 11.700    -0.00085  
 11.800    -0.00088  
 11.900    -0.00091  
 12.000    -0.00094  
 12.100    -0.00097  
 12.200    -0.00100  
 12.300    -0.00103  
 12.400    -0.00106  
 12.500    -0.00109  
 12.600    -0.00112  
 12.700    -0.00116  
 12.800    -0.00119  
 12.900    -0.00123  
 13.000    -0.00126  
 13.100    -0.00130  
 13.200    -0.00134  
 13.300    -0.00137  
 13.400    -0.00141  
 13.500    -0.00145  
 13.600    -0.00149  
 13.700    -0.00153  
 13.800    -0.00157  
 13.900    -0.00161  
 14.000    -0.00166  
 14.100    -0.00170  
 14.200    -0.00174  
 14.300    -0.00179  
 14.400    -0.00183  
 14.500    -0.00188  
 14.600    -0.00193  
 14.700    -0.00197  
 14.800    -0.00202  
 14.900    -0.00207  
 15.000    -0.00212  
 15.100    -0.00217  
 15.200    -0.00222  
 15.300    -0.00227  
 15.400    -0.00233  
 15.500    -0.00238  
 15.600    -0.00243  
 15.700    -0.00249  
 15.800    -0.00255  
 15.900    -0.00260  
 16.000    -0.00266  
 16.100    -0.00272  
 16.200    -0.00278  
 16.300    -0.00284  
 16.400    -0.00290  
 16.500    -0.00296  
 16.600    -0.00302  
 16.700    -0.00308  
 16.800    -0.00315  
 16.900    -0.00321  
 17.000    -0.00328  
 17.100    -0.00334  
 17.200    -0.00341  
 17.300    -0.00348  
 17.400    -0.00355  
 17.500    -0.00361  
 17.600    -0.00368  
 17.700    -0.00376  
 17.800    -0.00383  
 17.900    -0.00390  
 18.000    -0.00397  
 18.100    -0.00405  
 18.200    -0.00412  
 18.300    -0.00420  
 18.400    -0.00428  
 18.500    -0.00435  
 18.600    -0.00443  
 18.700    -0.00451  
 18.800    -0.00459  
 18.900    -0.00467  
 19.000    -0.00475  
 19.100    -0.00484  
 19.200    -0.00492  
 19.300    -0.00501  
 19.400    -0.00509  
 19.500    -0.00518  
 19.600    -0.00526  
 19.700    -0.00535  
 19.800    -0.00544  
 19.900    -0.00553  
 20.000    -0.00562  
 20.100    -0.00571  
 20.200    -0.00580  
 20.300    -0.00590  
 20.400    -0.00599  
 20.500    -0.00609  
 20.600    -0.00618  
 20.700    -0.00628  
 20.800    -0.00637  
 20.900    -0.00647  
 21.000    -0.00657  
 21.100    -0.00667  
 21.200    -0.00677  
 21.300    -0.00687  
 21.400    -0.00698  
 21.500    -0.00708  
 21.600    -0.00718  
 21.700    -0.00729  
 21.800    -0.00740  
 21.900    -0.00750  
 22.000    -0.00761  
 22.100    -0.00772  
 22.200    -0.00783  
 22.300    -0.00794  
 22.400    -0.00805  
 22.500    -0.00816  
 22.600    -0.00828  
 22.700    -0.00839  
 22.800    -0.00850  
 22.900    -0.00862  
 23.000    -0.00874  
 23.100    -0.00885  
 23.200    -0.00897  
 23.300    -0.00909  
 23.400    -0.00921  
 23.500    -0.00933  
 23.600    -0.00945  
 23.700    -0.00958  
 23.800    -0.00970  
 23.900    -0.00982  
 24.000    -0.00995  
 24.100    -0.01008  
 24.200    -0.01020  
 24.300    -0.01033  
 24.400    -0.01046  
 24.500    -0.01059  
 24.600    -0.01072  
 24.700    -0.01085  
 24.800    -0.01098  
 24.900    -0.01112  
 25.000    -0.01125  
 25.100    -0.01139  
 25.200    -0.01152  
 25.300    -0.01166  
 25.400    -0.01180  
 25.500    -0.01193  
 25.600    -0.01207  
 25.700    -0.01221  
 25.800    -0.01235  
 25.900    -0.01250  
 26.000    -0.01264  
 26.100    -0.01278  
 26.200    -0.01293  
 26.300    -0.01307  
 26.400    -0.01322  
 26.500    -0.01337  
 26.600    -0.01351  
 26.700    -0.01366  
 26.800    -0.01381  
 26.900    -0.01396  
 27.000    -0.01412  
 27.100    -0.01427  
 27.200    -0.01442  
 27.300    -0.01457  
 27.400    -0.01473  
 27.500    -0.01489  
 27.600    -0.01504  
 27.700    -0.01520  
 27.800    -0.01536  
 27.900    -0.01552  
 28.000    -0.01568  
 28.100    -0.01584  
 28.200    -0.01600  
 28.300    -0.01616  
 28.400    -0.01633  
 28.500    -0.01649  
 28.600    -0.01665  
 28.700    -0.01682  
 28.800    -0.01699  
 28.900    -0.01716  
 29.000    -0.01732  
 29.100    -0.01749  
 29.200    -0.01766  
 29.300    -0.01783  
 29.400    -0.01801  
 29.500    -0.01818  
 29.600    -0.01835  
 29.700    -0.01853  
 29.800    -0.01870  
 29.900    -0.01888  
 30.000    -0.01906  
 30.100    -0.01923  
 30.200    -0.01941  
 30.300    -0.01959  
 30.400    -0.01977  
 30.500    -0.01995  
 30.600    -0.02014  
 30.700    -0.02032  
 30.800    -0.02050  
 30.900    -0.02069  
 31.000    -0.02087  
 31.100    -0.02106  
 31.200    -0.02124  
 31.300    -0.02143  
 31.400    -0.02162  
 31.500    -0.02181  
 31.600    -0.02200  
 31.700    -0.02219  
 31.800    -0.02238  
 31.900    -0.02257  
 32.000    -0.02277  
 32.100    -0.02296  
 32.200    -0.02316  
 32.300    -0.02335  
 32.400    -0.02355  
 32.500    -0.02375  
 32.600    -0.02395  
 32.700    -0.02414  
 32.800    -0.02434  
 32.900    -0.02454  
 33.000    -0.02475  
 33.100    -0.02495  
 33.200    -0.02515  
 33.300    -0.02536  
 33.400    -0.02556  
 33.500    -0.02577  
 33.600    -0.02597  
 33.700    -0.02618  
 33.800    -0.02639  
 33.900    -0.02659  
 34.000    -0.02680  
 34.100    -0.02701  
 34.200    -0.02722  
 34.300    -0.02744  
 34.400    -0.02765  
 34.500    -0.02786  
 34.600    -0.02808  
 34.700    -0.02829  
 34.800    -0.02851  
 34.900    -0.02872  
 35.000    -0.02894  
 35.100    -0.02916  
 35.200    -0.02938  
 35.300    -0.02959  
 35.400    -0.02981  
 35.500    -0.03004  
 35.600    -0.03026  
 35.700    -0.03048  
 35.800    -0.03070  
 35.900    -0.03093  
 36.000    -0.03115  
 36.100    -0.03138  
 36.200    -0.03160  
 36.300    -0.03183  
 36.400    -0.03206  
 36.500    -0.03229  
 36.600    -0.03251  
 36.700    -0.03274  
 36.800    -0.03297  
 36.900    -0.03321  
 37.000    -0.03344  
 37.100    -0.03367  
 37.200    -0.03390  
 37.300    -0.03414  
 37.400    -0.03437  
 37.500    -0.03461  
 37.600    -0.03485  
 37.700    -0.03508  
 37.800    -0.03532  
 37.900    -0.03556  
 38.000    -0.03580  
 38.100    -0.03604  
 38.200    -0.03628  
 38.300    -0.03652  
 38.400    -0.03676  
 38.500    -0.03701  
 38.600    -0.03725  
 38.700    -0.03749  
 38.800    -0.03774  
 38.900    -0.03798  
 39.000    -0.03823  
 39.100    -0.03848  
 39.200    -0.03873  
 39.300    -0.03897  
 39.400    -0.03922  
 39.500    -0.03947  
 39.600    -0.03972  
 39.700    -0.03997  
 39.800    -0.04023  
 39.900    -0.04048  
 40.000    -0.04073  
 40.100    -0.04099  
 40.200    -0.04124  
 40.300    -0.04150  
 40.400    -0.04175  
 40.500    -0.04201  
 40.600    -0.04227  
 40.700    -0.04253  
 40.800    -0.04279  
 40.900    -0.04304  
 41.000    -0.04331  
 41.100    -0.04357  
 41.200    -0.04383  
 41.300    -0.04409  
 41.400    -0.04435  
 41.500    -0.04462  
 41.600    -0.04488  
 41.700    -0.04514  
 41.800    -0.04541  
 41.900    -0.04568  
 42.000    -0.04594  
 42.100    -0.04621  
 42.200    -0.04648  
 42.300    -0.04675  
 42.400    -0.04702  
 42.500    -0.04729  
 42.600    -0.04756  
 42.700    -0.04783  
 42.800    -0.04810  
 42.900    -0.04837  
 43.000    -0.04865  
 43.100    -0.04892  
 43.200    -0.04919  
 43.300    -0.04947  
 43.400    -0.04975  
 43.500    -0.05002  
 43.600    -0.05030  
 43.700    -0.05058  
 43.800    -0.05086  
 43.900    -0.05113  
 44.000    -0.05141  
 44.100    -0.05169  
 44.200    -0.05197  
 44.300    -0.05226  
 44.400    -0.05254  
 44.500    -0.05282  
 44.600    -0.05310  
 44.700    -0.05339  
 44.800    -0.05367  
 44.900    -0.05396  
 45.000    -0.05424  
 45.100    -0.05453  
 45.200    -0.05482  
 45.300    -0.05510  
 45.400    -0.05539  
 45.500    -0.05568  
 45.600    -0.05597  
 45.700    -0.05626  
 45.800    -0.05655  
 45.900    -0.05684  
 46.000    -0.05713  
 46.100    -0.05743  
 46.200    -0.05772  
 46.300    -0.05801  
 46.400    -0.05831  
 46.500    -0.05860  
 46.600    -0.05890  
 46.700    -0.05919  
 46.800    -0.05949  
 46.900    -0.05979  
 47.000    -0.06008  
 47.100    -0.06038  
 47.200    -0.06068  
 47.300    -0.06098  
 47.400    -0.06128  
 47.500    -0.06158  
 47.600    -0.06188  
 47.700    -0.06218  
 47.800    -0.06248  
 47.900    -0.06279  
 48.000    -0.06309  
 48.100    -0.06339  
 48.200    -0.06370  
 48.300    -0.06400  
 48.400    -0.06431  
 48.500    -0.06461  
 48.600    -0.06492  
 48.700    -0.06523  
 48.800    -0.06553  
 48.900    -0.06584  
 49.000    -0.06615  
 49.100    -0.06646  
 49.200    -0.06677  
 49.300    -0.06708  
 49.400    -0.06739  
 49.500    -0.06770  
 49.600    -0.06802  
 49.700    -0.06833  
 49.800    -0.06864  
 49.900    -0.06895  
 50.000    -0.06927  
 50.100    -0.06958  
 50.200    -0.06990  
 50.300    -0.07021  
 50.400    -0.07053  
 50.500    -0.07085  
 50.600    -0.07116  
 50.700    -0.07148  
 50.800    -0.07180  
 50.900    -0.07212  
 51.000    -0.07244  
 51.100    -0.07276  
 51.200    -0.07308  
 51.300    -0.07340  
 51.400    -0.07372  
 51.500    -0.07404  
 51.600    -0.07437  
 51.700    -0.07469  
 51.800    -0.07501  
 51.900    -0.07534  
 52.000    -0.07566  
 52.100    -0.07598  
 52.200    -0.07631  
 52.300    -0.07664  
 52.400    -0.07696  
 52.500    -0.07729  
 52.600    -0.07762  
 52.700    -0.07794  
 52.800    -0.07827  
 52.900    -0.07860  
 53.000    -0.07893  
 53.100    -0.07926  
 53.200    -0.07959  
 53.300    -0.07992  
 53.400    -0.08025  
 53.500    -0.08058  
 53.600    -0.08092  
 53.700    -0.08125  
 53.800    -0.08158  
 53.900    -0.08192  
 54.000    -0.08225  
 54.100    -0.08259  
 54.200    -0.08292  
 54.300    -0.08326  
 54.400    -0.08359  
 54.500    -0.08393  
 54.600    -0.08427  
 54.700    -0.08460  
 54.800    -0.08494  
 54.900    -0.08528  
 55.000    -0.08562  
 55.100    -0.08596  
 55.200    -0.08630  
 55.300    -0.08664  
 55.400    -0.08698  
 55.500    -0.08732  
 55.600    -0.08766  
 55.700    -0.08800  
 55.800    -0.08834  
 55.900    -0.08869  
 56.000    -0.08903  
 56.100    -0.08937  
 56.200    -0.08972  
 56.300    -0.09006  
 56.400    -0.09041  
 56.500    -0.09075  
 56.600    -0.09110  
 56.700    -0.09145  
 56.800    -0.09179  
 56.900    -0.09214  
 57.000    -0.09249  
 57.100    -0.09284  
 57.200    -0.09318  
 57.300    -0.09353  
 57.400    -0.09388  
 57.500    -0.09423  
 57.600    -0.09458  
 57.700    -0.09493  
 57.800    -0.09528  
 57.900    -0.09564  
 58.000    -0.09599  
 58.100    -0.09634  
 58.200    -0.09669  
 58.300    -0.09705  
 58.400    -0.09740  
 58.500    -0.09775  
 58.600    -0.09811  
 58.700    -0.09846  
 58.800    -0.09882  
 58.900    -0.09917  
 59.000    -0.09953  
 59.100    -0.09989  
 59.200    -0.10024  
 59.300    -0.10060  
 59.400    -0.10096  
 59.500    -0.10131  
 59.600    -0.10167  
 59.700    -0.10203  
 59.800    -0.10239  
 59.900    -0.10275  
 60.000    -0.10311  
 60.100    -0.10347  
 60.200    -0.10383  
 60.300    -0.10419  
 60.400    -0.10456  
 60.500    -0.10492  
 60.600    -0.10528  
 60.700    -0.10564  
 60.800    -0.10601  
 60.900    -0.10637  
 61.000    -0.10673  
 61.100    -0.10710  
 61.200    -0.10746  
 61.300    -0.10783  
 61.400    -0.10819  
 61.500    -0.10856  
 61.600    -0.10892  
 61.700    -0.10929  
 61.800    -0.10966  
 61.900    -0.11002  
 62.000    -0.11039  
 62.100    -0.11076  
 62.200    -0.11113  
 62.300    -0.11150  
 62.400    -0.11187  
 62.500    -0.11224  
 62.600    -0.11261  
 62.700    -0.11298  
 62.800    -0.11335  
 62.900    -0.11372  
 63.000    -0.11409  
 63.100    -0.11446  
 63.200    -0.11483  
 63.300    -0.11521  
 63.400    -0.11558  
 63.500    -0.11595  
 63.600    -0.11632  
 63.700    -0.11670  
 63.800    -0.11707  
 63.900    -0.11745  
 64.000    -0.11782  
 64.100    -0.11820  
 64.200    -0.11857  
 64.300    -0.11895  
 64.400    -0.11932  
 64.500    -0.11970  
 64.600    -0.12008  
 64.700    -0.12045  
 64.800    -0.12083  
 64.900    -0.12121  
 65.000    -0.12159  
 65.100    -0.12197  
 65.200    -0.12234  
 65.300    -0.12272  
 65.400    -0.12310  
 65.500    -0.12348  
 65.600    -0.12386  
 65.700    -0.12424  
 65.800    -0.12462  
 65.900    -0.12501  
 66.000    -0.12539  
 66.100    -0.12577  
 66.200    -0.12615  
 66.300    -0.12653  
 66.400    -0.12692  
 66.500    -0.12730  
 66.600    -0.12768  
 66.700    -0.12807  
 66.800    -0.12845  
 66.900    -0.12883  
 67.000    -0.12922  
 67.100    -0.12960  
 67.200    -0.12999  
 67.300    -0.13037  
 67.400    -0.13076  
 67.500    -0.13115  
 67.600    -0.13153  
 67.700    -0.13192  
 67.800    -0.13231  
 67.900    -0.13269  
 68.000    -0.13308  
 68.100    -0.13347  
 68.200    -0.13386  
 68.300    -0.13425  
 68.400    -0.13464  
 68.500    -0.13503  
 68.600    -0.13541  
 68.700    -0.13580  
 68.800    -0.13619  
 68.900    -0.13659  
 69.000    -0.13698  
 69.100    -0.13737  
 69.200    -0.13776  
 69.300    -0.13815  
 69.400    -0.13854  
 69.500    -0.13893  
 69.600    -0.13933  
 69.700    -0.13972  
 69.800    -0.14011  
 69.900    -0.14051  
 70.000    -0.14090  
 70.100    -0.14129  
 70.200    -0.14169  
 70.300    -0.14208  
 70.400    -0.14248  
 70.500    -0.14287  
 70.600    -0.14327  
 70.700    -0.14366  
 70.800    -0.14406  
 70.900    -0.14445  
 71.000    -0.14485  
 71.100    -0.14525  
 71.200    -0.14564  
 71.300    -0.14604  
 71.400    -0.14644  
 71.500    -0.14683  
 71.600    -0.14723  
 71.700    -0.14763  
 71.800    -0.14803  
 71.900    -0.14843  
 72.000    -0.14883  
 72.100    -0.14923  
 72.200    -0.14963  
 72.300    -0.15003  
 72.400    -0.15043  
 72.500    -0.15083  
 72.600    -0.15123  
 72.700    -0.15163  
 72.800    -0.15203  
 72.900    -0.15243  
 73.000    -0.15283  
 73.100    -0.15323  
 73.200    -0.15364  
 73.300    -0.15404  
 73.400    -0.15444  
 73.500    -0.15484  
 73.600    -0.15525  
 73.700    -0.15565  
 73.800    -0.15605  
 73.900    -0.15646  
 74.000    -0.15686  
 74.100    -0.15727  
 74.200    -0.15767  
 74.300    -0.15807  
 74.400    -0.15848  
 74.500    -0.15888  
 74.600    -0.15929  
 74.700    -0.15970  
 74.800    -0.16010  
 74.900    -0.16051  
 75.000    -0.16092  
 75.100    -0.16132  
 75.200    -0.16173  
 75.300    -0.16214  
 75.400    -0.16254  
 75.500    -0.16295  
 75.600    -0.16336  
 75.700    -0.16377  
 75.800    -0.16418  
 75.900    -0.16458  
 76.000    -0.16499  
 76.100    -0.16540  
 76.200    -0.16581  
 76.300    -0.16622  
 76.400    -0.16663  
 76.500    -0.16704  
 76.600    -0.16745  
 76.700    -0.16786  
 76.800    -0.16827  
 76.900    -0.16868  
 77.000    -0.16909  
 77.100    -0.16950  
 77.200    -0.16992  
 77.300    -0.17033  
 77.400    -0.17074  
 77.500    -0.17115  
 77.600    -0.17156  
 77.700    -0.17198  
 77.800    -0.17239  
 77.900    -0.17280  
 78.000    -0.17321  
 78.100    -0.17363  
 78.200    -0.17404  
 78.300    -0.17446  
 78.400    -0.17487  
 78.500    -0.17528  
 78.600    -0.17570  
 78.700    -0.17611  
 78.800    -0.17653  
 78.900    -0.17694  
 79.000    -0.17736  
 79.100    -0.17777  
 79.200    -0.17819  
 79.300    -0.17860  
 79.400    -0.17902  
 79.500    -0.17944  
 79.600    -0.17985  
 79.700    -0.18027  
 79.800    -0.18069  
 79.900    -0.18110  
 80.000    -0.18152  
 80.100    -0.18194  
 80.200    -0.18236  
 80.300    -0.18277  
 80.400    -0.18319  
 80.500    -0.18361  
 80.600    -0.18403  
 80.700    -0.18445  
 80.800    -0.18487  
 80.900    -0.18528  
 81.000    -0.18570  
 81.100    -0.18612  
 81.200    -0.18654  
 81.300    -0.18696  
 81.400    -0.18738  
 81.500    -0.18780  
 81.600    -0.18822  
 81.700    -0.18864  
 81.800    -0.18906  
 81.900    -0.18948  
 82.000    -0.18990  
 82.100    -0.19033  
 82.200    -0.19075  
 82.300    -0.19117  
 82.400    -0.19159  
 82.500    -0.19201  
 82.600    -0.19243  
 82.700    -0.19286  
 82.800    -0.19328  
 82.900    -0.19370  
 83.000    -0.19412  
 83.100    -0.19455  
 83.200    -0.19497  
 83.300    -0.19539  
 83.400    -0.19582  
 83.500    -0.19624  
 83.600    -0.19666  
 83.700    -0.19709  
 83.800    -0.19751  
 83.900    -0.19794  
 84.000    -0.19836  
 84.100    -0.19879  
 84.200    -0.19921  
 84.300    -0.19964  
 84.400    -0.20006  
 84.500    -0.20049  
 84.600    -0.20091  
 84.700    -0.20134  
 84.800    -0.20176  
 84.900    -0.20219  
 85.000    -0.20261  
 85.100    -0.20304  
 85.200    -0.20347  
 85.300    -0.20389  
 85.400    -0.20432  
 85.500    -0.20475  
 85.600    -0.20517  
 85.700    -0.20560  
 85.800    -0.20603  
 85.900    -0.20645  
 86.000    -0.20688  
 86.100    -0.20731  
 86.200    -0.20774  
 86.300    -0.20817  
 86.400    -0.20859  
 86.500    -0.20902  
 86.600    -0.20945  
 86.700    -0.20988  
 86.800    -0.21031  
 86.900    -0.21074  
 87.000    -0.21117  
 87.100    -0.21160  
 87.200    -0.21202  
 87.300    -0.21245  
 87.400    -0.21288  
 87.500    -0.21331  
 87.600    -0.21374  
 87.700    -0.21417  
 87.800    -0.21460  
 87.900    -0.21503  
 88.000    -0.21546  
 88.100    -0.21589  
 88.200    -0.21633  
 88.300    -0.21676  
 88.400    -0.21719  
 88.500    -0.21762  
 88.600    -0.21805  
 88.700    -0.21848  
 88.800    -0.21891  
 88.900    -0.21934  
 89.000    -0.21978  
 89.100    -0.22021  
 89.200    -0.22064  
 89.300    -0.22107  
 89.400    -0.22150  
 89.500    -0.22194  
 89.600    -0.22237  
 89.700    -0.22280  
 89.800    -0.22323  
 89.900    -0.22367  
 90.000    -0.22410  
 90.100    -0.22453  
 90.200    -0.22497  
 90.300    -0.22540  
 90.400    -0.22583  
 90.500    -0.22627  
 90.600    -0.22670  
 90.700    -0.22714  
 90.800    -0.22757  
 90.900    -0.22800  
 91.000    -0.22844  
 91.100    -0.22887  
 91.200    -0.22931  
 91.300    -0.22974  
 91.400    -0.23018  
 91.500    -0.23061  
 91.600    -0.23105  
 91.700    -0.23148  
 91.800    -0.23192  
 91.900    -0.23235  
 92.000    -0.23279  
 92.100    -0.23322  
 92.200    -0.23366  
 92.300    -0.23410  
 92.400    -0.23453  
 92.500    -0.23497  
 92.600    -0.23540  
 92.700    -0.23584  
 92.800    -0.23628  
 92.900    -0.23671  
 93.000    -0.23715  
 93.100    -0.23759  
 93.200    -0.23802  
 93.300    -0.23846  
 93.400    -0.23890  
 93.500    -0.23933  
 93.600    -0.23977  
 93.700    -0.24021  
 93.800    -0.24065  
 93.900    -0.24108  
 94.000    -0.24152  
 94.100    -0.24196  
 94.200    -0.24240  
 94.300    -0.24284  
 94.400    -0.24327  
 94.500    -0.24371  
 94.600    -0.24415  
 94.700    -0.24459  
 94.800    -0.24503  
 94.900    -0.24547  
 95.000    -0.24590  
 95.100    -0.24634  
 95.200    -0.24678  
 95.300    -0.24722  
 95.400    -0.24766  
 95.500    -0.24810  
 95.600    -0.24854  
 95.700    -0.24898  
 95.800    -0.24942  
 95.900    -0.24986  
 96.000    -0.25030  
 96.100    -0.25074  
 96.200    -0.25118  
 96.300    -0.25162  
 96.400    -0.25206  
 96.500    -0.25250  
 96.600    -0.25294  
 96.700    -0.25338  
 96.800    -0.25382  
 96.900    -0.25426  
 97.000    -0.25470  
 97.100    -0.25514  
 97.200    -0.25558  
 97.300    -0.25602  
 97.400    -0.25646  
 97.500    -0.25690  
 97.600    -0.25734  
 97.700    -0.25778  
 97.800    -0.25822  
 97.900    -0.25867  
 98.000    -0.25911  
 98.100    -0.25955  
 98.200    -0.25999  
 98.300    -0.26043  
 98.400    -0.26087  
 98.500    -0.26132  
 98.600    -0.26176  
 98.700    -0.26220  
 98.800    -0.26264  
 98.900    -0.26308  
 99.000    -0.26352  
 99.100    -0.26397  
 99.200    -0.26441  
 99.300    -0.26485  
 99.400    -0.26529  
 99.500    -0.26574  
 99.600    -0.26618  
 99.700    -0.26662  
 99.800    -0.26707  
 99.900    -0.26751  
100.000    -0.26795  
100.100    -0.26839  
100.200    -0.26884  
100.300    -0.26928  
100.400    -0.26972  
100.500    -0.27017  
100.600    -0.27061  
100.700    -0.27105  
100.800    -0.27150  
100.900    -0.27194  
101.000    -0.27238  
101.100    -0.27283  
101.200    -0.27327  
101.300    -0.27372  
101.400    -0.27416  
101.500    -0.27460  
101.600    -0.27505  
101.700    -0.27549  
101.800    -0.27594  
101.900    -0.27638  
102.000    -0.27682  
102.100    -0.27727  
102.200    -0.27771  
102.300    -0.27816  
102.400    -0.27860  
102.500    -0.27905  
102.600    -0.27949  
102.700    -0.27994  
102.800    -0.28038  
102.900    -0.28083  
103.000    -0.28127  
103.100    -0.28171  
103.200    -0.28216  
103.300    -0.28261  
103.400    -0.28305  
103.500    -0.28350  
103.600    -0.28394  
103.700    -0.28439  
103.800    -0.28483  
103.900    -0.28528  
104.000    -0.28572  
104.100    -0.28617  
104.200    -0.28661  
104.300    -0.28706  
104.400    -0.28750  
104.500    -0.28795  
104.600    -0.28840  
104.700    -0.28884  
104.800    -0.28929  
104.900    -0.28973  
105.000    -0.29018  
105.100    -0.29063  
105.200    -0.29107  
105.300    -0.29152  
105.400    -0.29196  
105.500    -0.29241  
105.600    -0.29286  
105.700    -0.29330  
105.800    -0.29375  
105.900    -0.29420  
106.000    -0.29464  
106.100    -0.29509  
106.200    -0.29554  
106.300    -0.29598  
106.400    -0.29643  
106.500    -0.29687  
106.600    -0.29732  
106.700    -0.29777  
106.800    -0.29822  
106.900    -0.29866  
107.000    -0.29911  
107.100    -0.29956  
107.200    -0.30000  
107.300    -0.30045  
107.400    -0.30090  
107.500    -0.30134  
107.600    -0.30179  
107.700    -0.30224  
107.800    -0.30269  
107.900    -0.30313  
108.000    -0.30358  
108.100    -0.30403  
108.200    -0.30447  
108.300    -0.30492  
108.400    -0.30537  
108.500    -0.30582  
108.600    -0.30626  
108.700    -0.30671  
108.800    -0.30716  
108.900    -0.30761  
109.000    -0.30806  
109.100    -0.30850  
109.200    -0.30895  
109.300    -0.30940  
109.400    -0.30985  
109.500    -0.31029  
109.600    -0.31074  
109.700    -0.31119  
109.800    -0.31164  
109.900    -0.31209  
110.000    -0.31253  
110.100    -0.31298  
110.200    -0.31343  
110.300    -0.31388  
110.400    -0.31433  
110.500    -0.31477  
110.600    -0.31522  
110.700    -0.31567  
110.800    -0.31612  
110.900    -0.31657  
111.000    -0.31702  
111.100    -0.31746  
111.200    -0.31791  
111.300    -0.31836  
111.400    -0.31881  
111.500    -0.31926  
111.600    -0.31971  
111.700    -0.32015  
111.800    -0.32060  
111.900    -0.32105  
112.000    -0.32150  
112.100    -0.32195  
112.200    -0.32240  
112.300    -0.32285  
112.400    -0.32329  
112.500    -0.32374  
112.600    -0.32419  
112.700    -0.32464  
112.800    -0.32509  
112.900    -0.32554  
113.000    -0.32599  
113.100    -0.32644  
113.200    -0.32688  
113.300    -0.32733  
113.400    -0.32778  
113.500    -0.32823  
113.600    -0.32868  
113.700    -0.32913  
113.800    -0.32958  
113.900    -0.33003  
114.000    -0.33047  
114.100    -0.33092  
114.200    -0.33137  
114.300    -0.33182  
114.400    -0.33227  
114.500    -0.33272  
114.600    -0.33317  
114.700    -0.33362  
114.800    -0.33407  
114.900    -0.33452  
115.000    -0.33497  
115.100    -0.33541  
115.200    -0.33586  
115.300    -0.33631  
115.400    -0.33676  
115.500    -0.33721  
115.600    -0.33766  
115.700    -0.33811  
115.800    -0.33856  
115.900    -0.33901  
116.000    -0.33946  
116.100    -0.33991  
116.200    -0.34036  
116.300    -0.34080  
116.400    -0.34125  
116.500    -0.34170  
116.600    -0.34215  
116.700    -0.34260  
116.800    -0.34305  
116.900    -0.34350  
117.000    -0.34395  
117.100    -0.34440  
117.200    -0.34485  
117.300    -0.34530  
117.400    -0.34575  
117.500    -0.34620  
117.600    -0.34665  
117.700    -0.34709  
117.800    -0.34754  
117.900    -0.34799  
118.000    -0.34844  
118.100    -0.34889  
118.200    -0.34934  
118.300    -0.34979  
118.400    -0.35024  
118.500    -0.35069  
118.600    -0.35114  
118.700    -0.35159  
118.800    -0.35204  
118.900    -0.35249  
119.000    -0.35294  
119.100    -0.35339  
119.200    -0.35384  
119.300    -0.35428  
119.400    -0.35473  
119.500    -0.35518  
119.600    -0.35563  
119.700    -0.35608  
119.800    -0.35653  
119.900    -0.35698  
120.000    -0.35743  
120.100    -0.35788  
120.200    -0.35833  
120.300    -0.35878  
120.400    -0.35923  
120.500    -0.35968  
120.600    -0.36013  
120.700    -0.36058  
120.800    -0.36102  
120.900    -0.36147  
121.000    -0.36192  
121.100    -0.36237  
121.200    -0.36282  
121.300    -0.36327  
121.400    -0.36372  
121.500    -0.36417  
121.600    -0.36462  
121.700    -0.36507  
121.800    -0.36552  
121.900    -0.36597  
122.000    -0.36642  
122.100    -0.36687  
122.200    -0.36732  
122.300    -0.36776  
122.400    -0.36821  
122.500    -0.36866  
122.600    -0.36911  
122.700    -0.36956  
122.800    -0.37001  
122.900    -0.37046  
123.000    -0.37091  
123.100    -0.37136  
123.200    -0.37181  
123.300    -0.37226  
123.400    -0.37271  
123.500    -0.37316  
123.600    -0.37360  
123.700    -0.37405  
123.800    -0.37450  
123.900    -0.37495  
124.000    -0.37540  
124.100    -0.37585  
124.200    -0.37630  
124.300    -0.37675  
124.400    -0.37720  
124.500    -0.37765  
124.600    -0.37810  
124.700    -0.37854  
124.800    -0.37899  
124.900    -0.37944  
125.000    -0.37989  
125.100    -0.38034  
125.200    -0.38079  
125.300    -0.38124  
125.400    -0.38169  
125.500    -0.38214  
125.600    -0.38258  
125.700    -0.38303  
125.800    -0.38348  
125.900    -0.38393  
126.000    -0.38438  
126.100    -0.38483  
126.200    -0.38528  
126.300    -0.38573  
126.400    -0.38618  
126.500    -0.38662  
126.600    -0.38707  
126.700    -0.38752  
126.800    -0.38797  
126.900    -0.38842  
127.000    -0.38887  
127.100    -0.38932  
127.200    -0.38976  
127.300    -0.39021  
127.400    -0.39066  
127.500    -0.39111  
127.600    -0.39156  
127.700    -0.39201  
127.800    -0.39246  
127.900    -0.39290  
128.000    -0.39335  
128.100    -0.39380  
128.200    -0.39425  
128.300    -0.39470  
128.400    -0.39515  
128.500    -0.39559  
128.600    -0.39604  
128.700    -0.39649  
128.800    -0.39694  
128.900    -0.39739  
129.000    -0.39783  
129.100    -0.39828  
129.200    -0.39873  
129.300    -0.39918  
129.400    -0.39963  
129.500    -0.40008  
129.600    -0.40052  
129.700    -0.40097  
129.800    -0.40142  
129.900    -0.40187  
130.000    -0.40231  
130.100    -0.40276  
130.200    -0.40321  
130.300    -0.40366  
130.400    -0.40411  
130.500    -0.40455  
130.600    -0.40500  
130.700    -0.40545  
130.800    -0.40590  
130.900    -0.40634  
131.000    -0.40679  
131.100    -0.40724  
131.200    -0.40769  
131.300    -0.40814  
131.400    -0.40858  
131.500    -0.40903  
131.600    -0.40948  
131.700    -0.40992  
131.800    -0.41037  
131.900    -0.41082  
132.000    -0.41127  
132.100    -0.41171  
132.200    -0.41216  
132.300    -0.41261  
132.400    -0.41306  
132.500    -0.41350  
132.600    -0.41395  
132.700    -0.41440  
132.800    -0.41484  
132.900    -0.41529  
133.000    -0.41574  
133.100    -0.41619  
133.200    -0.41663  
133.300    -0.41708  
133.400    -0.41753  
133.500    -0.41797  
133.600    -0.41842  
133.700    -0.41887  
133.800    -0.41931  
133.900    -0.41976  
134.000    -0.42021  
134.100    -0.42065  
134.200    -0.42110  
134.300    -0.42155  
134.400    -0.42199  
134.500    -0.42244  
134.600    -0.42288  
134.700    -0.42333  
134.800    -0.42378  
134.900    -0.42422  
135.000    -0.42467  
135.100    -0.42512  
135.200    -0.42556  
135.300    -0.42601  
135.400    -0.42645  
135.500    -0.42690  
135.600    -0.42735  
135.700    -0.42779  
135.800    -0.42824  
135.900    -0.42869  
136.000    -0.42913  
136.100    -0.42958  
136.200    -0.43002  
136.300    -0.43047  
136.400    -0.43091  
136.500    -0.43136  
136.600    -0.43181  
136.700    -0.43225  
136.800    -0.43270  
136.900    -0.43314  
137.000    -0.43359  
137.100    -0.43403  
137.200    -0.43448  
137.300    -0.43492  
137.400    -0.43537  
137.500    -0.43582  
137.600    -0.43626  
137.700    -0.43671  
137.800    -0.43715  
137.900    -0.43760  
138.000    -0.43804  
138.100    -0.43849  
138.200    -0.43893  
138.300    -0.43938  
138.400    -0.43982  
138.500    -0.44027  
138.600    -0.44071  
138.700    -0.44116  
138.800    -0.44160  
138.900    -0.44204  
139.000    -0.44249  
139.100    -0.44293  
139.200    -0.44338  
139.300    -0.44382  
139.400    -0.44427  
139.500    -0.44471  
139.600    -0.44516  
139.700    -0.44560  
139.800    -0.44604  
139.900    -0.44649  
140.000    -0.44693  
140.100    -0.44738  
140.200    -0.44782  
140.300    -0.44827  
140.400    -0.44871  
140.500    -0.44915  
140.600    -0.44960  
140.700    -0.45004  
140.800    -0.45048  
140.900    -0.45093  
141.000    -0.45137  
141.100    -0.45182  
141.200    -0.45226  
141.300    -0.45270  
141.400    -0.45315  
141.500    -0.45359  
141.600    -0.45403  
141.700    -0.45448  
141.800    -0.45492  
141.900    -0.45536  
142.000    -0.45581  
142.100    -0.45625  
142.200    -0.45669  
142.300    -0.45714  
142.400    -0.45758  
142.500    -0.45802  
142.600    -0.45846  
142.700    -0.45891  
142.800    -0.45935  
142.900    -0.45979  
143.000    -0.46024  
143.100    -0.46068  
143.200    -0.46112  
143.300    -0.46156  
143.400    -0.46201  
143.500    -0.46245  
143.600    -0.46289  
143.700    -0.46333  
143.800    -0.46378  
143.900    -0.46422  
144.000    -0.46466  
144.100    -0.46510  
144.200    -0.46554  
144.300    -0.46599  
144.400    -0.46643  
144.500    -0.46687  
144.600    -0.46731  
144.700    -0.46775  
144.800    -0.46820  
144.900    -0.46864  
145.000    -0.46908  
145.100    -0.46952  
145.200    -0.46996  
145.300    -0.47040  
145.400    -0.47084  
145.500    -0.47129  
145.600    -0.47173  
145.700    -0.47217  
145.800    -0.47261  
145.900    -0.47305  
146.000    -0.47349  
146.100    -0.47393  
146.200    -0.47437  
146.300    -0.47481  
146.400    -0.47526  
146.500    -0.47570  
146.600    -0.47614  
146.700    -0.47658  
146.800    -0.47702  
146.900    -0.47746  
147.000    -0.47790  
147.100    -0.47834  
147.200    -0.47878  
147.300    -0.47922  
147.400    -0.47966  
147.500    -0.48010  
147.600    -0.48054  
147.700    -0.48098  
147.800    -0.48142  
147.900    -0.48186  
148.000    -0.48230  
148.100    -0.48274  
148.200    -0.48318  
148.300    -0.48362  
148.400    -0.48406  
148.500    -0.48450  
148.600    -0.48494  
148.700    -0.48538  
148.800    -0.48582  
148.900    -0.48626  
149.000    -0.48670  
149.100    -0.48714  
149.200    -0.48758  
149.300    -0.48802  
149.400    -0.48845  
149.500    -0.48889  
149.600    -0.48933  
149.700    -0.48977  
149.800    -0.49021  
149.900    -0.49065  
150.000    -0.49109  
150.100    -0.49153  
150.200    -0.49197  
150.300    -0.49240  
150.400    -0.49284  
150.500    -0.49328  
150.600    -0.49372  
150.700    -0.49416  
150.800    -0.49460  
150.900    -0.49503  
151.000    -0.49547  
151.100    -0.49591  
151.200    -0.49635  
151.300    -0.49679  
151.400    -0.49722  
151.500    -0.49766  
151.600    -0.49810  
151.700    -0.49854  
151.800    -0.49897  
151.900    -0.49941  
152.000    -0.49985  
152.100    -0.50029  
152.200    -0.50072  
152.300    -0.50116  
152.400    -0.50160  
152.500    -0.50204  
152.600    -0.50247  
152.700    -0.50291  
152.800    -0.50335  
152.900    -0.50378  
153.000    -0.50422  
153.100    -0.50466  
153.200    -0.50509  
153.300    -0.50553  
153.400    -0.50597  
153.500    -0.50640  
153.600    -0.50684  
153.700    -0.50728  
153.800    -0.50771  
153.900    -0.50815  
154.000    -0.50859  
154.100    -0.50902  
154.200    -0.50946  
154.300    -0.50989  
154.400    -0.51033  
154.500    -0.51077  
154.600    -0.51120  
154.700    -0.51164  
154.800    -0.51207  
154.900    -0.51251  
155.000    -0.51294  
155.100    -0.51338  
155.200    -0.51381  
155.300    -0.51425  
155.400    -0.51469  
155.500    -0.51512  
155.600    -0.51556  
155.700    -0.51599  
155.800    -0.51643  
155.900    -0.51686  
156.000    -0.51729  
156.100    -0.51773  
156.200    -0.51816  
156.300    -0.51860  
156.400    -0.51903  
156.500    -0.51947  
156.600    -0.51990  
156.700    -0.52034  
156.800    -0.52077  
156.900    -0.52121  
157.000    -0.52164  
157.100    -0.52207  
157.200    -0.52251  
157.300    -0.52294  
157.400    -0.52338  
157.500    -0.52381  
157.600    -0.52424  
157.700    -0.52468  
157.800    -0.52511  
157.900    -0.52554  
158.000    -0.52598  
158.100    -0.52641  
158.200    -0.52684  
158.300    -0.52728  
158.400    -0.52771  
158.500    -0.52814  
158.600    -0.52858  
158.700    -0.52901  
158.800    -0.52944  
158.900    -0.52987  
159.000    -0.53031  
159.100    -0.53074  
159.200    -0.53117  
159.300    -0.53160  
159.400    -0.53204  
159.500    -0.53247  
159.600    -0.53290  
159.700    -0.53333  
159.800    -0.53377  
159.900    -0.53420  
160.000    -0.53463  
160.100    -0.53506  
160.200    -0.53549  
160.300    -0.53593  
160.400    -0.53636  
160.500    -0.53679  
160.600    -0.53722  
160.700    -0.53765  
160.800    -0.53808  
160.900    -0.53851  
161.000    -0.53895  
161.100    -0.53938  
161.200    -0.53981  
161.300    -0.54024  
161.400    -0.54067  
161.500    -0.54110  
161.600    -0.54153  
161.700    -0.54196  
161.800    -0.54239  
161.900    -0.54282  
162.000    -0.54325  
162.100    -0.54368  
162.200    -0.54411  
162.300    -0.54455  
162.400    -0.54498  
162.500    -0.54541  
162.600    -0.54584  
162.700    -0.54627  
162.800    -0.54670  
162.900    -0.54713  
163.000    -0.54755  
163.100    -0.54798  
163.200    -0.54841  
163.300    -0.54884  
163.400    -0.54927  
163.500    -0.54970  
163.600    -0.55013  
163.700    -0.55056  
163.800    -0.55099  
163.900    -0.55142  
164.000    -0.55185  
164.100    -0.55228  
164.200    -0.55271  
164.300    -0.55313  
164.400    -0.55356  
164.500    -0.55399  
164.600    -0.55442  
164.700    -0.55485  
164.800    -0.55528  
164.900    -0.55571  
165.000    -0.55613  
165.100    -0.55656  
165.200    -0.55699  
165.300    -0.55742  
165.400    -0.55785  
165.500    -0.55827  
165.600    -0.55870  
165.700    -0.55913  
165.800    -0.55956  
165.900    -0.55998  
166.000    -0.56041  
166.100    -0.56084  
166.200    -0.56127  
166.300    -0.56169  
166.400    -0.56212  
166.500    -0.56255  
166.600    -0.56297  
166.700    -0.56340  
166.800    -0.56383  
166.900    -0.56425  
167.000    -0.56468  
167.100    -0.56511  
167.200    -0.56553  
167.300    -0.56596  
167.400    -0.56639  
167.500    -0.56681  
167.600    -0.56724  
167.700    -0.56767  
167.800    -0.56809  
167.900    -0.56852  
168.000    -0.56894  
168.100    -0.56937  
168.200    -0.56979  
168.300    -0.57022  
168.400    -0.57065  
168.500    -0.57107  
168.600    -0.57150  
168.700    -0.57192  
168.800    -0.57235  
168.900    -0.57277  
169.000    -0.57320  
169.100    -0.57362  
169.200    -0.57405  
169.300    -0.57447  
169.400    -0.57490  
169.500    -0.57532  
169.600    -0.57574  
169.700    -0.57617  
169.800    -0.57659  
169.900    -0.57702  
170.000    -0.57744  
170.100    -0.57787  
170.200    -0.57829  
170.300    -0.57871  
170.400    -0.57914  
170.500    -0.57956  
170.600    -0.57999  
170.700    -0.58041  
170.800    -0.58083  
170.900    -0.58126  
171.000    -0.58168  
171.100    -0.58210  
171.200    -0.58253  
171.300    -0.58295  
171.400    -0.58337  
171.500    -0.58380  
171.600    -0.58422  
171.700    -0.58464  
171.800    -0.58506  
171.900    -0.58549  
172.000    -0.58591  
172.100    -0.58633  
172.200    -0.58675  
172.300    -0.58718  
172.400    -0.58760  
172.500    -0.58802  
172.600    -0.58844  
172.700    -0.58887  
172.800    -0.58929  
172.900    -0.58971  
173.000    -0.59013  
173.100    -0.59055  
173.200    -0.59097  
173.300    -0.59140  
173.400    -0.59182  
173.500    -0.59224  
173.600    -0.59266  
173.700    -0.59308  
173.800    -0.59350  
173.900    -0.59392  
174.000    -0.59434  
174.100    -0.59476  
174.200    -0.59519  
174.300    -0.59561  
174.400    -0.59603  
174.500    -0.59645  
174.600    -0.59687  
174.700    -0.59729  
174.800    -0.59771  
174.900    -0.59813  
175.000    -0.59855  
175.100    -0.59897  
175.200    -0.59939  
175.300    -0.59981  
175.400    -0.60023  
175.500    -0.60065  
175.600    -0.60107  
175.700    -0.60149  
175.800    -0.60191  
175.900    -0.60232  
176.000    -0.60274  
176.100    -0.60316  
176.200    -0.60358  
176.300    -0.60400  
176.400    -0.60442  
176.500    -0.60484  
176.600    -0.60526  
176.700    -0.60568  
176.800    -0.60609  
176.900    -0.60651  
177.000    -0.60693  
177.100    -0.60735  
177.200    -0.60777  
177.300    -0.60819  
177.400    -0.60860  
177.500    -0.60902  
177.600    -0.60944  
177.700    -0.60986  
177.800    -0.61027  
177.900    -0.61069  
178.000    -0.61111  
178.100    -0.61153  
178.200    -0.61194  
178.300    -0.61236  
178.400    -0.61278  
178.500    -0.61320  
178.600    -0.61361  
178.700    -0.61403  
178.800    -0.61445  
178.900    -0.61486  
179.000    -0.61528  
179.100    -0.61570  
179.200    -0.61611  
179.300    -0.61653  
179.400    -0.61695  
179.500    -0.61736  
179.600    -0.61778  
179.700    -0.61819  
179.800    -0.61861  
179.900    -0.61903  
180.000    -0.61944  
180.100    -0.61986  
180.200    -0.62027  
180.300    -0.62069  
180.400    -0.62110  
180.500    -0.62152  
180.600    -0.62193  
180.700    -0.62235  
180.800    -0.62276  
180.900    -0.62318  
181.000    -0.62359  
181.100    -0.62401  
181.200    -0.62442  
181.300    -0.62484  
181.400    -0.62525  
181.500    -0.62567  
181.600    -0.62608  
181.700    -0.62650  
181.800    -0.62691  
181.900    -0.62732  
182.000    -0.62774  
182.100    -0.62815  
182.200    -0.62857  
182.300    -0.62898  
182.400    -0.62939  
182.500    -0.62981  
182.600    -0.63022  
182.700    -0.63063  
182.800    -0.63105  
182.900    -0.63146  
183.000    -0.63187  
183.100    -0.63229  
183.200    -0.63270  
183.300    -0.63311  
183.400    -0.63352  
183.500    -0.63394  
183.600    -0.63435  
183.700    -0.63476  
183.800    -0.63517  
183.900    -0.63559  
184.000    -0.63600  
184.100    -0.63641  
184.200    -0.63682  
184.300    -0.63723  
184.400    -0.63765  
184.500    -0.63806  
184.600    -0.63847  
184.700    -0.63888  
184.800    -0.63929  
184.900    -0.63970  
185.000    -0.64011  
185.100    -0.64053  
185.200    -0.64094  
185.300    -0.64135  
185.400    -0.64176  
185.500    -0.64217  
185.600    -0.64258  
185.700    -0.64299  
185.800    -0.64340  
185.900    -0.64381  
186.000    -0.64422  
186.100    -0.64463  
186.200    -0.64504  
186.300    -0.64545  
186.400    -0.64586  
186.500    -0.64627  
186.600    -0.64668  
186.700    -0.64709  
186.800    -0.64750  
186.900    -0.64791  
187.000    -0.64832  
187.100    -0.64873  
187.200    -0.64914  
187.300    -0.64955  
187.400    -0.64996  
187.500    -0.65037  
187.600    -0.65078  
187.700    -0.65119  
187.800    -0.65159  
187.900    -0.65200  
188.000    -0.65241  
188.100    -0.65282  
188.200    -0.65323  
188.300    -0.65364  
188.400    -0.65405  
188.500    -0.65445  
188.600    -0.65486  
188.700    -0.65527  
188.800    -0.65568  
188.900    -0.65608  
189.000    -0.65649  
189.100    -0.65690  
189.200    -0.65731  
189.300    -0.65771  
189.400    -0.65812  
189.500    -0.65853  
189.600    -0.65894  
189.700    -0.65934  
189.800    -0.65975  
189.900    -0.66016  
190.000    -0.66056  
190.100    -0.66097  
190.200    -0.66138  
190.300    -0.66178  
190.400    -0.66219  
190.500    -0.66260  
190.600    -0.66300  
190.700    -0.66341  
190.800    -0.66381  
190.900    -0.66422  
191.000    -0.66463  
191.100    -0.66503  
191.200    -0.66544  
191.300    -0.66584  
191.400    -0.66625  
191.500    -0.66665  
191.600    -0.66706  
191.700    -0.66746  
191.800    -0.66787  
191.900    -0.66828  
192.000    -0.66868  
192.100    -0.66908  
192.200    -0.66949  
192.300    -0.66989  
192.400    -0.67030  
192.500    -0.67070  
192.600    -0.67111  
192.700    -0.67151  
192.800    -0.67192  
192.900    -0.67232  
193.000    -0.67272  
193.100    -0.67313  
193.200    -0.67353  
193.300    -0.67393  
193.400    -0.67434  
193.500    -0.67474  
193.600    -0.67515  
193.700    -0.67555  
193.800    -0.67595  
193.900    -0.67635  
194.000    -0.67676  
194.100    -0.67716  
194.200    -0.67756  
194.300    -0.67797  
194.400    -0.67837  
194.500    -0.67877  
194.600    -0.67917  
194.700    -0.67958  
194.800    -0.67998  
194.900    -0.68038  
195.000    -0.68078  
195.100    -0.68119  
195.200    -0.68159  
195.300    -0.68199  
195.400    -0.68239  
195.500    -0.68279  
195.600    -0.68319  
195.700    -0.68360  
195.800    -0.68400  
195.900    -0.68440  
196.000    -0.68480  
196.100    -0.68520  
196.200    -0.68560  
196.300    -0.68600  
196.400    -0.68640  
196.500    -0.68680  
196.600    -0.68720  
196.700    -0.68760  
196.800    -0.68801  
196.900    -0.68841  
197.000    -0.68881  
197.100    -0.68921  
197.200    -0.68961  
197.300    -0.69001  
197.400    -0.69041  
197.500    -0.69081  
197.600    -0.69121  
197.700    -0.69160  
197.800    -0.69200  
197.900    -0.69240  
198.000    -0.69280  
198.100    -0.69320  
198.200    -0.69360  
198.300    -0.69400  
198.400    -0.69440  
198.500    -0.69480  
198.600    -0.69520  
198.700    -0.69560  
198.800    -0.69599  
198.900    -0.69639  
199.000    -0.69679  
199.100    -0.69719  
199.200    -0.69759  
199.300    -0.69799  
199.400    -0.69838  
199.500    -0.69878  
199.600    -0.69918  
199.700    -0.69958  
199.800    -0.69997  
199.900    -0.70037  
200.000    -0.70077  
200.100    -0.70117  
200.200    -0.70156  
200.300    -0.70196  
200.400    -0.70236  
200.500    -0.70275  
200.600    -0.70315  
200.700    -0.70355  
200.800    -0.70394  
200.900    -0.70434  
201.000    -0.70474  
201.100    -0.70513  
201.200    -0.70553  
201.300    -0.70593  
201.400    -0.70632  
201.500    -0.70672  
201.600    -0.70711  
201.700    -0.70751  
201.800    -0.70791  
201.900    -0.70830  
202.000    -0.70870  
202.100    -0.70909  
202.200    -0.70949  
202.300    -0.70988  
202.400    -0.71028  
202.500    -0.71067  
202.600    -0.71107  
202.700    -0.71146  
202.800    -0.71186  
202.900    -0.71225  
203.000    -0.71265  
203.100    -0.71304  
203.200    -0.71344  
203.300    -0.71383  
203.400    -0.71422  
203.500    -0.71462  
203.600    -0.71501  
203.700    -0.71541  
203.800    -0.71580  
203.900    -0.71619  
204.000    -0.71659  
204.100    -0.71698  
204.200    -0.71737  
204.300    -0.71777  
204.400    -0.71816  
204.500    -0.71855  
204.600    -0.71895  
204.700    -0.71934  
204.800    -0.71973  
204.900    -0.72012  
205.000    -0.72052  
205.100    -0.72091  
205.200    -0.72130  
205.300    -0.72169  
205.400    -0.72209  
205.500    -0.72248  
205.600    -0.72287  
205.700    -0.72326  
205.800    -0.72365  
205.900    -0.72405  
206.000    -0.72444  
206.100    -0.72483  
206.200    -0.72522  
206.300    -0.72561  
206.400    -0.72600  
206.500    -0.72640  
206.600    -0.72679  
206.700    -0.72718  
206.800    -0.72757  
206.900    -0.72796  
207.000    -0.72835  
207.100    -0.72874  
207.200    -0.72913  
207.300    -0.72952  
207.400    -0.72991  
207.500    -0.73030  
207.600    -0.73069  
207.700    -0.73108  
207.800    -0.73147  
207.900    -0.73186  
208.000    -0.73225  
208.100    -0.73264  
208.200    -0.73303  
208.300    -0.73342  
208.400    -0.73381  
208.500    -0.73420  
208.600    -0.73459  
208.700    -0.73498  
208.800    -0.73537  
208.900    -0.73576  
209.000    -0.73614  
209.100    -0.73653  
209.200    -0.73692  
209.300    -0.73731  
209.400    -0.73770  
209.500    -0.73809  
209.600    -0.73848  
209.700    -0.73886  
209.800    -0.73925  
209.900    -0.73964  
210.000    -0.74003  
210.100    -0.74041  
210.200    -0.74080  
210.300    -0.74119  
210.400    -0.74158  
210.500    -0.74196  
210.600    -0.74235  
210.700    -0.74274  
210.800    -0.74313  
210.900    -0.74351  
211.000    -0.74390  
211.100    -0.74429  
211.200    -0.74467  
211.300    -0.74506  
211.400    -0.74545  
211.500    -0.74583  
211.600    -0.74622  
211.700    -0.74661  
211.800    -0.74699  
211.900    -0.74738  
212.000    -0.74776  
212.100    -0.74815  
212.200    -0.74854  
212.300    -0.74892  
212.400    -0.74931  
212.500    -0.74969  
212.600    -0.75008  
212.700    -0.75046  
212.800    -0.75085  
212.900    -0.75123  
213.000    -0.75162  
213.100    -0.75200  
213.200    -0.75239  
213.300    -0.75277  
213.400    -0.75316  
213.500    -0.75354  
213.600    -0.75393  
213.700    -0.75431  
213.800    -0.75469  
213.900    -0.75508  
214.000    -0.75546  
214.100    -0.75585  
214.200    -0.75623  
214.300    -0.75661  
214.400    -0.75700  
214.500    -0.75738  
214.600    -0.75776  
214.700    -0.75815  
214.800    -0.75853  
214.900    -0.75891  
215.000    -0.75930  
215.100    -0.75968  
215.200    -0.76006  
215.300    -0.76045  
215.400    -0.76083  
215.500    -0.76121  
215.600    -0.76159  
215.700    -0.76198  
215.800    -0.76236  
215.900    -0.76274  
216.000    -0.76312  
216.100    -0.76350  
216.200    -0.76389  
216.300    -0.76427  
216.400    -0.76465  
216.500    -0.76503  
216.600    -0.76541  
216.700    -0.76579  
216.800    -0.76618  
216.900    -0.76656  
217.000    -0.76694  
217.100    -0.76732  
217.200    -0.76770  
217.300    -0.76808  
217.400    -0.76846  
217.500    -0.76884  
217.600    -0.76922  
217.700    -0.76960  
217.800    -0.76998  
217.900    -0.77036  
218.000    -0.77074  
218.100    -0.77112  
218.200    -0.77150  
218.300    -0.77188  
218.400    -0.77226  
218.500    -0.77264  
218.600    -0.77302  
218.700    -0.77340  
218.800    -0.77378  
218.900    -0.77416  
219.000    -0.77454  
219.100    -0.77492  
219.200    -0.77530  
219.300    -0.77568  
219.400    -0.77606  
219.500    -0.77643  
219.600    -0.77681  
219.700    -0.77719  
219.800    -0.77757  
219.900    -0.77795  
220.000    -0.77833  
220.100    -0.77870  
220.200    -0.77908  
220.300    -0.77946  
220.400    -0.77984  
220.500    -0.78022  
220.600    -0.78059  
220.700    -0.78097  
220.800    -0.78135  
220.900    -0.78173  
221.000    -0.78210  
221.100    -0.78248  
221.200    -0.78286  
221.300    -0.78323  
221.400    -0.78361  
221.500    -0.78399  
221.600    -0.78436  
221.700    -0.78474  
221.800    -0.78512  
221.900    -0.78549  
222.000    -0.78587  
222.100    -0.78625  
222.200    -0.78662  
222.300    -0.78700  
222.400    -0.78737  
222.500    -0.78775  
222.600    -0.78813  
222.700    -0.78850  
222.800    -0.78888  
222.900    -0.78925  
223.000    -0.78963  
223.100    -0.79000  
223.200    -0.79038  
223.300    -0.79075  
223.400    -0.79113  
223.500    -0.79150  
223.600    -0.79188  
223.700    -0.79225  
223.800    -0.79263  
223.900    -0.79300  
224.000    -0.79338  
224.100    -0.79375  
224.200    -0.79412  
224.300    -0.79450  
224.400    -0.79487  
224.500    -0.79525  
224.600    -0.79562  
224.700    -0.79599  
224.800    -0.79637  
224.900    -0.79674  
225.000    -0.79711  
225.100    -0.79749  
225.200    -0.79786  
225.300    -0.79823  
225.400    -0.79861  
225.500    -0.79898  
225.600    -0.79935  
225.700    -0.79973  
225.800    -0.80010  
225.900    -0.80047  
226.000    -0.80084  
226.100    -0.80122  
226.200    -0.80159  
226.300    -0.80196  
226.400    -0.80233  
226.500    -0.80270  
226.600    -0.80308  
226.700    -0.80345  
226.800    -0.80382  
226.900    -0.80419  
227.000    -0.80456  
227.100    -0.80493  
227.200    -0.80530  
227.300    -0.80568  
227.400    -0.80605  
227.500    -0.80642  
227.600    -0.80679  
227.700    -0.80716  
227.800    -0.80753  
227.900    -0.80790  
228.000    -0.80827  
228.100    -0.80864  
228.200    -0.80901  
228.300    -0.80938  
228.400    -0.80975  
228.500    -0.81012  
228.600    -0.81049  
228.700    -0.81086  
228.800    -0.81123  
228.900    -0.81160  
229.000    -0.81197  
229.100    -0.81234  
229.200    -0.81271  
229.300    -0.81308  
229.400    -0.81345  
229.500    -0.81382  
229.600    -0.81419  
229.700    -0.81455  
229.800    -0.81492  
229.900    -0.81529  
230.000    -0.81566  
230.100    -0.81603  
230.200    -0.81640  
230.300    -0.81677  
230.400    -0.81713  
230.500    -0.81750  
230.600    -0.81787  
230.700    -0.81824  
230.800    -0.81861  
230.900    -0.81897  
231.000    -0.81934  
231.100    -0.81971  
231.200    -0.82008  
231.300    -0.82044  
231.400    -0.82081  
231.500    -0.82118  
231.600    -0.82155  
231.700    -0.82191  
231.800    -0.82228  
231.900    -0.82265  
232.000    -0.82301  
232.100    -0.82338  
232.200    -0.82375  
232.300    -0.82411  
232.400    -0.82448  
232.500    -0.82484  
232.600    -0.82521  
232.700    -0.82558  
232.800    -0.82594  
232.900    -0.82631  
233.000    -0.82667  
233.100    -0.82704  
233.200    -0.82740  
233.300    -0.82777  
233.400    -0.82814  
233.500    -0.82850  
233.600    -0.82887  
233.700    -0.82923  
233.800    -0.82960  
233.900    -0.82996  
234.000    -0.83033  
234.100    -0.83069  
234.200    -0.83105  
234.300    -0.83142  
234.400    -0.83178  
234.500    -0.83215  
234.600    -0.83251  
234.700    -0.83288  
234.800    -0.83324  
234.900    -0.83360  
235.000    -0.83397  
235.100    -0.83433  
235.200    -0.83470  
235.300    -0.83506  
235.400    -0.83542  
235.500    -0.83579  
235.600    -0.83615  
235.700    -0.83651  
235.800    -0.83688  
235.900    -0.83724  
236.000    -0.83760  
236.100    -0.83796  
236.200    -0.83833  
236.300    -0.83869  
236.400    -0.83905  
236.500    -0.83941  
236.600    -0.83978  
236.700    -0.84014  
236.800    -0.84050  
236.900    -0.84086  
237.000    -0.84122  
237.100    -0.84159  
237.200    -0.84195  
237.300    -0.84231  
237.400    -0.84267  
237.500    -0.84303  
237.600    -0.84339  
237.700    -0.84375  
237.800    -0.84412  
237.900    -0.84448  
238.000    -0.84484  
238.100    -0.84520  
238.200    -0.84556  
238.300    -0.84592  
238.400    -0.84628  
238.500    -0.84664  
238.600    -0.84700  
238.700    -0.84736  
238.800    -0.84772  
238.900    -0.84808  
239.000    -0.84844  
239.100    -0.84880  
239.200    -0.84916  
239.300    -0.84952  
239.400    -0.84988  
239.500    -0.85024  
239.600    -0.85060  
239.700    -0.85096  
239.800    -0.85132  
239.900    -0.85168  
240.000    -0.85204  
240.100    -0.85240  
240.200    -0.85275  
240.300    -0.85311  
240.400    -0.85347  
240.500    -0.85383  
240.600    -0.85419  
240.700    -0.85455  
240.800    -0.85491  
240.900    -0.85526  
241.000    -0.85562  
241.100    -0.85598  
241.200    -0.85634  
241.300    -0.85670  
241.400    -0.85705  
241.500    -0.85741  
241.600    -0.85777  
241.700    -0.85813  
241.800    -0.85848  
241.900    -0.85884  
242.000    -0.85920  
242.100    -0.85956  
242.200    -0.85991  
242.300    -0.86027  
242.400    -0.86063  
242.500    -0.86098  
242.600    -0.86134  
242.700    -0.86170  
242.800    -0.86205  
242.900    -0.86241  
243.000    -0.86276  
243.100    -0.86312  
243.200    -0.86348  
243.300    -0.86383  
243.400    -0.86419  
243.500    -0.86454  
243.600    -0.86490  
243.700    -0.86526  
243.800    -0.86561  
243.900    -0.86597  
244.000    -0.86632  
244.100    -0.86668  
244.200    -0.86703  
244.300    -0.86739  
244.400    -0.86774  
244.500    -0.86810  
244.600    -0.86845  
244.700    -0.86881  
244.800    -0.86916  
244.900    -0.86951  
245.000    -0.86987  
245.100    -0.87022  
245.200    -0.87058  
245.300    -0.87093  
245.400    -0.87129  
245.500    -0.87164  
245.600    -0.87199  
245.700    -0.87235  
245.800    -0.87270  
245.900    -0.87305  
246.000    -0.87341  
246.100    -0.87376  
246.200    -0.87411  
246.300    -0.87447  
246.400    -0.87482  
246.500    -0.87517  
246.600    -0.87553  
246.700    -0.87588  
246.800    -0.87623  
246.900    -0.87658  
247.000    -0.87694  
247.100    -0.87729  
247.200    -0.87764  
247.300    -0.87799  
247.400    -0.87835  
247.500    -0.87870  
247.600    -0.87905  
247.700    -0.87940  
247.800    -0.87975  
247.900    -0.88010  
248.000    -0.88046  
248.100    -0.88081  
248.200    -0.88116  
248.300    -0.88151  
248.400    -0.88186  
248.500    -0.88221  
248.600    -0.88256  
248.700    -0.88291  
248.800    -0.88326  
248.900    -0.88362  
249.000    -0.88397  
249.100    -0.88432  
249.200    -0.88467  
249.300    -0.88502  
249.400    -0.88537  
249.500    -0.88572  
249.600    -0.88607  
249.700    -0.88642  
249.800    -0.88677  
249.900    -0.88712  
250.000    -0.88747  
250.100    -0.88782  
250.200    -0.88817  
250.300    -0.88852  
250.400    -0.88886  
250.500    -0.88921  
250.600    -0.88956  
250.700    -0.88991  
250.800    -0.89026  
250.900    -0.89061  
251.000    -0.89096  
251.100    -0.89131  
251.200    -0.89166  
251.300    -0.89200  
251.400    -0.89235  
251.500    -0.89270  
251.600    -0.89305  
251.700    -0.89340  
251.800    -0.89375  
251.900    -0.89409  
252.000    -0.89444  
252.100    -0.89479  
252.200    -0.89514  
252.300    -0.89548  
252.400    -0.89583  
252.500    -0.89618  
252.600    -0.89653  
252.700    -0.89687  
252.800    -0.89722  
252.900    -0.89757  
253.000    -0.89791  
253.100    -0.89826  
253.200    -0.89861  
253.300    -0.89895  
253.400    -0.89930  
253.500    -0.89965  
253.600    -0.89999  
253.700    -0.90034  
253.800    -0.90069  
253.900    -0.90103  
254.000    -0.90138  
254.100    -0.90172  
254.200    -0.90207  
254.300    -0.90241  
254.400    -0.90276  
254.500    -0.90311  
254.600    -0.90345  
254.700    -0.90380  
254.800    -0.90414  
254.900    -0.90449  
255.000    -0.90483  
255.100    -0.90518  
255.200    -0.90552  
255.300    -0.90587  
255.400    -0.90621  
255.500    -0.90656  
255.600    -0.90690  
255.700    -0.90724  
255.800    -0.90759  
255.900    -0.90793  
256.000    -0.90828  
256.100    -0.90862  
256.200    -0.90897  
256.300    -0.90931  
256.400    -0.90965  
256.500    -0.91000  
256.600    -0.91034  
256.700    -0.91068  
256.800    -0.91103  
256.900    -0.91137  
257.000    -0.91171  
257.100    -0.91206  
257.200    -0.91240  
257.300    -0.91274  
257.400    -0.91309  
257.500    -0.91343  
257.600    -0.91377  
257.700    -0.91411  
257.800    -0.91446  
257.900    -0.91480  
258.000    -0.91514  
258.100    -0.91548  
258.200    -0.91582  
258.300    -0.91617  
258.400    -0.91651  
258.500    -0.91685  
258.600    -0.91719  
258.700    -0.91753  
258.800    -0.91788  
258.900    -0.91822  
259.000    -0.91856  
259.100    -0.91890  
259.200    -0.91924  
259.300    -0.91958  
259.400    -0.91992  
259.500    -0.92026  
259.600    -0.92060  
259.700    -0.92095  
259.800    -0.92129  
259.900    -0.92163  
260.000    -0.92197  
260.100    -0.92231  
260.200    -0.92265  
260.300    -0.92299  
260.400    -0.92333  
260.500    -0.92367  
260.600    -0.92401  
260.700    -0.92435  
260.800    -0.92469  
260.900    -0.92503  
261.000    -0.92537  
261.100    -0.92571  
261.200    -0.92605  
261.300    -0.92638  
261.400    -0.92672  
261.500    -0.92706  
261.600    -0.92740  
261.700    -0.92774  
261.800    -0.92808  
261.900    -0.92842  
262.000    -0.92876  
262.100    -0.92910  
262.200    -0.92943  
262.300    -0.92977  
262.400    -0.93011  
262.500    -0.93045  
262.600    -0.93079  
262.700    -0.93113  
262.800    -0.93146  
262.900    -0.93180  
263.000    -0.93214  
263.100    -0.93248  
263.200    -0.93281  
263.300    -0.93315  
263.400    -0.93349  
263.500    -0.93383  
263.600    -0.93416  
263.700    -0.93450  
263.800    -0.93484  
263.900    -0.93517  
264.000    -0.93551  
264.100    -0.93585  
264.200    -0.93618  
264.300    -0.93652  
264.400    -0.93686  
264.500    -0.93719  
264.600    -0.93753  
264.700    -0.93787  
264.800    -0.93820  
264.900    -0.93854  
265.000    -0.93887  
265.100    -0.93921  
265.200    -0.93955  
265.300    -0.93988  
265.400    -0.94022  
265.500    -0.94055  
265.600    -0.94089  
265.700    -0.94122  
265.800    -0.94156  
265.900    -0.94189  
266.000    -0.94223  
266.100    -0.94256  
266.200    -0.94290  
266.300    -0.94323  
266.400    -0.94357  
266.500    -0.94390  
266.600    -0.94424  
266.700    -0.94457  
266.800    -0.94491  
266.900    -0.94524  
267.000    -0.94558  
267.100    -0.94591  
267.200    -0.94624  
267.300    -0.94658  
267.400    -0.94691  
267.500    -0.94725  
267.600    -0.94758  
267.700    -0.94791  
267.800    -0.94825  
267.900    -0.94858  
268.000    -0.94891  
268.100    -0.94925  
268.200    -0.94958  
268.300    -0.94991  
268.400    -0.95024  
268.500    -0.95058  
268.600    -0.95091  
268.700    -0.95124  
268.800    -0.95158  
268.900    -0.95191  
269.000    -0.95224  
269.100    -0.95257  
269.200    -0.95291  
269.300    -0.95324  
269.400    -0.95357  
269.500    -0.95390  
269.600    -0.95423  
269.700    -0.95457  
269.800    -0.95490  
269.900    -0.95523  
270.000    -0.95556  
270.100    -0.95589  
270.200    -0.95622  
270.300    -0.95655  
270.400    -0.95689  
270.500    -0.95722  
270.600    -0.95755  
270.700    -0.95788  
270.800    -0.95821  
270.900    -0.95854  
271.000    -0.95887  
271.100    -0.95920  
271.200    -0.95953  
271.300    -0.95986  
271.400    -0.96019  
271.500    -0.96052  
271.600    -0.96085  
271.700    -0.96118  
271.800    -0.96151  
271.900    -0.96184  
272.000    -0.96217  
272.100    -0.96250  
272.200    -0.96283  
272.300    -0.96316  
272.400    -0.96349  
272.500    -0.96382  
272.600    -0.96415  
272.700    -0.96448  
272.800    -0.96481  
272.900    -0.96514  
273.000    -0.96547  
273.100    -0.96579  
273.200    -0.96612  
273.300    -0.96645  
273.400    -0.96678  
273.500    -0.96711  
273.600    -0.96744  
273.700    -0.96777  
273.800    -0.96809  
273.900    -0.96842  
274.000    -0.96875  
274.100    -0.96908  
274.200    -0.96941  
274.300    -0.96973  
274.400    -0.97006  
274.500    -0.97039  
274.600    -0.97072  
274.700    -0.97104  
274.800    -0.97137  
274.900    -0.97170  
275.000    -0.97202  
275.100    -0.97235  
275.200    -0.97268  
275.300    -0.97301  
275.400    -0.97333  
275.500    -0.97366  
275.600    -0.97399  
275.700    -0.97431  
275.800    -0.97464  
275.900    -0.97497  
276.000    -0.97529  
276.100    -0.97562  
276.200    -0.97594  
276.300    -0.97627  
276.400    -0.97660  
276.500    -0.97692  
276.600    -0.97725  
276.700    -0.97757  
276.800    -0.97790  
276.900    -0.97822  
277.000    -0.97855  
277.100    -0.97888  
277.200    -0.97920  
277.300    -0.97953  
277.400    -0.97985  
277.500    -0.98018  
277.600    -0.98050  
277.700    -0.98083  
277.800    -0.98115  
277.900    -0.98148  
278.000    -0.98180  
278.100    -0.98212  
278.200    -0.98245  
278.300    -0.98277  
278.400    -0.98310  
278.500    -0.98342  
278.600    -0.98375  
278.700    -0.98407  
278.800    -0.98439  
278.900    -0.98472  
279.000    -0.98504  
279.100    -0.98537  
279.200    -0.98569  
279.300    -0.98601  
279.400    -0.98634  
279.500    -0.98666  
279.600    -0.98698  
279.700    -0.98731  
279.800    -0.98763  
279.900    -0.98795  
280.000    -0.98827  
280.100    -0.98860  
280.200    -0.98892  
280.300    -0.98924  
280.400    -0.98956  
280.500    -0.98989  
280.600    -0.99021  
280.700    -0.99053  
280.800    -0.99085  
280.900    -0.99118  
281.000    -0.99150  
281.100    -0.99182  
281.200    -0.99214  
281.300    -0.99246  
281.400    -0.99279  
281.500    -0.99311  
281.600    -0.99343  
281.700    -0.99375  
281.800    -0.99407  
281.900    -0.99439  
282.000    -0.99471  
282.100    -0.99503  
282.200    -0.99536  
282.300    -0.99568  
282.400    -0.99600  
282.500    -0.99632  
282.600    -0.99664  
282.700    -0.99696  
282.800    -0.99728  
282.900    -0.99760  
283.000    -0.99792  
283.100    -0.99824  
283.200    -0.99856  
283.300    -0.99888  
283.400    -0.99920  
283.500    -0.99952  
283.600    -0.99984  
283.700    -1.00016  
283.800    -1.00048  
283.900    -1.00080  
284.000    -1.00112  
284.100    -1.00144  
284.200    -1.00176  
284.300    -1.00208  
284.400    -1.00240  
284.500    -1.00271  
284.600    -1.00303  
284.700    -1.00335  
284.800    -1.00367  
284.900    -1.00399  
285.000    -1.00431  
285.100    -1.00463  
285.200    -1.00495  
285.300    -1.00526  
285.400    -1.00558  
285.500    -1.00590  
285.600    -1.00622  
285.700    -1.00654  
285.800    -1.00686  
285.900    -1.00717  
286.000    -1.00749  
286.100    -1.00781  
286.200    -1.00813  
286.300    -1.00844  
286.400    -1.00876  
286.500    -1.00908  
286.600    -1.00940  
286.700    -1.00971  
286.800    -1.01003  
286.900    -1.01035  
287.000    -1.01066  
287.100    -1.01098  
287.200    -1.01130  
287.300    -1.01162  
287.400    -1.01193  
287.500    -1.01225  
287.600    -1.01256  
287.700    -1.01288  
287.800    -1.01320  
287.900    -1.01351  
288.000    -1.01383  
288.100    -1.01415  
288.200    -1.01446  
288.300    -1.01478  
288.400    -1.01509  
288.500    -1.01541  
288.600    -1.01573  
288.700    -1.01604  
288.800    -1.01636  
288.900    -1.01667  
289.000    -1.01699  
289.100    -1.01730  
289.200    -1.01762  
289.300    -1.01793  
289.400    -1.01825  
289.500    -1.01856  
289.600    -1.01888  
289.700    -1.01919  
289.800    -1.01951  
289.900    -1.01982  
290.000    -1.02014  
290.100    -1.02045  
290.200    -1.02076  
290.300    -1.02108  
290.400    -1.02139  
290.500    -1.02171  
290.600    -1.02202  
290.700    -1.02234  
290.800    -1.02265  
290.900    -1.02296  
291.000    -1.02328  
291.100    -1.02359  
291.200    -1.02390  
291.300    -1.02422  
291.400    -1.02453  
291.500    -1.02484  
291.600    -1.02516  
291.700    -1.02547  
291.800    -1.02578  
291.900    -1.02610  
292.000    -1.02641  
292.100    -1.02672  
292.200    -1.02703  
292.300    -1.02735  
292.400    -1.02766  
292.500    -1.02797  
292.600    -1.02828  
292.700    -1.02860  
292.800    -1.02891  
292.900    -1.02922  
293.000    -1.02953  
293.100    -1.02984  
293.200    -1.03016  
293.300    -1.03047  
293.400    -1.03078  
293.500    -1.03109  
293.600    -1.03140  
293.700    -1.03172  
293.800    -1.03203  
293.900    -1.03234  
294.000    -1.03265  
294.100    -1.03296  
294.200    -1.03327  
294.300    -1.03358  
294.400    -1.03389  
294.500    -1.03420  
294.600    -1.03451  
294.700    -1.03483  
294.800    -1.03514  
294.900    -1.03545  
295.000    -1.03576  
295.100    -1.03607  
295.200    -1.03638  
295.300    -1.03669  
295.400    -1.03700  
295.500    -1.03731  
295.600    -1.03762  
295.700    -1.03793  
295.800    -1.03824  
295.900    -1.03855  
296.000    -1.03886  
296.100    -1.03917  
296.200    -1.03948  
296.300    -1.03979  
296.400    -1.04009  
296.500    -1.04040  
296.600    -1.04071  
296.700    -1.04102  
296.800    -1.04133  
296.900    -1.04164  
297.000    -1.04195  
297.100    -1.04226  
297.200    -1.04257  
297.300    -1.04288  
297.400    -1.04318  
297.500    -1.04349  
297.600    -1.04380  
297.700    -1.04411  
297.800    -1.04442  
297.900    -1.04473  
298.000    -1.04503  
298.100    -1.04534  
298.200    -1.04565  
298.300    -1.04596  
298.400    -1.04626  
298.500    -1.04657  
298.600    -1.04688  
298.700    -1.04719  
298.800    -1.04750  
298.900    -1.04780  
299.000    -1.04811  
299.100    -1.04842  
299.200    -1.04872  
299.300    -1.04903  
299.400    -1.04934  
299.500    -1.04964  
299.600    -1.04995  
299.700    -1.05026  
299.800    -1.05056  
299.900    -1.05087  
300.000    -1.05118  
300.100    -1.05148  
300.200    -1.05179  
300.300    -1.05210  
300.400    -1.05240  
300.500    -1.05271  
300.600    -1.05302  
300.700    -1.05332  
300.800    -1.05363  
300.900    -1.05393  
301.000    -1.05424  
301.100    -1.05454  
301.200    -1.05485  
301.300    -1.05516  
301.400    -1.05546  
301.500    -1.05577  
301.600    -1.05607  
301.700    -1.05638  
301.800    -1.05668  
301.900    -1.05699  
302.000    -1.05729  
302.100    -1.05760  
302.200    -1.05790  
302.300    -1.05821  
302.400    -1.05851  
302.500    -1.05881  
302.600    -1.05912  
302.700    -1.05942  
302.800    -1.05973  
302.900    -1.06003  
303.000    -1.06034  
303.100    -1.06064  
303.200    -1.06094  
303.300    -1.06125  
303.400    -1.06155  
303.500    -1.06186  
303.600    -1.06216  
303.700    -1.06246  
303.800    -1.06277  
303.900    -1.06307  
304.000    -1.06337  
304.100    -1.06368  
304.200    -1.06398  
304.300    -1.06428  
304.400    -1.06459  
304.500    -1.06489  
304.600    -1.06519  
304.700    -1.06549  
304.800    -1.06580  
304.900    -1.06610  
305.000    -1.06640  
305.100    -1.06670  
305.200    -1.06701  
305.300    -1.06731  
305.400    -1.06761  
305.500    -1.06791  
305.600    -1.06822  
305.700    -1.06852  
305.800    -1.06882  
305.900    -1.06912  
306.000    -1.06942  
306.100    -1.06973  
306.200    -1.07003  
306.300    -1.07033  
306.400    -1.07063  
306.500    -1.07093  
306.600    -1.07123  
306.700    -1.07153  
306.800    -1.07184  
306.900    -1.07214  
307.000    -1.07244  
307.100    -1.07274  
307.200    -1.07304  
307.300    -1.07334  
307.400    -1.07364  
307.500    -1.07394  
307.600    -1.07424  
307.700    -1.07454  
307.800    -1.07484  
307.900    -1.07514  
308.000    -1.07544  
308.100    -1.07574  
308.200    -1.07604  
308.300    -1.07634  
308.400    -1.07664  
308.500    -1.07694  
308.600    -1.07724  
308.700    -1.07754  
308.800    -1.07784  
308.900    -1.07814  
309.000    -1.07844  
309.100    -1.07874  
309.200    -1.07904  
309.300    -1.07934  
309.400    -1.07964  
309.500    -1.07994  
309.600    -1.08024  
309.700    -1.08054  
309.800    -1.08084  
309.900    -1.08114  
310.000    -1.08143  
310.100    -1.08173  
310.200    -1.08203  
310.300    -1.08233  
310.400    -1.08263  
310.500    -1.08293  
310.600    -1.08323  
310.700    -1.08352  
310.800    -1.08382  
310.900    -1.08412  
311.000    -1.08442  
311.100    -1.08472  
311.200    -1.08501  
311.300    -1.08531  
311.400    -1.08561  
311.500    -1.08591  
311.600    -1.08620  
311.700    -1.08650  
311.800    -1.08680  
311.900    -1.08710  
312.000    -1.08739  
312.100    -1.08769  
312.200    -1.08799  
312.300    -1.08829  
312.400    -1.08858  
312.500    -1.08888  
312.600    -1.08918  
312.700    -1.08947  
312.800    -1.08977  
312.900    -1.09007  
313.000    -1.09036  
313.100    -1.09066  
313.200    -1.09096  
313.300    -1.09125  
313.400    -1.09155  
313.500    -1.09184  
313.600    -1.09214  
313.700    -1.09244  
313.800    -1.09273  
313.900    -1.09303  
314.000    -1.09332  
314.100    -1.09362  
314.200    -1.09392  
314.300    -1.09421  
314.400    -1.09451  
314.500    -1.09480  
314.600    -1.09510  
314.700    -1.09539  
314.800    -1.09569  
314.900    -1.09598  
315.000    -1.09628  
315.100    -1.09657  
315.200    -1.09687  
315.300    -1.09716  
315.400    -1.09746  
315.500    -1.09775  
315.600    -1.09805  
315.700    -1.09834  
315.800    -1.09864  
315.900    -1.09893  
316.000    -1.09922  
316.100    -1.09952  
316.200    -1.09981  
316.300    -1.10011  
316.400    -1.10040  
316.500    -1.10070  
316.600    -1.10099  
316.700    -1.10128  
316.800    -1.10158  
316.900    -1.10187  
317.000    -1.10216  
317.100    -1.10246  
317.200    -1.10275  
317.300    -1.10304  
317.400    -1.10334  
317.500    -1.10363  
317.600    -1.10392  
317.700    -1.10422  
317.800    -1.10451  
317.900    -1.10480  
318.000    -1.10510  
318.100    -1.10539  
318.200    -1.10568  
318.300    -1.10597  
318.400    -1.10627  
318.500    -1.10656  
318.600    -1.10685  
318.700    -1.10714  
318.800    -1.10744  
318.900    -1.10773  
319.000    -1.10802  
319.100    -1.10831  
319.200    -1.10861  
319.300    -1.10890  
319.400    -1.10919  
319.500    -1.10948  
319.600    -1.10977  
319.700    -1.11006  
319.800    -1.11036  
319.900    -1.11065  
320.000    -1.11094  
320.100    -1.11123  
320.200    -1.11152  
320.300    -1.11181  
320.400    -1.11210  
320.500    -1.11240  
320.600    -1.11269  
320.700    -1.11298  
320.800    -1.11327  
320.900    -1.11356  
321.000    -1.11385  
321.100    -1.11414  
321.200    -1.11443  
321.300    -1.11472  
321.400    -1.11501  
321.500    -1.11530  
321.600    -1.11559  
321.700    -1.11588  
321.800    -1.11617  
321.900    -1.11646  
322.000    -1.11675  
322.100    -1.11704  
322.200    -1.11733  
322.300    -1.11762  
322.400    -1.11791  
322.500    -1.11820  
322.600    -1.11849  
322.700    -1.11878  
322.800    -1.11907  
322.900    -1.11936  
323.000    -1.11965  
323.100    -1.11994  
323.200    -1.12023  
323.300    -1.12052  
323.400    -1.12081  
323.500    -1.12109  
323.600    -1.12138  
323.700    -1.12167  
323.800    -1.12196  
323.900    -1.12225  
324.000    -1.12254  
324.100    -1.12283  
324.200    -1.12311  
324.300    -1.12340  
324.400    -1.12369  
324.500    -1.12398  
324.600    -1.12427  
324.700    -1.12456  
324.800    -1.12484  
324.900    -1.12513  
325.000    -1.12542  
325.100    -1.12571  
325.200    -1.12600  
325.300    -1.12628  
325.400    -1.12657  
325.500    -1.12686  
325.600    -1.12715  
325.700    -1.12743  
325.800    -1.12772  
325.900    -1.12801  
326.000    -1.12830  
326.100    -1.12858  
326.200    -1.12887  
326.300    -1.12916  
326.400    -1.12944  
326.500    -1.12973  
326.600    -1.13002  
326.700    -1.13030  
326.800    -1.13059  
326.900    -1.13088  
327.000    -1.13116  
327.100    -1.13145  
327.200    -1.13174  
327.300    -1.13202  
327.400    -1.13231  
327.500    -1.13260  
327.600    -1.13288  
327.700    -1.13317  
327.800    -1.13345  
327.900    -1.13374  
328.000    -1.13403  
328.100    -1.13431  
328.200    -1.13460  
328.300    -1.13488  
328.400    -1.13517  
328.500    -1.13545  
328.600    -1.13574  
328.700    -1.13602  
328.800    -1.13631  
328.900    -1.13660  
329.000    -1.13688  
329.100    -1.13717  
329.200    -1.13745  
329.300    -1.13774  
329.400    -1.13802  
329.500    -1.13830  
329.600    -1.13859  
329.700    -1.13887  
329.800    -1.13916  
329.900    -1.13944  
330.000    -1.13973  
330.100    -1.14001  
330.200    -1.14030  
330.300    -1.14058  
330.400    -1.14087  
330.500    -1.14115  
330.600    -1.14143  
330.700    -1.14172  
330.800    -1.14200  
330.900    -1.14229  
331.000    -1.14257  
331.100    -1.14285  
331.200    -1.14314  
331.300    -1.14342  
331.400    -1.14370  
331.500    -1.14399  
331.600    -1.14427  
331.700    -1.14455  
331.800    -1.14484  
331.900    -1.14512  
332.000    -1.14540  
332.100    -1.14569  
332.200    -1.14597  
332.300    -1.14625  
332.400    -1.14653  
332.500    -1.14682  
332.600    -1.14710  
332.700    -1.14738  
332.800    -1.14767  
332.900    -1.14795  
333.000    -1.14823  
333.100    -1.14851  
333.200    -1.14879  
333.300    -1.14908  
333.400    -1.14936  
333.500    -1.14964  
333.600    -1.14992  
333.700    -1.15021  
333.800    -1.15049  
333.900    -1.15077  
334.000    -1.15105  
334.100    -1.15133  
334.200    -1.15161  
334.300    -1.15190  
334.400    -1.15218  
334.500    -1.15246  
334.600    -1.15274  
334.700    -1.15302  
334.800    -1.15330  
334.900    -1.15358  
335.000    -1.15387  
335.100    -1.15415  
335.200    -1.15443  
335.300    -1.15471  
335.400    -1.15499  
335.500    -1.15527  
335.600    -1.15555  
335.700    -1.15583  
335.800    -1.15611  
335.900    -1.15639  
336.000    -1.15667  
336.100    -1.15695  
336.200    -1.15723  
336.300    -1.15751  
336.400    -1.15779  
336.500    -1.15807  
336.600    -1.15835  
336.700    -1.15863  
336.800    -1.15891  
336.900    -1.15919  
337.000    -1.15947  
337.100    -1.15975  
337.200    -1.16003  
337.300    -1.16031  
337.400    -1.16059  
337.500    -1.16087  
337.600    -1.16115  
337.700    -1.16143  
337.800    -1.16171  
337.900    -1.16199  
338.000    -1.16227  
338.100    -1.16255  
338.200    -1.16283  
338.300    -1.16311  
338.400    -1.16338  
338.500    -1.16366  
338.600    -1.16394  
338.700    -1.16422  
338.800    -1.16450  
338.900    -1.16478  
339.000    -1.16506  
339.100    -1.16533  
339.200    -1.16561  
339.300    -1.16589  
339.400    -1.16617  
339.500    -1.16645  
339.600    -1.16673  
339.700    -1.16700  
339.800    -1.16728  
339.900    -1.16756  
340.000    -1.16784  
340.100    -1.16812  
340.200    -1.16839  
340.300    -1.16867  
340.400    -1.16895  
340.500    -1.16923  
340.600    -1.16950  
340.700    -1.16978  
340.800    -1.17006  
340.900    -1.17034  
341.000    -1.17061  
341.100    -1.17089  
341.200    -1.17117  
341.300    -1.17144  
341.400    -1.17172  
341.500    -1.17200  
341.600    -1.17228  
341.700    -1.17255  
341.800    -1.17283  
341.900    -1.17311  
342.000    -1.17338  
342.100    -1.17366  
342.200    -1.17393  
342.300    -1.17421  
342.400    -1.17449  
342.500    -1.17476  
342.600    -1.17504  
342.700    -1.17532  
342.800    -1.17559  
342.900    -1.17587  
343.000    -1.17614  
343.100    -1.17642  
343.200    -1.17670  
343.300    -1.17697  
343.400    -1.17725  
343.500    -1.17752  
343.600    -1.17780  
343.700    -1.17807  
343.800    -1.17835  
343.900    -1.17862  
344.000    -1.17890  
344.100    -1.17918  
344.200    -1.17945  
344.300    -1.17973  
344.400    -1.18000  
344.500    -1.18028  
344.600    -1.18055  
344.700    -1.18083  
344.800    -1.18110  
344.900    -1.18138  
345.000    -1.18165  
345.100    -1.18192  
345.200    -1.18220  
345.300    -1.18247  
345.400    -1.18275  
345.500    -1.18302  
345.600    -1.18330  
345.700    -1.18357  
345.800    -1.18385  
345.900    -1.18412  
346.000    -1.18439  
346.100    -1.18467  
346.200    -1.18494  
346.300    -1.18522  
346.400    -1.18549  
346.500    -1.18576  
346.600    -1.18604  
346.700    -1.18631  
346.800    -1.18658  
346.900    -1.18686  
347.000    -1.18713  
347.100    -1.18740  
347.200    -1.18768  
347.300    -1.18795  
347.400    -1.18822  
347.500    -1.18850  
347.600    -1.18877  
347.700    -1.18904  
347.800    -1.18932  
347.900    -1.18959  
348.000    -1.18986  
348.100    -1.19014  
348.200    -1.19041  
348.300    -1.19068  
348.400    -1.19095  
348.500    -1.19123  
348.600    -1.19150  
348.700    -1.19177  
348.800    -1.19204  
348.900    -1.19232  
349.000    -1.19259  
349.100    -1.19286  
349.200    -1.19313  
349.300    -1.19340  
349.400    -1.19368  
349.500    -1.19395  
349.600    -1.19422  
349.700    -1.19449  
349.800    -1.19476  
349.900    -1.19504  
350.000    -1.19531  