 0.000     0.00000  
  0.100     0.00000  
  0.200     0.00000  
  0.300     0.00000  
  0.400     0.00000  
  0.500     0.00000  
  0.600     0.00000  
  0.700     0.00000  
  0.800     0.00000  
  0.900     0.00000  
  1.000     0.00000  
  1.100     0.00000  
  1.200     0.00000  
  1.300     0.00000  
  1.400     0.00000  
  1.500     0.00000  
  1.600     0.00000  
  1.700    -0.00001  
  1.800    -0.00001  
  1.900    -0.00001  
  2.000    -0.00001  
  2.100    -0.00001  
  2.200    -0.00002  
  2.300    -0.00002  
  2.400    -0.00002  
  2.500    -0.00003  
  2.600    -0.00003  
  2.700    -0.00003  
  2.800    -0.00004  
  2.900    -0.00005  
  3.000    -0.00005  
  3.100    -0.00006  
  3.200    -0.00007  
  3.300    -0.00008  
  3.400    -0.00009  
  3.500    -0.00010  
  3.600    -0.00011  
  3.700    -0.00012  
  3.800    -0.00013  
  3.900    -0.00015  
  4.000    -0.00016  
  4.100    -0.00018  
  4.200    -0.00020  
  4.300    -0.00022  
  4.400    -0.00023  
  4.500    -0.00026  
  4.600    -0.00028  
  4.700    -0.00030  
  4.800    -0.00032  
  4.900    -0.00035  
  5.000    -0.00038  
  5.100    -0.00041  
  5.200    -0.00044  
  5.300    -0.00047  
  5.400    -0.00050  
  5.500    -0.00053  
  5.600    -0.00057  
  5.700    -0.00061  
  5.800    -0.00065  
  5.900    -0.00069  
  6.000    -0.00073  
  6.100    -0.00078  
  6.200    -0.00082  
  6.300    -0.00087  
  6.400    -0.00092  
  6.500    -0.00097  
  6.600    -0.00102  
  6.700    -0.00108  
  6.800    -0.00114  
  6.900    -0.00119  
  7.000    -0.00125  
  7.100    -0.00132  
  7.200    -0.00138  
  7.300    -0.00145  
  7.400    -0.00152  
  7.500    -0.00159  
  7.600    -0.00166  
  7.700    -0.00173  
  7.800    -0.00181  
  7.900    -0.00189  
  8.000    -0.00197  
  8.100    -0.00205  
  8.200    -0.00214  
  8.300    -0.00223  
  8.400    -0.00231  
  8.500    -0.00241  
  8.600    -0.00250  
  8.700    -0.00260  
  8.800    -0.00269  
  8.900    -0.00279  
  9.000    -0.00290  
  9.100    -0.00300  
  9.200    -0.00311  
  9.300    -0.00322  
  9.400    -0.00333  
  9.500    -0.00344  
  9.600    -0.00356  
  9.700    -0.00368  
  9.800    -0.00380  
  9.900    -0.00392  
 10.000    -0.00405  
 10.100    -0.00418  
 10.200    -0.00431  
 10.300    -0.00444  
 10.400    -0.00457  
 10.500    -0.00471  
 10.600    -0.00485  
 10.700    -0.00499  
 10.800    -0.00514  
 10.900    -0.00529  
 11.000    -0.00543  
 11.100    -0.00559  
 11.200    -0.00574  
 11.300    -0.00590  
 11.400    -0.00606  
 11.500    -0.00622  
 11.600    -0.00638  
 11.700    -0.00655  
 11.800    -0.00672  
 11.900    -0.00689  
 12.000    -0.00706  
 12.100    -0.00724  
 12.200    -0.00742  
 12.300    -0.00760  
 12.400    -0.00778  
 12.500    -0.00796  
 12.600    -0.00815  
 12.700    -0.00834  
 12.800    -0.00854  
 12.900    -0.00873  
 13.000    -0.00893  
 13.100    -0.00913  
 13.200    -0.00933  
 13.300    -0.00954  
 13.400    -0.00974  
 13.500    -0.00995  
 13.600    -0.01016  
 13.700    -0.01038  
 13.800    -0.01060  
 13.900    -0.01081  
 14.000    -0.01104  
 14.100    -0.01126  
 14.200    -0.01149  
 14.300    -0.01172  
 14.400    -0.01195  
 14.500    -0.01218  
 14.600    -0.01242  
 14.700    -0.01265  
 14.800    -0.01289  
 14.900    -0.01314  
 15.000    -0.01338  
 15.100    -0.01363  
 15.200    -0.01388  
 15.300    -0.01413  
 15.400    -0.01439  
 15.500    -0.01465  
 15.600    -0.01490  
 15.700    -0.01517  
 15.800    -0.01543  
 15.900    -0.01570  
 16.000    -0.01597  
 16.100    -0.01624  
 16.200    -0.01651  
 16.300    -0.01679  
 16.400    -0.01706  
 16.500    -0.01734  
 16.600    -0.01763  
 16.700    -0.01791  
 16.800    -0.01820  
 16.900    -0.01849  
 17.000    -0.01878  
 17.100    -0.01907  
 17.200    -0.01937  
 17.300    -0.01967  
 17.400    -0.01997  
 17.500    -0.02027  
 17.600    -0.02057  
 17.700    -0.02088  
 17.800    -0.02119  
 17.900    -0.02150  
 18.000    -0.02181  
 18.100    -0.02213  
 18.200    -0.02245  
 18.300    -0.02277  
 18.400    -0.02309  
 18.500    -0.02341  
 18.600    -0.02374  
 18.700    -0.02407  
 18.800    -0.02440  
 18.900    -0.02473  
 19.000    -0.02507  
 19.100    -0.02540  
 19.200    -0.02574  
 19.300    -0.02608  
 19.400    -0.02642  
 19.500    -0.02677  
 19.600    -0.02712  
 19.700    -0.02747  
 19.800    -0.02782  
 19.900    -0.02817  
 20.000    -0.02853  
 20.100    -0.02888  
 20.200    -0.02924  
 20.300    -0.02960  
 20.400    -0.02997  
 20.500    -0.03033  
 20.600    -0.03070  
 20.700    -0.03107  
 20.800    -0.03144  
 20.900    -0.03181  
 21.000    -0.03219  
 21.100    -0.03257  
 21.200    -0.03294  
 21.300    -0.03333  
 21.400    -0.03371  
 21.500    -0.03409  
 21.600    -0.03448  
 21.700    -0.03487  
 21.800    -0.03526  
 21.900    -0.03565  
 22.000    -0.03605  
 22.100    -0.03644  
 22.200    -0.03684  
 22.300    -0.03724  
 22.400    -0.03764  
 22.500    -0.03804  
 22.600    -0.03845  
 22.700    -0.03886  
 22.800    -0.03926  
 22.900    -0.03967  
 23.000    -0.04009  
 23.100    -0.04050  
 23.200    -0.04092  
 23.300    -0.04133  
 23.400    -0.04175  
 23.500    -0.04217  
 23.600    -0.04260  
 23.700    -0.04302  
 23.800    -0.04345  
 23.900    -0.04388  
 24.000    -0.04431  
 24.100    -0.04474  
 24.200    -0.04517  
 24.300    -0.04561  
 24.400    -0.04604  
 24.500    -0.04648  
 24.600    -0.04692  
 24.700    -0.04736  
 24.800    -0.04780  
 24.900    -0.04825  
 25.000    -0.04870  
 25.100    -0.04914  
 25.200    -0.04959  
 25.300    -0.05004  
 25.400    -0.05050  
 25.500    -0.05095  
 25.600    -0.05141  
 25.700    -0.05187  
 25.800    -0.05232  
 25.900    -0.05278  
 26.000    -0.05325  
 26.100    -0.05371  
 26.200    -0.05418  
 26.300    -0.05464  
 26.400    -0.05511  
 26.500    -0.05558  
 26.600    -0.05605  
 26.700    -0.05652  
 26.800    -0.05700  
 26.900    -0.05747  
 27.000    -0.05795  
 27.100    -0.05843  
 27.200    -0.05891  
 27.300    -0.05939  
 27.400    -0.05988  
 27.500    -0.06036  
 27.600    -0.06085  
 27.700    -0.06133  
 27.800    -0.06182  
 27.900    -0.06231  
 28.000    -0.06280  
 28.100    -0.06330  
 28.200    -0.06379  
 28.300    -0.06429  
 28.400    -0.06478  
 28.500    -0.06528  
 28.600    -0.06578  
 28.700    -0.06628  
 28.800    -0.06679  
 28.900    -0.06729  
 29.000    -0.06780  
 29.100    -0.06830  
 29.200    -0.06881  
 29.300    -0.06932  
 29.400    -0.06983  
 29.500    -0.07034  
 29.600    -0.07085  
 29.700    -0.07137  
 29.800    -0.07188  
 29.900    -0.07240  
 30.000    -0.07292  
 30.100    -0.07344  
 30.200    -0.07396  
 30.300    -0.07448  
 30.400    -0.07501  
 30.500    -0.07553  
 30.600    -0.07606  
 30.700    -0.07658  
 30.800    -0.07711  
 30.900    -0.07764  
 31.000    -0.07817  
 31.100    -0.07870  
 31.200    -0.07923  
 31.300    -0.07977  
 31.400    -0.08030  
 31.500    -0.08084  
 31.600    -0.08138  
 31.700    -0.08192  
 31.800    -0.08246  
 31.900    -0.08300  
 32.000    -0.08354  
 32.100    -0.08408  
 32.200    -0.08463  
 32.300    -0.08517  
 32.400    -0.08572  
 32.500    -0.08627  
 32.600    -0.08681  
 32.700    -0.08736  
 32.800    -0.08792  
 32.900    -0.08847  
 33.000    -0.08902  
 33.100    -0.08958  
 33.200    -0.09013  
 33.300    -0.09069  
 33.400    -0.09124  
 33.500    -0.09180  
 33.600    -0.09236  
 33.700    -0.09292  
 33.800    -0.09348  
 33.900    -0.09405  
 34.000    -0.09461  
 34.100    -0.09517  
 34.200    -0.09574  
 34.300    -0.09631  
 34.400    -0.09687  
 34.500    -0.09744  
 34.600    -0.09801  
 34.700    -0.09858  
 34.800    -0.09915  
 34.900    -0.09973  
 35.000    -0.10030  
 35.100    -0.10087  
 35.200    -0.10145  
 35.300    -0.10202  
 35.400    -0.10260  
 35.500    -0.10318  
 35.600    -0.10376  
 35.700    -0.10434  
 35.800    -0.10492  
 35.900    -0.10550  
 36.000    -0.10608  
 36.100    -0.10667  
 36.200    -0.10725  
 36.300    -0.10784  
 36.400    -0.10842  
 36.500    -0.10901  
 36.600    -0.10960  
 36.700    -0.11019  
 36.800    -0.11078  
 36.900    -0.11137  
 37.000    -0.11196  
 37.100    -0.11255  
 37.200    -0.11315  
 37.300    -0.11374  
 37.400    -0.11433  
 37.500    -0.11493  
 37.600    -0.11553  
 37.700    -0.11612  
 37.800    -0.11672  
 37.900    -0.11732  
 38.000    -0.11792  
 38.100    -0.11852  
 38.200    -0.11912  
 38.300    -0.11972  
 38.400    -0.12033  
 38.500    -0.12093  
 38.600    -0.12153  
 38.700    -0.12214  
 38.800    -0.12275  
 38.900    -0.12335  
 39.000    -0.12396  
 39.100    -0.12457  
 39.200    -0.12518  
 39.300    -0.12579  
 39.400    -0.12640  
 39.500    -0.12701  
 39.600    -0.12762  
 39.700    -0.12823  
 39.800    -0.12885  
 39.900    -0.12946  
 40.000    -0.13008  
 40.100    -0.13069  
 40.200    -0.13131  
 40.300    -0.13192  
 40.400    -0.13254  
 40.500    -0.13316  
 40.600    -0.13378  
 40.700    -0.13440  
 40.800    -0.13502  
 40.900    -0.13564  
 41.000    -0.13626  
 41.100    -0.13688  
 41.200    -0.13751  
 41.300    -0.13813  
 41.400    -0.13876  
 41.500    -0.13938  
 41.600    -0.14001  
 41.700    -0.14063  
 41.800    -0.14126  
 41.900    -0.14189  
 42.000    -0.14252  
 42.100    -0.14314  
 42.200    -0.14377  
 42.300    -0.14440  
 42.400    -0.14503  
 42.500    -0.14567  
 42.600    -0.14630  
 42.700    -0.14693  
 42.800    -0.14756  
 42.900    -0.14820  
 43.000    -0.14883  
 43.100    -0.14947  
 43.200    -0.15010  
 43.300    -0.15074  
 43.400    -0.15137  
 43.500    -0.15201  
 43.600    -0.15265  
 43.700    -0.15329  
 43.800    -0.15393  
 43.900    -0.15457  
 44.000    -0.15521  
 44.100    -0.15585  
 44.200    -0.15649  
 44.300    -0.15713  
 44.400    -0.15777  
 44.500    -0.15841  
 44.600    -0.15906  
 44.700    -0.15970  
 44.800    -0.16034  
 44.900    -0.16099  
 45.000    -0.16164  
 45.100    -0.16228  
 45.200    -0.16293  
 45.300    -0.16357  
 45.400    -0.16422  
 45.500    -0.16487  
 45.600    -0.16552  
 45.700    -0.16617  
 45.800    -0.16682  
 45.900    -0.16747  
 46.000    -0.16812  
 46.100    -0.16877  
 46.200    -0.16942  
 46.300    -0.17007  
 46.400    -0.17072  
 46.500    -0.17137  
 46.600    -0.17203  
 46.700    -0.17268  
 46.800    -0.17334  
 46.900    -0.17399  
 47.000    -0.17465  
 47.100    -0.17530  
 47.200    -0.17596  
 47.300    -0.17661  
 47.400    -0.17727  
 47.500    -0.17793  
 47.600    -0.17858  
 47.700    -0.17924  
 47.800    -0.17990  
 47.900    -0.18056  
 48.000    -0.18122  
 48.100    -0.18188  
 48.200    -0.18254  
 48.300    -0.18320  
 48.400    -0.18386  
 48.500    -0.18452  
 48.600    -0.18518  
 48.700    -0.18585  
 48.800    -0.18651  
 48.900    -0.18717  
 49.000    -0.18784  
 49.100    -0.18850  
 49.200    -0.18916  
 49.300    -0.18983  
 49.400    -0.19049  
 49.500    -0.19116  
 49.600    -0.19182  
 49.700    -0.19249  
 49.800    -0.19316  
 49.900    -0.19382  
 50.000    -0.19449  
 50.100    -0.19516  
 50.200    -0.19582  
 50.300    -0.19649  
 50.400    -0.19716  
 50.500    -0.19783  
 50.600    -0.19850  
 50.700    -0.19917  
 50.800    -0.19984  
 50.900    -0.20051  
 51.000    -0.20118  
 51.100    -0.20185  
 51.200    -0.20252  
 51.300    -0.20319  
 51.400    -0.20387  
 51.500    -0.20454  
 51.600    -0.20521  
 51.700    -0.20588  
 51.800    -0.20656  
 51.900    -0.20723  
 52.000    -0.20790  
 52.100    -0.20858  
 52.200    -0.20925  
 52.300    -0.20993  
 52.400    -0.21060  
 52.500    -0.21128  
 52.600    -0.21195  
 52.700    -0.21263  
 52.800    -0.21331  
 52.900    -0.21398  
 53.000    -0.21466  
 53.100    -0.21534  
 53.200    -0.21601  
 53.300    -0.21669  
 53.400    -0.21737  
 53.500    -0.21805  
 53.600    -0.21873  
 53.700    -0.21940  
 53.800    -0.22008  
 53.900    -0.22076  
 54.000    -0.22144  
 54.100    -0.22212  
 54.200    -0.22280  
 54.300    -0.22348  
 54.400    -0.22416  
 54.500    -0.22484  
 54.600    -0.22552  
 54.700    -0.22621  
 54.800    -0.22689  
 54.900    -0.22757  
 55.000    -0.22825  
 55.100    -0.22893  
 55.200    -0.22962  
 55.300    -0.23030  
 55.400    -0.23098  
 55.500    -0.23166  
 55.600    -0.23235  
 55.700    -0.23303  
 55.800    -0.23372  
 55.900    -0.23440  
 56.000    -0.23508  
 56.100    -0.23577  
 56.200    -0.23645  
 56.300    -0.23714  
 56.400    -0.23782  
 56.500    -0.23851  
 56.600    -0.23919  
 56.700    -0.23988  
 56.800    -0.24057  
 56.900    -0.24125  
 57.000    -0.24194  
 57.100    -0.24263  
 57.200    -0.24331  
 57.300    -0.24400  
 57.400    -0.24469  
 57.500    -0.24537  
 57.600    -0.24606  
 57.700    -0.24675  
 57.800    -0.24744  
 57.900    -0.24813  
 58.000    -0.24881  
 58.100    -0.24950  
 58.200    -0.25019  
 58.300    -0.25088  
 58.400    -0.25157  
 58.500    -0.25226  
 58.600    -0.25295  
 58.700    -0.25364  
 58.800    -0.25433  
 58.900    -0.25502  
 59.000    -0.25571  
 59.100    -0.25640  
 59.200    -0.25709  
 59.300    -0.25778  
 59.400    -0.25847  
 59.500    -0.25916  
 59.600    -0.25985  
 59.700    -0.26054  
 59.800    -0.26123  
 59.900    -0.26192  
 60.000    -0.26262  
 60.100    -0.26331  
 60.200    -0.26400  
 60.300    -0.26469  
 60.400    -0.26538  
 60.500    -0.26608  
 60.600    -0.26677  
 60.700    -0.26746  
 60.800    -0.26815  
 60.900    -0.26885  
 61.000    -0.26954  
 61.100    -0.27023  
 61.200    -0.27093  
 61.300    -0.27162  
 61.400    -0.27231  
 61.500    -0.27301  
 61.600    -0.27370  
 61.700    -0.27439  
 61.800    -0.27509  
 61.900    -0.27578  
 62.000    -0.27647  
 62.100    -0.27717  
 62.200    -0.27786  
 62.300    -0.27856  
 62.400    -0.27925  
 62.500    -0.27995  
 62.600    -0.28064  
 62.700    -0.28134  
 62.800    -0.28203  
 62.900    -0.28273  
 63.000    -0.28342  
 63.100    -0.28412  
 63.200    -0.28481  
 63.300    -0.28551  
 63.400    -0.28620  
 63.500    -0.28690  
 63.600    -0.28759  
 63.700    -0.28829  
 63.800    -0.28899  
 63.900    -0.28968  
 64.000    -0.29038  
 64.100    -0.29107  
 64.200    -0.29177  
 64.300    -0.29247  
 64.400    -0.29316  
 64.500    -0.29386  
 64.600    -0.29456  
 64.700    -0.29525  
 64.800    -0.29595  
 64.900    -0.29665  
 65.000    -0.29734  
 65.100    -0.29804  
 65.200    -0.29874  
 65.300    -0.29943  
 65.400    -0.30013  
 65.500    -0.30083  
 65.600    -0.30152  
 65.700    -0.30222  
 65.800    -0.30292  
 65.900    -0.30362  
 66.000    -0.30431  
 66.100    -0.30501  
 66.200    -0.30571  
 66.300    -0.30641  
 66.400    -0.30710  
 66.500    -0.30780  
 66.600    -0.30850  
 66.700    -0.30920  
 66.800    -0.30989  
 66.900    -0.31059  
 67.000    -0.31129  
 67.100    -0.31199  
 67.200    -0.31269  
 67.300    -0.31338  
 67.400    -0.31408  
 67.500    -0.31478  
 67.600    -0.31548  
 67.700    -0.31618  
 67.800    -0.31687  
 67.900    -0.31757  
 68.000    -0.31827  
 68.100    -0.31897  
 68.200    -0.31967  
 68.300    -0.32037  
 68.400    -0.32106  
 68.500    -0.32176  
 68.600    -0.32246  
 68.700    -0.32316  
 68.800    -0.32386  
 68.900    -0.32456  
 69.000    -0.32526  
 69.100    -0.32595  
 69.200    -0.32665  
 69.300    -0.32735  
 69.400    -0.32805  
 69.500    -0.32875  
 69.600    -0.32945  
 69.700    -0.33014  
 69.800    -0.33084  
 69.900    -0.33154  
 70.000    -0.33224  
 70.100    -0.33294  
 70.200    -0.33364  
 70.300    -0.33434  
 70.400    -0.33503  
 70.500    -0.33573  
 70.600    -0.33643  
 70.700    -0.33713  
 70.800    -0.33783  
 70.900    -0.33853  
 71.000    -0.33923  
 71.100    -0.33993  
 71.200    -0.34062  
 71.300    -0.34132  
 71.400    -0.34202  
 71.500    -0.34272  
 71.600    -0.34342  
 71.700    -0.34412  
 71.800    -0.34482  
 71.900    -0.34551  
 72.000    -0.34621  
 72.100    -0.34691  
 72.200    -0.34761  
 72.300    -0.34831  
 72.400    -0.34901  
 72.500    -0.34971  
 72.600    -0.35040  
 72.700    -0.35110  
 72.800    -0.35180  
 72.900    -0.35250  
 73.000    -0.35320  
 73.100    -0.35390  
 73.200    -0.35459  
 73.300    -0.35529  
 73.400    -0.35599  
 73.500    -0.35669  
 73.600    -0.35739  
 73.700    -0.35809  
 73.800    -0.35878  
 73.900    -0.35948  
 74.000    -0.36018  
 74.100    -0.36088  
 74.200    -0.36158  
 74.300    -0.36227  
 74.400    -0.36297  
 74.500    -0.36367  
 74.600    -0.36437  
 74.700    -0.36507  
 74.800    -0.36576  
 74.900    -0.36646  
 75.000    -0.36716  
 75.100    -0.36786  
 75.200    -0.36856  
 75.300    -0.36925  
 75.400    -0.36995  
 75.500    -0.37065  
 75.600    -0.37135  
 75.700    -0.37204  
 75.800    -0.37274  
 75.900    -0.37344  
 76.000    -0.37413  
 76.100    -0.37483  
 76.200    -0.37553  
 76.300    -0.37623  
 76.400    -0.37692  
 76.500    -0.37762  
 76.600    -0.37832  
 76.700    -0.37902  
 76.800    -0.37971  
 76.900    -0.38041  
 77.000    -0.38111  
 77.100    -0.38180  
 77.200    -0.38250  
 77.300    -0.38320  
 77.400    -0.38389  
 77.500    -0.38459  
 77.600    -0.38529  
 77.700    -0.38598  
 77.800    -0.38668  
 77.900    -0.38737  
 78.000    -0.38807  
 78.100    -0.38877  
 78.200    -0.38946  
 78.300    -0.39016  
 78.400    -0.39085  
 78.500    -0.39155  
 78.600    -0.39225  
 78.700    -0.39294  
 78.800    -0.39364  
 78.900    -0.39433  
 79.000    -0.39503  
 79.100    -0.39572  
 79.200    -0.39642  
 79.300    -0.39712  
 79.400    -0.39781  
 79.500    -0.39851  
 79.600    -0.39920  
 79.700    -0.39990  
 79.800    -0.40059  
 79.900    -0.40129  
 80.000    -0.40198  
 80.100    -0.40267  
 80.200    -0.40337  
 80.300    -0.40406  
 80.400    -0.40476  
 80.500    -0.40545  
 80.600    -0.40615  
 80.700    -0.40684  
 80.800    -0.40754  
 80.900    -0.40823  
 81.000    -0.40892  
 81.100    -0.40962  
 81.200    -0.41031  
 81.300    -0.41101  
 81.400    -0.41170  
 81.500    -0.41239  
 81.600    -0.41309  
 81.700    -0.41378  
 81.800    -0.41447  
 81.900    -0.41517  
 82.000    -0.41586  
 82.100    -0.41655  
 82.200    -0.41724  
 82.300    -0.41794  
 82.400    -0.41863  
 82.500    -0.41932  
 82.600    -0.42002  
 82.700    -0.42071  
 82.800    -0.42140  
 82.900    -0.42209  
 83.000    -0.42278  
 83.100    -0.42348  
 83.200    -0.42417  
 83.300    -0.42486  
 83.400    -0.42555  
 83.500    -0.42624  
 83.600    -0.42694  
 83.700    -0.42763  
 83.800    -0.42832  
 83.900    -0.42901  
 84.000    -0.42970  
 84.100    -0.43039  
 84.200    -0.43108  
 84.300    -0.43177  
 84.400    -0.43247  
 84.500    -0.43316  
 84.600    -0.43385  
 84.700    -0.43454  
 84.800    -0.43523  
 84.900    -0.43592  
 85.000    -0.43661  
 85.100    -0.43730  
 85.200    -0.43799  
 85.300    -0.43868  
 85.400    -0.43937  
 85.500    -0.44006  
 85.600    -0.44075  
 85.700    -0.44144  
 85.800    -0.44212  
 85.900    -0.44281  
 86.000    -0.44350  
 86.100    -0.44419  
 86.200    -0.44488  
 86.300    -0.44557  
 86.400    -0.44626  
 86.500    -0.44695  
 86.600    -0.44763  
 86.700    -0.44832  
 86.800    -0.44901  
 86.900    -0.44970  
 87.000    -0.45039  
 87.100    -0.45107  
 87.200    -0.45176  
 87.300    -0.45245  
 87.400    -0.45314  
 87.500    -0.45382  
 87.600    -0.45451  
 87.700    -0.45520  
 87.800    -0.45589  
 87.900    -0.45657  
 88.000    -0.45726  
 88.100    -0.45795  
 88.200    -0.45863  
 88.300    -0.45932  
 88.400    -0.46001  
 88.500    -0.46069  
 88.600    -0.46138  
 88.700    -0.46206  
 88.800    -0.46275  
 88.900    -0.46343  
 89.000    -0.46412  
 89.100    -0.46481  
 89.200    -0.46549  
 89.300    -0.46618  
 89.400    -0.46686  
 89.500    -0.46755  
 89.600    -0.46823  
 89.700    -0.46891  
 89.800    -0.46960  
 89.900    -0.47028  
 90.000    -0.47097  
 90.100    -0.47165  
 90.200    -0.47233  
 90.300    -0.47302  
 90.400    -0.47370  
 90.500    -0.47439  
 90.600    -0.47507  
 90.700    -0.47575  
 90.800    -0.47644  
 90.900    -0.47712  
 91.000    -0.47780  
 91.100    -0.47848  
 91.200    -0.47917  
 91.300    -0.47985  
 91.400    -0.48053  
 91.500    -0.48121  
 91.600    -0.48189  
 91.700    -0.48258  
 91.800    -0.48326  
 91.900    -0.48394  
 92.000    -0.48462  
 92.100    -0.48530  
 92.200    -0.48598  
 92.300    -0.48666  
 92.400    -0.48735  
 92.500    -0.48803  
 92.600    -0.48871  
 92.700    -0.48939  
 92.800    -0.49007  
 92.900    -0.49075  
 93.000    -0.49143  
 93.100    -0.49211  
 93.200    -0.49279  
 93.300    -0.49347  
 93.400    -0.49415  
 93.500    -0.49483  
 93.600    -0.49550  
 93.700    -0.49618  
 93.800    -0.49686  
 93.900    -0.49754  
 94.000    -0.49822  
 94.100    -0.49890  
 94.200    -0.49958  
 94.300    -0.50025  
 94.400    -0.50093  
 94.500    -0.50161  
 94.600    -0.50229  
 94.700    -0.50297  
 94.800    -0.50364  
 94.900    -0.50432  
 95.000    -0.50500  
 95.100    -0.50567  
 95.200    -0.50635  
 95.300    -0.50703  
 95.400    -0.50770  
 95.500    -0.50838  
 95.600    -0.50906  
 95.700    -0.50973  
 95.800    -0.51041  
 95.900    -0.51108  
 96.000    -0.51176  
 96.100    -0.51244  
 96.200    -0.51311  
 96.300    -0.51379  
 96.400    -0.51446  
 96.500    -0.51514  
 96.600    -0.51581  
 96.700    -0.51648  
 96.800    -0.51716  
 96.900    -0.51783  
 97.000    -0.51851  
 97.100    -0.51918  
 97.200    -0.51985  
 97.300    -0.52053  
 97.400    -0.52120  
 97.500    -0.52187  
 97.600    -0.52255  
 97.700    -0.52322  
 97.800    -0.52389  
 97.900    -0.52457  
 98.000    -0.52524  
 98.100    -0.52591  
 98.200    -0.52658  
 98.300    -0.52725  
 98.400    -0.52793  
 98.500    -0.52860  
 98.600    -0.52927  
 98.700    -0.52994  
 98.800    -0.53061  
 98.900    -0.53128  
 99.000    -0.53195  
 99.100    -0.53262  
 99.200    -0.53329  
 99.300    -0.53396  
 99.400    -0.53463  
 99.500    -0.53530  
 99.600    -0.53597  
 99.700    -0.53664  
 99.800    -0.53731  
 99.900    -0.53798  
100.000    -0.53865  
100.100    -0.53932  
100.200    -0.53999  
100.300    -0.54066  
100.400    -0.54133  
100.500    -0.54200  
100.600    -0.54266  
100.700    -0.54333  
100.800    -0.54400  
100.900    -0.54467  
101.000    -0.54533  
101.100    -0.54600  
101.200    -0.54667  
101.300    -0.54734  
101.400    -0.54800  
101.500    -0.54867  
101.600    -0.54934  
101.700    -0.55000  
101.800    -0.55067  
101.900    -0.55133  
102.000    -0.55200  
102.100    -0.55267  
102.200    -0.55333  
102.300    -0.55400  
102.400    -0.55466  
102.500    -0.55533  
102.600    -0.55599  
102.700    -0.55666  
102.800    -0.55732  
102.900    -0.55798  
103.000    -0.55865  
103.100    -0.55931  
103.200    -0.55998  
103.300    -0.56064  
103.400    -0.56130  
103.500    -0.56197  
103.600    -0.56263  
103.700    -0.56329  
103.800    -0.56396  
103.900    -0.56462  
104.000    -0.56528  
104.100    -0.56594  
104.200    -0.56660  
104.300    -0.56727  
104.400    -0.56793  
104.500    -0.56859  
104.600    -0.56925  
104.700    -0.56991  
104.800    -0.57057  
104.900    -0.57123  
105.000    -0.57189  
105.100    -0.57255  
105.200    -0.57321  
105.300    -0.57387  
105.400    -0.57453  
105.500    -0.57519  
105.600    -0.57585  
105.700    -0.57651  
105.800    -0.57717  
105.900    -0.57783  
106.000    -0.57849  
106.100    -0.57915  
106.200    -0.57981  
106.300    -0.58046  
106.400    -0.58112  
106.500    -0.58178  
106.600    -0.58244  
106.700    -0.58310  
106.800    -0.58375  
106.900    -0.58441  
107.000    -0.58507  
107.100    -0.58572  
107.200    -0.58638  
107.300    -0.58704  
107.400    -0.58769  
107.500    -0.58835  
107.600    -0.58901  
107.700    -0.58966  
107.800    -0.59032  
107.900    -0.59097  
108.000    -0.59163  
108.100    -0.59228  
108.200    -0.59294  
108.300    -0.59359  
108.400    -0.59425  
108.500    -0.59490  
108.600    -0.59555  
108.700    -0.59621  
108.800    -0.59686  
108.900    -0.59751  
109.000    -0.59817  
109.100    -0.59882  
109.200    -0.59947  
109.300    -0.60013  
109.400    -0.60078  
109.500    -0.60143  
109.600    -0.60208  
109.700    -0.60274  
109.800    -0.60339  
109.900    -0.60404  
110.000    -0.60469  
110.100    -0.60534  
110.200    -0.60599  
110.300    -0.60664  
110.400    -0.60729  
110.500    -0.60795  
110.600    -0.60860  
110.700    -0.60925  
110.800    -0.60990  
110.900    -0.61055  
111.000    -0.61120  
111.100    -0.61184  
111.200    -0.61249  
111.300    -0.61314  
111.400    -0.61379  
111.500    -0.61444  
111.600    -0.61509  
111.700    -0.61574  
111.800    -0.61639  
111.900    -0.61703  
112.000    -0.61768  
112.100    -0.61833  
112.200    -0.61898  
112.300    -0.61962  
112.400    -0.62027  
112.500    -0.62092  
112.600    -0.62156  
112.700    -0.62221  
112.800    -0.62286  
112.900    -0.62350  
113.000    -0.62415  
113.100    -0.62479  
113.200    -0.62544  
113.300    -0.62608  
113.400    -0.62673  
113.500    -0.62737  
113.600    -0.62802  
113.700    -0.62866  
113.800    -0.62931  
113.900    -0.62995  
114.000    -0.63059  
114.100    -0.63124  
114.200    -0.63188  
114.300    -0.63253  
114.400    -0.63317  
114.500    -0.63381  
114.600    -0.63445  
114.700    -0.63510  
114.800    -0.63574  
114.900    -0.63638  
115.000    -0.63702  
115.100    -0.63766  
115.200    -0.63831  
115.300    -0.63895  
115.400    -0.63959  
115.500    -0.64023  
115.600    -0.64087  
115.700    -0.64151  
115.800    -0.64215  
115.900    -0.64279  
116.000    -0.64343  
116.100    -0.64407  
116.200    -0.64471  
116.300    -0.64535  
116.400    -0.64599  
116.500    -0.64663  
116.600    -0.64727  
116.700    -0.64791  
116.800    -0.64854  
116.900    -0.64918  
117.000    -0.64982  
117.100    -0.65046  
117.200    -0.65110  
117.300    -0.65173  
117.400    -0.65237  
117.500    -0.65301  
117.600    -0.65364  
117.700    -0.65428  
117.800    -0.65492  
117.900    -0.65555  
118.000    -0.65619  
118.100    -0.65682  
118.200    -0.65746  
118.300    -0.65810  
118.400    -0.65873  
118.500    -0.65937  
118.600    -0.66000  
118.700    -0.66064  
118.800    -0.66127  
118.900    -0.66190  
119.000    -0.66254  
119.100    -0.66317  
119.200    -0.66381  
119.300    -0.66444  
119.400    -0.66507  
119.500    -0.66571  
119.600    -0.66634  
119.700    -0.66697  
119.800    -0.66760  
119.900    -0.66824  
120.000    -0.66887  
120.100    -0.66950  
120.200    -0.67013  
120.300    -0.67076  
120.400    -0.67140  
120.500    -0.67203  
120.600    -0.67266  
120.700    -0.67329  
120.800    -0.67392  
120.900    -0.67455  
121.000    -0.67518  
121.100    -0.67581  
121.200    -0.67644  
121.300    -0.67707  
121.400    -0.67770  
121.500    -0.67833  
121.600    -0.67895  
121.700    -0.67958  
121.800    -0.68021  
121.900    -0.68084  
122.000    -0.68147  
122.100    -0.68210  
122.200    -0.68272  
122.300    -0.68335  
122.400    -0.68398  
122.500    -0.68461  
122.600    -0.68523  
122.700    -0.68586  
122.800    -0.68649  
122.900    -0.68711  
123.000    -0.68774  
123.100    -0.68836  
123.200    -0.68899  
123.300    -0.68961  
123.400    -0.69024  
123.500    -0.69086  
123.600    -0.69149  
123.700    -0.69211  
123.800    -0.69274  
123.900    -0.69336  
124.000    -0.69399  
124.100    -0.69461  
124.200    -0.69523  
124.300    -0.69586  
124.400    -0.69648  
124.500    -0.69710  
124.600    -0.69773  
124.700    -0.69835  
124.800    -0.69897  
124.900    -0.69959  
125.000    -0.70022  
125.100    -0.70084  
125.200    -0.70146  
125.300    -0.70208  
125.400    -0.70270  
125.500    -0.70332  
125.600    -0.70394  
125.700    -0.70456  
125.800    -0.70518  
125.900    -0.70580  
126.000    -0.70642  
126.100    -0.70704  
126.200    -0.70766  
126.300    -0.70828  
126.400    -0.70890  
126.500    -0.70952  
126.600    -0.71014  
126.700    -0.71076  
126.800    -0.71138  
126.900    -0.71199  
127.000    -0.71261  
127.100    -0.71323  
127.200    -0.71385  
127.300    -0.71446  
127.400    -0.71508  
127.500    -0.71570  
127.600    -0.71632  
127.700    -0.71693  
127.800    -0.71755  
127.900    -0.71816  
128.000    -0.71878  
128.100    -0.71940  
128.200    -0.72001  
128.300    -0.72063  
128.400    -0.72124  
128.500    -0.72186  
128.600    -0.72247  
128.700    -0.72309  
128.800    -0.72370  
128.900    -0.72431  
129.000    -0.72493  
129.100    -0.72554  
129.200    -0.72615  
129.300    -0.72677  
129.400    -0.72738  
129.500    -0.72799  
129.600    -0.72861  
129.700    -0.72922  
129.800    -0.72983  
129.900    -0.73044  
130.000    -0.73105  
130.100    -0.73166  
130.200    -0.73228  
130.300    -0.73289  
130.400    -0.73350  
130.500    -0.73411  
130.600    -0.73472  
130.700    -0.73533  
130.800    -0.73594  
130.900    -0.73655  
131.000    -0.73716  
131.100    -0.73777  
131.200    -0.73838  
131.300    -0.73899  
131.400    -0.73959  
131.500    -0.74020  
131.600    -0.74081  
131.700    -0.74142  
131.800    -0.74203  
131.900    -0.74264  
132.000    -0.74324  
132.100    -0.74385  
132.200    -0.74446  
132.300    -0.74506  
132.400    -0.74567  
132.500    -0.74628  
132.600    -0.74688  
132.700    -0.74749  
132.800    -0.74810  
132.900    -0.74870  
133.000    -0.74931  
133.100    -0.74991  
133.200    -0.75052  
133.300    -0.75112  
133.400    -0.75173  
133.500    -0.75233  
133.600    -0.75294  
133.700    -0.75354  
133.800    -0.75414  
133.900    -0.75475  
134.000    -0.75535  
134.100    -0.75595  
134.200    -0.75656  
134.300    -0.75716  
134.400    -0.75776  
134.500    -0.75836  
134.600    -0.75897  
134.700    -0.75957  
134.800    -0.76017  
134.900    -0.76077  
135.000    -0.76137  
135.100    -0.76197  
135.200    -0.76257  
135.300    -0.76317  
135.400    -0.76377  
135.500    -0.76438  
135.600    -0.76498  
135.700    -0.76557  
135.800    -0.76617  
135.900    -0.76677  
136.000    -0.76737  
136.100    -0.76797  
136.200    -0.76857  
136.300    -0.76917  
136.400    -0.76977  
136.500    -0.77037  
136.600    -0.77096  
136.700    -0.77156  
136.800    -0.77216  
136.900    -0.77276  
137.000    -0.77335  
137.100    -0.77395  
137.200    -0.77455  
137.300    -0.77514  
137.400    -0.77574  
137.500    -0.77634  
137.600    -0.77693  
137.700    -0.77753  
137.800    -0.77812  
137.900    -0.77872  
138.000    -0.77931  
138.100    -0.77991  
138.200    -0.78050  
138.300    -0.78110  
138.400    -0.78169  
138.500    -0.78228  
138.600    -0.78288  
138.700    -0.78347  
138.800    -0.78406  
138.900    -0.78466  
139.000    -0.78525  
139.100    -0.78584  
139.200    -0.78643  
139.300    -0.78703  
139.400    -0.78762  
139.500    -0.78821  
139.600    -0.78880  
139.700    -0.78939  
139.800    -0.78998  
139.900    -0.79058  
140.000    -0.79117  
140.100    -0.79176  
140.200    -0.79235  
140.300    -0.79294  
140.400    -0.79353  
140.500    -0.79412  
140.600    -0.79471  
140.700    -0.79530  
140.800    -0.79588  
140.900    -0.79647  
141.000    -0.79706  
141.100    -0.79765  
141.200    -0.79824  
141.300    -0.79883  
141.400    -0.79941  
141.500    -0.80000  
141.600    -0.80059  
141.700    -0.80118  
141.800    -0.80176  
141.900    -0.80235  
142.000    -0.80294  
142.100    -0.80352  
142.200    -0.80411  
142.300    -0.80470  
142.400    -0.80528  
142.500    -0.80587  
142.600    -0.80645  
142.700    -0.80704  
142.800    -0.80762  
142.900    -0.80821  
143.000    -0.80879  
143.100    -0.80937  
143.200    -0.80996  
143.300    -0.81054  
143.400    -0.81113  
143.500    -0.81171  
143.600    -0.81229  
143.700    -0.81287  
143.800    -0.81346  
143.900    -0.81404  
144.000    -0.81462  
144.100    -0.81520  
144.200    -0.81579  
144.300    -0.81637  
144.400    -0.81695  
144.500    -0.81753  
144.600    -0.81811  
144.700    -0.81869  
144.800    -0.81927  
144.900    -0.81985  
145.000    -0.82043  
145.100    -0.82101  
145.200    -0.82159  
145.300    -0.82217  
145.400    -0.82275  
145.500    -0.82333  
145.600    -0.82391  
145.700    -0.82449  
145.800    -0.82507  
145.900    -0.82564  
146.000    -0.82622  
146.100    -0.82680  
146.200    -0.82738  
146.300    -0.82796  
146.400    -0.82853  
146.500    -0.82911  
146.600    -0.82969  
146.700    -0.83026  
146.800    -0.83084  
146.900    -0.83142  
147.000    -0.83199  
147.100    -0.83257  
147.200    -0.83314  
147.300    -0.83372  
147.400    -0.83429  
147.500    -0.83487  
147.600    -0.83544  
147.700    -0.83602  
147.800    -0.83659  
147.900    -0.83716  
148.000    -0.83774  
148.100    -0.83831  
148.200    -0.83888  
148.300    -0.83946  
148.400    -0.84003  
148.500    -0.84060  
148.600    -0.84118  
148.700    -0.84175  
148.800    -0.84232  
148.900    -0.84289  
149.000    -0.84346  
149.100    -0.84404  
149.200    -0.84461  
149.300    -0.84518  
149.400    -0.84575  
149.500    -0.84632  
149.600    -0.84689  
149.700    -0.84746  
149.800    -0.84803  
149.900    -0.84860  
150.000    -0.84917  
150.100    -0.84974  
150.200    -0.85031  
150.300    -0.85088  
150.400    -0.85144  
150.500    -0.85201  
150.600    -0.85258  
150.700    -0.85315  
150.800    -0.85372  
150.900    -0.85428  
151.000    -0.85485  
151.100    -0.85542  
151.200    -0.85599  
151.300    -0.85655  
151.400    -0.85712  
151.500    -0.85769  
151.600    -0.85825  
151.700    -0.85882  
151.800    -0.85938  
151.900    -0.85995  
152.000    -0.86051  
152.100    -0.86108  
152.200    -0.86164  
152.300    -0.86221  
152.400    -0.86277  
152.500    -0.86334  
152.600    -0.86390  
152.700    -0.86446  
152.800    -0.86503  
152.900    -0.86559  
153.000    -0.86615  
153.100    -0.86672  
153.200    -0.86728  
153.300    -0.86784  
153.400    -0.86840  
153.500    -0.86897  
153.600    -0.86953  
153.700    -0.87009  
153.800    -0.87065  
153.900    -0.87121  
154.000    -0.87177  
154.100    -0.87233  
154.200    -0.87290  
154.300    -0.87346  
154.400    -0.87402  
154.500    -0.87458  
154.600    -0.87514  
154.700    -0.87569  
154.800    -0.87625  
154.900    -0.87681  
155.000    -0.87737  
155.100    -0.87793  
155.200    -0.87849  
155.300    -0.87905  
155.400    -0.87961  
155.500    -0.88016  
155.600    -0.88072  
155.700    -0.88128  
155.800    -0.88184  
155.900    -0.88239  
156.000    -0.88295  
156.100    -0.88351  
156.200    -0.88406  
156.300    -0.88462  
156.400    -0.88517  
156.500    -0.88573  
156.600    -0.88628  
156.700    -0.88684  
156.800    -0.88739  
156.900    -0.88795  
157.000    -0.88850  
157.100    -0.88906  
157.200    -0.88961  
157.300    -0.89017  
157.400    -0.89072  
157.500    -0.89127  
157.600    -0.89183  
157.700    -0.89238  
157.800    -0.89293  
157.900    -0.89349  
158.000    -0.89404  
158.100    -0.89459  
158.200    -0.89514  
158.300    -0.89569  
158.400    -0.89625  
158.500    -0.89680  
158.600    -0.89735  
158.700    -0.89790  
158.800    -0.89845  
158.900    -0.89900  
159.000    -0.89955  
159.100    -0.90010  
159.200    -0.90065  
159.300    -0.90120  
159.400    -0.90175  
159.500    -0.90230  
159.600    -0.90285  
159.700    -0.90340  
159.800    -0.90395  
159.900    -0.90449  
160.000    -0.90504  
160.100    -0.90559  
160.200    -0.90614  
160.300    -0.90669  
160.400    -0.90723  
160.500    -0.90778  
160.600    -0.90833  
160.700    -0.90887  
160.800    -0.90942  
160.900    -0.90997  
161.000    -0.91051  
161.100    -0.91106  
161.200    -0.91160  
161.300    -0.91215  
161.400    -0.91269  
161.500    -0.91324  
161.600    -0.91378  
161.700    -0.91433  
161.800    -0.91487  
161.900    -0.91542  
162.000    -0.91596  
162.100    -0.91650  
162.200    -0.91705  
162.300    -0.91759  
162.400    -0.91813  
162.500    -0.91868  
162.600    -0.91922  
162.700    -0.91976  
162.800    -0.92030  
162.900    -0.92085  
163.000    -0.92139  
163.100    -0.92193  
163.200    -0.92247  
163.300    -0.92301  
163.400    -0.92355  
163.500    -0.92409  
163.600    -0.92464  
163.700    -0.92518  
163.800    -0.92572  
163.900    -0.92626  
164.000    -0.92679  
164.100    -0.92733  
164.200    -0.92787  
164.300    -0.92841  
164.400    -0.92895  
164.500    -0.92949  
164.600    -0.93003  
164.700    -0.93057  
164.800    -0.93110  
164.900    -0.93164  
165.000    -0.93218  
165.100    -0.93272  
165.200    -0.93325  
165.300    -0.93379  
165.400    -0.93433  
165.500    -0.93486  
165.600    -0.93540  
165.700    -0.93594  
165.800    -0.93647  
165.900    -0.93701  
166.000    -0.93754  
166.100    -0.93808  
166.200    -0.93861  
166.300    -0.93915  
166.400    -0.93968  
166.500    -0.94022  
166.600    -0.94075  
166.700    -0.94129  
166.800    -0.94182  
166.900    -0.94235  
167.000    -0.94289  
167.100    -0.94342  
167.200    -0.94395  
167.300    -0.94448  
167.400    -0.94502  
167.500    -0.94555  
167.600    -0.94608  
167.700    -0.94661  
167.800    -0.94714  
167.900    -0.94768  
168.000    -0.94821  
168.100    -0.94874  
168.200    -0.94927  
168.300    -0.94980  
168.400    -0.95033  
168.500    -0.95086  
168.600    -0.95139  
168.700    -0.95192  
168.800    -0.95245  
168.900    -0.95298  
169.000    -0.95351  
169.100    -0.95404  
169.200    -0.95456  
169.300    -0.95509  
169.400    -0.95562  
169.500    -0.95615  
169.600    -0.95668  
169.700    -0.95720  
169.800    -0.95773  
169.900    -0.95826  
170.000    -0.95878  
170.100    -0.95931  
170.200    -0.95984  
170.300    -0.96036  
170.400    -0.96089  
170.500    -0.96142  
170.600    -0.96194  
170.700    -0.96247  
170.800    -0.96299  
170.900    -0.96352  
171.000    -0.96404  
171.100    -0.96457  
171.200    -0.96509  
171.300    -0.96562  
171.400    -0.96614  
171.500    -0.96666  
171.600    -0.96719  
171.700    -0.96771  
171.800    -0.96823  
171.900    -0.96876  
172.000    -0.96928  
172.100    -0.96980  
172.200    -0.97032  
172.300    -0.97084  
172.400    -0.97137  
172.500    -0.97189  
172.600    -0.97241  
172.700    -0.97293  
172.800    -0.97345  
172.900    -0.97397  
173.000    -0.97449  
173.100    -0.97501  
173.200    -0.97553  
173.300    -0.97605  
173.400    -0.97657  
173.500    -0.97709  
173.600    -0.97761  
173.700    -0.97813  
173.800    -0.97865  
173.900    -0.97917  
174.000    -0.97969  
174.100    -0.98020  
174.200    -0.98072  
174.300    -0.98124  
174.400    -0.98176  
174.500    -0.98227  
174.600    -0.98279  
174.700    -0.98331  
174.800    -0.98383  
174.900    -0.98434  
175.000    -0.98486  
175.100    -0.98537  
175.200    -0.98589  
175.300    -0.98641  
175.400    -0.98692  
175.500    -0.98744  
175.600    -0.98795  
175.700    -0.98847  
175.800    -0.98898  
175.900    -0.98950  
176.000    -0.99001  
176.100    -0.99052  
176.200    -0.99104  
176.300    -0.99155  
176.400    -0.99206  
176.500    -0.99258  
176.600    -0.99309  
176.700    -0.99360  
176.800    -0.99412  
176.900    -0.99463  
177.000    -0.99514  
177.100    -0.99565  
177.200    -0.99616  
177.300    -0.99667  
177.400    -0.99719  
177.500    -0.99770  
177.600    -0.99821  
177.700    -0.99872  
177.800    -0.99923  
177.900    -0.99974  
178.000    -1.00025  
178.100    -1.00076  
178.200    -1.00127  
178.300    -1.00178  
178.400    -1.00229  
178.500    -1.00280  
178.600    -1.00330  
178.700    -1.00381  
178.800    -1.00432  
178.900    -1.00483  
179.000    -1.00534  
179.100    -1.00584  
179.200    -1.00635  
179.300    -1.00686  
179.400    -1.00737  
179.500    -1.00787  
179.600    -1.00838  
179.700    -1.00889  
179.800    -1.00939  
179.900    -1.00990  
180.000    -1.01040  
180.100    -1.01091  
180.200    -1.01141  
180.300    -1.01192  
180.400    -1.01242  
180.500    -1.01293  
180.600    -1.01343  
180.700    -1.01394  
180.800    -1.01444  
180.900    -1.01495  
181.000    -1.01545  
181.100    -1.01595  
181.200    -1.01646  
181.300    -1.01696  
181.400    -1.01746  
181.500    -1.01796  
181.600    -1.01847  
181.700    -1.01897  
181.800    -1.01947  
181.900    -1.01997  
182.000    -1.02047  
182.100    -1.02098  
182.200    -1.02148  
182.300    -1.02198  
182.400    -1.02248  
182.500    -1.02298  
182.600    -1.02348  
182.700    -1.02398  
182.800    -1.02448  
182.900    -1.02498  
183.000    -1.02548  
183.100    -1.02598  
183.200    -1.02648  
183.300    -1.02698  
183.400    -1.02747  
183.500    -1.02797  
183.600    -1.02847  
183.700    -1.02897  
183.800    -1.02947  
183.900    -1.02996  
184.000    -1.03046  
184.100    -1.03096  
184.200    -1.03146  
184.300    -1.03195  
184.400    -1.03245  
184.500    -1.03294  
184.600    -1.03344  
184.700    -1.03394  
184.800    -1.03443  
184.900    -1.03493  
185.000    -1.03542  
185.100    -1.03592  
185.200    -1.03641  
185.300    -1.03691  
185.400    -1.03740  
185.500    -1.03790  
185.600    -1.03839  
185.700    -1.03888  
185.800    -1.03938  
185.900    -1.03987  
186.000    -1.04036  
186.100    -1.04086  
186.200    -1.04135  
186.300    -1.04184  
186.400    -1.04233  
186.500    -1.04283  
186.600    -1.04332  
186.700    -1.04381  
186.800    -1.04430  
186.900    -1.04479  
187.000    -1.04528  
187.100    -1.04577  
187.200    -1.04626  
187.300    -1.04675  
187.400    -1.04724  
187.500    -1.04773  
187.600    -1.04822  
187.700    -1.04871  
187.800    -1.04920  
187.900    -1.04969  
188.000    -1.05018  
188.100    -1.05067  
188.200    -1.05116  
188.300    -1.05165  
188.400    -1.05213  
188.500    -1.05262  
188.600    -1.05311  
188.700    -1.05360  
188.800    -1.05409  
188.900    -1.05457  
189.000    -1.05506  
189.100    -1.05555  
189.200    -1.05603  
189.300    -1.05652  
189.400    -1.05700  
189.500    -1.05749  
189.600    -1.05798  
189.700    -1.05846  
189.800    -1.05895  
189.900    -1.05943  
190.000    -1.05992  
190.100    -1.06040  
190.200    -1.06088  
190.300    -1.06137  
190.400    -1.06185  
190.500    -1.06234  
190.600    -1.06282  
190.700    -1.06330  
190.800    -1.06379  
190.900    -1.06427  
191.000    -1.06475  
191.100    -1.06523  
191.200    -1.06572  
191.300    -1.06620  
191.400    -1.06668  
191.500    -1.06716  
191.600    -1.06764  
191.700    -1.06812  
191.800    -1.06861  
191.900    -1.06909  
192.000    -1.06957  
192.100    -1.07005  
192.200    -1.07053  
192.300    -1.07101  
192.400    -1.07149  
192.500    -1.07197  
192.600    -1.07245  
192.700    -1.07293  
192.800    -1.07340  
192.900    -1.07388  
193.000    -1.07436  
193.100    -1.07484  
193.200    -1.07532  
193.300    -1.07580  
193.400    -1.07627  
193.500    -1.07675  
193.600    -1.07723  
193.700    -1.07771  
193.800    -1.07818  
193.900    -1.07866  
194.000    -1.07913  
194.100    -1.07961  
194.200    -1.08009  
194.300    -1.08056  
194.400    -1.08104  
194.500    -1.08151  
194.600    -1.08199  
194.700    -1.08246  
194.800    -1.08294  
194.900    -1.08341  
195.000    -1.08389  
195.100    -1.08436  
195.200    -1.08484  
195.300    -1.08531  
195.400    -1.08578  
195.500    -1.08626  
195.600    -1.08673  
195.700    -1.08720  
195.800    -1.08768  
195.900    -1.08815  
196.000    -1.08862  
196.100    -1.08909  
196.200    -1.08956  
196.300    -1.09004  
196.400    -1.09051  
196.500    -1.09098  
196.600    -1.09145  
196.700    -1.09192  
196.800    -1.09239  
196.900    -1.09286  
197.000    -1.09333  
197.100    -1.09380  
197.200    -1.09427  
197.300    -1.09474  
197.400    -1.09521  
197.500    -1.09568  
197.600    -1.09615  
197.700    -1.09662  
197.800    -1.09709  
197.900    -1.09755  
198.000    -1.09802  
198.100    -1.09849  
198.200    -1.09896  
198.300    -1.09943  
198.400    -1.09989  
198.500    -1.10036  
198.600    -1.10083  
198.700    -1.10129  
198.800    -1.10176  
198.900    -1.10223  
199.000    -1.10269  
199.100    -1.10316  
199.200    -1.10362  
199.300    -1.10409  
199.400    -1.10455  
199.500    -1.10502  
199.600    -1.10548  
199.700    -1.10595  
199.800    -1.10641  
199.900    -1.10688  
200.000    -1.10734  
200.100    -1.10780  
200.200    -1.10827  
200.300    -1.10873  
200.400    -1.10919  
200.500    -1.10966  
200.600    -1.11012  
200.700    -1.11058  
200.800    -1.11104  
200.900    -1.11151  
201.000    -1.11197  
201.100    -1.11243  
201.200    -1.11289  
201.300    -1.11335  
201.400    -1.11381  
201.500    -1.11427  
201.600    -1.11474  
201.700    -1.11520  
201.800    -1.11566  
201.900    -1.11612  
202.000    -1.11658  
202.100    -1.11704  
202.200    -1.11750  
202.300    -1.11795  
202.400    -1.11841  
202.500    -1.11887  
202.600    -1.11933  
202.700    -1.11979  
202.800    -1.12025  
202.900    -1.12071  
203.000    -1.12116  
203.100    -1.12162  
203.200    -1.12208  
203.300    -1.12254  
203.400    -1.12299  
203.500    -1.12345  
203.600    -1.12391  
203.700    -1.12436  
203.800    -1.12482  
203.900    -1.12527  
204.000    -1.12573  
204.100    -1.12619  
204.200    -1.12664  
204.300    -1.12710  
204.400    -1.12755  
204.500    -1.12801  
204.600    -1.12846  
204.700    -1.12892  
204.800    -1.12937  
204.900    -1.12982  
205.000    -1.13028  
205.100    -1.13073  
205.200    -1.13118  
205.300    -1.13164  
205.400    -1.13209  
205.500    -1.13254  
205.600    -1.13299  
205.700    -1.13345  
205.800    -1.13390  
205.900    -1.13435  
206.000    -1.13480  
206.100    -1.13525  
206.200    -1.13571  
206.300    -1.13616  
206.400    -1.13661  
206.500    -1.13706  
206.600    -1.13751  
206.700    -1.13796  
206.800    -1.13841  
206.900    -1.13886  
207.000    -1.13931  
207.100    -1.13976  
207.200    -1.14021  
207.300    -1.14066  
207.400    -1.14110  
207.500    -1.14155  
207.600    -1.14200  
207.700    -1.14245  
207.800    -1.14290  
207.900    -1.14334  
208.000    -1.14379  
208.100    -1.14424  
208.200    -1.14469  
208.300    -1.14513  
208.400    -1.14558  
208.500    -1.14603  
208.600    -1.14647  
208.700    -1.14692  
208.800    -1.14737  
208.900    -1.14781  
209.000    -1.14826  
209.100    -1.14870  
209.200    -1.14915  
209.300    -1.14959  
209.400    -1.15004  
209.500    -1.15048  
209.600    -1.15093  
209.700    -1.15137  
209.800    -1.15181  
209.900    -1.15226  
210.000    -1.15270  
210.100    -1.15314  
210.200    -1.15359  
210.300    -1.15403  
210.400    -1.15447  
210.500    -1.15491  
210.600    -1.15536  
210.700    -1.15580  
210.800    -1.15624  
210.900    -1.15668  
211.000    -1.15712  
211.100    -1.15756  
211.200    -1.15801  
211.300    -1.15845  
211.400    -1.15889  
211.500    -1.15933  
211.600    -1.15977  
211.700    -1.16021  
211.800    -1.16065  
211.900    -1.16109  
212.000    -1.16153  
212.100    -1.16196  
212.200    -1.16240  
212.300    -1.16284  
212.400    -1.16328  
212.500    -1.16372  
212.600    -1.16416  
212.700    -1.16460  
212.800    -1.16503  
212.900    -1.16547  
213.000    -1.16591  
213.100    -1.16635  
213.200    -1.16678  
213.300    -1.16722  
213.400    -1.16766  
213.500    -1.16809  
213.600    -1.16853  
213.700    -1.16896  
213.800    -1.16940  
213.900    -1.16983  
214.000    -1.17027  
214.100    -1.17071  
214.200    -1.17114  
214.300    -1.17157  
214.400    -1.17201  
214.500    -1.17244  
214.600    -1.17288  
214.700    -1.17331  
214.800    -1.17375  
214.900    -1.17418  
215.000    -1.17461  
215.100    -1.17505  
215.200    -1.17548  
215.300    -1.17591  
215.400    -1.17634  
215.500    -1.17678  
215.600    -1.17721  
215.700    -1.17764  
215.800    -1.17807  
215.900    -1.17850  
216.000    -1.17893  
216.100    -1.17936  
216.200    -1.17980  
216.300    -1.18023  
216.400    -1.18066  
216.500    -1.18109  
216.600    -1.18152  
216.700    -1.18195  
216.800    -1.18238  
216.900    -1.18281  
217.000    -1.18324  
217.100    -1.18366  
217.200    -1.18409  
217.300    -1.18452  
217.400    -1.18495  
217.500    -1.18538  
217.600    -1.18581  
217.700    -1.18623  
217.800    -1.18666  
217.900    -1.18709  
218.000    -1.18752  
218.100    -1.18794  
218.200    -1.18837  
218.300    -1.18880  
218.400    -1.18922  
218.500    -1.18965  
218.600    -1.19008  
218.700    -1.19050  
218.800    -1.19093  
218.900    -1.19135  
219.000    -1.19178  
219.100    -1.19220  
219.200    -1.19263  
219.300    -1.19305  
219.400    -1.19348  
219.500    -1.19390  
219.600    -1.19433  
219.700    -1.19475  
219.800    -1.19517  
219.900    -1.19560  
220.000    -1.19602  
220.100    -1.19644  
220.200    -1.19686  
220.300    -1.19729  
220.400    -1.19771  
220.500    -1.19813  
220.600    -1.19855  
220.700    -1.19898  
220.800    -1.19940  
220.900    -1.19982  
221.000    -1.20024  
221.100    -1.20066  
221.200    -1.20108  
221.300    -1.20150  
221.400    -1.20192  
221.500    -1.20234  
221.600    -1.20276  
221.700    -1.20318  
221.800    -1.20360  
221.900    -1.20402  
222.000    -1.20444  
222.100    -1.20486  
222.200    -1.20528  
222.300    -1.20570  
222.400    -1.20611  
222.500    -1.20653  
222.600    -1.20695  
222.700    -1.20737  
222.800    -1.20779  
222.900    -1.20820  
223.000    -1.20862  
223.100    -1.20904  
223.200    -1.20945  
223.300    -1.20987  
223.400    -1.21029  
223.500    -1.21070  
223.600    -1.21112  
223.700    -1.21153  
223.800    -1.21195  
223.900    -1.21237  
224.000    -1.21278  
224.100    -1.21320  
224.200    -1.21361  
224.300    -1.21402  
224.400    -1.21444  
224.500    -1.21485  
224.600    -1.21527  
224.700    -1.21568  
224.800    -1.21609  
224.900    -1.21651  
225.000    -1.21692  
225.100    -1.21733  
225.200    -1.21775  
225.300    -1.21816  
225.400    -1.21857  
225.500    -1.21898  
225.600    -1.21940  
225.700    -1.21981  
225.800    -1.22022  
225.900    -1.22063  
226.000    -1.22104  
226.100    -1.22145  
226.200    -1.22186  
226.300    -1.22227  
226.400    -1.22268  
226.500    -1.22309  
226.600    -1.22350  
226.700    -1.22391  
226.800    -1.22432  
226.900    -1.22473  
227.000    -1.22514  
227.100    -1.22555  
227.200    -1.22596  
227.300    -1.22637  
227.400    -1.22678  
227.500    -1.22718  
227.600    -1.22759  
227.700    -1.22800  
227.800    -1.22841  
227.900    -1.22882  
228.000    -1.22922  
228.100    -1.22963  
228.200    -1.23004  
228.300    -1.23044  
228.400    -1.23085  
228.500    -1.23126  
228.600    -1.23166  
228.700    -1.23207  
228.800    -1.23247  
228.900    -1.23288  
229.000    -1.23328  
229.100    -1.23369  
229.200    -1.23409  
229.300    -1.23450  
229.400    -1.23490  
229.500    -1.23531  
229.600    -1.23571  
229.700    -1.23611  
229.800    -1.23652  
229.900    -1.23692  
230.000    -1.23732  
230.100    -1.23773  
230.200    -1.23813  
230.300    -1.23853  
230.400    -1.23893  
230.500    -1.23934  
230.600    -1.23974  
230.700    -1.24014  
230.800    -1.24054  
230.900    -1.24094  
231.000    -1.24135  
231.100    -1.24175  
231.200    -1.24215  
231.300    -1.24255  
231.400    -1.24295  
231.500    -1.24335  
231.600    -1.24375  
231.700    -1.24415  
231.800    -1.24455  
231.900    -1.24495  
232.000    -1.24535  
232.100    -1.24575  
232.200    -1.24614  
232.300    -1.24654  
232.400    -1.24694  
232.500    -1.24734  
232.600    -1.24774  
232.700    -1.24814  
232.800    -1.24853  
232.900    -1.24893  
233.000    -1.24933  
233.100    -1.24972  
233.200    -1.25012  
233.300    -1.25052  
233.400    -1.25091  
233.500    -1.25131  
233.600    -1.25171  
233.700    -1.25210  
233.800    -1.25250  
233.900    -1.25289  
234.000    -1.25329  
234.100    -1.25368  
234.200    -1.25408  
234.300    -1.25447  
234.400    -1.25487  
234.500    -1.25526  
234.600    -1.25566  
234.700    -1.25605  
234.800    -1.25644  
234.900    -1.25684  
235.000    -1.25723  
235.100    -1.25762  
235.200    -1.25802  
235.300    -1.25841  
235.400    -1.25880  
235.500    -1.25919  
235.600    -1.25959  
235.700    -1.25998  
235.800    -1.26037  
235.900    -1.26076  
236.000    -1.26115  
236.100    -1.26154  
236.200    -1.26194  
236.300    -1.26233  
236.400    -1.26272  
236.500    -1.26311  
236.600    -1.26350  
236.700    -1.26389  
236.800    -1.26428  
236.900    -1.26467  
237.000    -1.26506  
237.100    -1.26544  
237.200    -1.26583  
237.300    -1.26622  
237.400    -1.26661  
237.500    -1.26700  
237.600    -1.26739  
237.700    -1.26778  
237.800    -1.26816  
237.900    -1.26855  
238.000    -1.26894  
238.100    -1.26933  
238.200    -1.26971  
238.300    -1.27010  
238.400    -1.27049  
238.500    -1.27087  
238.600    -1.27126  
238.700    -1.27164  
238.800    -1.27203  
238.900    -1.27242  
239.000    -1.27280  
239.100    -1.27319  
239.200    -1.27357  
239.300    -1.27396  
239.400    -1.27434  
239.500    -1.27473  
239.600    -1.27511  
239.700    -1.27549  
239.800    -1.27588  
239.900    -1.27626  
240.000    -1.27664  
240.100    -1.27703  
240.200    -1.27741  
240.300    -1.27779  
240.400    -1.27818  
240.500    -1.27856  
240.600    -1.27894  
240.700    -1.27932  
240.800    -1.27971  
240.900    -1.28009  
241.000    -1.28047  
241.100    -1.28085  
241.200    -1.28123  
241.300    -1.28161  
241.400    -1.28199  
241.500    -1.28237  
241.600    -1.28275  
241.700    -1.28313  
241.800    -1.28351  
241.900    -1.28389  
242.000    -1.28427  
242.100    -1.28465  
242.200    -1.28503  
242.300    -1.28541  
242.400    -1.28579  
242.500    -1.28617  
242.600    -1.28655  
242.700    -1.28693  
242.800    -1.28730  
242.900    -1.28768  
243.000    -1.28806  
243.100    -1.28844  
243.200    -1.28881  
243.300    -1.28919  
243.400    -1.28957  
243.500    -1.28994  
243.600    -1.29032  
243.700    -1.29070  
243.800    -1.29107  
243.900    -1.29145  
244.000    -1.29182  
244.100    -1.29220  
244.200    -1.29258  
244.300    -1.29295  
244.400    -1.29333  
244.500    -1.29370  
244.600    -1.29407  
244.700    -1.29445  
244.800    -1.29482  
244.900    -1.29520  
245.000    -1.29557  
245.100    -1.29594  
245.200    -1.29632  
245.300    -1.29669  
245.400    -1.29706  
245.500    -1.29744  
245.600    -1.29781  
245.700    -1.29818  
245.800    -1.29855  
245.900    -1.29893  
246.000    -1.29930  
246.100    -1.29967  
246.200    -1.30004  
246.300    -1.30041  
246.400    -1.30078  
246.500    -1.30115  
246.600    -1.30152  
246.700    -1.30190  
246.800    -1.30227  
246.900    -1.30264  
247.000    -1.30301  
247.100    -1.30338  
247.200    -1.30374  
247.300    -1.30411  
247.400    -1.30448  
247.500    -1.30485  
247.600    -1.30522  
247.700    -1.30559  
247.800    -1.30596  
247.900    -1.30633  
248.000    -1.30669  
248.100    -1.30706  
248.200    -1.30743  
248.300    -1.30780  
248.400    -1.30816  
248.500    -1.30853  
248.600    -1.30890  
248.700    -1.30926  
248.800    -1.30963  
248.900    -1.31000  
249.000    -1.31036  
249.100    -1.31073  
249.200    -1.31109  
249.300    -1.31146  
249.400    -1.31182  
249.500    -1.31219  
249.600    -1.31255  
249.700    -1.31292  
249.800    -1.31328  
249.900    -1.31365  
250.000    -1.31401  
250.100    -1.31438  
250.200    -1.31474  
250.300    -1.31510  
250.400    -1.31547  
250.500    -1.31583  
250.600    -1.31619  
250.700    -1.31656  
250.800    -1.31692  
250.900    -1.31728  
251.000    -1.31764  
251.100    -1.31800  
251.200    -1.31837  
251.300    -1.31873  
251.400    -1.31909  
251.500    -1.31945  
251.600    -1.31981  
251.700    -1.32017  
251.800    -1.32053  
251.900    -1.32089  
252.000    -1.32125  
252.100    -1.32161  
252.200    -1.32197  
252.300    -1.32233  
252.400    -1.32269  
252.500    -1.32305  
252.600    -1.32341  
252.700    -1.32377  
252.800    -1.32413  
252.900    -1.32449  
253.000    -1.32485  
253.100    -1.32520  
253.200    -1.32556  
253.300    -1.32592  
253.400    -1.32628  
253.500    -1.32663  
253.600    -1.32699  
253.700    -1.32735  
253.800    -1.32771  
253.900    -1.32806  
254.000    -1.32842  
254.100    -1.32877  
254.200    -1.32913  
254.300    -1.32949  
254.400    -1.32984  
254.500    -1.33020  
254.600    -1.33055  
254.700    -1.33091  
254.800    -1.33126  
254.900    -1.33162  
255.000    -1.33197  
255.100    -1.33233  
255.200    -1.33268  
255.300    -1.33303  
255.400    -1.33339  
255.500    -1.33374  
255.600    -1.33410  
255.700    -1.33445  
255.800    -1.33480  
255.900    -1.33515  
256.000    -1.33551  
256.100    -1.33586  
256.200    -1.33621  
256.300    -1.33656  
256.400    -1.33692  
256.500    -1.33727  
256.600    -1.33762  
256.700    -1.33797  
256.800    -1.33832  
256.900    -1.33867  
257.000    -1.33902  
257.100    -1.33937  
257.200    -1.33972  
257.300    -1.34007  
257.400    -1.34042  
257.500    -1.34077  
257.600    -1.34112  
257.700    -1.34147  
257.800    -1.34182  
257.900    -1.34217  
258.000    -1.34252  
258.100    -1.34287  
258.200    -1.34322  
258.300    -1.34356  
258.400    -1.34391  
258.500    -1.34426  
258.600    -1.34461  
258.700    -1.34496  
258.800    -1.34530  
258.900    -1.34565  
259.000    -1.34600  
259.100    -1.34634  
259.200    -1.34669  
259.300    -1.34704  
259.400    -1.34738  
259.500    -1.34773  
259.600    -1.34807  
259.700    -1.34842  
259.800    -1.34876  
259.900    -1.34911  
260.000    -1.34945  
260.100    -1.34980  
260.200    -1.35014  
260.300    -1.35049  
260.400    -1.35083  
260.500    -1.35118  
260.600    -1.35152  
260.700    -1.35186  
260.800    -1.35221  
260.900    -1.35255  
261.000    -1.35289  
261.100    -1.35324  
261.200    -1.35358  
261.300    -1.35392  
261.400    -1.35427  
261.500    -1.35461  
261.600    -1.35495  
261.700    -1.35529  
261.800    -1.35563  
261.900    -1.35597  
262.000    -1.35632  
262.100    -1.35666  
262.200    -1.35700  
262.300    -1.35734  
262.400    -1.35768  
262.500    -1.35802  
262.600    -1.35836  
262.700    -1.35870  
262.800    -1.35904  
262.900    -1.35938  
263.000    -1.35972  
263.100    -1.36006  
263.200    -1.36040  
263.300    -1.36073  
263.400    -1.36107  
263.500    -1.36141  
263.600    -1.36175  
263.700    -1.36209  
263.800    -1.36243  
263.900    -1.36276  
264.000    -1.36310  
264.100    -1.36344  
264.200    -1.36378  
264.300    -1.36411  
264.400    -1.36445  
264.500    -1.36479  
264.600    -1.36512  
264.700    -1.36546  
264.800    -1.36579  
264.900    -1.36613  
265.000    -1.36646  
265.100    -1.36680  
265.200    -1.36714  
265.300    -1.36747  
265.400    -1.36781  
265.500    -1.36814  
265.600    -1.36847  
265.700    -1.36881  
265.800    -1.36914  
265.900    -1.36948  
266.000    -1.36981  
266.100    -1.37014  
266.200    -1.37048  
266.300    -1.37081  
266.400    -1.37114  
266.500    -1.37148  
266.600    -1.37181  
266.700    -1.37214  
266.800    -1.37247  
266.900    -1.37281  
267.000    -1.37314  
267.100    -1.37347  
267.200    -1.37380  
267.300    -1.37413  
267.400    -1.37446  
267.500    -1.37479  
267.600    -1.37512  
267.700    -1.37545  
267.800    -1.37579  
267.900    -1.37612  
268.000    -1.37645  
268.100    -1.37677  
268.200    -1.37710  
268.300    -1.37743  
268.400    -1.37776  
268.500    -1.37809  
268.600    -1.37842  
268.700    -1.37875  
268.800    -1.37908  
268.900    -1.37941  
269.000    -1.37973  
269.100    -1.38006  
269.200    -1.38039  
269.300    -1.38072  
269.400    -1.38104  
269.500    -1.38137  
269.600    -1.38170  
269.700    -1.38203  
269.800    -1.38235  
269.900    -1.38268  
270.000    -1.38300  
270.100    -1.38333  
270.200    -1.38366  
270.300    -1.38398  
270.400    -1.38431  
270.500    -1.38463  
270.600    -1.38496  
270.700    -1.38528  
270.800    -1.38561  
270.900    -1.38593  
271.000    -1.38626  
271.100    -1.38658  
271.200    -1.38691  
271.300    -1.38723  
271.400    -1.38755  
271.500    -1.38788  
271.600    -1.38820  
271.700    -1.38852  
271.800    -1.38885  
271.900    -1.38917  
272.000    -1.38949  
272.100    -1.38981  
272.200    -1.39013  
272.300    -1.39046  
272.400    -1.39078  
272.500    -1.39110  
272.600    -1.39142  
272.700    -1.39174  
272.800    -1.39206  
272.900    -1.39238  
273.000    -1.39271  
273.100    -1.39303  
273.200    -1.39335  
273.300    -1.39367  
273.400    -1.39399  
273.500    -1.39431  
273.600    -1.39463  
273.700    -1.39494  
273.800    -1.39526  
273.900    -1.39558  
274.000    -1.39590  
274.100    -1.39622  
274.200    -1.39654  
274.300    -1.39686  
274.400    -1.39718  
274.500    -1.39749  
274.600    -1.39781  
274.700    -1.39813  
274.800    -1.39845  
274.900    -1.39876  
275.000    -1.39908  
275.100    -1.39940  
275.200    -1.39971  
275.300    -1.40003  
275.400    -1.40035  
275.500    -1.40066  
275.600    -1.40098  
275.700    -1.40129  
275.800    -1.40161  
275.900    -1.40192  
276.000    -1.40224  
276.100    -1.40255  
276.200    -1.40287  
276.300    -1.40318  
276.400    -1.40350  
276.500    -1.40381  
276.600    -1.40413  
276.700    -1.40444  
276.800    -1.40475  
276.900    -1.40507  
277.000    -1.40538  
277.100    -1.40569  
277.200    -1.40601  
277.300    -1.40632  
277.400    -1.40663  
277.500    -1.40694  
277.600    -1.40726  
277.700    -1.40757  
277.800    -1.40788  
277.900    -1.40819  
278.000    -1.40850  
278.100    -1.40882  
278.200    -1.40913  
278.300    -1.40944  
278.400    -1.40975  
278.500    -1.41006  
278.600    -1.41037  
278.700    -1.41068  
278.800    -1.41099  
278.900    -1.41130  
279.000    -1.41161  
279.100    -1.41192  
279.200    -1.41223  
279.300    -1.41254  
279.400    -1.41285  
279.500    -1.41315  
279.600    -1.41346  
279.700    -1.41377  
279.800    -1.41408  
279.900    -1.41439  
280.000    -1.41469  
280.100    -1.41500  
280.200    -1.41531  
280.300    -1.41562  
280.400    -1.41592  
280.500    -1.41623  
280.600    -1.41654  
280.700    -1.41684  
280.800    -1.41715  
280.900    -1.41746  
281.000    -1.41776  
281.100    -1.41807  
281.200    -1.41837  
281.300    -1.41868  
281.400    -1.41899  
281.500    -1.41929  
281.600    -1.41960  
281.700    -1.41990  
281.800    -1.42020  
281.900    -1.42051  
282.000    -1.42081  
282.100    -1.42112  
282.200    -1.42142  
282.300    -1.42172  
282.400    -1.42203  
282.500    -1.42233  
282.600    -1.42263  
282.700    -1.42294  
282.800    -1.42324  
282.900    -1.42354  
283.000    -1.42384  
283.100    -1.42415  
283.200    -1.42445  
283.300    -1.42475  
283.400    -1.42505  
283.500    -1.42535  
283.600    -1.42565  
283.700    -1.42596  
283.800    -1.42626  
283.900    -1.42656  
284.000    -1.42686  
284.100    -1.42716  
284.200    -1.42746  
284.300    -1.42776  
284.400    -1.42806  
284.500    -1.42836  
284.600    -1.42866  
284.700    -1.42896  
284.800    -1.42926  
284.900    -1.42955  
285.000    -1.42985  
285.100    -1.43015  
285.200    -1.43045  
285.300    -1.43075  
285.400    -1.43105  
285.500    -1.43134  
285.600    -1.43164  
285.700    -1.43194  
285.800    -1.43224  
285.900    -1.43253  
286.000    -1.43283  
286.100    -1.43313  
286.200    -1.43342  
286.300    -1.43372  
286.400    -1.43402  
286.500    -1.43431  
286.600    -1.43461  
286.700    -1.43490  
286.800    -1.43520  
286.900    -1.43549  
287.000    -1.43579  
287.100    -1.43608  
287.200    -1.43638  
287.300    -1.43667  
287.400    -1.43697  
287.500    -1.43726  
287.600    -1.43756  
287.700    -1.43785  
287.800    -1.43814  
287.900    -1.43844  
288.000    -1.43873  
288.100    -1.43902  
288.200    -1.43932  
288.300    -1.43961  
288.400    -1.43990  
288.500    -1.44019  
288.600    -1.44049  
288.700    -1.44078  
288.800    -1.44107  
288.900    -1.44136  
289.000    -1.44165  
289.100    -1.44195  
289.200    -1.44224  
289.300    -1.44253  
289.400    -1.44282  
289.500    -1.44311  
289.600    -1.44340  
289.700    -1.44369  
289.800    -1.44398  
289.900    -1.44427  
290.000    -1.44456  
290.100    -1.44485  
290.200    -1.44514  
290.300    -1.44543  
290.400    -1.44572  
290.500    -1.44600  
290.600    -1.44629  
290.700    -1.44658  
290.800    -1.44687  
290.900    -1.44716  
291.000    -1.44745  
291.100    -1.44773  
291.200    -1.44802  
291.300    -1.44831  
291.400    -1.44860  
291.500    -1.44888  
291.600    -1.44917  
291.700    -1.44946  
291.800    -1.44974  
291.900    -1.45003  
292.000    -1.45032  
292.100    -1.45060  
292.200    -1.45089  
292.300    -1.45117  
292.400    -1.45146  
292.500    -1.45174  
292.600    -1.45203  
292.700    -1.45231  
292.800    -1.45260  
292.900    -1.45288  
293.000    -1.45317  
293.100    -1.45345  
293.200    -1.45374  
293.300    -1.45402  
293.400    -1.45430  
293.500    -1.45459  
293.600    -1.45487  
293.700    -1.45515  
293.800    -1.45544  
293.900    -1.45572  
294.000    -1.45600  
294.100    -1.45628  
294.200    -1.45657  
294.300    -1.45685  
294.400    -1.45713  
294.500    -1.45741  
294.600    -1.45769  
294.700    -1.45797  
294.800    -1.45826  
294.900    -1.45854  
295.000    -1.45882  
295.100    -1.45910  
295.200    -1.45938  
295.300    -1.45966  
295.400    -1.45994  
295.500    -1.46022  
295.600    -1.46050  
295.700    -1.46078  
295.800    -1.46106  
295.900    -1.46134  
296.000    -1.46162  
296.100    -1.46190  
296.200    -1.46217  
296.300    -1.46245  
296.400    -1.46273  
296.500    -1.46301  
296.600    -1.46329  
296.700    -1.46356  
296.800    -1.46384  
296.900    -1.46412  
297.000    -1.46440  
297.100    -1.46467  
297.200    -1.46495  
297.300    -1.46523  
297.400    -1.46550  
297.500    -1.46578  
297.600    -1.46606  
297.700    -1.46633  
297.800    -1.46661  
297.900    -1.46688  
298.000    -1.46716  
298.100    -1.46744  
298.200    -1.46771  
298.300    -1.46799  
298.400    -1.46826  
298.500    -1.46854  
298.600    -1.46881  
298.700    -1.46908  
298.800    -1.46936  
298.900    -1.46963  
299.000    -1.46991  
299.100    -1.47018  
299.200    -1.47045  
299.300    -1.47073  
299.400    -1.47100  
299.500    -1.47127  
299.600    -1.47154  
299.700    -1.47182  
299.800    -1.47209  
299.900    -1.47236  
300.000    -1.47263  
300.100    -1.47291  
300.200    -1.47318  
300.300    -1.47345  
300.400    -1.47372  
300.500    -1.47399  
300.600    -1.47426  
300.700    -1.47453  
300.800    -1.47480  
300.900    -1.47507  
301.000    -1.47534  
301.100    -1.47561  
301.200    -1.47588  
301.300    -1.47615  
301.400    -1.47642  
301.500    -1.47669  
301.600    -1.47696  
301.700    -1.47723  
301.800    -1.47750  
301.900    -1.47777  
302.000    -1.47804  
302.100    -1.47831  
302.200    -1.47857  
302.300    -1.47884  
302.400    -1.47911  
302.500    -1.47938  
302.600    -1.47964  
302.700    -1.47991  
302.800    -1.48018  
302.900    -1.48045  
303.000    -1.48071  
303.100    -1.48098  
303.200    -1.48125  
303.300    -1.48151  
303.400    -1.48178  
303.500    -1.48204  
303.600    -1.48231  
303.700    -1.48258  
303.800    -1.48284  
303.900    -1.48311  
304.000    -1.48337  
304.100    -1.48364  
304.200    -1.48390  
304.300    -1.48417  
304.400    -1.48443  
304.500    -1.48469  
304.600    -1.48496  
304.700    -1.48522  
304.800    -1.48549  
304.900    -1.48575  
305.000    -1.48601  
305.100    -1.48628  
305.200    -1.48654  
305.300    -1.48680  
305.400    -1.48706  
305.500    -1.48733  
305.600    -1.48759  
305.700    -1.48785  
305.800    -1.48811  
305.900    -1.48837  
306.000    -1.48864  
306.100    -1.48890  
306.200    -1.48916  
306.300    -1.48942  
306.400    -1.48968  
306.500    -1.48994  
306.600    -1.49020  
306.700    -1.49046  
306.800    -1.49072  
306.900    -1.49098  
307.000    -1.49124  
307.100    -1.49150  
307.200    -1.49176  
307.300    -1.49202  
307.400    -1.49228  
307.500    -1.49254  
307.600    -1.49280  
307.700    -1.49306  
307.800    -1.49331  
307.900    -1.49357  
308.000    -1.49383  
308.100    -1.49409  
308.200    -1.49435  
308.300    -1.49460  
308.400    -1.49486  
308.500    -1.49512  
308.600    -1.49538  
308.700    -1.49563  
308.800    -1.49589  
308.900    -1.49615  
309.000    -1.49640  
309.100    -1.49666  
309.200    -1.49691  
309.300    -1.49717  
309.400    -1.49743  
309.500    -1.49768  
309.600    -1.49794  
309.700    -1.49819  
309.800    -1.49845  
309.900    -1.49870  
310.000    -1.49896  
310.100    -1.49921  
310.200    -1.49946  
310.300    -1.49972  
310.400    -1.49997  
310.500    -1.50023  
310.600    -1.50048  
310.700    -1.50073  
310.800    -1.50099  
310.900    -1.50124  
311.000    -1.50149  
311.100    -1.50175  
311.200    -1.50200  
311.300    -1.50225  
311.400    -1.50250  
311.500    -1.50276  
311.600    -1.50301  
311.700    -1.50326  
311.800    -1.50351  
311.900    -1.50376  
312.000    -1.50401  
312.100    -1.50426  
312.200    -1.50452  
312.300    -1.50477  
312.400    -1.50502  
312.500    -1.50527  
312.600    -1.50552  
312.700    -1.50577  
312.800    -1.50602  
312.900    -1.50627  
313.000    -1.50652  
313.100    -1.50677  
313.200    -1.50701  
313.300    -1.50726  
313.400    -1.50751  
313.500    -1.50776  
313.600    -1.50801  
313.700    -1.50826  
313.800    -1.50851  
313.900    -1.50875  
314.000    -1.50900  
314.100    -1.50925  
314.200    -1.50950  
314.300    -1.50974  
314.400    -1.50999  
314.500    -1.51024  
314.600    -1.51049  
314.700    -1.51073  
314.800    -1.51098  
314.900    -1.51122  
315.000    -1.51147  
315.100    -1.51172  
315.200    -1.51196  
315.300    -1.51221  
315.400    -1.51245  
315.500    -1.51270  
315.600    -1.51294  
315.700    -1.51319  
315.800    -1.51343  
315.900    -1.51368  
316.000    -1.51392  
316.100    -1.51417  
316.200    -1.51441  
316.300    -1.51466  
316.400    -1.51490  
316.500    -1.51514  
316.600    -1.51539  
316.700    -1.51563  
316.800    -1.51587  
316.900    -1.51612  
317.000    -1.51636  
317.100    -1.51660  
317.200    -1.51684  
317.300    -1.51709  
317.400    -1.51733  
317.500    -1.51757  
317.600    -1.51781  
317.700    -1.51805  
317.800    -1.51829  
317.900    -1.51854  
318.000    -1.51878  
318.100    -1.51902  
318.200    -1.51926  
318.300    -1.51950  
318.400    -1.51974  
318.500    -1.51998  
318.600    -1.52022  
318.700    -1.52046  
318.800    -1.52070  
318.900    -1.52094  
319.000    -1.52118  
319.100    -1.52142  
319.200    -1.52166  
319.300    -1.52189  
319.400    -1.52213  
319.500    -1.52237  
319.600    -1.52261  
319.700    -1.52285  
319.800    -1.52309  
319.900    -1.52332  
320.000    -1.52356  
320.100    -1.52380  
320.200    -1.52404  
320.300    -1.52427  
320.400    -1.52451  
320.500    -1.52475  
320.600    -1.52498  
320.700    -1.52522  
320.800    -1.52546  
320.900    -1.52569  
321.000    -1.52593  
321.100    -1.52617  
321.200    -1.52640  
321.300    -1.52664  
321.400    -1.52687  
321.500    -1.52711  
321.600    -1.52734  
321.700    -1.52758  
321.800    -1.52781  
321.900    -1.52805  
322.000    -1.52828  
322.100    -1.52851  
322.200    -1.52875  
322.300    -1.52898  
322.400    -1.52922  
322.500    -1.52945  
322.600    -1.52968  
322.700    -1.52992  
322.800    -1.53015  
322.900    -1.53038  
323.000    -1.53062  
323.100    -1.53085  
323.200    -1.53108  
323.300    -1.53131  
323.400    -1.53154  
323.500    -1.53178  
323.600    -1.53201  
323.700    -1.53224  
323.800    -1.53247  
323.900    -1.53270  
324.000    -1.53293  
324.100    -1.53316  
324.200    -1.53339  
324.300    -1.53362  
324.400    -1.53386  
324.500    -1.53409  
324.600    -1.53432  
324.700    -1.53455  
324.800    -1.53478  
324.900    -1.53500  
325.000    -1.53523  
325.100    -1.53546  
325.200    -1.53569  
325.300    -1.53592  
325.400    -1.53615  
325.500    -1.53638  
325.600    -1.53661  
325.700    -1.53684  
325.800    -1.53706  
325.900    -1.53729  
326.000    -1.53752  
326.100    -1.53775  
326.200    -1.53797  
326.300    -1.53820  
326.400    -1.53843  
326.500    -1.53865  
326.600    -1.53888  
326.700    -1.53911  
326.800    -1.53933  
326.900    -1.53956  
327.000    -1.53979  
327.100    -1.54001  
327.200    -1.54024  
327.300    -1.54046  
327.400    -1.54069  
327.500    -1.54091  
327.600    -1.54114  
327.700    -1.54136  
327.800    -1.54159  
327.900    -1.54181  
328.000    -1.54204  
328.100    -1.54226  
328.200    -1.54249  
328.300    -1.54271  
328.400    -1.54293  
328.500    -1.54316  
328.600    -1.54338  
328.700    -1.54361  
328.800    -1.54383  
328.900    -1.54405  
329.000    -1.54427  
329.100    -1.54450  
329.200    -1.54472  
329.300    -1.54494  
329.400    -1.54516  
329.500    -1.54539  
329.600    -1.54561  
329.700    -1.54583  
329.800    -1.54605  
329.900    -1.54627  
330.000    -1.54649  
330.100    -1.54671  
330.200    -1.54693  
330.300    -1.54716  
330.400    -1.54738  
330.500    -1.54760  
330.600    -1.54782  
330.700    -1.54804  
330.800    -1.54826  
330.900    -1.54848  
331.000    -1.54870  
331.100    -1.54891  
331.200    -1.54913  
331.300    -1.54935  
331.400    -1.54957  
331.500    -1.54979  
331.600    -1.55001  
331.700    -1.55023  
331.800    -1.55045  
331.900    -1.55066  
332.000    -1.55088  
332.100    -1.55110  
332.200    -1.55132  
332.300    -1.55153  
332.400    -1.55175  
332.500    -1.55197  
332.600    -1.55219  
332.700    -1.55240  
332.800    -1.55262  
332.900    -1.55284  
333.000    -1.55305  
333.100    -1.55327  
333.200    -1.55348  
333.300    -1.55370  
333.400    -1.55391  
333.500    -1.55413  
333.600    -1.55435  
333.700    -1.55456  
333.800    -1.55478  
333.900    -1.55499  
334.000    -1.55520  
334.100    -1.55542  
334.200    -1.55563  
334.300    -1.55585  
334.400    -1.55606  
334.500    -1.55628  
334.600    -1.55649  
334.700    -1.55670  
334.800    -1.55692  
334.900    -1.55713  
335.000    -1.55734  
335.100    -1.55755  
335.200    -1.55777  
335.300    -1.55798  
335.400    -1.55819  
335.500    -1.55840  
335.600    -1.55862  
335.700    -1.55883  
335.800    -1.55904  
335.900    -1.55925  
336.000    -1.55946  
336.100    -1.55967  
336.200    -1.55989  
336.300    -1.56010  
336.400    -1.56031  
336.500    -1.56052  
336.600    -1.56073  
336.700    -1.56094  
336.800    -1.56115  
336.900    -1.56136  
337.000    -1.56157  
337.100    -1.56178  
337.200    -1.56199  
337.300    -1.56220  
337.400    -1.56241  
337.500    -1.56261  
337.600    -1.56282  
337.700    -1.56303  
337.800    -1.56324  
337.900    -1.56345  
338.000    -1.56366  
338.100    -1.56386  
338.200    -1.56407  
338.300    -1.56428  
338.400    -1.56449  
338.500    -1.56469  
338.600    -1.56490  
338.700    -1.56511  
338.800    -1.56532  
338.900    -1.56552  
339.000    -1.56573  
339.100    -1.56594  
339.200    -1.56614  
339.300    -1.56635  
339.400    -1.56655  
339.500    -1.56676  
339.600    -1.56697  
339.700    -1.56717  
339.800    -1.56738  
339.900    -1.56758  
340.000    -1.56779  
340.100    -1.56799  
340.200    -1.56820  
340.300    -1.56840  
340.400    -1.56860  
340.500    -1.56881  
340.600    -1.56901  
340.700    -1.56922  
340.800    -1.56942  
340.900    -1.56962  
341.000    -1.56983  
341.100    -1.57003  
341.200    -1.57023  
341.300    -1.57044  
341.400    -1.57064  
341.500    -1.57084  
341.600    -1.57104  
341.700    -1.57125  
341.800    -1.57145  
341.900    -1.57165  
342.000    -1.57185  
342.100    -1.57205  
342.200    -1.57225  
342.300    -1.57246  
342.400    -1.57266  
342.500    -1.57286  
342.600    -1.57306  
342.700    -1.57326  
342.800    -1.57346  
342.900    -1.57366  
343.000    -1.57386  
343.100    -1.57406  
343.200    -1.57426  
343.300    -1.57446  
343.400    -1.57466  
343.500    -1.57486  
343.600    -1.57506  
343.700    -1.57526  
343.800    -1.57546  
343.900    -1.57566  
344.000    -1.57585  
344.100    -1.57605  
344.200    -1.57625  
344.300    -1.57645  
344.400    -1.57665  
344.500    -1.57684  
344.600    -1.57704  
344.700    -1.57724  
344.800    -1.57744  
344.900    -1.57763  
345.000    -1.57783  
345.100    -1.57803  
345.200    -1.57822  
345.300    -1.57842  
345.400    -1.57862  
345.500    -1.57881  
345.600    -1.57901  
345.700    -1.57921  
345.800    -1.57940  
345.900    -1.57960  
346.000    -1.57979  
346.100    -1.57999  
346.200    -1.58018  
346.300    -1.58038  
346.400    -1.58057  
346.500    -1.58077  
346.600    -1.58096  
346.700    -1.58116  
346.800    -1.58135  
346.900    -1.58154  
347.000    -1.58174  
347.100    -1.58193  
347.200    -1.58213  
347.300    -1.58232  
347.400    -1.58251  
347.500    -1.58271  
347.600    -1.58290  
347.700    -1.58309  
347.800    -1.58328  
347.900    -1.58348  
348.000    -1.58367  
348.100    -1.58386  
348.200    -1.58405  
348.300    -1.58424  
348.400    -1.58444  
348.500    -1.58463  
348.600    -1.58482  
348.700    -1.58501  
348.800    -1.58520  
348.900    -1.58539  
349.000    -1.58558  
349.100    -1.58577  
349.200    -1.58596  
349.300    -1.58615  
349.400    -1.58634  
349.500    -1.58653  
349.600    -1.58672  
349.700    -1.58691  
349.800    -1.58710  
349.900    -1.58729  
350.000    -1.58748  