 0.000     0.00000  
  0.100     0.00000  
  0.200     0.00000  
  0.300     0.00000  
  0.400     0.00000  
  0.500     0.00000  
  0.600     0.00000  
  0.700     0.00000  
  0.800     0.00000  
  0.900     0.00000  
  1.000     0.00000  
  1.100     0.00000  
  1.200     0.00000  
  1.300     0.00000  
  1.400     0.00000  
  1.500     0.00000  
  1.600     0.00000  
  1.700     0.00000  
  1.800     0.00000  
  1.900     0.00000  
  2.000     0.00000  
  2.100     0.00000  
  2.200     0.00000  
  2.300     0.00001  
  2.400     0.00001  
  2.500     0.00001  
  2.600     0.00001  
  2.700     0.00001  
  2.800     0.00001  
  2.900     0.00001  
  3.000     0.00001  
  3.100     0.00002  
  3.200     0.00002  
  3.300     0.00002  
  3.400     0.00002  
  3.500     0.00003  
  3.600     0.00003  
  3.700     0.00003  
  3.800     0.00004  
  3.900     0.00004  
  4.000     0.00004  
  4.100     0.00005  
  4.200     0.00005  
  4.300     0.00006  
  4.400     0.00006  
  4.500     0.00007  
  4.600     0.00007  
  4.700     0.00008  
  4.800     0.00008  
  4.900     0.00009  
  5.000     0.00009  
  5.100     0.00010  
  5.200     0.00011  
  5.300     0.00012  
  5.400     0.00013  
  5.500     0.00013  
  5.600     0.00014  
  5.700     0.00015  
  5.800     0.00016  
  5.900     0.00017  
  6.000     0.00018  
  6.100     0.00019  
  6.200     0.00020  
  6.300     0.00022  
  6.400     0.00023  
  6.500     0.00024  
  6.600     0.00025  
  6.700     0.00027  
  6.800     0.00028  
  6.900     0.00029  
  7.000     0.00031  
  7.100     0.00032  
  7.200     0.00034  
  7.300     0.00036  
  7.400     0.00038  
  7.500     0.00040  
  7.600     0.00041  
  7.700     0.00043  
  7.800     0.00045  
  7.900     0.00047  
  8.000     0.00049  
  8.100     0.00051  
  8.200     0.00053  
  8.300     0.00056  
  8.400     0.00058  
  8.500     0.00061  
  8.600     0.00063  
  8.700     0.00066  
  8.800     0.00068  
  8.900     0.00070  
  9.000     0.00073  
  9.100     0.00076  
  9.200     0.00079  
  9.300     0.00082  
  9.400     0.00085  
  9.500     0.00088  
  9.600     0.00091  
  9.700     0.00094  
  9.800     0.00097  
  9.900     0.00101  
 10.000     0.00104  
 10.100     0.00108  
 10.200     0.00111  
 10.300     0.00115  
 10.400     0.00120  
 10.500     0.00124  
 10.600     0.00129  
 10.700     0.00133  
 10.800     0.00137  
 10.900     0.00142  
 11.000     0.00146  
 11.100     0.00150  
 11.200     0.00154  
 11.300     0.00158  
 11.400     0.00162  
 11.500     0.00166  
 11.600     0.00170  
 11.700     0.00174  
 11.800     0.00179  
 11.900     0.00183  
 12.000     0.00188  
 12.100     0.00194  
 12.200     0.00199  
 12.300     0.00205  
 12.400     0.00211  
 12.500     0.00217  
 12.600     0.00223  
 12.700     0.00229  
 12.800     0.00236  
 12.900     0.00242  
 13.000     0.00248  
 13.100     0.00253  
 13.200     0.00259  
 13.300     0.00265  
 13.400     0.00270  
 13.500     0.00276  
 13.600     0.00282  
 13.700     0.00288  
 13.800     0.00294  
 13.900     0.00300  
 14.000     0.00307  
 14.100     0.00314  
 14.200     0.00321  
 14.300     0.00329  
 14.400     0.00337  
 14.500     0.00344  
 14.600     0.00353  
 14.700     0.00361  
 14.800     0.00369  
 14.900     0.00377  
 15.000     0.00384  
 15.100     0.00392  
 15.200     0.00400  
 15.300     0.00407  
 15.400     0.00414  
 15.500     0.00422  
 15.600     0.00430  
 15.700     0.00437  
 15.800     0.00445  
 15.900     0.00454  
 16.000     0.00462  
 16.100     0.00471  
 16.200     0.00480  
 16.300     0.00490  
 16.400     0.00500  
 16.500     0.00510  
 16.600     0.00520  
 16.700     0.00530  
 16.800     0.00540  
 16.900     0.00550  
 17.000     0.00559  
 17.100     0.00569  
 17.200     0.00579  
 17.300     0.00588  
 17.400     0.00597  
 17.500     0.00607  
 17.600     0.00616  
 17.700     0.00626  
 17.800     0.00636  
 17.900     0.00646  
 18.000     0.00657  
 18.100     0.00668  
 18.200     0.00679  
 18.300     0.00691  
 18.400     0.00703  
 18.500     0.00715  
 18.600     0.00727  
 18.700     0.00739  
 18.800     0.00751  
 18.900     0.00763  
 19.000     0.00775  
 19.100     0.00787  
 19.200     0.00798  
 19.300     0.00810  
 19.400     0.00821  
 19.500     0.00833  
 19.600     0.00845  
 19.700     0.00856  
 19.800     0.00868  
 19.900     0.00881  
 20.000     0.00893  
 20.100     0.00906  
 20.200     0.00920  
 20.300     0.00934  
 20.400     0.00948  
 20.500     0.00962  
 20.600     0.00976  
 20.700     0.00990  
 20.800     0.01005  
 20.900     0.01019  
 21.000     0.01033  
 21.100     0.01047  
 21.200     0.01060  
 21.300     0.01074  
 21.400     0.01088  
 21.500     0.01101  
 21.600     0.01115  
 21.700     0.01129  
 21.800     0.01143  
 21.900     0.01158  
 22.000     0.01173  
 22.100     0.01188  
 22.200     0.01203  
 22.300     0.01219  
 22.400     0.01235  
 22.500     0.01252  
 22.600     0.01268  
 22.700     0.01285  
 22.800     0.01301  
 22.900     0.01318  
 23.000     0.01334  
 23.100     0.01350  
 23.200     0.01366  
 23.300     0.01382  
 23.400     0.01398  
 23.500     0.01414  
 23.600     0.01430  
 23.700     0.01446  
 23.800     0.01462  
 23.900     0.01479  
 24.000     0.01495  
 24.100     0.01512  
 24.200     0.01530  
 24.300     0.01547  
 24.400     0.01565  
 24.500     0.01582  
 24.600     0.01600  
 24.700     0.01619  
 24.800     0.01637  
 24.900     0.01655  
 25.000     0.01673  
 25.100     0.01692  
 25.200     0.01710  
 25.300     0.01729  
 25.400     0.01747  
 25.500     0.01766  
 25.600     0.01785  
 25.700     0.01804  
 25.800     0.01823  
 25.900     0.01843  
 26.000     0.01863  
 26.100     0.01883  
 26.200     0.01903  
 26.300     0.01924  
 26.400     0.01944  
 26.500     0.01965  
 26.600     0.01986  
 26.700     0.02007  
 26.800     0.02028  
 26.900     0.02048  
 27.000     0.02069  
 27.100     0.02089  
 27.200     0.02109  
 27.300     0.02130  
 27.400     0.02150  
 27.500     0.02170  
 27.600     0.02191  
 27.700     0.02211  
 27.800     0.02232  
 27.900     0.02253  
 28.000     0.02275  
 28.100     0.02297  
 28.200     0.02319  
 28.300     0.02342  
 28.400     0.02365  
 28.500     0.02388  
 28.600     0.02411  
 28.700     0.02435  
 28.800     0.02458  
 28.900     0.02481  
 29.000     0.02504  
 29.100     0.02526  
 29.200     0.02548  
 29.300     0.02571  
 29.400     0.02593  
 29.500     0.02615  
 29.600     0.02638  
 29.700     0.02661  
 29.800     0.02684  
 29.900     0.02708  
 30.000     0.02732  
 30.100     0.02757  
 30.200     0.02783  
 30.300     0.02809  
 30.400     0.02836  
 30.500     0.02863  
 30.600     0.02890  
 30.700     0.02918  
 30.800     0.02945  
 30.900     0.02973  
 31.000     0.03000  
 31.100     0.03028  
 31.200     0.03055  
 31.300     0.03082  
 31.400     0.03109  
 31.500     0.03135  
 31.600     0.03162  
 31.700     0.03189  
 31.800     0.03215  
 31.900     0.03242  
 32.000     0.03269  
 32.100     0.03295  
 32.200     0.03322  
 32.300     0.03349  
 32.400     0.03375  
 32.500     0.03402  
 32.600     0.03429  
 32.700     0.03456  
 32.800     0.03483  
 32.900     0.03510  
 33.000     0.03537  
 33.100     0.03564  
 33.200     0.03591  
 33.300     0.03618  
 33.400     0.03645  
 33.500     0.03672  
 33.600     0.03699  
 33.700     0.03726  
 33.800     0.03752  
 33.900     0.03779  
 34.000     0.03805  
 34.100     0.03831  
 34.200     0.03857  
 34.300     0.03883  
 34.400     0.03909  
 34.500     0.03935  
 34.600     0.03961  
 34.700     0.03988  
 34.800     0.04016  
 34.900     0.04044  
 35.000     0.04073  
 35.100     0.04103  
 35.200     0.04134  
 35.300     0.04166  
 35.400     0.04198  
 35.500     0.04231  
 35.600     0.04264  
 35.700     0.04298  
 35.800     0.04331  
 35.900     0.04365  
 36.000     0.04398  
 36.100     0.04431  
 36.200     0.04464  
 36.300     0.04497  
 36.400     0.04529  
 36.500     0.04562  
 36.600     0.04594  
 36.700     0.04626  
 36.800     0.04658  
 36.900     0.04690  
 37.000     0.04723  
 37.100     0.04755  
 37.200     0.04787  
 37.300     0.04819  
 37.400     0.04852  
 37.500     0.04884  
 37.600     0.04917  
 37.700     0.04949  
 37.800     0.04982  
 37.900     0.05015  
 38.000     0.05047  
 38.100     0.05080  
 38.200     0.05113  
 38.300     0.05145  
 38.400     0.05178  
 38.500     0.05211  
 38.600     0.05243  
 38.700     0.05276  
 38.800     0.05308  
 38.900     0.05340  
 39.000     0.05372  
 39.100     0.05404  
 39.200     0.05435  
 39.300     0.05466  
 39.400     0.05498  
 39.500     0.05530  
 39.600     0.05562  
 39.700     0.05595  
 39.800     0.05628  
 39.900     0.05662  
 40.000     0.05697  
 40.100     0.05732  
 40.200     0.05769  
 40.300     0.05806  
 40.400     0.05844  
 40.500     0.05882  
 40.600     0.05921  
 40.700     0.05960  
 40.800     0.05999  
 40.900     0.06038  
 41.000     0.06077  
 41.100     0.06116  
 41.200     0.06154  
 41.300     0.06192  
 41.400     0.06230  
 41.500     0.06268  
 41.600     0.06306  
 41.700     0.06344  
 41.800     0.06382  
 41.900     0.06420  
 42.000     0.06457  
 42.100     0.06495  
 42.200     0.06533  
 42.300     0.06571  
 42.400     0.06609  
 42.500     0.06647  
 42.600     0.06685  
 42.700     0.06723  
 42.800     0.06761  
 42.900     0.06800  
 43.000     0.06838  
 43.100     0.06876  
 43.200     0.06915  
 43.300     0.06953  
 43.400     0.06991  
 43.500     0.07029  
 43.600     0.07067  
 43.700     0.07105  
 43.800     0.07143  
 43.900     0.07181  
 44.000     0.07218  
 44.100     0.07255  
 44.200     0.07293  
 44.300     0.07330  
 44.400     0.07367  
 44.500     0.07404  
 44.600     0.07442  
 44.700     0.07480  
 44.800     0.07519  
 44.900     0.07558  
 45.000     0.07599  
 45.100     0.07640  
 45.200     0.07682  
 45.300     0.07725  
 45.400     0.07768  
 45.500     0.07812  
 45.600     0.07856  
 45.700     0.07901  
 45.800     0.07945  
 45.900     0.07990  
 46.000     0.08034  
 46.100     0.08078  
 46.200     0.08122  
 46.300     0.08166  
 46.400     0.08209  
 46.500     0.08253  
 46.600     0.08296  
 46.700     0.08340  
 46.800     0.08383  
 46.900     0.08426  
 47.000     0.08469  
 47.100     0.08513  
 47.200     0.08556  
 47.300     0.08599  
 47.400     0.08643  
 47.500     0.08686  
 47.600     0.08730  
 47.700     0.08774  
 47.800     0.08817  
 47.900     0.08861  
 48.000     0.08905  
 48.100     0.08948  
 48.200     0.08992  
 48.300     0.09036  
 48.400     0.09080  
 48.500     0.09124  
 48.600     0.09167  
 48.700     0.09211  
 48.800     0.09254  
 48.900     0.09297  
 49.000     0.09340  
 49.100     0.09383  
 49.200     0.09425  
 49.300     0.09468  
 49.400     0.09510  
 49.500     0.09553  
 49.600     0.09597  
 49.700     0.09640  
 49.800     0.09685  
 49.900     0.09730  
 50.000     0.09775  
 50.100     0.09822  
 50.200     0.09869  
 50.300     0.09918  
 50.400     0.09966  
 50.500     0.10016  
 50.600     0.10065  
 50.700     0.10115  
 50.800     0.10165  
 50.900     0.10215  
 51.000     0.10264  
 51.100     0.10314  
 51.200     0.10363  
 51.300     0.10412  
 51.400     0.10461  
 51.500     0.10510  
 51.600     0.10559  
 51.700     0.10607  
 51.800     0.10656  
 51.900     0.10705  
 52.000     0.10753  
 52.100     0.10802  
 52.200     0.10851  
 52.300     0.10900  
 52.400     0.10948  
 52.500     0.10997  
 52.600     0.11046  
 52.700     0.11095  
 52.800     0.11144  
 52.900     0.11193  
 53.000     0.11243  
 53.100     0.11292  
 53.200     0.11341  
 53.300     0.11390  
 53.400     0.11439  
 53.500     0.11488  
 53.600     0.11537  
 53.700     0.11586  
 53.800     0.11635  
 53.900     0.11683  
 54.000     0.11732  
 54.100     0.11780  
 54.200     0.11828  
 54.300     0.11876  
 54.400     0.11924  
 54.500     0.11972  
 54.600     0.12020  
 54.700     0.12070  
 54.800     0.12119  
 54.900     0.12170  
 55.000     0.12221  
 55.100     0.12273  
 55.200     0.12325  
 55.300     0.12379  
 55.400     0.12433  
 55.500     0.12487  
 55.600     0.12542  
 55.700     0.12597  
 55.800     0.12652  
 55.900     0.12707  
 56.000     0.12762  
 56.100     0.12817  
 56.200     0.12871  
 56.300     0.12926  
 56.400     0.12980  
 56.500     0.13034  
 56.600     0.13088  
 56.700     0.13142  
 56.800     0.13196  
 56.900     0.13250  
 57.000     0.13304  
 57.100     0.13358  
 57.200     0.13412  
 57.300     0.13466  
 57.400     0.13520  
 57.500     0.13574  
 57.600     0.13628  
 57.700     0.13682  
 57.800     0.13736  
 57.900     0.13791  
 58.000     0.13845  
 58.100     0.13900  
 58.200     0.13954  
 58.300     0.14008  
 58.400     0.14063  
 58.500     0.14117  
 58.600     0.14171  
 58.700     0.14225  
 58.800     0.14279  
 58.900     0.14333  
 59.000     0.14387  
 59.100     0.14440  
 59.200     0.14493  
 59.300     0.14546  
 59.400     0.14600  
 59.500     0.14653  
 59.600     0.14707  
 59.700     0.14761  
 59.800     0.14816  
 59.900     0.14872  
 60.000     0.14928  
 60.100     0.14985  
 60.200     0.15043  
 60.300     0.15102  
 60.400     0.15161  
 60.500     0.15220  
 60.600     0.15280  
 60.700     0.15340  
 60.800     0.15400  
 60.900     0.15461  
 61.000     0.15521  
 61.100     0.15581  
 61.200     0.15640  
 61.300     0.15700  
 61.400     0.15759  
 61.500     0.15818  
 61.600     0.15877  
 61.700     0.15936  
 61.800     0.15995  
 61.900     0.16054  
 62.000     0.16113  
 62.100     0.16172  
 62.200     0.16231  
 62.300     0.16291  
 62.400     0.16350  
 62.500     0.16409  
 62.600     0.16468  
 62.700     0.16528  
 62.800     0.16587  
 62.900     0.16646  
 63.000     0.16706  
 63.100     0.16765  
 63.200     0.16825  
 63.300     0.16884  
 63.400     0.16944  
 63.500     0.17003  
 63.600     0.17063  
 63.700     0.17122  
 63.800     0.17181  
 63.900     0.17240  
 64.000     0.17299  
 64.100     0.17357  
 64.200     0.17415  
 64.300     0.17474  
 64.400     0.17532  
 64.500     0.17591  
 64.600     0.17650  
 64.700     0.17709  
 64.800     0.17769  
 64.900     0.17830  
 65.000     0.17891  
 65.100     0.17953  
 65.200     0.18016  
 65.300     0.18080  
 65.400     0.18144  
 65.500     0.18208  
 65.600     0.18273  
 65.700     0.18338  
 65.800     0.18403  
 65.900     0.18468  
 66.000     0.18533  
 66.100     0.18598  
 66.200     0.18663  
 66.300     0.18727  
 66.400     0.18791  
 66.500     0.18856  
 66.600     0.18920  
 66.700     0.18984  
 66.800     0.19048  
 66.900     0.19112  
 67.000     0.19176  
 67.100     0.19240  
 67.200     0.19304  
 67.300     0.19368  
 67.400     0.19432  
 67.500     0.19496  
 67.600     0.19560  
 67.700     0.19625  
 67.800     0.19689  
 67.900     0.19753  
 68.000     0.19818  
 68.100     0.19882  
 68.200     0.19947  
 68.300     0.20011  
 68.400     0.20076  
 68.500     0.20140  
 68.600     0.20204  
 68.700     0.20269  
 68.800     0.20333  
 68.900     0.20396  
 69.000     0.20460  
 69.100     0.20524  
 69.200     0.20587  
 69.300     0.20650  
 69.400     0.20714  
 69.500     0.20777  
 69.600     0.20841  
 69.700     0.20906  
 69.800     0.20971  
 69.900     0.21036  
 70.000     0.21102  
 70.100     0.21169  
 70.200     0.21237  
 70.300     0.21306  
 70.400     0.21374  
 70.500     0.21444  
 70.600     0.21513  
 70.700     0.21583  
 70.800     0.21653  
 70.900     0.21723  
 71.000     0.21793  
 71.100     0.21862  
 71.200     0.21932  
 71.300     0.22001  
 71.400     0.22070  
 71.500     0.22139  
 71.600     0.22208  
 71.700     0.22277  
 71.800     0.22346  
 71.900     0.22414  
 72.000     0.22483  
 72.100     0.22552  
 72.200     0.22621  
 72.300     0.22690  
 72.400     0.22759  
 72.500     0.22828  
 72.600     0.22897  
 72.700     0.22966  
 72.800     0.23035  
 72.900     0.23104  
 73.000     0.23174  
 73.100     0.23243  
 73.200     0.23312  
 73.300     0.23381  
 73.400     0.23451  
 73.500     0.23520  
 73.600     0.23589  
 73.700     0.23658  
 73.800     0.23727  
 73.900     0.23795  
 74.000     0.23864  
 74.100     0.23932  
 74.200     0.24000  
 74.300     0.24069  
 74.400     0.24137  
 74.500     0.24205  
 74.600     0.24274  
 74.700     0.24343  
 74.800     0.24413  
 74.900     0.24483  
 75.000     0.24554  
 75.100     0.24626  
 75.200     0.24699  
 75.300     0.24772  
 75.400     0.24845  
 75.500     0.24919  
 75.600     0.24993  
 75.700     0.25068  
 75.800     0.25142  
 75.900     0.25217  
 76.000     0.25291  
 76.100     0.25365  
 76.200     0.25439  
 76.300     0.25513  
 76.400     0.25587  
 76.500     0.25661  
 76.600     0.25734  
 76.700     0.25808  
 76.800     0.25881  
 76.900     0.25955  
 77.000     0.26028  
 77.100     0.26101  
 77.200     0.26175  
 77.300     0.26249  
 77.400     0.26322  
 77.500     0.26396  
 77.600     0.26470  
 77.700     0.26543  
 77.800     0.26617  
 77.900     0.26691  
 78.000     0.26765  
 78.100     0.26839  
 78.200     0.26913  
 78.300     0.26987  
 78.400     0.27061  
 78.500     0.27134  
 78.600     0.27208  
 78.700     0.27282  
 78.800     0.27355  
 78.900     0.27429  
 79.000     0.27502  
 79.100     0.27575  
 79.200     0.27648  
 79.300     0.27720  
 79.400     0.27793  
 79.500     0.27867  
 79.600     0.27940  
 79.700     0.28014  
 79.800     0.28088  
 79.900     0.28163  
 80.000     0.28239  
 80.100     0.28315  
 80.200     0.28392  
 80.300     0.28469  
 80.400     0.28547  
 80.500     0.28626  
 80.600     0.28705  
 80.700     0.28783  
 80.800     0.28862  
 80.900     0.28941  
 81.000     0.29020  
 81.100     0.29099  
 81.200     0.29178  
 81.300     0.29256  
 81.400     0.29334  
 81.500     0.29412  
 81.600     0.29490  
 81.700     0.29568  
 81.800     0.29646  
 81.900     0.29724  
 82.000     0.29802  
 82.100     0.29880  
 82.200     0.29958  
 82.300     0.30036  
 82.400     0.30114  
 82.500     0.30192  
 82.600     0.30271  
 82.700     0.30349  
 82.800     0.30427  
 82.900     0.30505  
 83.000     0.30584  
 83.100     0.30662  
 83.200     0.30741  
 83.300     0.30819  
 83.400     0.30897  
 83.500     0.30976  
 83.600     0.31054  
 83.700     0.31132  
 83.800     0.31210  
 83.900     0.31288  
 84.000     0.31365  
 84.100     0.31443  
 84.200     0.31520  
 84.300     0.31598  
 84.400     0.31675  
 84.500     0.31753  
 84.600     0.31831  
 84.700     0.31909  
 84.800     0.31988  
 84.900     0.32067  
 85.000     0.32147  
 85.100     0.32228  
 85.200     0.32309  
 85.300     0.32391  
 85.400     0.32473  
 85.500     0.32556  
 85.600     0.32639  
 85.700     0.32722  
 85.800     0.32806  
 85.900     0.32889  
 86.000     0.32972  
 86.100     0.33055  
 86.200     0.33138  
 86.300     0.33221  
 86.400     0.33303  
 86.500     0.33385  
 86.600     0.33468  
 86.700     0.33550  
 86.800     0.33632  
 86.900     0.33715  
 87.000     0.33797  
 87.100     0.33879  
 87.200     0.33962  
 87.300     0.34044  
 87.400     0.34126  
 87.500     0.34209  
 87.600     0.34291  
 87.700     0.34374  
 87.800     0.34456  
 87.900     0.34539  
 88.000     0.34622  
 88.100     0.34704  
 88.200     0.34787  
 88.300     0.34870  
 88.400     0.34952  
 88.500     0.35035  
 88.600     0.35118  
 88.700     0.35200  
 88.800     0.35282  
 88.900     0.35365  
 89.000     0.35447  
 89.100     0.35528  
 89.200     0.35610  
 89.300     0.35692  
 89.400     0.35774  
 89.500     0.35856  
 89.600     0.35938  
 89.700     0.36021  
 89.800     0.36104  
 89.900     0.36187  
 90.000     0.36271  
 90.100     0.36356  
 90.200     0.36442  
 90.300     0.36528  
 90.400     0.36614  
 90.500     0.36701  
 90.600     0.36788  
 90.700     0.36876  
 90.800     0.36963  
 90.900     0.37050  
 91.000     0.37138  
 91.100     0.37225  
 91.200     0.37312  
 91.300     0.37398  
 91.400     0.37485  
 91.500     0.37572  
 91.600     0.37658  
 91.700     0.37744  
 91.800     0.37831  
 91.900     0.37917  
 92.000     0.38004  
 92.100     0.38090  
 92.200     0.38177  
 92.300     0.38263  
 92.400     0.38350  
 92.500     0.38436  
 92.600     0.38523  
 92.700     0.38610  
 92.800     0.38696  
 92.900     0.38783  
 93.000     0.38870  
 93.100     0.38957  
 93.200     0.39044  
 93.300     0.39130  
 93.400     0.39217  
 93.500     0.39304  
 93.600     0.39391  
 93.700     0.39477  
 93.800     0.39564  
 93.900     0.39650  
 94.000     0.39736  
 94.100     0.39822  
 94.200     0.39908  
 94.300     0.39994  
 94.400     0.40080  
 94.500     0.40166  
 94.600     0.40252  
 94.700     0.40339  
 94.800     0.40426  
 94.900     0.40514  
 95.000     0.40602  
 95.100     0.40691  
 95.200     0.40781  
 95.300     0.40871  
 95.400     0.40961  
 95.500     0.41052  
 95.600     0.41143  
 95.700     0.41234  
 95.800     0.41326  
 95.900     0.41417  
 96.000     0.41508  
 96.100     0.41599  
 96.200     0.41690  
 96.300     0.41781  
 96.400     0.41871  
 96.500     0.41962  
 96.600     0.42052  
 96.700     0.42143  
 96.800     0.42233  
 96.900     0.42323  
 97.000     0.42414  
 97.100     0.42504  
 97.200     0.42595  
 97.300     0.42685  
 97.400     0.42776  
 97.500     0.42866  
 97.600     0.42957  
 97.700     0.43047  
 97.800     0.43138  
 97.900     0.43229  
 98.000     0.43319  
 98.100     0.43410  
 98.200     0.43501  
 98.300     0.43592  
 98.400     0.43683  
 98.500     0.43773  
 98.600     0.43864  
 98.700     0.43954  
 98.800     0.44045  
 98.900     0.44135  
 99.000     0.44225  
 99.100     0.44315  
 99.200     0.44405  
 99.300     0.44495  
 99.400     0.44585  
 99.500     0.44675  
 99.600     0.44766  
 99.700     0.44856  
 99.800     0.44947  
 99.900     0.45039  
100.000     0.45131  
100.100     0.45224  
100.200     0.45317  
100.300     0.45411  
100.400     0.45505  
100.500     0.45600  
100.600     0.45696  
100.700     0.45791  
100.800     0.45888  
100.900     0.45984  
101.000     0.46081  
101.100     0.46178  
101.200     0.46275  
101.300     0.46372  
101.400     0.46469  
101.500     0.46567  
101.600     0.46664  
101.700     0.46762  
101.800     0.46859  
101.900     0.46957  
102.000     0.47054  
102.100     0.47151  
102.200     0.47248  
102.300     0.47345  
102.400     0.47441  
102.500     0.47538  
102.600     0.47634  
102.700     0.47730  
102.800     0.47827  
102.900     0.47923  
103.000     0.48019  
103.100     0.48115  
103.200     0.48211  
103.300     0.48306  
103.400     0.48402  
103.500     0.48498  
103.600     0.48594  
103.700     0.48689  
103.800     0.48785  
103.900     0.48881  
104.000     0.48977  
104.100     0.49073  
104.200     0.49168  
104.300     0.49264  
104.400     0.49360  
104.500     0.49456  
104.600     0.49552  
104.700     0.49648  
104.800     0.49744  
104.900     0.49840  
105.000     0.49937  
105.100     0.50033  
105.200     0.50129  
105.300     0.50225  
105.400     0.50321  
105.500     0.50418  
105.600     0.50514  
105.700     0.50610  
105.800     0.50707  
105.900     0.50803  
106.000     0.50900  
106.100     0.50996  
106.200     0.51093  
106.300     0.51189  
106.400     0.51286  
106.500     0.51382  
106.600     0.51479  
106.700     0.51575  
106.800     0.51672  
106.900     0.51768  
107.000     0.51864  
107.100     0.51961  
107.200     0.52057  
107.300     0.52153  
107.400     0.52249  
107.500     0.52345  
107.600     0.52441  
107.700     0.52536  
107.800     0.52632  
107.900     0.52727  
108.000     0.52823  
108.100     0.52918  
108.200     0.53013  
108.300     0.53108  
108.400     0.53203  
108.500     0.53298  
108.600     0.53393  
108.700     0.53488  
108.800     0.53583  
108.900     0.53678  
109.000     0.53773  
109.100     0.53869  
109.200     0.53965  
109.300     0.54061  
109.400     0.54158  
109.500     0.54254  
109.600     0.54352  
109.700     0.54449  
109.800     0.54548  
109.900     0.54646  
110.000     0.54746  
110.100     0.54845  
110.200     0.54946  
110.300     0.55047  
110.400     0.55148  
110.500     0.55250  
110.600     0.55352  
110.700     0.55455  
110.800     0.55558  
110.900     0.55661  
111.000     0.55764  
111.100     0.55868  
111.200     0.55972  
111.300     0.56076  
111.400     0.56180  
111.500     0.56284  
111.600     0.56388  
111.700     0.56493  
111.800     0.56597  
111.900     0.56701  
112.000     0.56805  
112.100     0.56909  
112.200     0.57012  
112.300     0.57116  
112.400     0.57219  
112.500     0.57322  
112.600     0.57426  
112.700     0.57529  
112.800     0.57632  
112.900     0.57735  
113.000     0.57837  
113.100     0.57940  
113.200     0.58043  
113.300     0.58146  
113.400     0.58248  
113.500     0.58351  
113.600     0.58453  
113.700     0.58556  
113.800     0.58659  
113.900     0.58761  
114.000     0.58864  
114.100     0.58967  
114.200     0.59069  
114.300     0.59172  
114.400     0.59275  
114.500     0.59378  
114.600     0.59480  
114.700     0.59583  
114.800     0.59686  
114.900     0.59789  
115.000     0.59892  
115.100     0.59995  
115.200     0.60098  
115.300     0.60201  
115.400     0.60304  
115.500     0.60407  
115.600     0.60510  
115.700     0.60613  
115.800     0.60717  
115.900     0.60820  
116.000     0.60923  
116.100     0.61026  
116.200     0.61130  
116.300     0.61233  
116.400     0.61336  
116.500     0.61439  
116.600     0.61543  
116.700     0.61646  
116.800     0.61749  
116.900     0.61852  
117.000     0.61955  
117.100     0.62058  
117.200     0.62161  
117.300     0.62264  
117.400     0.62367  
117.500     0.62470  
117.600     0.62573  
117.700     0.62675  
117.800     0.62778  
117.900     0.62880  
118.000     0.62982  
118.100     0.63084  
118.200     0.63186  
118.300     0.63288  
118.400     0.63390  
118.500     0.63492  
118.600     0.63594  
118.700     0.63696  
118.800     0.63798  
118.900     0.63900  
119.000     0.64002  
119.100     0.64105  
119.200     0.64207  
119.300     0.64310  
119.400     0.64414  
119.500     0.64517  
119.600     0.64621  
119.700     0.64725  
119.800     0.64830  
119.900     0.64935  
120.000     0.65041  
120.100     0.65147  
120.200     0.65254  
120.300     0.65361  
120.400     0.65469  
120.500     0.65577  
120.600     0.65685  
120.700     0.65794  
120.800     0.65903  
120.900     0.66012  
121.000     0.66122  
121.100     0.66231  
121.200     0.66341  
121.300     0.66451  
121.400     0.66561  
121.500     0.66671  
121.600     0.66781  
121.700     0.66891  
121.800     0.67001  
121.900     0.67111  
122.000     0.67221  
122.100     0.67331  
122.200     0.67440  
122.300     0.67550  
122.400     0.67659  
122.500     0.67769  
122.600     0.67878  
122.700     0.67987  
122.800     0.68096  
122.900     0.68205  
123.000     0.68314  
123.100     0.68423  
123.200     0.68531  
123.300     0.68640  
123.400     0.68749  
123.500     0.68858  
123.600     0.68966  
123.700     0.69075  
123.800     0.69184  
123.900     0.69292  
124.000     0.69401  
124.100     0.69510  
124.200     0.69619  
124.300     0.69727  
124.400     0.69836  
124.500     0.69945  
124.600     0.70054  
124.700     0.70163  
124.800     0.70272  
124.900     0.70381  
125.000     0.70490  
125.100     0.70599  
125.200     0.70708  
125.300     0.70817  
125.400     0.70926  
125.500     0.71035  
125.600     0.71144  
125.700     0.71253  
125.800     0.71363  
125.900     0.71472  
126.000     0.71581  
126.100     0.71690  
126.200     0.71800  
126.300     0.71909  
126.400     0.72018  
126.500     0.72127  
126.600     0.72237  
126.700     0.72346  
126.800     0.72455  
126.900     0.72564  
127.000     0.72673  
127.100     0.72782  
127.200     0.72892  
127.300     0.73000  
127.400     0.73109  
127.500     0.73218  
127.600     0.73327  
127.700     0.73436  
127.800     0.73544  
127.900     0.73653  
128.000     0.73761  
128.100     0.73869  
128.200     0.73977  
128.300     0.74085  
128.400     0.74193  
128.500     0.74301  
128.600     0.74409  
128.700     0.74518  
128.800     0.74626  
128.900     0.74734  
129.000     0.74842  
129.100     0.74951  
129.200     0.75060  
129.300     0.75169  
129.400     0.75278  
129.500     0.75388  
129.600     0.75498  
129.700     0.75608  
129.800     0.75718  
129.900     0.75829  
130.000     0.75941  
130.100     0.76053  
130.200     0.76165  
130.300     0.76278  
130.400     0.76391  
130.500     0.76504  
130.600     0.76618  
130.700     0.76732  
130.800     0.76846  
130.900     0.76960  
131.000     0.77075  
131.100     0.77190  
131.200     0.77305  
131.300     0.77420  
131.400     0.77535  
131.500     0.77650  
131.600     0.77766  
131.700     0.77881  
131.800     0.77996  
131.900     0.78111  
132.000     0.78226  
132.100     0.78341  
132.200     0.78456  
132.300     0.78571  
132.400     0.78685  
132.500     0.78800  
132.600     0.78914  
132.700     0.79029  
132.800     0.79143  
132.900     0.79257  
133.000     0.79371  
133.100     0.79485  
133.200     0.79599  
133.300     0.79714  
133.400     0.79828  
133.500     0.79942  
133.600     0.80056  
133.700     0.80170  
133.800     0.80284  
133.900     0.80398  
134.000     0.80512  
134.100     0.80626  
134.200     0.80740  
134.300     0.80854  
134.400     0.80968  
134.500     0.81082  
134.600     0.81196  
134.700     0.81310  
134.800     0.81425  
134.900     0.81539  
135.000     0.81653  
135.100     0.81767  
135.200     0.81882  
135.300     0.81996  
135.400     0.82110  
135.500     0.82225  
135.600     0.82339  
135.700     0.82454  
135.800     0.82568  
135.900     0.82683  
136.000     0.82797  
136.100     0.82911  
136.200     0.83026  
136.300     0.83141  
136.400     0.83255  
136.500     0.83370  
136.600     0.83484  
136.700     0.83598  
136.800     0.83713  
136.900     0.83827  
137.000     0.83942  
137.100     0.84056  
137.200     0.84170  
137.300     0.84285  
137.400     0.84399  
137.500     0.84513  
137.600     0.84627  
137.700     0.84741  
137.800     0.84855  
137.900     0.84969  
138.000     0.85082  
138.100     0.85196  
138.200     0.85310  
138.300     0.85423  
138.400     0.85536  
138.500     0.85650  
138.600     0.85763  
138.700     0.85877  
138.800     0.85990  
138.900     0.86104  
139.000     0.86218  
139.100     0.86332  
139.200     0.86446  
139.300     0.86560  
139.400     0.86675  
139.500     0.86790  
139.600     0.86905  
139.700     0.87020  
139.800     0.87136  
139.900     0.87251  
140.000     0.87368  
140.100     0.87485  
140.200     0.87602  
140.300     0.87719  
140.400     0.87837  
140.500     0.87955  
140.600     0.88073  
140.700     0.88192  
140.800     0.88310  
140.900     0.88429  
141.000     0.88548  
141.100     0.88668  
141.200     0.88787  
141.300     0.88906  
141.400     0.89026  
141.500     0.89146  
141.600     0.89265  
141.700     0.89385  
141.800     0.89504  
141.900     0.89624  
142.000     0.89743  
142.100     0.89863  
142.200     0.89982  
142.300     0.90101  
142.400     0.90220  
142.500     0.90339  
142.600     0.90458  
142.700     0.90577  
142.800     0.90695  
142.900     0.90814  
143.000     0.90933  
143.100     0.91052  
143.200     0.91170  
143.300     0.91289  
143.400     0.91407  
143.500     0.91526  
143.600     0.91644  
143.700     0.91763  
143.800     0.91881  
143.900     0.92000  
144.000     0.92119  
144.100     0.92237  
144.200     0.92356  
144.300     0.92474  
144.400     0.92593  
144.500     0.92712  
144.600     0.92830  
144.700     0.92949  
144.800     0.93068  
144.900     0.93187  
145.000     0.93305  
145.100     0.93424  
145.200     0.93543  
145.300     0.93662  
145.400     0.93781  
145.500     0.93899  
145.600     0.94018  
145.700     0.94137  
145.800     0.94256  
145.900     0.94375  
146.000     0.94494  
146.100     0.94613  
146.200     0.94732  
146.300     0.94851  
146.400     0.94970  
146.500     0.95089  
146.600     0.95208  
146.700     0.95327  
146.800     0.95446  
146.900     0.95565  
147.000     0.95683  
147.100     0.95802  
147.200     0.95921  
147.300     0.96040  
147.400     0.96159  
147.500     0.96277  
147.600     0.96396  
147.700     0.96514  
147.800     0.96633  
147.900     0.96751  
148.000     0.96869  
148.100     0.96988  
148.200     0.97106  
148.300     0.97224  
148.400     0.97342  
148.500     0.97460  
148.600     0.97578  
148.700     0.97696  
148.800     0.97814  
148.900     0.97933  
149.000     0.98051  
149.100     0.98170  
149.200     0.98288  
149.300     0.98407  
149.400     0.98526  
149.500     0.98645  
149.600     0.98765  
149.700     0.98884  
149.800     0.99004  
149.900     0.99124 
150.000     0.99245  
150.100     0.99366  
150.200     0.99487  
150.300     0.99608  
150.400     0.99730  
150.500     0.99852  
150.600     0.99974  
150.700     1.00096  
150.800     1.00218  
150.900     1.00341  
151.000     1.00464  
151.100     1.00587  
151.200     1.00710  
151.300     1.00833  
151.400     1.00956  
151.500     1.01079  
151.600     1.01202  
151.700     1.01326  
151.800     1.01449  
151.900     1.01572  
152.000     1.01695  
152.100     1.01818  
152.200     1.01941  
152.300     1.02064  
152.400     1.02186  
152.500     1.02309  
152.600     1.02432  
152.700     1.02554  
152.800     1.02677  
152.900     1.02799  
153.000     1.02922  
153.100     1.03044  
153.200     1.03166  
153.300     1.03289  
153.400     1.03411  
153.500     1.03533  
153.600     1.03656  
153.700     1.03778  
153.800     1.03900  
153.900     1.04023  
154.000     1.04145  
154.100     1.04267  
154.200     1.04390  
154.300     1.04512  
154.400     1.04635  
154.500     1.04757  
154.600     1.04879  
154.700     1.05002  
154.800     1.05124  
154.900     1.05247  
155.000     1.05369  
155.100     1.05492  
155.200     1.05614  
155.300     1.05737  
155.400     1.05859  
155.500     1.05982  
155.600     1.06105  
155.700     1.06227  
155.800     1.06350  
155.900     1.06472  
156.000     1.06595  
156.100     1.06718  
156.200     1.06840  
156.300     1.06963  
156.400     1.07086  
156.500     1.07208  
156.600     1.07331  
156.700     1.07454  
156.800     1.07576  
156.900     1.07699  
157.000     1.07822  
157.100     1.07944  
157.200     1.08067  
157.300     1.08189  
157.400     1.08312  
157.500     1.08435  
157.600     1.08557  
157.700     1.08680  
157.800     1.08802  
157.900     1.08925  
158.000     1.09047  
158.100     1.09170  
158.200     1.09292  
158.300     1.09414  
158.400     1.09537  
158.500     1.09659  
158.600     1.09781  
158.700     1.09904  
158.800     1.10026  
158.900     1.10148  
159.000     1.10270  
159.100     1.10392  
159.200     1.10514  
159.300     1.10636  
159.400     1.10759  
159.500     1.10881  
159.600     1.11003  
159.700     1.11126  
159.800     1.11249  
159.900     1.11372  
160.000     1.11495  
160.100     1.11619  
160.200     1.11743  
160.300     1.11867  
160.400     1.11992  
160.500     1.12117  
160.600     1.12242  
160.700     1.12367  
160.800     1.12492  
160.900     1.12618  
161.000     1.12744  
161.100     1.12870  
161.200     1.12996  
161.300     1.13122  
161.400     1.13248  
161.500     1.13374  
161.600     1.13500  
161.700     1.13626  
161.800     1.13752  
161.900     1.13878  
162.000     1.14004  
162.100     1.14130  
162.200     1.14256  
162.300     1.14382  
162.400     1.14508  
162.500     1.14633  
162.600     1.14759  
162.700     1.14885  
162.800     1.15010  
162.900     1.15136  
163.000     1.15261  
163.100     1.15386  
163.200     1.15512  
163.300     1.15637  
163.400     1.15762  
163.500     1.15887  
163.600     1.16013  
163.700     1.16138  
163.800     1.16263  
163.900     1.16389  
164.000     1.16514  
164.100     1.16639  
164.200     1.16765  
164.300     1.16890  
164.400     1.17015  
164.500     1.17141  
164.600     1.17266  
164.700     1.17392  
164.800     1.17517  
164.900     1.17642  
165.000     1.17768  
165.100     1.17893  
165.200     1.18019  
165.300     1.18144  
165.400     1.18270  
165.500     1.18395  
165.600     1.18521  
165.700     1.18647  
165.800     1.18772  
165.900     1.18898  
166.000     1.19023  
166.100     1.19149  
166.200     1.19274  
166.300     1.19400  
166.400     1.19526  
166.500     1.19651  
166.600     1.19777  
166.700     1.19902  
166.800     1.20028  
166.900     1.20154  
167.000     1.20279  
167.100     1.20405  
167.200     1.20530  
167.300     1.20655  
167.400     1.20781  
167.500     1.20906  
167.600     1.21032  
167.700     1.21157  
167.800     1.21282  
167.900     1.21408  
168.000     1.21533  
168.100     1.21658  
168.200     1.21783  
168.300     1.21908  
168.400     1.22033  
168.500     1.22158  
168.600     1.22283  
168.700     1.22408  
168.800     1.22533  
168.900     1.22659  
169.000     1.22784  
169.100     1.22909  
169.200     1.23035  
169.300     1.23160  
169.400     1.23286  
169.500     1.23411  
169.600     1.23537  
169.700     1.23663  
169.800     1.23789  
169.900     1.23916  
170.000     1.24042  
170.100     1.24169  
170.200     1.24296  
170.300     1.24423  
170.400     1.24550  
170.500     1.24677  
170.600     1.24804  
170.700     1.24932  
170.800     1.25060  
170.900     1.25187  
171.000     1.25315  
171.100     1.25443  
171.200     1.25571  
171.300     1.25699  
171.400     1.25827  
171.500     1.25955  
171.600     1.26083  
171.700     1.26211  
171.800     1.26339  
171.900     1.26467  
172.000     1.26595  
172.100     1.26723  
172.200     1.26851  
172.300     1.26979  
172.400     1.27107  
172.500     1.27234  
172.600     1.27362  
172.700     1.27490  
172.800     1.27618  
172.900     1.27745  
173.000     1.27873  
173.100     1.28000  
173.200     1.28128  
173.300     1.28256  
173.400     1.28383  
173.500     1.28511  
173.600     1.28638  
173.700     1.28766  
173.800     1.28893  
173.900     1.29021  
174.000     1.29148  
174.100     1.29276  
174.200     1.29404  
174.300     1.29531  
174.400     1.29659  
174.500     1.29786  
174.600     1.29914  
174.700     1.30042  
174.800     1.30169  
174.900     1.30297  
175.000     1.30425  
175.100     1.30552  
175.200     1.30680  
175.300     1.30808  
175.400     1.30935  
175.500     1.31063  
175.600     1.31191  
175.700     1.31318  
175.800     1.31446  
175.900     1.31574  
176.000     1.31701  
176.100     1.31829  
176.200     1.31957  
176.300     1.32085  
176.400     1.32212  
176.500     1.32340  
176.600     1.32468  
176.700     1.32596  
176.800     1.32723  
176.900     1.32851  
177.000     1.32979  
177.100     1.33106  
177.200     1.33234  
177.300     1.33362  
177.400     1.33489  
177.500     1.33617  
177.600     1.33745  
177.700     1.33872  
177.800     1.34000  
177.900     1.34127  
178.000     1.34255  
178.100     1.34382  
178.200     1.34510  
178.300     1.34637  
178.400     1.34764  
178.500     1.34892  
178.600     1.35019  
178.700     1.35147  
178.800     1.35274  
178.900     1.35401  
179.000     1.35529  
179.100     1.35657  
179.200     1.35784  
179.300     1.35912  
179.400     1.36040  
179.500     1.36167  
179.600     1.36295  
179.700     1.36423  
179.800     1.36551  
179.900     1.36679  
180.000     1.36808  
180.100     1.36936  
180.200     1.37065  
180.300     1.37193  
180.400     1.37322  
180.500     1.37451  
180.600     1.37580  
180.700     1.37709  
180.800     1.37838  
180.900     1.37967  
181.000     1.38096  
181.100     1.38226  
181.200     1.38355  
181.300     1.38484  
181.400     1.38614  
181.500     1.38743  
181.600     1.38872  
181.700     1.39002  
181.800     1.39131  
181.900     1.39260  
182.000     1.39390  
182.100     1.39519  
182.200     1.39648  
182.300     1.39777  
182.400     1.39907  
182.500     1.40036  
182.600     1.40165  
182.700     1.40294  
182.800     1.40423  
182.900     1.40552  
183.000     1.40681  
183.100     1.40810  
183.200     1.40939  
183.300     1.41068  
183.400     1.41197  
183.500     1.41326  
183.600     1.41456  
183.700     1.41585  
183.800     1.41714  
183.900     1.41843  
184.000     1.41972  
184.100     1.42101  
184.200     1.42230  
184.300     1.42359  
184.400     1.42488  
184.500     1.42617  
184.600     1.42746  
184.700     1.42875  
184.800     1.43004  
184.900     1.43133  
185.000     1.43262  
185.100     1.43391  
185.200     1.43520  
185.300     1.43650  
185.400     1.43779  
185.500     1.43908  
185.600     1.44037  
185.700     1.44166  
185.800     1.44295  
185.900     1.44424  
186.000     1.44553  
186.100     1.44683  
186.200     1.44812  
186.300     1.44941  
186.400     1.45070  
186.500     1.45199  
186.600     1.45328  
186.700     1.45457  
186.800     1.45586  
186.900     1.45716  
187.000     1.45845  
187.100     1.45974  
187.200     1.46103  
187.300     1.46232  
187.400     1.46361  
187.500     1.46490  
187.600     1.46619  
187.700     1.46748  
187.800     1.46877  
187.900     1.47006  
188.000     1.47135  
188.100     1.47264  
188.200     1.47393  
188.300     1.47522  
188.400     1.47651  
188.500     1.47780  
188.600     1.47909  
188.700     1.48038  
188.800     1.48167  
188.900     1.48296  
189.000     1.48425  
189.100     1.48554  
189.200     1.48683  
189.300     1.48812  
189.400     1.48941  
189.500     1.49071  
189.600     1.49200  
189.700     1.49329  
189.800     1.49458  
189.900     1.49588  
190.000     1.49717  
190.100     1.49847  
190.200     1.49976  
190.300     1.50106  
190.400     1.50235  
190.500     1.50365  
190.600     1.50495  
190.700     1.50625  
190.800     1.50754  
190.900     1.50884  
191.000     1.51014  
191.100     1.51144  
191.200     1.51274  
191.300     1.51404  
191.400     1.51534  
191.500     1.51664  
191.600     1.51794  
191.700     1.51923  
191.800     1.52053  
191.900     1.52183  
192.000     1.52313  
192.100     1.52443  
192.200     1.52573  
192.300     1.52703  
192.400     1.52833  
192.500     1.52962  
192.600     1.53092  
192.700     1.53222  
192.800     1.53352  
192.900     1.53482  
193.000     1.53611  
193.100     1.53741  
193.200     1.53871  
193.300     1.54001  
193.400     1.54131  
193.500     1.54260  
193.600     1.54390  
193.700     1.54520  
193.800     1.54650  
193.900     1.54779  
194.000     1.54909  
194.100     1.55039  
194.200     1.55169  
194.300     1.55299  
194.400     1.55428  
194.500     1.55558  
194.600     1.55688  
194.700     1.55818  
194.800     1.55948  
194.900     1.56077  
195.000     1.56207  
195.100     1.56337  
195.200     1.56467  
195.300     1.56597  
195.400     1.56726  
195.500     1.56856  
195.600     1.56986  
195.700     1.57116  
195.800     1.57246  
195.900     1.57375  
196.000     1.57505  
196.100     1.57635  
196.200     1.57765  
196.300     1.57895  
196.400     1.58024  
196.500     1.58154  
196.600     1.58284  
196.700     1.58414  
196.800     1.58544  
196.900     1.58673  
197.000     1.58803  
197.100     1.58933  
197.200     1.59063  
197.300     1.59193  
197.400     1.59322  
197.500     1.59452  
197.600     1.59582  
197.700     1.59712  
197.800     1.59842  
197.900     1.59971  
198.000     1.60101  
198.100     1.60231  
198.200     1.60361  
198.300     1.60491  
198.400     1.60620  
198.500     1.60750  
198.600     1.60880  
198.700     1.61010  
198.800     1.61140  
198.900     1.61269  
199.000     1.61399  
199.100     1.61529  
199.200     1.61659  
199.300     1.61789  
199.400     1.61918  
199.500     1.62048  
199.600     1.62178  
199.700     1.62308  
199.800     1.62438  
199.900     1.62567  
200.000     1.62697  
200.100     1.62827  
200.200     1.62957  
200.300     1.63087  
200.400     1.63216  
200.500     1.63346  
200.600     1.63476  
200.700     1.63606  
200.800     1.63735  
200.900     1.63865  
201.000     1.63995  
201.100     1.64125  
201.200     1.64254  
201.300     1.64384  
201.400     1.64514  
201.500     1.64643  
201.600     1.64773  
201.700     1.64903  
201.800     1.65033  
201.900     1.65162  
202.000     1.65292  
202.100     1.65422  
202.200     1.65552  
202.300     1.65681  
202.400     1.65811  
202.500     1.65941  
202.600     1.66071  
202.700     1.66200  
202.800     1.66330  
202.900     1.66460  
203.000     1.66590  
203.100     1.66719  
203.200     1.66849  
203.300     1.66979  
203.400     1.67109  
203.500     1.67239  
203.600     1.67368  
203.700     1.67498  
203.800     1.67628  
203.900     1.67758  
204.000     1.67887  
204.100     1.68017  
204.200     1.68147  
204.300     1.68277  
204.400     1.68407  
204.500     1.68537  
204.600     1.68666  
204.700     1.68796  
204.800     1.68926  
204.900     1.69056  
205.000     1.69186  
205.100     1.69316  
205.200     1.69446  
205.300     1.69576  
205.400     1.69705  
205.500     1.69835  
205.600     1.69965  
205.700     1.70095  
205.800     1.70225  
205.900     1.70355  
206.000     1.70485  
206.100     1.70615  
206.200     1.70745  
206.300     1.70875  
206.400     1.71005  
206.500     1.71135  
206.600     1.71265  
206.700     1.71394  
206.800     1.71524  
206.900     1.71654  
207.000     1.71784  
207.100     1.71914  
207.200     1.72044  
207.300     1.72174  
207.400     1.72304  
207.500     1.72434  
207.600     1.72563  
207.700     1.72693  
207.800     1.72823  
207.900     1.72953  
208.000     1.73083  
208.100     1.73213  
208.200     1.73342  
208.300     1.73472  
208.400     1.73602  
208.500     1.73732  
208.600     1.73861  
208.700     1.73991  
208.800     1.74121  
208.900     1.74250  
209.000     1.74380  
209.100     1.74509  
209.200     1.74639  
209.300     1.74769  
209.400     1.74898  
209.500     1.75028  
209.600     1.75157  
209.700     1.75287  
209.800     1.75416  
209.900     1.75545  
210.000     1.75675  
210.100     1.75804  
210.200     1.75933  
210.300     1.76063  
210.400     1.76192  
210.500     1.76321  
210.600     1.76450  
210.700     1.76579  
210.800     1.76709  
210.900     1.76838  
211.000     1.76967  
211.100     1.77096  
211.200     1.77225  
211.300     1.77354  
211.400     1.77483  
211.500     1.77612  
211.600     1.77741  
211.700     1.77870  
211.800     1.77999  
211.900     1.78128  
212.000     1.78257  
212.100     1.78386  
212.200     1.78515  
212.300     1.78644  
212.400     1.78773  
212.500     1.78902  
212.600     1.79031  
212.700     1.79160  
212.800     1.79289  
212.900     1.79418  
213.000     1.79546  
213.100     1.79675  
213.200     1.79804  
213.300     1.79933  
213.400     1.80062  
213.500     1.80191  
213.600     1.80320  
213.700     1.80449  
213.800     1.80578  
213.900     1.80707  
214.000     1.80836  
214.100     1.80965  
214.200     1.81094  
214.300     1.81223  
214.400     1.81352  
214.500     1.81481  
214.600     1.81610  
214.700     1.81739  
214.800     1.81868  
214.900     1.81997  
215.000     1.82126  
215.100     1.82256  
215.200     1.82385  
215.300     1.82514  
215.400     1.82643  
215.500     1.82772  
215.600     1.82902  
215.700     1.83031  
215.800     1.83160  
215.900     1.83290  
216.000     1.83419  
216.100     1.83548  
216.200     1.83677  
216.300     1.83807  
216.400     1.83936  
216.500     1.84065  
216.600     1.84195  
216.700     1.84324  
216.800     1.84453  
216.900     1.84582  
217.000     1.84712  
217.100     1.84841  
217.200     1.84970  
217.300     1.85100  
217.400     1.85229  
217.500     1.85358  
217.600     1.85487  
217.700     1.85616  
217.800     1.85745  
217.900     1.85875  
218.000     1.86004  
218.100     1.86133  
218.200     1.86262  
218.300     1.86391  
218.400     1.86520  
218.500     1.86649  
218.600     1.86778  
218.700     1.86907  
218.800     1.87035  
218.900     1.87164  
219.000     1.87293  
219.100     1.87422  
219.200     1.87550  
219.300     1.87679  
219.400     1.87808  
219.500     1.87936  
219.600     1.88065  
219.700     1.88193  
219.800     1.88322  
219.900     1.88450  
220.000     1.88578  
220.100     1.88707  
220.200     1.88835  
220.300     1.88963  
220.400     1.89091  
220.500     1.89219  
220.600     1.89347  
220.700     1.89475  
220.800     1.89603  
220.900     1.89731  
221.000     1.89858  
221.100     1.89986  
221.200     1.90114  
221.300     1.90242  
221.400     1.90369  
221.500     1.90497  
221.600     1.90624  
221.700     1.90752  
221.800     1.90880  
221.900     1.91007  
222.000     1.91135  
222.100     1.91262  
222.200     1.91390  
222.300     1.91517  
222.400     1.91644  
222.500     1.91772  
222.600     1.91899  
222.700     1.92027  
222.800     1.92154  
222.900     1.92281  
223.000     1.92409  
223.100     1.92536  
223.200     1.92664  
223.300     1.92791  
223.400     1.92918  
223.500     1.93046  
223.600     1.93173  
223.700     1.93301  
223.800     1.93428  
223.900     1.93555  
224.000     1.93683  
224.100     1.93810  
224.200     1.93938  
224.300     1.94065  
224.400     1.94193  
224.500     1.94320  
224.600     1.94448  
224.700     1.94576  
224.800     1.94703  
224.900     1.94831  
225.000     1.94959  
225.100     1.95086  
225.200     1.95214  
225.300     1.95342  
225.400     1.95470  
225.500     1.95598  
225.600     1.95725  
225.700     1.95853  
225.800     1.95981  
225.900     1.96109  
226.000     1.96237  
226.100     1.96365  
226.200     1.96493  
226.300     1.96621  
226.400     1.96749  
226.500     1.96877  
226.600     1.97005  
226.700     1.97133  
226.800     1.97261  
226.900     1.97389  
227.000     1.97517  
227.100     1.97645  
227.200     1.97773  
227.300     1.97901  
227.400     1.98029  
227.500     1.98156  
227.600     1.98284  
227.700     1.98412  
227.800     1.98540  
227.900     1.98668  
228.000     1.98795  
228.100     1.98923  
228.200     1.99051  
228.300     1.99178  
228.400     1.99306  
228.500     1.99433  
228.600     1.99561  
228.700     1.99688  
228.800     1.99816  
228.900     1.99943  
229.000     2.00070  
229.100     2.00197  
229.200     2.00324  
229.300     2.00452  
229.400     2.00579  
229.500     2.00705  
229.600     2.00832  
229.700     2.00959  
229.800     2.01086  
229.900     2.01212  
230.000     2.01339  
230.100     2.01465  
230.200     2.01592  
230.300     2.01718  
230.400     2.01844  
230.500     2.01970  
230.600     2.02096  
230.700     2.02222  
230.800     2.02348  
230.900     2.02474  
231.000     2.02600  
231.100     2.02726  
231.200     2.02851  
231.300     2.02977  
231.400     2.03103  
231.500     2.03228  
231.600     2.03354  
231.700     2.03479  
231.800     2.03605  
231.900     2.03730  
232.000     2.03855  
232.100     2.03981  
232.200     2.04106  
232.300     2.04231  
232.400     2.04356  
232.500     2.04482  
232.600     2.04607  
232.700     2.04732  
232.800     2.04857  
232.900     2.04982  
233.000     2.05108  
233.100     2.05233  
233.200     2.05358  
233.300     2.05483  
233.400     2.05608  
233.500     2.05733  
233.600     2.05859  
233.700     2.05984  
233.800     2.06109  
233.900     2.06234  
234.000     2.06359  
234.100     2.06485  
234.200     2.06610  
234.300     2.06735  
234.400     2.06860  
234.500     2.06986  
234.600     2.07111  
234.700     2.07237  
234.800     2.07362  
234.900     2.07488  
235.000     2.07613  
235.100     2.07739  
235.200     2.07865  
235.300     2.07990  
235.400     2.08116  
235.500     2.08242  
235.600     2.08368  
235.700     2.08494  
235.800     2.08619  
235.900     2.08745  
236.000     2.08871  
236.100     2.08997  
236.200     2.09123  
236.300     2.09249  
236.400     2.09375  
236.500     2.09501  
236.600     2.09627  
236.700     2.09753  
236.800     2.09879  
236.900     2.10005  
237.000     2.10131  
237.100     2.10257  
237.200     2.10383  
237.300     2.10509  
237.400     2.10634  
237.500     2.10760  
237.600     2.10886  
237.700     2.11012  
237.800     2.11138  
237.900     2.11263  
238.000     2.11389  
238.100     2.11514  
238.200     2.11640  
238.300     2.11766  
238.400     2.11891  
238.500     2.12016  
238.600     2.12142  
238.700     2.12267  
238.800     2.12392  
238.900     2.12517  
239.000     2.12642  
239.100     2.12767  
239.200     2.12892  
239.300     2.13017  
239.400     2.13142  
239.500     2.13266  
239.600     2.13391  
239.700     2.13515  
239.800     2.13639  
239.900     2.13764  
240.000     2.13888  
240.100     2.14012  
240.200     2.14136  
240.300     2.14259  
240.400     2.14383  
240.500     2.14507  
240.600     2.14630  
240.700     2.14754  
240.800     2.14877  
240.900     2.15000  
241.000     2.15123  
241.100     2.15246  
241.200     2.15369  
241.300     2.15492  
241.400     2.15615  
241.500     2.15738  
241.600     2.15861  
241.700     2.15983  
241.800     2.16106  
241.900     2.16229  
242.000     2.16351  
242.100     2.16474  
242.200     2.16596  
242.300     2.16719  
242.400     2.16841  
242.500     2.16963  
242.600     2.17086  
242.700     2.17208  
242.800     2.17330  
242.900     2.17453  
243.000     2.17575  
243.100     2.17697  
243.200     2.17820  
243.300     2.17942  
243.400     2.18064  
243.500     2.18186  
243.600     2.18309  
243.700     2.18431  
243.800     2.18553  
243.900     2.18676  
244.000     2.18798  
244.100     2.18920  
244.200     2.19043  
244.300     2.19165  
244.400     2.19288  
244.500     2.19410  
244.600     2.19533  
244.700     2.19655  
244.800     2.19778  
244.900     2.19901  
245.000     2.20024  
245.100     2.20147  
245.200     2.20269  
245.300     2.20392  
245.400     2.20515  
245.500     2.20638  
245.600     2.20762  
245.700     2.20885  
245.800     2.21008  
245.900     2.21131  
246.000     2.21254  
246.100     2.21378  
246.200     2.21501  
246.300     2.21624  
246.400     2.21747  
246.500     2.21871  
246.600     2.21994  
246.700     2.22117  
246.800     2.22241  
246.900     2.22364  
247.000     2.22487  
247.100     2.22610  
247.200     2.22734  
247.300     2.22857  
247.400     2.22980  
247.500     2.23103  
247.600     2.23226  
247.700     2.23349  
247.800     2.23472  
247.900     2.23595  
248.000     2.23718  
248.100     2.23841  
248.200     2.23964  
248.300     2.24087  
248.400     2.24209  
248.500     2.24332  
248.600     2.24454  
248.700     2.24577  
248.800     2.24699  
248.900     2.24822  
249.000     2.24944  
249.100     2.25066  
249.200     2.25188  
249.300     2.25310  
249.400     2.25431  
249.500     2.25553  
249.600     2.25675  
249.700     2.25796  
249.800     2.25917  
249.900     2.26039  
250.000     2.26160  
250.100     2.26281  
250.200     2.26401  
250.300     2.26522  
250.400     2.26642  
250.500     2.26763  
250.600     2.26883  
250.700     2.27003  
250.800     2.27123  
250.900     2.27243  
251.000     2.27363  
251.100     2.27483  
251.200     2.27603  
251.300     2.27722  
251.400     2.27842  
251.500     2.27961  
251.600     2.28081  
251.700     2.28200  
251.800     2.28319  
251.900     2.28438  
252.000     2.28558  
252.100     2.28677  
252.200     2.28796  
252.300     2.28915  
252.400     2.29034  
252.500     2.29152  
252.600     2.29271  
252.700     2.29390  
252.800     2.29509  
252.900     2.29628  
253.000     2.29747  
253.100     2.29865  
253.200     2.29984  
253.300     2.30103  
253.400     2.30222  
253.500     2.30341  
253.600     2.30459  
253.700     2.30578  
253.800     2.30697  
253.900     2.30816  
254.000     2.30935  
254.100     2.31054  
254.200     2.31173  
254.300     2.31292  
254.400     2.31411  
254.500     2.31530  
254.600     2.31649  
254.700     2.31768  
254.800     2.31887  
254.900     2.32007  
255.000     2.32126  
255.100     2.32246  
255.200     2.32365  
255.300     2.32485  
255.400     2.32604  
255.500     2.32724  
255.600     2.32844  
255.700     2.32964  
255.800     2.33083  
255.900     2.33203  
256.000     2.33323  
256.100     2.33443  
256.200     2.33563  
256.300     2.33683  
256.400     2.33803  
256.500     2.33923  
256.600     2.34043  
256.700     2.34163  
256.800     2.34283  
256.900     2.34403  
257.000     2.34523  
257.100     2.34643  
257.200     2.34763  
257.300     2.34883  
257.400     2.35003  
257.500     2.35123  
257.600     2.35243  
257.700     2.35362  
257.800     2.35482  
257.900     2.35602  
258.000     2.35721  
258.100     2.35841  
258.200     2.35960  
258.300     2.36079  
258.400     2.36199  
258.500     2.36318  
258.600     2.36437  
258.700     2.36556  
258.800     2.36675  
258.900     2.36794  
259.000     2.36913  
259.100     2.37031  
259.200     2.37150  
259.300     2.37268  
259.400     2.37386  
259.500     2.37504  
259.600     2.37622  
259.700     2.37740  
259.800     2.37858  
259.900     2.37975  
260.000     2.38093  
260.100     2.38210  
260.200     2.38327  
260.300     2.38444  
260.400     2.38561  
260.500     2.38677  
260.600     2.38794  
260.700     2.38910  
260.800     2.39026  
260.900     2.39142  
261.000     2.39258  
261.100     2.39374  
261.200     2.39490  
261.300     2.39606  
261.400     2.39721  
261.500     2.39837  
261.600     2.39952  
261.700     2.40067  
261.800     2.40183  
261.900     2.40298  
262.000     2.40413  
262.100     2.40528  
262.200     2.40643  
262.300     2.40758  
262.400     2.40873  
262.500     2.40988  
262.600     2.41103  
262.700     2.41217  
262.800     2.41332  
262.900     2.41447  
263.000     2.41562  
263.100     2.41676  
263.200     2.41791  
263.300     2.41906  
263.400     2.42020  
263.500     2.42135  
263.600     2.42250  
263.700     2.42365  
263.800     2.42479  
263.900     2.42594  
264.000     2.42709  
264.100     2.42824  
264.200     2.42939  
264.300     2.43054  
264.400     2.43169  
264.500     2.43284  
264.600     2.43399  
264.700     2.43514  
264.800     2.43629  
264.900     2.43744  
265.000     2.43860  
265.100     2.43975  
265.200     2.44091  
265.300     2.44207  
265.400     2.44322  
265.500     2.44438  
265.600     2.44554  
265.700     2.44670  
265.800     2.44786  
265.900     2.44902  
266.000     2.45018  
266.100     2.45134  
266.200     2.45250  
266.300     2.45366  
266.400     2.45482  
266.500     2.45598  
266.600     2.45714  
266.700     2.45830  
266.800     2.45947  
266.900     2.46063  
267.000     2.46179  
267.100     2.46295  
267.200     2.46411  
267.300     2.46527  
267.400     2.46643  
267.500     2.46759  
267.600     2.46875  
267.700     2.46991  
267.800     2.47106  
267.900     2.47222  
268.000     2.47338  
268.100     2.47453  
268.200     2.47569  
268.300     2.47684  
268.400     2.47799  
268.500     2.47915  
268.600     2.48030  
268.700     2.48145  
268.800     2.48260  
268.900     2.48374  
269.000     2.48489  
269.100     2.48603  
269.200     2.48718  
269.300     2.48832  
269.400     2.48946  
269.500     2.49060  
269.600     2.49174  
269.700     2.49287  
269.800     2.49401  
269.900     2.49514  
270.000     2.49627  
270.100     2.49740  
270.200     2.49853  
270.300     2.49966  
270.400     2.50078  
270.500     2.50190  
270.600     2.50302  
270.700     2.50414  
270.800     2.50526  
270.900     2.50638  
271.000     2.50749  
271.100     2.50861  
271.200     2.50972  
271.300     2.51083  
271.400     2.51194  
271.500     2.51305  
271.600     2.51416  
271.700     2.51527  
271.800     2.51637  
271.900     2.51748  
272.000     2.51858  
272.100     2.51969  
272.200     2.52079  
272.300     2.52189  
272.400     2.52300  
272.500     2.52410  
272.600     2.52520  
272.700     2.52630  
272.800     2.52740  
272.900     2.52850  
273.000     2.52960  
273.100     2.53070  
273.200     2.53180  
273.300     2.53291  
273.400     2.53401  
273.500     2.53511  
273.600     2.53621  
273.700     2.53731  
273.800     2.53841  
273.900     2.53951  
274.000     2.54061  
274.100     2.54171  
274.200     2.54281  
274.300     2.54392  
274.400     2.54502  
274.500     2.54612  
274.600     2.54723  
274.700     2.54834  
274.800     2.54944  
274.900     2.55055  
275.000     2.55166  
275.100     2.55277  
275.200     2.55388  
275.300     2.55499  
275.400     2.55610  
275.500     2.55721  
275.600     2.55832  
275.700     2.55944  
275.800     2.56055  
275.900     2.56167  
276.000     2.56278  
276.100     2.56390  
276.200     2.56501  
276.300     2.56613  
276.400     2.56725  
276.500     2.56836  
276.600     2.56948  
276.700     2.57059  
276.800     2.57171  
276.900     2.57283  
277.000     2.57394  
277.100     2.57506  
277.200     2.57617  
277.300     2.57729  
277.400     2.57840  
277.500     2.57952  
277.600     2.58063  
277.700     2.58175  
277.800     2.58286  
277.900     2.58397  
278.000     2.58508  
278.100     2.58619  
278.200     2.58730  
278.300     2.58841  
278.400     2.58951  
278.500     2.59062  
278.600     2.59173  
278.700     2.59283  
278.800     2.59393  
278.900     2.59503  
279.000     2.59613  
279.100     2.59723  
279.200     2.59833  
279.300     2.59942  
279.400     2.60052  
279.500     2.60161  
279.600     2.60270  
279.700     2.60379  
279.800     2.60487  
279.900     2.60596  
280.000     2.60704  
280.100     2.60812  
280.200     2.60920  
280.300     2.61028  
280.400     2.61135  
280.500     2.61242  
280.600     2.61350  
280.700     2.61456  
280.800     2.61563  
280.900     2.61670  
281.000     2.61776  
281.100     2.61883  
281.200     2.61989  
281.300     2.62095  
281.400     2.62201  
281.500     2.62307  
281.600     2.62413  
281.700     2.62518  
281.800     2.62624  
281.900     2.62729  
282.000     2.62834  
282.100     2.62940  
282.200     2.63045  
282.300     2.63150  
282.400     2.63255  
282.500     2.63360  
282.600     2.63465  
282.700     2.63570  
282.800     2.63675  
282.900     2.63780  
283.000     2.63884  
283.100     2.63989  
283.200     2.64094  
283.300     2.64199  
283.400     2.64304  
283.500     2.64408  
283.600     2.64513  
283.700     2.64618  
283.800     2.64723  
283.900     2.64828  
284.000     2.64933  
284.100     2.65038  
284.200     2.65143  
284.300     2.65248  
284.400     2.65353  
284.500     2.65458  
284.600     2.65563  
284.700     2.65669  
284.800     2.65774  
284.900     2.65880  
285.000     2.65986  
285.100     2.66091  
285.200     2.66197  
285.300     2.66303  
285.400     2.66409  
285.500     2.66515  
285.600     2.66621  
285.700     2.66728  
285.800     2.66834  
285.900     2.66940  
286.000     2.67047  
286.100     2.67153  
286.200     2.67260  
286.300     2.67366  
286.400     2.67473  
286.500     2.67580  
286.600     2.67686  
286.700     2.67793  
286.800     2.67899  
286.900     2.68006  
287.000     2.68112  
287.100     2.68219  
287.200     2.68325  
287.300     2.68432  
287.400     2.68538  
287.500     2.68645  
287.600     2.68751  
287.700     2.68857  
287.800     2.68963  
287.900     2.69069  
288.000     2.69175  
288.100     2.69281  
288.200     2.69387  
288.300     2.69493  
288.400     2.69598  
288.500     2.69704  
288.600     2.69809  
288.700     2.69914  
288.800     2.70019  
288.900     2.70124  
289.000     2.70229  
289.100     2.70334  
289.200     2.70438  
289.300     2.70542  
289.400     2.70646  
289.500     2.70750  
289.600     2.70854  
289.700     2.70958  
289.800     2.71061  
289.900     2.71164  
290.000     2.71267  
290.100     2.71369  
290.200     2.71472  
290.300     2.71574  
290.400     2.71676  
290.500     2.71778  
290.600     2.71879  
290.700     2.71981  
290.800     2.72082  
290.900     2.72183  
291.000     2.72284  
291.100     2.72385  
291.200     2.72486  
291.300     2.72586  
291.400     2.72686  
291.500     2.72786  
291.600     2.72887  
291.700     2.72987  
291.800     2.73086  
291.900     2.73186  
292.000     2.73286  
292.100     2.73385  
292.200     2.73485  
292.300     2.73584  
292.400     2.73684  
292.500     2.73783  
292.600     2.73882  
292.700     2.73981  
292.800     2.74080  
292.900     2.74179  
293.000     2.74278  
293.100     2.74378  
293.200     2.74477  
293.300     2.74576  
293.400     2.74675  
293.500     2.74774  
293.600     2.74873  
293.700     2.74972  
293.800     2.75071  
293.900     2.75170  
294.000     2.75269  
294.100     2.75369  
294.200     2.75468  
294.300     2.75567  
294.400     2.75667  
294.500     2.75766  
294.600     2.75866  
294.700     2.75965  
294.800     2.76065  
294.900     2.76165  
295.000     2.76265  
295.100     2.76365  
295.200     2.76465  
295.300     2.76566  
295.400     2.76666  
295.500     2.76767  
295.600     2.76867  
295.700     2.76968  
295.800     2.77069  
295.900     2.77169  
296.000     2.77270  
296.100     2.77371  
296.200     2.77472  
296.300     2.77573  
296.400     2.77674  
296.500     2.77775  
296.600     2.77876  
296.700     2.77977  
296.800     2.78078  
296.900     2.78179  
297.000     2.78280  
297.100     2.78381  
297.200     2.78482  
297.300     2.78583  
297.400     2.78683  
297.500     2.78784  
297.600     2.78885  
297.700     2.78985  
297.800     2.79086  
297.900     2.79186  
298.000     2.79287  
298.100     2.79387  
298.200     2.79487  
298.300     2.79587  
298.400     2.79687  
298.500     2.79787  
298.600     2.79887  
298.700     2.79986  
298.800     2.80086  
298.900     2.80185  
299.000     2.80284  
299.100     2.80383  
299.200     2.80481  
299.300     2.80580  
299.400     2.80678  
299.500     2.80776  
299.600     2.80874  
299.700     2.80972  
299.800     2.81069  
299.900     2.81166  
300.000     2.81263  
300.100     2.81360  
300.200     2.81457  
300.300     2.81553  
300.400     2.81649  
300.500     2.81745  
300.600     2.81840  
300.700     2.81936  
300.800     2.82031  
300.900     2.82126  
301.000     2.82221  
301.100     2.82315  
301.200     2.82410  
301.300     2.82504  
301.400     2.82598  
301.500     2.82693  
301.600     2.82786  
301.700     2.82880  
301.800     2.82974  
301.900     2.83067  
302.000     2.83161  
302.100     2.83254  
302.200     2.83348  
302.300     2.83441  
302.400     2.83534  
302.500     2.83627  
302.600     2.83720  
302.700     2.83813  
302.800     2.83906  
302.900     2.83999  
303.000     2.84092  
303.100     2.84184  
303.200     2.84277  
303.300     2.84370  
303.400     2.84463  
303.500     2.84556  
303.600     2.84648  
303.700     2.84741  
303.800     2.84834  
303.900     2.84927  
304.000     2.85020  
304.100     2.85113  
304.200     2.85206  
304.300     2.85299  
304.400     2.85392  
304.500     2.85486  
304.600     2.85579  
304.700     2.85673  
304.800     2.85766  
304.900     2.85860  
305.000     2.85954  
305.100     2.86048  
305.200     2.86142  
305.300     2.86236  
305.400     2.86330  
305.500     2.86425  
305.600     2.86519  
305.700     2.86614  
305.800     2.86708  
305.900     2.86803  
306.000     2.86898  
306.100     2.86992  
306.200     2.87087  
306.300     2.87182  
306.400     2.87277  
306.500     2.87372  
306.600     2.87467  
306.700     2.87562  
306.800     2.87657  
306.900     2.87752  
307.000     2.87847  
307.100     2.87941  
307.200     2.88036  
307.300     2.88131  
307.400     2.88226  
307.500     2.88320  
307.600     2.88415  
307.700     2.88509  
307.800     2.88604  
307.900     2.88698  
308.000     2.88792  
308.100     2.88887  
308.200     2.88981  
308.300     2.89074  
308.400     2.89168  
308.500     2.89262  
308.600     2.89355  
308.700     2.89449  
308.800     2.89542  
308.900     2.89635  
309.000     2.89728  
309.100     2.89820  
309.200     2.89913  
309.300     2.90005  
309.400     2.90097  
309.500     2.90189  
309.600     2.90280  
309.700     2.90372  
309.800     2.90463  
309.900     2.90554  
310.000     2.90644  
310.100     2.90734  
310.200     2.90824  
310.300     2.90914  
310.400     2.91004  
310.500     2.91093  
310.600     2.91182  
310.700     2.91271  
310.800     2.91360  
310.900     2.91448  
311.000     2.91537  
311.100     2.91625  
311.200     2.91713  
311.300     2.91801  
311.400     2.91888  
311.500     2.91976  
311.600     2.92063  
311.700     2.92150  
311.800     2.92237  
311.900     2.92324  
312.000     2.92411  
312.100     2.92498  
312.200     2.92584  
312.300     2.92671  
312.400     2.92757  
312.500     2.92844  
312.600     2.92930  
312.700     2.93016  
312.800     2.93102  
312.900     2.93188  
313.000     2.93275  
313.100     2.93361  
313.200     2.93447  
313.300     2.93533  
313.400     2.93619  
313.500     2.93705  
313.600     2.93791  
313.700     2.93877  
313.800     2.93963  
313.900     2.94050  
314.000     2.94136  
314.100     2.94222  
314.200     2.94309  
314.300     2.94395  
314.400     2.94482  
314.500     2.94568  
314.600     2.94655  
314.700     2.94742  
314.800     2.94829  
314.900     2.94916  
315.000     2.95003  
315.100     2.95090  
315.200     2.95178  
315.300     2.95265  
315.400     2.95353  
315.500     2.95441  
315.600     2.95529  
315.700     2.95617  
315.800     2.95705  
315.900     2.95793  
316.000     2.95881  
316.100     2.95969  
316.200     2.96057  
316.300     2.96146  
316.400     2.96234  
316.500     2.96322  
316.600     2.96411  
316.700     2.96499  
316.800     2.96587  
316.900     2.96676  
317.000     2.96764  
317.100     2.96852  
317.200     2.96941  
317.300     2.97029  
317.400     2.97117  
317.500     2.97205  
317.600     2.97293  
317.700     2.97381  
317.800     2.97469  
317.900     2.97557  
318.000     2.97644  
318.100     2.97732  
318.200     2.97819  
318.300     2.97906  
318.400     2.97994  
318.500     2.98081  
318.600     2.98167  
318.700     2.98254  
318.800     2.98340  
318.900     2.98427  
319.000     2.98513  
319.100     2.98599  
319.200     2.98685  
319.300     2.98770  
319.400     2.98855  
319.500     2.98940  
319.600     2.99025  
319.700     2.99110  
319.800     2.99194  
319.900     2.99278  
320.000     2.99362  
320.100     2.99445  
320.200     2.99528  
320.300     2.99611  
320.400     2.99694  
320.500     2.99776  
320.600     2.99859  
320.700     2.99941  
320.800     3.00022  
320.900     3.00104  
321.000     3.00185  
321.100     3.00266  
321.200     3.00347  
321.300     3.00428  
321.400     3.00508  
321.500     3.00589  
321.600     3.00669  
321.700     3.00749  
321.800     3.00829  
321.900     3.00909  
322.000     3.00989  
322.100     3.01068  
322.200     3.01148  
322.300     3.01227  
322.400     3.01307  
322.500     3.01386  
322.600     3.01465  
322.700     3.01544  
322.800     3.01623  
322.900     3.01702  
323.000     3.01781  
323.100     3.01860  
323.200     3.01939  
323.300     3.02018  
323.400     3.02097  
323.500     3.02176  
323.600     3.02255  
323.700     3.02334  
323.800     3.02413  
323.900     3.02492  
324.000     3.02571  
324.100     3.02650  
324.200     3.02730  
324.300     3.02809  
324.400     3.02888  
324.500     3.02968  
324.600     3.03048  
324.700     3.03127  
324.800     3.03207  
324.900     3.03287  
325.000     3.03367  
325.100     3.03447  
325.200     3.03528  
325.300     3.03608  
325.400     3.03689  
325.500     3.03770  
325.600     3.03851  
325.700     3.03931  
325.800     3.04013  
325.900     3.04094  
326.000     3.04175  
326.100     3.04256  
326.200     3.04337  
326.300     3.04419  
326.400     3.04500  
326.500     3.04581  
326.600     3.04663  
326.700     3.04744  
326.800     3.04825  
326.900     3.04907  
327.000     3.04988  
327.100     3.05069  
327.200     3.05151  
327.300     3.05232  
327.400     3.05313  
327.500     3.05394  
327.600     3.05475  
327.700     3.05556  
327.800     3.05637  
327.900     3.05717  
328.000     3.05798  
328.100     3.05878  
328.200     3.05959  
328.300     3.06039  
328.400     3.06119  
328.500     3.06199  
328.600     3.06279  
328.700     3.06358  
328.800     3.06438  
328.900     3.06517  
329.000     3.06596  
329.100     3.06675  
329.200     3.06753  
329.300     3.06832  
329.400     3.06910  
329.500     3.06988  
329.600     3.07065  
329.700     3.07142  
329.800     3.07220  
329.900     3.07296  
330.000     3.07373  
330.100     3.07449  
330.200     3.07525  
330.300     3.07601  
330.400     3.07676  
330.500     3.07751  
330.600     3.07826  
330.700     3.07900  
330.800     3.07975  
330.900     3.08049  
331.000     3.08123  
331.100     3.08197  
331.200     3.08270  
331.300     3.08343  
331.400     3.08417  
331.500     3.08490  
331.600     3.08562  
331.700     3.08635  
331.800     3.08708  
331.900     3.08780  
332.000     3.08852  
332.100     3.08924  
332.200     3.08996  
332.300     3.09068  
332.400     3.09140  
332.500     3.09212  
332.600     3.09283  
332.700     3.09355  
332.800     3.09427  
332.900     3.09498  
333.000     3.09570  
333.100     3.09641  
333.200     3.09713  
333.300     3.09784  
333.400     3.09855  
333.500     3.09927  
333.600     3.09998  
333.700     3.10070  
333.800     3.10141  
333.900     3.10213  
334.000     3.10284  
334.100     3.10356  
334.200     3.10428  
334.300     3.10500  
334.400     3.10572  
334.500     3.10644  
334.600     3.10716  
334.700     3.10788  
334.800     3.10860  
334.900     3.10933  
335.000     3.11005  
335.100     3.11078  
335.200     3.11151  
335.300     3.11224  
335.400     3.11297  
335.500     3.11371  
335.600     3.11444  
335.700     3.11518  
335.800     3.11591  
335.900     3.11665  
336.000     3.11739  
336.100     3.11812  
336.200     3.11886  
336.300     3.11960  
336.400     3.12034  
336.500     3.12108  
336.600     3.12182  
336.700     3.12256  
336.800     3.12330  
336.900     3.12404  
337.000     3.12478  
337.100     3.12552  
337.200     3.12626  
337.300     3.12699  
337.400     3.12773  
337.500     3.12847  
337.600     3.12920  
337.700     3.12994  
337.800     3.13067  
337.900     3.13141  
338.000     3.13214  
338.100     3.13287  
338.200     3.13360  
338.300     3.13432  
338.400     3.13505  
338.500     3.13577  
338.600     3.13650  
338.700     3.13722  
338.800     3.13794  
338.900     3.13865  
339.000     3.13937  
339.100     3.14008  
339.200     3.14079  
339.300     3.14150  
339.400     3.14220  
339.500     3.14291  
339.600     3.14361  
339.700     3.14431  
339.800     3.14500  
339.900     3.14569  
340.000     3.14638  
340.100     3.14707  
340.200     3.14775  
340.300     3.14843  
340.400     3.14910  
340.500     3.14978  
340.600     3.15045  
340.700     3.15112  
340.800     3.15178  
340.900     3.15245  
341.000     3.15311  
341.100     3.15377  
341.200     3.15443  
341.300     3.15508  
341.400     3.15573  
341.500     3.15639  
341.600     3.15704  
341.700     3.15768  
341.800     3.15833  
341.900     3.15898  
342.000     3.15962  
342.100     3.16026  
342.200     3.16090  
342.300     3.16154  
342.400     3.16218  
342.500     3.16282  
342.600     3.16346  
342.700     3.16410  
342.800     3.16473  
342.900     3.16537  
343.000     3.16601  
343.100     3.16664  
343.200     3.16728  
343.300     3.16791  
343.400     3.16855  
343.500     3.16918  
343.600     3.16982  
343.700     3.17045  
343.800     3.17109  
343.900     3.17173  
344.000     3.17236  
344.100     3.17300  
344.200     3.17364  
344.300     3.17428  
344.400     3.17492  
344.500     3.17556  
344.600     3.17620  
344.700     3.17685  
344.800     3.17749  
344.900     3.17814  
345.000     3.17879  
345.100     3.17944  
345.200     3.18009  
345.300     3.18074  
345.400     3.18139  
345.500     3.18205  
345.600     3.18270  
345.700     3.18336  
345.800     3.18402  
345.900     3.18468  
346.000     3.18534  
346.100     3.18600  
346.200     3.18666  
346.300     3.18732  
346.400     3.18798  
346.500     3.18864  
346.600     3.18930  
346.700     3.18996  
346.800     3.19063  
346.900     3.19129  
347.000     3.19195  
347.100     3.19261  
347.200     3.19327  
347.300     3.19393  
347.400     3.19459  
347.500     3.19525  
347.600     3.19591  
347.700     3.19656  
347.800     3.19722  
347.900     3.19787  
348.000     3.19853  
348.100     3.19918  
348.200     3.19983  
348.300     3.20048  
348.400     3.20113  
348.500     3.20177  
348.600     3.20242  
348.700     3.20306  
348.800     3.20370  
348.900     3.20434  
349.000     3.20497  
349.100     3.20561  
349.200     3.20624  
349.300     3.20687  
349.400     3.20749  
349.500     3.20812  
349.600     3.20874  
349.700     3.20936  
349.800     3.20997  
349.900     3.21058  
350.000     3.21119  