0.000     0.00000  
  0.100     0.00000  
  0.200     0.00000  
  0.300     0.00000  
  0.400     0.00000  
  0.500     0.00000  
  0.600     0.00000  
  0.700     0.00000  
  0.800     0.00000  
  0.900     0.00001  
  1.000     0.00001  
  1.100     0.00001  
  1.200     0.00002  
  1.300     0.00002  
  1.400     0.00003  
  1.500     0.00004  
  1.600     0.00005  
  1.700     0.00006  
  1.800     0.00007  
  1.900     0.00009  
  2.000     0.00011  
  2.100     0.00012  
  2.200     0.00015  
  2.300     0.00017  
  2.400     0.00019  
  2.500     0.00022  
  2.600     0.00025  
  2.700     0.00029  
  2.800     0.00032  
  2.900     0.00036  
  3.000     0.00040  
  3.100     0.00045  
  3.200     0.00049  
  3.300     0.00055  
  3.400     0.00060  
  3.500     0.00066  
  3.600     0.00072  
  3.700     0.00078  
  3.800     0.00085  
  3.900     0.00092  
  4.000     0.00100  
  4.100     0.00107  
  4.200     0.00116  
  4.300     0.00124  
  4.400     0.00133  
  4.500     0.00143  
  4.600     0.00153  
  4.700     0.00163  
  4.800     0.00173  
  4.900     0.00184  
  5.000     0.00196  
  5.100     0.00208  
  5.200     0.00220  
  5.300     0.00233  
  5.400     0.00246  
  5.500     0.00260  
  5.600     0.00274  
  5.700     0.00288  
  5.800     0.00303  
  5.900     0.00318  
  6.000     0.00334  
  6.100     0.00350  
  6.200     0.00367  
  6.300     0.00384  
  6.400     0.00402  
  6.500     0.00420  
  6.600     0.00438  
  6.700     0.00457  
  6.800     0.00477  
  6.900     0.00496  
  7.000     0.00517  
  7.100     0.00537  
  7.200     0.00559  
  7.300     0.00580  
  7.400     0.00603  
  7.500     0.00625  
  7.600     0.00648  
  7.700     0.00672  
  7.800     0.00696  
  7.900     0.00720  
  8.000     0.00745  
  8.100     0.00771  
  8.200     0.00797  
  8.300     0.00823  
  8.400     0.00850  
  8.500     0.00877  
  8.600     0.00905  
  8.700     0.00933  
  8.800     0.00962  
  8.900     0.00991  
  9.000     0.01020  
  9.100     0.01050  
  9.200     0.01081  
  9.300     0.01112  
  9.400     0.01143  
  9.500     0.01175  
  9.600     0.01207  
  9.700     0.01240  
  9.800     0.01273  
  9.900     0.01307  
 10.000     0.01341  
 10.100     0.01375  
 10.200     0.01410  
 10.300     0.01446  
 10.400     0.01482  
 10.500     0.01518  
 10.600     0.01555  
 10.700     0.01592  
 10.800     0.01629  
 10.900     0.01667  
 11.000     0.01706  
 11.100     0.01745  
 11.200     0.01784  
 11.300     0.01824  
 11.400     0.01864  
 11.500     0.01905  
 11.600     0.01946  
 11.700     0.01987  
 11.800     0.02029  
 11.900     0.02071  
 12.000     0.02114  
 12.100     0.02157  
 12.200     0.02201  
 12.300     0.02245  
 12.400     0.02289  
 12.500     0.02334  
 12.600     0.02379  
 12.700     0.02424  
 12.800     0.02470  
 12.900     0.02517  
 13.000     0.02563  
 13.100     0.02611  
 13.200     0.02658  
 13.300     0.02706  
 13.400     0.02754  
 13.500     0.02803  
 13.600     0.02852  
 13.700     0.02902  
 13.800     0.02951  
 13.900     0.03002  
 14.000     0.03052  
 14.100     0.03103  
 14.200     0.03154  
 14.300     0.03206  
 14.400     0.03258  
 14.500     0.03311  
 14.600     0.03364  
 14.700     0.03417  
 14.800     0.03470  
 14.900     0.03524  
 15.000     0.03578  
 15.100     0.03633  
 15.200     0.03688  
 15.300     0.03743  
 15.400     0.03799  
 15.500     0.03855  
 15.600     0.03911  
 15.700     0.03968  
 15.800     0.04025  
 15.900     0.04082  
 16.000     0.04140  
 16.100     0.04198  
 16.200     0.04256  
 16.300     0.04315  
 16.400     0.04374  
 16.500     0.04433  
 16.600     0.04493  
 16.700     0.04553  
 16.800     0.04613  
 16.900     0.04674  
 17.000     0.04735  
 17.100     0.04796  
 17.200     0.04857  
 17.300     0.04919  
 17.400     0.04981  
 17.500     0.05044  
 17.600     0.05107  
 17.700     0.05170  
 17.800     0.05233  
 17.900     0.05297  
 18.000     0.05361  
 18.100     0.05425  
 18.200     0.05490  
 18.300     0.05554  
 18.400     0.05620  
 18.500     0.05685  
 18.600     0.05751  
 18.700     0.05817  
 18.800     0.05883  
 18.900     0.05950  
 19.000     0.06016  
 19.100     0.06084  
 19.200     0.06151  
 19.300     0.06219  
 19.400     0.06286  
 19.500     0.06355  
 19.600     0.06423  
 19.700     0.06492  
 19.800     0.06561  
 19.900     0.06630  
 20.000     0.06700  
 20.100     0.06769  
 20.200     0.06839  
 20.300     0.06910  
 20.400     0.06980  
 20.500     0.07051  
 20.600     0.07122  
 20.700     0.07193  
 20.800     0.07265  
 20.900     0.07337  
 21.000     0.07409  
 21.100     0.07481  
 21.200     0.07553  
 21.300     0.07626  
 21.400     0.07699  
 21.500     0.07772  
 21.600     0.07846  
 21.700     0.07919  
 21.800     0.07993  
 21.900     0.08067  
 22.000     0.08142  
 22.100     0.08216  
 22.200     0.08291  
 22.300     0.08366  
 22.400     0.08441  
 22.500     0.08517  
 22.600     0.08592  
 22.700     0.08668  
 22.800     0.08744  
 22.900     0.08820  
 23.000     0.08897  
 23.100     0.08974  
 23.200     0.09051  
 23.300     0.09128  
 23.400     0.09205  
 23.500     0.09283  
 23.600     0.09360  
 23.700     0.09438  
 23.800     0.09517  
 23.900     0.09595  
 24.000     0.09673  
 24.100     0.09752  
 24.200     0.09831  
 24.300     0.09910  
 24.400     0.09989  
 24.500     0.10069  
 24.600     0.10149  
 24.700     0.10229  
 24.800     0.10309  
 24.900     0.10389  
 25.000     0.10469  
 25.100     0.10550  
 25.200     0.10631  
 25.300     0.10712  
 25.400     0.10793  
 25.500     0.10874  
 25.600     0.10956  
 25.700     0.11037  
 25.800     0.11119  
 25.900     0.11201  
 26.000     0.11283  
 26.100     0.11366  
 26.200     0.11448  
 26.300     0.11531  
 26.400     0.11614  
 26.500     0.11697  
 26.600     0.11780  
 26.700     0.11863  
 26.800     0.11947  
 26.900     0.12030  
 27.000     0.12114  
 27.100     0.12198  
 27.200     0.12282  
 27.300     0.12366  
 27.400     0.12451  
 27.500     0.12535  
 27.600     0.12620  
 27.700     0.12705  
 27.800     0.12790  
 27.900     0.12875  
 28.000     0.12961  
 28.100     0.13046  
 28.200     0.13132  
 28.300     0.13217  
 28.400     0.13303  
 28.500     0.13389  
 28.600     0.13475  
 28.700     0.13562  
 28.800     0.13648  
 28.900     0.13735  
 29.000     0.13821  
 29.100     0.13908  
 29.200     0.13995  
 29.300     0.14082  
 29.400     0.14170  
 29.500     0.14257  
 29.600     0.14344  
 29.700     0.14432  
 29.800     0.14520  
 29.900     0.14608  
 30.000     0.14696  
 30.100     0.14784  
 30.200     0.14872  
 30.300     0.14960  
 30.400     0.15049  
 30.500     0.15137  
 30.600     0.15226  
 30.700     0.15315  
 30.800     0.15404  
 30.900     0.15493  
 31.000     0.15582  
 31.100     0.15672  
 31.200     0.15761  
 31.300     0.15850  
 31.400     0.15940  
 31.500     0.16030  
 31.600     0.16120  
 31.700     0.16210  
 31.800     0.16300  
 31.900     0.16390  
 32.000     0.16480  
 32.100     0.16571  
 32.200     0.16661  
 32.300     0.16752  
 32.400     0.16842  
 32.500     0.16933  
 32.600     0.17024  
 32.700     0.17115  
 32.800     0.17206  
 32.900     0.17297  
 33.000     0.17389  
 33.100     0.17480  
 33.200     0.17572  
 33.300     0.17663  
 33.400     0.17755  
 33.500     0.17847  
 33.600     0.17939  
 33.700     0.18031  
 33.800     0.18123  
 33.900     0.18215  
 34.000     0.18307  
 34.100     0.18399  
 34.200     0.18492  
 34.300     0.18584  
 34.400     0.18677  
 34.500     0.18770  
 34.600     0.18862  
 34.700     0.18955  
 34.800     0.19048  
 34.900     0.19141  
 35.000     0.19234  
 35.100     0.19327  
 35.200     0.19421  
 35.300     0.19514  
 35.400     0.19607  
 35.500     0.19701  
 35.600     0.19794  
 35.700     0.19888  
 35.800     0.19982  
 35.900     0.20076  
 36.000     0.20170  
 36.100     0.20263  
 36.200     0.20357  
 36.300     0.20452  
 36.400     0.20546  
 36.500     0.20640  
 36.600     0.20734  
 36.700     0.20829  
 36.800     0.20923  
 36.900     0.21018  
 37.000     0.21112  
 37.100     0.21207  
 37.200     0.21302  
 37.300     0.21396  
 37.400     0.21491  
 37.500     0.21586  
 37.600     0.21681  
 37.700     0.21776  
 37.800     0.21871  
 37.900     0.21967  
 38.000     0.22062  
 38.100     0.22157  
 38.200     0.22253  
 38.300     0.22348  
 38.400     0.22444  
 38.500     0.22539  
 38.600     0.22635  
 38.700     0.22730  
 38.800     0.22826  
 38.900     0.22922  
 39.000     0.23018  
 39.100     0.23114  
 39.200     0.23210  
 39.300     0.23306  
 39.400     0.23402  
 39.500     0.23498  
 39.600     0.23594  
 39.700     0.23690  
 39.800     0.23787  
 39.900     0.23883  
 40.000     0.23979  
 40.100     0.24076  
 40.200     0.24172  
 40.300     0.24269  
 40.400     0.24365  
 40.500     0.24462  
 40.600     0.24559  
 40.700     0.24655  
 40.800     0.24752  
 40.900     0.24849  
 41.000     0.24946  
 41.100     0.25043  
 41.200     0.25140  
 41.300     0.25237  
 41.400     0.25334  
 41.500     0.25431  
 41.600     0.25528  
 41.700     0.25625  
 41.800     0.25722  
 41.900     0.25820  
 42.000     0.25917  
 42.100     0.26014  
 42.200     0.26112  
 42.300     0.26209  
 42.400     0.26307  
 42.500     0.26404  
 42.600     0.26502  
 42.700     0.26599  
 42.800     0.26697  
 42.900     0.26795  
 43.000     0.26892  
 43.100     0.26990  
 43.200     0.27088  
 43.300     0.27186  
 43.400     0.27284  
 43.500     0.27381  
 43.600     0.27479  
 43.700     0.27577  
 43.800     0.27675  
 43.900     0.27773  
 44.000     0.27871  
 44.100     0.27969  
 44.200     0.28068  
 44.300     0.28166  
 44.400     0.28264  
 44.500     0.28362  
 44.600     0.28460  
 44.700     0.28559  
 44.800     0.28657  
 44.900     0.28755  
 45.000     0.28854  
 45.100     0.28952  
 45.200     0.29051  
 45.300     0.29149  
 45.400     0.29247  
 45.500     0.29346  
 45.600     0.29444  
 45.700     0.29543  
 45.800     0.29642  
 45.900     0.29740  
 46.000     0.29839  
 46.100     0.29937  
 46.200     0.30036  
 46.300     0.30135  
 46.400     0.30234  
 46.500     0.30332  
 46.600     0.30431  
 46.700     0.30530  
 46.800     0.30629  
 46.900     0.30728  
 47.000     0.30827  
 47.100     0.30925  
 47.200     0.31024  
 47.300     0.31123  
 47.400     0.31222  
 47.500     0.31321  
 47.600     0.31420  
 47.700     0.31519  
 47.800     0.31618  
 47.900     0.31717  
 48.000     0.31816  
 48.100     0.31915  
 48.200     0.32014  
 48.300     0.32114  
 48.400     0.32213  
 48.500     0.32312  
 48.600     0.32411  
 48.700     0.32510  
 48.800     0.32610  
 48.900     0.32709  
 49.000     0.32808  
 49.100     0.32907  
 49.200     0.33007  
 49.300     0.33106  
 49.400     0.33205  
 49.500     0.33304  
 49.600     0.33404  
 49.700     0.33503  
 49.800     0.33602  
 49.900     0.33702  
 50.000     0.33801  
 50.100     0.33901  
 50.200     0.34000  
 50.300     0.34099  
 50.400     0.34199  
 50.500     0.34298  
 50.600     0.34398  
 50.700     0.34497  
 50.800     0.34597  
 50.900     0.34696  
 51.000     0.34796  
 51.100     0.34895  
 51.200     0.34995  
 51.300     0.35094  
 51.400     0.35194  
 51.500     0.35293  
 51.600     0.35393  
 51.700     0.35492  
 51.800     0.35592  
 51.900     0.35691  
 52.000     0.35791  
 52.100     0.35891  
 52.200     0.35990  
 52.300     0.36090  
 52.400     0.36189  
 52.500     0.36289  
 52.600     0.36389  
 52.700     0.36488  
 52.800     0.36588  
 52.900     0.36687  
 53.000     0.36787  
 53.100     0.36887  
 53.200     0.36986  
 53.300     0.37086  
 53.400     0.37186  
 53.500     0.37285  
 53.600     0.37385  
 53.700     0.37485  
 53.800     0.37584  
 53.900     0.37684  
 54.000     0.37784  
 54.100     0.37883  
 54.200     0.37983  
 54.300     0.38083  
 54.400     0.38182  
 54.500     0.38282  
 54.600     0.38382  
 54.700     0.38481  
 54.800     0.38581  
 54.900     0.38681  
 55.000     0.38780  
 55.100     0.38880  
 55.200     0.38980  
 55.300     0.39079  
 55.400     0.39179  
 55.500     0.39279  
 55.600     0.39378  
 55.700     0.39478  
 55.800     0.39578  
 55.900     0.39677  
 56.000     0.39777  
 56.100     0.39877  
 56.200     0.39976  
 56.300     0.40076  
 56.400     0.40176  
 56.500     0.40275  
 56.600     0.40375  
 56.700     0.40475  
 56.800     0.40574  
 56.900     0.40674  
 57.000     0.40774  
 57.100     0.40873  
 57.200     0.40973  
 57.300     0.41072  
 57.400     0.41172  
 57.500     0.41272  
 57.600     0.41371  
 57.700     0.41471  
 57.800     0.41571  
 57.900     0.41670  
 58.000     0.41770  
 58.100     0.41869  
 58.200     0.41969  
 58.300     0.42069  
 58.400     0.42168  
 58.500     0.42268  
 58.600     0.42367  
 58.700     0.42467  
 58.800     0.42566  
 58.900     0.42666  
 59.000     0.42765  
 59.100     0.42865  
 59.200     0.42964  
 59.300     0.43064  
 59.400     0.43163  
 59.500     0.43263  
 59.600     0.43362  
 59.700     0.43462  
 59.800     0.43561  
 59.900     0.43661  
 60.000     0.43760  
 60.100     0.43860  
 60.200     0.43959  
 60.300     0.44058  
 60.400     0.44158  
 60.500     0.44257  
 60.600     0.44357  
 60.700     0.44456  
 60.800     0.44555  
 60.900     0.44655  
 61.000     0.44754  
 61.100     0.44854  
 61.200     0.44953  
 61.300     0.45052  
 61.400     0.45151  
 61.500     0.45251  
 61.600     0.45350  
 61.700     0.45449  
 61.800     0.45549  
 61.900     0.45648  
 62.000     0.45747  
 62.100     0.45846  
 62.200     0.45946  
 62.300     0.46045  
 62.400     0.46144  
 62.500     0.46243  
 62.600     0.46342  
 62.700     0.46441  
 62.800     0.46541  
 62.900     0.46640  
 63.000     0.46739  
 63.100     0.46838  
 63.200     0.46937  
 63.300     0.47036  
 63.400     0.47135  
 63.500     0.47234  
 63.600     0.47333  
 63.700     0.47432  
 63.800     0.47531  
 63.900     0.47630  
 64.000     0.47729  
 64.100     0.47828  
 64.200     0.47927  
 64.300     0.48026  
 64.400     0.48125  
 64.500     0.48224  
 64.600     0.48323  
 64.700     0.48421  
 64.800     0.48520  
 64.900     0.48619  
 65.000     0.48718  
 65.100     0.48817  
 65.200     0.48916  
 65.300     0.49014  
 65.400     0.49113  
 65.500     0.49212  
 65.600     0.49311  
 65.700     0.49409  
 65.800     0.49508  
 65.900     0.49607  
 66.000     0.49705  
 66.100     0.49804  
 66.200     0.49903  
 66.300     0.50001  
 66.400     0.50100  
 66.500     0.50198  
 66.600     0.50297  
 66.700     0.50395  
 66.800     0.50494  
 66.900     0.50592  
 67.000     0.50691  
 67.100     0.50789  
 67.200     0.50888  
 67.300     0.50986  
 67.400     0.51084  
 67.500     0.51183  
 67.600     0.51281  
 67.700     0.51380  
 67.800     0.51478  
 67.900     0.51576  
 68.000     0.51675  
 68.100     0.51773  
 68.200     0.51871  
 68.300     0.51969  
 68.400     0.52067  
 68.500     0.52166  
 68.600     0.52264  
 68.700     0.52362  
 68.800     0.52460  
 68.900     0.52558  
 69.000     0.52656  
 69.100     0.52754  
 69.200     0.52852  
 69.300     0.52950  
 69.400     0.53048  
 69.500     0.53146  
 69.600     0.53244  
 69.700     0.53342  
 69.800     0.53440  
 69.900     0.53538  
 70.000     0.53636  
 70.100     0.53734  
 70.200     0.53832  
 70.300     0.53929  
 70.400     0.54027  
 70.500     0.54125  
 70.600     0.54223  
 70.700     0.54320  
 70.800     0.54418  
 70.900     0.54516  
 71.000     0.54614  
 71.100     0.54711  
 71.200     0.54809  
 71.300     0.54906  
 71.400     0.55004  
 71.500     0.55101  
 71.600     0.55199  
 71.700     0.55296  
 71.800     0.55394  
 71.900     0.55491  
 72.000     0.55589  
 72.100     0.55686  
 72.200     0.55784  
 72.300     0.55881  
 72.400     0.55978  
 72.500     0.56076  
 72.600     0.56173  
 72.700     0.56270  
 72.800     0.56367  
 72.900     0.56465  
 73.000     0.56562  
 73.100     0.56659  
 73.200     0.56756  
 73.300     0.56853  
 73.400     0.56950  
 73.500     0.57047  
 73.600     0.57144  
 73.700     0.57241  
 73.800     0.57338  
 73.900     0.57435  
 74.000     0.57532  
 74.100     0.57629  
 74.200     0.57726  
 74.300     0.57823  
 74.400     0.57920  
 74.500     0.58017  
 74.600     0.58113  
 74.700     0.58210  
 74.800     0.58307  
 74.900     0.58404  
 75.000     0.58500  
 75.100     0.58597  
 75.200     0.58693  
 75.300     0.58790  
 75.400     0.58887  
 75.500     0.58983  
 75.600     0.59080  
 75.700     0.59176  
 75.800     0.59273  
 75.900     0.59369  
 76.000     0.59466  
 76.100     0.59562  
 76.200     0.59658  
 76.300     0.59755  
 76.400     0.59851  
 76.500     0.59947  
 76.600     0.60044  
 76.700     0.60140  
 76.800     0.60236  
 76.900     0.60332  
 77.000     0.60428  
 77.100     0.60524  
 77.200     0.60621  
 77.300     0.60717  
 77.400     0.60813  
 77.500     0.60909  
 77.600     0.61005  
 77.700     0.61101  
 77.800     0.61196  
 77.900     0.61292  
 78.000     0.61388  
 78.100     0.61484  
 78.200     0.61580  
 78.300     0.61676  
 78.400     0.61771  
 78.500     0.61867  
 78.600     0.61963  
 78.700     0.62058  
 78.800     0.62154  
 78.900     0.62250  
 79.000     0.62345  
 79.100     0.62441  
 79.200     0.62536  
 79.300     0.62632  
 79.400     0.62727  
 79.500     0.62823  
 79.600     0.62918  
 79.700     0.63013  
 79.800     0.63109  
 79.900     0.63204  
 80.000     0.63299  
 80.100     0.63395  
 80.200     0.63490  
 80.300     0.63585  
 80.400     0.63680  
 80.500     0.63775  
 80.600     0.63870  
 80.700     0.63966  
 80.800     0.64061  
 80.900     0.64156  
 81.000     0.64251  
 81.100     0.64346  
 81.200     0.64440  
 81.300     0.64535  
 81.400     0.64630  
 81.500     0.64725  
 81.600     0.64820  
 81.700     0.64915  
 81.800     0.65009  
 81.900     0.65104  
 82.000     0.65199  
 82.100     0.65293  
 82.200     0.65388  
 82.300     0.65483  
 82.400     0.65577  
 82.500     0.65672  
 82.600     0.65766  
 82.700     0.65861  
 82.800     0.65955  
 82.900     0.66049  
 83.000     0.66144  
 83.100     0.66238  
 83.200     0.66332  
 83.300     0.66427  
 83.400     0.66521  
 83.500     0.66615  
 83.600     0.66709  
 83.700     0.66803  
 83.800     0.66897  
 83.900     0.66991  
 84.000     0.67085  
 84.100     0.67180  
 84.200     0.67273  
 84.300     0.67367  
 84.400     0.67461  
 84.500     0.67555  
 84.600     0.67649  
 84.700     0.67743  
 84.800     0.67837  
 84.900     0.67930  
 85.000     0.68024  
 85.100     0.68118  
 85.200     0.68211  
 85.300     0.68305  
 85.400     0.68399  
 85.500     0.68492  
 85.600     0.68586  
 85.700     0.68679  
 85.800     0.68773  
 85.900     0.68866  
 86.000     0.68959  
 86.100     0.69053  
 86.200     0.69146  
 86.300     0.69239  
 86.400     0.69333  
 86.500     0.69426  
 86.600     0.69519  
 86.700     0.69612  
 86.800     0.69705  
 86.900     0.69798  
 87.000     0.69891  
 87.100     0.69984  
 87.200     0.70077  
 87.300     0.70170  
 87.400     0.70263  
 87.500     0.70356  
 87.600     0.70449  
 87.700     0.70542  
 87.800     0.70634  
 87.900     0.70727  
 88.000     0.70820  
 88.100     0.70912  
 88.200     0.71005  
 88.300     0.71098  
 88.400     0.71190  
 88.500     0.71283  
 88.600     0.71375  
 88.700     0.71468  
 88.800     0.71560  
 88.900     0.71652  
 89.000     0.71745  
 89.100     0.71837  
 89.200     0.71929  
 89.300     0.72022  
 89.400     0.72114  
 89.500     0.72206  
 89.600     0.72298  
 89.700     0.72390  
 89.800     0.72482  
 89.900     0.72574  
 90.000     0.72666  
 90.100     0.72758  
 90.200     0.72850  
 90.300     0.72942  
 90.400     0.73034  
 90.500     0.73126  
 90.600     0.73217  
 90.700     0.73309  
 90.800     0.73401  
 90.900     0.73492  
 91.000     0.73584  
 91.100     0.73676  
 91.200     0.73767  
 91.300     0.73859  
 91.400     0.73950  
 91.500     0.74042  
 91.600     0.74133  
 91.700     0.74224  
 91.800     0.74316  
 91.900     0.74407  
 92.000     0.74498  
 92.100     0.74589  
 92.200     0.74681  
 92.300     0.74772  
 92.400     0.74863  
 92.500     0.74954  
 92.600     0.75045  
 92.700     0.75136  
 92.800     0.75227  
 92.900     0.75318  
 93.000     0.75409  
 93.100     0.75500  
 93.200     0.75590  
 93.300     0.75681  
 93.400     0.75772  
 93.500     0.75863  
 93.600     0.75953  
 93.700     0.76044  
 93.800     0.76134  
 93.900     0.76225  
 94.000     0.76315  
 94.100     0.76406  
 94.200     0.76496  
 94.300     0.76587  
 94.400     0.76677  
 94.500     0.76767  
 94.600     0.76858  
 94.700     0.76948  
 94.800     0.77038  
 94.900     0.77128  
 95.000     0.77218  
 95.100     0.77308  
 95.200     0.77398  
 95.300     0.77488  
 95.400     0.77578  
 95.500     0.77668  
 95.600     0.77758  
 95.700     0.77848  
 95.800     0.77938  
 95.900     0.78028  
 96.000     0.78117  
 96.100     0.78207  
 96.200     0.78297  
 96.300     0.78386  
 96.400     0.78476  
 96.500     0.78565  
 96.600     0.78655  
 96.700     0.78744  
 96.800     0.78834  
 96.900     0.78923  
 97.000     0.79012  
 97.100     0.79102  
 97.200     0.79191  
 97.300     0.79280  
 97.400     0.79369  
 97.500     0.79458  
 97.600     0.79548  
 97.700     0.79637  
 97.800     0.79726  
 97.900     0.79815  
 98.000     0.79903  
 98.100     0.79992  
 98.200     0.80081  
 98.300     0.80170  
 98.400     0.80259  
 98.500     0.80348  
 98.600     0.80436  
 98.700     0.80525  
 98.800     0.80613  
 98.900     0.80702  
 99.000     0.80791  
 99.100     0.80879  
 99.200     0.80968  
 99.300     0.81056  
 99.400     0.81144  
 99.500     0.81233  
 99.600     0.81321  
 99.700     0.81409  
 99.800     0.81497  
 99.900     0.81586  
100.000     0.81674  
100.100     0.81762  
100.200     0.81850  
100.300     0.81938  
100.400     0.82026  
100.500     0.82114  
100.600     0.82202  
100.700     0.82289  
100.800     0.82377  
100.900     0.82465  
101.000     0.82553  
101.100     0.82640  
101.200     0.82728  
101.300     0.82816  
101.400     0.82903  
101.500     0.82991  
101.600     0.83078  
101.700     0.83165  
101.800     0.83253  
101.900     0.83340  
102.000     0.83427  
102.100     0.83515  
102.200     0.83602  
102.300     0.83689  
102.400     0.83776  
102.500     0.83863  
102.600     0.83950  
102.700     0.84037  
102.800     0.84124  
102.900     0.84211  
103.000     0.84298  
103.100     0.84385  
103.200     0.84472  
103.300     0.84558  
103.400     0.84645  
103.500     0.84732  
103.600     0.84818  
103.700     0.84905  
103.800     0.84991  
103.900     0.85078  
104.000     0.85164  
104.100     0.85251  
104.200     0.85337  
104.300     0.85423  
104.400     0.85510  
104.500     0.85596  
104.600     0.85682  
104.700     0.85768  
104.800     0.85854  
104.900     0.85940  
105.000     0.86026  
105.100     0.86112  
105.200     0.86198  
105.300     0.86284  
105.400     0.86370  
105.500     0.86456  
105.600     0.86542  
105.700     0.86627  
105.800     0.86713  
105.900     0.86799  
106.000     0.86884  
106.100     0.86970  
106.200     0.87055  
106.300     0.87141  
106.400     0.87226  
106.500     0.87311  
106.600     0.87397  
106.700     0.87482  
106.800     0.87567  
106.900     0.87652  
107.000     0.87737  
107.100     0.87823  
107.200     0.87908  
107.300     0.87993  
107.400     0.88078  
107.500     0.88162  
107.600     0.88247  
107.700     0.88332  
107.800     0.88417  
107.900     0.88502  
108.000     0.88586  
108.100     0.88671  
108.200     0.88756  
108.300     0.88840  
108.400     0.88925  
108.500     0.89009  
108.600     0.89093  
108.700     0.89178  
108.800     0.89262  
108.900     0.89346  
109.000     0.89431  
109.100     0.89515  
109.200     0.89599  
109.300     0.89683  
109.400     0.89767  
109.500     0.89851  
109.600     0.89935  
109.700     0.90019  
109.800     0.90103  
109.900     0.90187  
110.000     0.90271  
110.100     0.90354  
110.200     0.90438  
110.300     0.90522  
110.400     0.90605  
110.500     0.90689  
110.600     0.90772  
110.700     0.90856  
110.800     0.90939  
110.900     0.91023  
111.000     0.91106  
111.100     0.91189  
111.200     0.91272  
111.300     0.91356  
111.400     0.91439  
111.500     0.91522  
111.600     0.91605  
111.700     0.91688  
111.800     0.91771  
111.900     0.91854  
112.000     0.91937  
112.100     0.92019  
112.200     0.92102  
112.300     0.92185  
112.400     0.92268  
112.500     0.92350  
112.600     0.92433  
112.700     0.92515  
112.800     0.92598  
112.900     0.92680  
113.000     0.92763  
113.100     0.92845  
113.200     0.92927  
113.300     0.93010  
113.400     0.93092  
113.500     0.93174  
113.600     0.93256  
113.700     0.93338  
113.800     0.93420  
113.900     0.93502  
114.000     0.93584  
114.100     0.93666  
114.200     0.93748  
114.300     0.93829  
114.400     0.93911  
114.500     0.93993  
114.600     0.94075  
114.700     0.94156  
114.800     0.94238  
114.900     0.94319  
115.000     0.94401  
115.100     0.94482  
115.200     0.94563  
115.300     0.94645  
115.400     0.94726  
115.500     0.94807  
115.600     0.94888  
115.700     0.94969  
115.800     0.95050  
115.900     0.95131  
116.000     0.95212  
116.100     0.95293  
116.200     0.95374  
116.300     0.95455  
116.400     0.95536  
116.500     0.95616  
116.600     0.95697  
116.700     0.95778  
116.800     0.95858  
116.900     0.95939  
117.000     0.96019  
117.100     0.96100  
117.200     0.96180  
117.300     0.96260  
117.400     0.96341  
117.500     0.96421  
117.600     0.96501  
117.700     0.96581  
117.800     0.96661  
117.900     0.96741  
118.000     0.96821  
118.100     0.96901  
118.200     0.96981  
118.300     0.97061  
118.400     0.97141  
118.500     0.97220  
118.600     0.97300  
118.700     0.97380  
118.800     0.97459  
118.900     0.97539  
119.000     0.97618  
119.100     0.97698  
119.200     0.97777  
119.300     0.97856  
119.400     0.97936  
119.500     0.98015  
119.600     0.98094  
119.700     0.98173  
119.800     0.98252  
119.900     0.98331  
120.000     0.98410  
120.100     0.98489  
120.200     0.98568  
120.300     0.98647  
120.400     0.98726  
120.500     0.98805  
120.600     0.98883  
120.700     0.98962  
120.800     0.99040  
120.900     0.99119  
121.000     0.99197  
121.100     0.99276  
121.200     0.99354  
121.300     0.99433  
121.400     0.99511  
121.500     0.99589  
121.600     0.99667  
121.700     0.99745  
121.800     0.99823  
121.900     0.99901  
122.000     0.99979  
122.100     1.00057  
122.200     1.00135  
122.300     1.00213  
122.400     1.00291  
122.500     1.00368  
122.600     1.00446  
122.700     1.00524  
122.800     1.00601  
122.900     1.00679  
123.000     1.00756  
123.100     1.00834  
123.200     1.00911  
123.300     1.00988  
123.400     1.01066  
123.500     1.01143  
123.600     1.01220  
123.700     1.01297  
123.800     1.01374  
123.900     1.01451  
124.000     1.01528  
124.100     1.01605  
124.200     1.01682  
124.300     1.01759  
124.400     1.01835  
124.500     1.01912  
124.600     1.01989  
124.700     1.02065  
124.800     1.02142  
124.900     1.02218  
125.000     1.02295  
125.100     1.02371  
125.200     1.02447  
125.300     1.02524  
125.400     1.02600  
125.500     1.02676  
125.600     1.02752  
125.700     1.02828  
125.800     1.02904  
125.900     1.02980  
126.000     1.03056  
126.100     1.03132  
126.200     1.03208  
126.300     1.03283  
126.400     1.03359  
126.500     1.03435  
126.600     1.03510  
126.700     1.03586  
126.800     1.03661  
126.900     1.03737  
127.000     1.03812  
127.100     1.03887  
127.200     1.03963  
127.300     1.04038  
127.400     1.04113  
127.500     1.04188  
127.600     1.04263  
127.700     1.04338  
127.800     1.04413  
127.900     1.04488  
128.000     1.04563  
128.100     1.04638  
128.200     1.04712  
128.300     1.04787  
128.400     1.04862  
128.500     1.04936  
128.600     1.05011  
128.700     1.05085  
128.800     1.05160  
128.900     1.05234  
129.000     1.05308  
129.100     1.05382  
129.200     1.05457  
129.300     1.05531  
129.400     1.05605  
129.500     1.05679  
129.600     1.05753  
129.700     1.05827  
129.800     1.05901  
129.900     1.05974  
130.000     1.06048  
130.100     1.06122  
130.200     1.06196  
130.300     1.06269  
130.400     1.06343  
130.500     1.06416  
130.600     1.06490  
130.700     1.06563  
130.800     1.06636  
130.900     1.06710  
131.000     1.06783  
131.100     1.06856  
131.200     1.06929  
131.300     1.07002  
131.400     1.07075  
131.500     1.07148  
131.600     1.07221  
131.700     1.07294  
131.800     1.07366  
131.900     1.07439  
132.000     1.07512  
132.100     1.07584  
132.200     1.07657  
132.300     1.07729  
132.400     1.07802  
132.500     1.07874  
132.600     1.07947  
132.700     1.08019  
132.800     1.08091  
132.900     1.08163  
133.000     1.08235  
133.100     1.08307  
133.200     1.08379  
133.300     1.08451  
133.400     1.08523  
133.500     1.08595  
133.600     1.08667  
133.700     1.08739  
133.800     1.08810  
133.900     1.08882  
134.000     1.08953  
134.100     1.09025  
134.200     1.09096  
134.300     1.09168  
134.400     1.09239  
134.500     1.09310  
134.600     1.09382  
134.700     1.09453  
134.800     1.09524  
134.900     1.09595  
135.000     1.09666  
135.100     1.09737  
135.200     1.09808  
135.300     1.09879  
135.400     1.09949  
135.500     1.10020  
135.600     1.10091  
135.700     1.10161  
135.800     1.10232  
135.900     1.10302  
136.000     1.10373  
136.100     1.10443  
136.200     1.10513  
136.300     1.10584  
136.400     1.10654  
136.500     1.10724  
136.600     1.10794  
136.700     1.10864  
136.800     1.10934  
136.900     1.11004  
137.000     1.11074  
137.100     1.11144  
137.200     1.11213  
137.300     1.11283  
137.400     1.11353  
137.500     1.11422  
137.600     1.11492  
137.700     1.11561  
137.800     1.11631  
137.900     1.11700  
138.000     1.11769  
138.100     1.11839  
138.200     1.11908  
138.300     1.11977  
138.400     1.12046  
138.500     1.12115  
138.600     1.12184  
138.700     1.12253  
138.800     1.12322  
138.900     1.12390  
139.000     1.12459  
139.100     1.12528  
139.200     1.12596  
139.300     1.12665  
139.400     1.12733  
139.500     1.12802  
139.600     1.12870  
139.700     1.12939  
139.800     1.13007  
139.900     1.13075  
140.000     1.13143  
140.100     1.13211  
140.200     1.13279  
140.300     1.13347  
140.400     1.13415  
140.500     1.13483  
140.600     1.13551  
140.700     1.13618  
140.800     1.13686  
140.900     1.13754  
141.000     1.13821  
141.100     1.13889  
141.200     1.13956  
141.300     1.14024  
141.400     1.14091  
141.500     1.14158  
141.600     1.14225  
141.700     1.14292  
141.800     1.14360  
141.900     1.14427  
142.000     1.14493  
142.100     1.14560  
142.200     1.14627  
142.300     1.14694  
142.400     1.14761  
142.500     1.14827  
142.600     1.14894  
142.700     1.14961  
142.800     1.15027  
142.900     1.15093  
143.000     1.15160  
143.100     1.15226  
143.200     1.15292  
143.300     1.15359  
143.400     1.15425  
143.500     1.15491  
143.600     1.15557  
143.700     1.15623  
143.800     1.15689  
143.900     1.15755  
144.000     1.15820  
144.100     1.15886  
144.200     1.15952  
144.300     1.16017  
144.400     1.16083  
144.500     1.16148  
144.600     1.16214  
144.700     1.16279  
144.800     1.16344  
144.900     1.16410  
145.000     1.16475  
145.100     1.16540  
145.200     1.16605  
145.300     1.16670  
145.400     1.16735  
145.500     1.16800  
145.600     1.16865  
145.700     1.16929  
145.800     1.16994  
145.900     1.17059  
146.000     1.17123  
146.100     1.17188  
146.200     1.17252  
146.300     1.17317  
146.400     1.17381  
146.500     1.17445  
146.600     1.17509  
146.700     1.17574  
146.800     1.17638  
146.900     1.17702  
147.000     1.17766  
147.100     1.17830  
147.200     1.17893  
147.300     1.17957  
147.400     1.18021  
147.500     1.18085  
147.600     1.18148  
147.700     1.18212  
147.800     1.18275  
147.900     1.18339  
148.000     1.18402  
148.100     1.18465  
148.200     1.18529  
148.300     1.18592  
148.400     1.18655  
148.500     1.18718  
148.600     1.18781  
148.700     1.18844  
148.800     1.18907  
148.900     1.18970  
149.000     1.19032  
149.100     1.19095  
149.200     1.19158  
149.300     1.19220  
149.400     1.19283  
149.500     1.19345  
149.600     1.19408  
149.700     1.19470  
149.800     1.19532  
149.900     1.19594 
150.000     1.19657  
150.100     1.19719  
150.200     1.19781  
150.300     1.19843  
150.400     1.19905  
150.500     1.19966  
150.600     1.20028  
150.700     1.20090  
150.800     1.20151  
150.900     1.20213  
151.000     1.20275  
151.100     1.20336  
151.200     1.20397  
151.300     1.20459  
151.400     1.20520  
151.500     1.20581  
151.600     1.20642  
151.700     1.20703  
151.800     1.20764  
151.900     1.20825  
152.000     1.20886  
152.100     1.20947  
152.200     1.21008  
152.300     1.21069  
152.400     1.21129  
152.500     1.21190  
152.600     1.21250  
152.700     1.21311  
152.800     1.21371  
152.900     1.21432  
153.000     1.21492  
153.100     1.21552  
153.200     1.21612  
153.300     1.21672  
153.400     1.21732  
153.500     1.21792  
153.600     1.21852  
153.700     1.21912  
153.800     1.21972  
153.900     1.22032  
154.000     1.22091  
154.100     1.22151  
154.200     1.22210  
154.300     1.22270  
154.400     1.22329  
154.500     1.22388  
154.600     1.22448  
154.700     1.22507  
154.800     1.22566  
154.900     1.22625  
155.000     1.22684  
155.100     1.22743  
155.200     1.22802  
155.300     1.22861  
155.400     1.22920  
155.500     1.22978  
155.600     1.23037  
155.700     1.23096  
155.800     1.23154  
155.900     1.23213  
156.000     1.23271  
156.100     1.23329  
156.200     1.23387  
156.300     1.23446  
156.400     1.23504  
156.500     1.23562  
156.600     1.23620  
156.700     1.23678  
156.800     1.23736  
156.900     1.23794  
157.000     1.23851  
157.100     1.23909  
157.200     1.23967  
157.300     1.24024  
157.400     1.24082  
157.500     1.24139  
157.600     1.24196  
157.700     1.24254  
157.800     1.24311  
157.900     1.24368  
158.000     1.24425  
158.100     1.24482  
158.200     1.24539  
158.300     1.24596  
158.400     1.24653  
158.500     1.24710  
158.600     1.24767  
158.700     1.24823  
158.800     1.24880  
158.900     1.24936  
159.000     1.24993  
159.100     1.25049  
159.200     1.25106  
159.300     1.25162  
159.400     1.25218  
159.500     1.25274  
159.600     1.25330  
159.700     1.25386  
159.800     1.25442  
159.900     1.25498  
160.000     1.25554  
160.100     1.25610  
160.200     1.25665  
160.300     1.25721  
160.400     1.25777  
160.500     1.25832  
160.600     1.25887  
160.700     1.25943  
160.800     1.25998  
160.900     1.26053  
161.000     1.26109  
161.100     1.26164  
161.200     1.26219  
161.300     1.26274  
161.400     1.26329  
161.500     1.26383  
161.600     1.26438  
161.700     1.26493  
161.800     1.26548  
161.900     1.26602  
162.000     1.26657  
162.100     1.26711  
162.200     1.26766  
162.300     1.26820  
162.400     1.26874  
162.500     1.26928  
162.600     1.26982  
162.700     1.27037  
162.800     1.27091  
162.900     1.27144  
163.000     1.27198  
163.100     1.27252  
163.200     1.27306  
163.300     1.27360  
163.400     1.27413  
163.500     1.27467  
163.600     1.27520  
163.700     1.27574  
163.800     1.27627  
163.900     1.27680  
164.000     1.27733  
164.100     1.27787  
164.200     1.27840  
164.300     1.27893  
164.400     1.27946  
164.500     1.27998  
164.600     1.28051  
164.700     1.28104  
164.800     1.28157  
164.900     1.28209  
165.000     1.28262  
165.100     1.28314  
165.200     1.28367  
165.300     1.28419  
165.400     1.28471  
165.500     1.28524  
165.600     1.28576  
165.700     1.28628  
165.800     1.28680  
165.900     1.28732  
166.000     1.28784  
166.100     1.28835  
166.200     1.28887  
166.300     1.28939  
166.400     1.28990  
166.500     1.29042  
166.600     1.29093  
166.700     1.29145  
166.800     1.29196  
166.900     1.29248  
167.000     1.29299  
167.100     1.29350  
167.200     1.29401  
167.300     1.29452  
167.400     1.29503  
167.500     1.29554  
167.600     1.29605  
167.700     1.29655  
167.800     1.29706  
167.900     1.29757  
168.000     1.29807  
168.100     1.29858  
168.200     1.29908  
168.300     1.29958  
168.400     1.30009  
168.500     1.30059  
168.600     1.30109  
168.700     1.30159  
168.800     1.30209  
168.900     1.30259  
169.000     1.30309  
169.100     1.30359  
169.200     1.30409  
169.300     1.30458  
169.400     1.30508  
169.500     1.30557  
169.600     1.30607  
169.700     1.30656  
169.800     1.30706  
169.900     1.30755  
170.000     1.30804  
170.100     1.30853  
170.200     1.30902  
170.300     1.30951  
170.400     1.31000  
170.500     1.31049  
170.600     1.31098  
170.700     1.31146  
170.800     1.31195  
170.900     1.31244  
171.000     1.31292  
171.100     1.31341  
171.200     1.31389  
171.300     1.31437  
171.400     1.31486  
171.500     1.31534  
171.600     1.31582  
171.700     1.31630  
171.800     1.31678  
171.900     1.31726  
172.000     1.31774  
172.100     1.31821  
172.200     1.31869  
172.300     1.31917  
172.400     1.31964  
172.500     1.32012  
172.600     1.32059  
172.700     1.32107  
172.800     1.32154  
172.900     1.32201  
173.000     1.32248  
173.100     1.32295  
173.200     1.32342  
173.300     1.32389  
173.400     1.32436  
173.500     1.32483  
173.600     1.32530  
173.700     1.32576  
173.800     1.32623  
173.900     1.32670  
174.000     1.32716  
174.100     1.32763  
174.200     1.32809  
174.300     1.32855  
174.400     1.32901  
174.500     1.32947  
174.600     1.32993  
174.700     1.33039  
174.800     1.33085  
174.900     1.33131  
175.000     1.33177  
175.100     1.33223  
175.200     1.33268  
175.300     1.33314  
175.400     1.33359  
175.500     1.33405  
175.600     1.33450  
175.700     1.33496  
175.800     1.33541  
175.900     1.33586  
176.000     1.33631  
176.100     1.33676  
176.200     1.33721  
176.300     1.33766  
176.400     1.33811  
176.500     1.33856  
176.600     1.33900  
176.700     1.33945  
176.800     1.33989  
176.900     1.34034  
177.000     1.34078  
177.100     1.34123  
177.200     1.34167  
177.300     1.34211  
177.400     1.34255  
177.500     1.34299  
177.600     1.34343  
177.700     1.34387  
177.800     1.34431  
177.900     1.34475  
178.000     1.34518  
178.100     1.34562  
178.200     1.34606  
178.300     1.34649  
178.400     1.34693  
178.500     1.34736  
178.600     1.34779  
178.700     1.34822  
178.800     1.34866  
178.900     1.34909  
179.000     1.34952  
179.100     1.34995  
179.200     1.35037  
179.300     1.35080  
179.400     1.35123  
179.500     1.35166  
179.600     1.35208  
179.700     1.35251  
179.800     1.35293  
179.900     1.35336  
180.000     1.35378  
180.100     1.35420  
180.200     1.35462  
180.300     1.35504  
180.400     1.35546  
180.500     1.35588  
180.600     1.35630  
180.700     1.35672  
180.800     1.35714  
180.900     1.35756  
181.000     1.35797  
181.100     1.35839  
181.200     1.35880  
181.300     1.35922  
181.400     1.35963  
181.500     1.36004  
181.600     1.36045  
181.700     1.36086  
181.800     1.36128  
181.900     1.36168  
182.000     1.36209  
182.100     1.36250  
182.200     1.36291  
182.300     1.36332  
182.400     1.36372  
182.500     1.36413  
182.600     1.36453  
182.700     1.36494  
182.800     1.36534  
182.900     1.36574  
183.000     1.36615  
183.100     1.36655  
183.200     1.36695  
183.300     1.36735  
183.400     1.36775  
183.500     1.36815  
183.600     1.36854  
183.700     1.36894  
183.800     1.36934  
183.900     1.36973  
184.000     1.37013  
184.100     1.37052  
184.200     1.37092  
184.300     1.37131  
184.400     1.37170  
184.500     1.37209  
184.600     1.37248  
184.700     1.37287  
184.800     1.37326  
184.900     1.37365  
185.000     1.37404  
185.100     1.37443  
185.200     1.37481  
185.300     1.37520  
185.400     1.37558  
185.500     1.37597  
185.600     1.37635  
185.700     1.37673  
185.800     1.37712  
185.900     1.37750  
186.000     1.37788  
186.100     1.37826  
186.200     1.37864  
186.300     1.37902  
186.400     1.37940  
186.500     1.37977  
186.600     1.38015  
186.700     1.38053  
186.800     1.38090  
186.900     1.38127  
187.000     1.38165  
187.100     1.38202  
187.200     1.38239  
187.300     1.38277  
187.400     1.38314  
187.500     1.38351  
187.600     1.38388  
187.700     1.38424  
187.800     1.38461  
187.900     1.38498  
188.000     1.38535  
188.100     1.38571  
188.200     1.38608  
188.300     1.38644  
188.400     1.38681  
188.500     1.38717  
188.600     1.38753  
188.700     1.38789  
188.800     1.38825  
188.900     1.38861  
189.000     1.38897  
189.100     1.38933  
189.200     1.38969  
189.300     1.39005  
189.400     1.39040  
189.500     1.39076  
189.600     1.39112  
189.700     1.39147  
189.800     1.39182  
189.900     1.39218  
190.000     1.39253  
190.100     1.39288  
190.200     1.39323  
190.300     1.39358  
190.400     1.39393  
190.500     1.39428  
190.600     1.39463  
190.700     1.39498  
190.800     1.39532  
190.900     1.39567  
191.000     1.39601  
191.100     1.39636  
191.200     1.39670  
191.300     1.39704  
191.400     1.39739  
191.500     1.39773  
191.600     1.39807  
191.700     1.39841  
191.800     1.39875  
191.900     1.39909  
192.000     1.39942  
192.100     1.39976  
192.200     1.40010  
192.300     1.40043  
192.400     1.40077  
192.500     1.40110  
192.600     1.40144  
192.700     1.40177  
192.800     1.40210  
192.900     1.40243  
193.000     1.40277  
193.100     1.40310  
193.200     1.40342  
193.300     1.40375  
193.400     1.40408  
193.500     1.40441  
193.600     1.40473  
193.700     1.40506  
193.800     1.40539  
193.900     1.40571  
194.000     1.40603  
194.100     1.40636  
194.200     1.40668  
194.300     1.40700  
194.400     1.40732  
194.500     1.40764  
194.600     1.40796  
194.700     1.40828  
194.800     1.40860  
194.900     1.40891  
195.000     1.40923  
195.100     1.40954  
195.200     1.40986  
195.300     1.41017  
195.400     1.41049  
195.500     1.41080  
195.600     1.41111  
195.700     1.41142  
195.800     1.41173  
195.900     1.41204  
196.000     1.41235  
196.100     1.41266  
196.200     1.41297  
196.300     1.41327  
196.400     1.41358  
196.500     1.41389  
196.600     1.41419  
196.700     1.41450  
196.800     1.41480  
196.900     1.41510  
197.000     1.41540  
197.100     1.41570  
197.200     1.41600  
197.300     1.41630  
197.400     1.41660  
197.500     1.41690  
197.600     1.41720  
197.700     1.41750  
197.800     1.41779  
197.900     1.41809  
198.000     1.41838  
198.100     1.41868  
198.200     1.41897  
198.300     1.41926  
198.400     1.41955  
198.500     1.41984  
198.600     1.42013  
198.700     1.42042  
198.800     1.42071  
198.900     1.42100  
199.000     1.42129  
199.100     1.42157  
199.200     1.42186  
199.300     1.42214  
199.400     1.42243  
199.500     1.42271  
199.600     1.42300  
199.700     1.42328  
199.800     1.42356  
199.900     1.42384  
200.000     1.42412  
200.100     1.42440  
200.200     1.42468  
200.300     1.42496  
200.400     1.42523  
200.500     1.42551  
200.600     1.42578  
200.700     1.42606  
200.800     1.42633  
200.900     1.42661  
201.000     1.42688  
201.100     1.42715  
201.200     1.42742  
201.300     1.42769  
201.400     1.42796  
201.500     1.42823  
201.600     1.42850  
201.700     1.42877  
201.800     1.42903  
201.900     1.42930  
202.000     1.42957  
202.100     1.42983  
202.200     1.43009  
202.300     1.43036  
202.400     1.43062  
202.500     1.43088  
202.600     1.43114  
202.700     1.43140  
202.800     1.43166  
202.900     1.43192  
203.000     1.43218  
203.100     1.43244  
203.200     1.43269  
203.300     1.43295  
203.400     1.43320  
203.500     1.43346  
203.600     1.43371  
203.700     1.43396  
203.800     1.43422  
203.900     1.43447  
204.000     1.43472  
204.100     1.43497  
204.200     1.43522  
204.300     1.43547  
204.400     1.43571  
204.500     1.43596  
204.600     1.43621  
204.700     1.43645  
204.800     1.43670  
204.900     1.43694  
205.000     1.43718  
205.100     1.43743  
205.200     1.43767  
205.300     1.43791  
205.400     1.43815  
205.500     1.43839  
205.600     1.43863  
205.700     1.43887  
205.800     1.43910  
205.900     1.43934  
206.000     1.43958  
206.100     1.43981  
206.200     1.44005  
206.300     1.44028  
206.400     1.44051  
206.500     1.44075  
206.600     1.44098  
206.700     1.44121  
206.800     1.44144  
206.900     1.44167  
207.000     1.44190  
207.100     1.44212  
207.200     1.44235  
207.300     1.44258  
207.400     1.44280  
207.500     1.44303  
207.600     1.44325  
207.700     1.44348  
207.800     1.44370  
207.900     1.44392  
208.000     1.44414  
208.100     1.44436  
208.200     1.44458  
208.300     1.44480  
208.400     1.44502  
208.500     1.44524  
208.600     1.44545  
208.700     1.44567  
208.800     1.44588  
208.900     1.44610  
209.000     1.44631  
209.100     1.44653  
209.200     1.44674  
209.300     1.44695  
209.400     1.44716  
209.500     1.44737  
209.600     1.44758  
209.700     1.44779  
209.800     1.44800  
209.900     1.44820  
210.000     1.44841  
210.100     1.44862  
210.200     1.44882  
210.300     1.44902  
210.400     1.44923  
210.500     1.44943  
210.600     1.44963  
210.700     1.44983  
210.800     1.45003  
210.900     1.45023  
211.000     1.45043  
211.100     1.45063  
211.200     1.45083  
211.300     1.45103  
211.400     1.45122  
211.500     1.45142  
211.600     1.45161  
211.700     1.45181  
211.800     1.45200  
211.900     1.45219  
212.000     1.45238  
212.100     1.45257  
212.200     1.45276  
212.300     1.45295  
212.400     1.45314  
212.500     1.45333  
212.600     1.45352  
212.700     1.45370  
212.800     1.45389  
212.900     1.45407  
213.000     1.45426  
213.100     1.45444  
213.200     1.45462  
213.300     1.45481  
213.400     1.45499  
213.500     1.45517  
213.600     1.45535  
213.700     1.45553  
213.800     1.45570  
213.900     1.45588  
214.000     1.45606  
214.100     1.45624  
214.200     1.45641  
214.300     1.45658  
214.400     1.45676  
214.500     1.45693  
214.600     1.45710  
214.700     1.45728  
214.800     1.45745  
214.900     1.45762  
215.000     1.45779  
215.100     1.45795  
215.200     1.45812  
215.300     1.45829  
215.400     1.45846  
215.500     1.45862  
215.600     1.45879  
215.700     1.45895  
215.800     1.45911  
215.900     1.45928  
216.000     1.45944  
216.100     1.45960  
216.200     1.45976  
216.300     1.45992  
216.400     1.46008  
216.500     1.46024  
216.600     1.46039  
216.700     1.46055  
216.800     1.46071  
216.900     1.46086  
217.000     1.46102  
217.100     1.46117  
217.200     1.46132  
217.300     1.46148  
217.400     1.46163  
217.500     1.46178  
217.600     1.46193  
217.700     1.46208  
217.800     1.46223  
217.900     1.46237  
218.000     1.46252  
218.100     1.46267  
218.200     1.46281  
218.300     1.46296  
218.400     1.46310  
218.500     1.46325  
218.600     1.46339  
218.700     1.46353  
218.800     1.46367  
218.900     1.46381  
219.000     1.46395  
219.100     1.46409  
219.200     1.46423  
219.300     1.46437  
219.400     1.46450  
219.500     1.46464  
219.600     1.46477  
219.700     1.46491  
219.800     1.46504  
219.900     1.46517  
220.000     1.46531  
220.100     1.46544  
220.200     1.46557  
220.300     1.46570  
220.400     1.46583  
220.500     1.46596  
220.600     1.46608  
220.700     1.46621  
220.800     1.46634  
220.900     1.46646  
221.000     1.46659  
221.100     1.46671  
221.200     1.46683  
221.300     1.46696  
221.400     1.46708  
221.500     1.46720  
221.600     1.46732  
221.700     1.46744  
221.800     1.46756  
221.900     1.46768  
222.000     1.46779  
222.100     1.46791  
222.200     1.46803  
222.300     1.46814  
222.400     1.46825  
222.500     1.46837  
222.600     1.46848  
222.700     1.46859  
222.800     1.46870  
222.900     1.46882  
223.000     1.46892  
223.100     1.46903  
223.200     1.46914  
223.300     1.46925  
223.400     1.46936  
223.500     1.46946  
223.600     1.46957  
223.700     1.46967  
223.800     1.46978  
223.900     1.46988  
224.000     1.46998  
224.100     1.47008  
224.200     1.47018  
224.300     1.47028  
224.400     1.47038  
224.500     1.47048  
224.600     1.47058  
224.700     1.47068  
224.800     1.47077  
224.900     1.47087  
225.000     1.47096  
225.100     1.47106  
225.200     1.47115  
225.300     1.47125  
225.400     1.47134  
225.500     1.47143  
225.600     1.47152  
225.700     1.47161  
225.800     1.47170  
225.900     1.47179  
226.000     1.47187  
226.100     1.47196  
226.200     1.47205  
226.300     1.47213  
226.400     1.47222  
226.500     1.47230  
226.600     1.47238  
226.700     1.47246  
226.800     1.47255  
226.900     1.47263  
227.000     1.47271  
227.100     1.47279  
227.200     1.47286  
227.300     1.47294  
227.400     1.47302  
227.500     1.47310  
227.600     1.47317  
227.700     1.47325  
227.800     1.47332  
227.900     1.47339  
228.000     1.47347  
228.100     1.47354  
228.200     1.47361  
228.300     1.47368  
228.400     1.47375  
228.500     1.47382  
228.600     1.47389  
228.700     1.47395  
228.800     1.47402  
228.900     1.47409  
229.000     1.47415  
229.100     1.47421  
229.200     1.47428  
229.300     1.47434  
229.400     1.47440  
229.500     1.47446  
229.600     1.47453  
229.700     1.47458  
229.800     1.47464  
229.900     1.47470  
230.000     1.47476  
230.100     1.47482  
230.200     1.47487  
230.300     1.47493  
230.400     1.47498  
230.500     1.47504  
230.600     1.47509  
230.700     1.47514  
230.800     1.47519  
230.900     1.47525  
231.000     1.47530  
231.100     1.47534  
231.200     1.47539  
231.300     1.47544  
231.400     1.47549  
231.500     1.47553  
231.600     1.47558  
231.700     1.47563  
231.800     1.47567  
231.900     1.47571  
232.000     1.47576  
232.100     1.47580  
232.200     1.47584  
232.300     1.47588  
232.400     1.47592  
232.500     1.47596  
232.600     1.47600  
232.700     1.47603  
232.800     1.47607  
232.900     1.47611  
233.000     1.47614  
233.100     1.47618  
233.200     1.47621  
233.300     1.47624  
233.400     1.47628  
233.500     1.47631  
233.600     1.47634  
233.700     1.47637  
233.800     1.47640  
233.900     1.47643  
234.000     1.47645  
234.100     1.47648  
234.200     1.47651  
234.300     1.47653  
234.400     1.47656  
234.500     1.47658  
234.600     1.47660  
234.700     1.47663  
234.800     1.47665  
234.900     1.47667  
235.000     1.47669  
235.100     1.47671  
235.200     1.47673  
235.300     1.47675  
235.400     1.47676  
235.500     1.47678  
235.600     1.47680  
235.700     1.47681  
235.800     1.47683  
235.900     1.47684  
236.000     1.47685  
236.100     1.47686  
236.200     1.47688  
236.300     1.47689  
236.400     1.47690  
236.500     1.47691  
236.600     1.47691  
236.700     1.47692  
236.800     1.47693  
236.900     1.47693  
237.000     1.47694  
237.100     1.47694  
237.200     1.47695  
237.300     1.47695  
237.400     1.47695  
237.500     1.47696  
237.600     1.47696  
237.700     1.47696  
237.800     1.47696  
237.900     1.47696  
238.000     1.47695  
238.100     1.47695  
238.200     1.47695  
238.300     1.47694  
238.400     1.47694  
238.500     1.47693  
238.600     1.47693  
238.700     1.47692  
238.800     1.47691  
238.900     1.47690  
239.000     1.47689  
239.100     1.47688  
239.200     1.47687  
239.300     1.47686  
239.400     1.47685  
239.500     1.47683  
239.600     1.47682  
239.700     1.47680  
239.800     1.47679  
239.900     1.47677  
240.000     1.47676  
240.100     1.47674  
240.200     1.47672  
240.300     1.47670  
240.400     1.47668  
240.500     1.47666  
240.600     1.47664  
240.700     1.47662  
240.800     1.47659  
240.900     1.47657  
241.000     1.47655  
241.100     1.47652  
241.200     1.47649  
241.300     1.47647  
241.400     1.47644  
241.500     1.47641  
241.600     1.47638  
241.700     1.47635  
241.800     1.47632  
241.900     1.47629  
242.000     1.47626  
242.100     1.47623  
242.200     1.47620  
242.300     1.47616  
242.400     1.47613  
242.500     1.47609  
242.600     1.47606  
242.700     1.47602  
242.800     1.47598  
242.900     1.47594  
243.000     1.47590  
243.100     1.47586  
243.200     1.47582  
243.300     1.47578  
243.400     1.47574  
243.500     1.47570  
243.600     1.47565  
243.700     1.47561  
243.800     1.47556  
243.900     1.47552  
244.000     1.47547  
244.100     1.47542  
244.200     1.47537  
244.300     1.47533  
244.400     1.47528  
244.500     1.47523  
244.600     1.47517  
244.700     1.47512  
244.800     1.47507  
244.900     1.47502  
245.000     1.47496  
245.100     1.47491  
245.200     1.47485  
245.300     1.47480  
245.400     1.47474  
245.500     1.47468  
245.600     1.47462  
245.700     1.47456  
245.800     1.47450  
245.900     1.47444  
246.000     1.47438  
246.100     1.47432  
246.200     1.47426  
246.300     1.47419  
246.400     1.47413  
246.500     1.47406  
246.600     1.47400  
246.700     1.47393  
246.800     1.47386  
246.900     1.47380  
247.000     1.47373  
247.100     1.47366  
247.200     1.47359  
247.300     1.47352  
247.400     1.47344  
247.500     1.47337  
247.600     1.47330  
247.700     1.47322  
247.800     1.47315  
247.900     1.47307  
248.000     1.47300  
248.100     1.47292  
248.200     1.47284  
248.300     1.47276  
248.400     1.47269  
248.500     1.47261  
248.600     1.47253  
248.700     1.47244  
248.800     1.47236  
248.900     1.47228  
249.000     1.47220  
249.100     1.47211  
249.200     1.47203  
249.300     1.47194  
249.400     1.47185  
249.500     1.47177  
249.600     1.47168  
249.700     1.47159  
249.800     1.47150  
249.900     1.47141  
250.000     1.47132  
250.100     1.47123  
250.200     1.47113  
250.300     1.47104  
250.400     1.47095  
250.500     1.47085  
250.600     1.47076  
250.700     1.47066  
250.800     1.47057  
250.900     1.47047  
251.000     1.47037  
251.100     1.47027  
251.200     1.47017  
251.300     1.47007  
251.400     1.46997  
251.500     1.46987  
251.600     1.46976  
251.700     1.46966  
251.800     1.46956  
251.900     1.46945  
252.000     1.46935  
252.100     1.46924  
252.200     1.46913  
252.300     1.46903  
252.400     1.46892  
252.500     1.46881  
252.600     1.46870  
252.700     1.46859  
252.800     1.46848  
252.900     1.46836  
253.000     1.46825  
253.100     1.46814  
253.200     1.46802  
253.300     1.46791  
253.400     1.46779  
253.500     1.46767  
253.600     1.46756  
253.700     1.46744  
253.800     1.46732  
253.900     1.46720  
254.000     1.46708  
254.100     1.46696  
254.200     1.46684  
254.300     1.46672  
254.400     1.46659  
254.500     1.46647  
254.600     1.46634  
254.700     1.46622  
254.800     1.46609  
254.900     1.46597  
255.000     1.46584  
255.100     1.46571  
255.200     1.46558  
255.300     1.46545  
255.400     1.46532  
255.500     1.46519  
255.600     1.46506  
255.700     1.46492  
255.800     1.46479  
255.900     1.46466  
256.000     1.46452  
256.100     1.46439  
256.200     1.46425  
256.300     1.46411  
256.400     1.46398  
256.500     1.46384  
256.600     1.46370  
256.700     1.46356  
256.800     1.46342  
256.900     1.46328  
257.000     1.46313  
257.100     1.46299  
257.200     1.46285  
257.300     1.46270  
257.400     1.46256  
257.500     1.46241  
257.600     1.46227  
257.700     1.46212  
257.800     1.46197  
257.900     1.46182  
258.000     1.46167  
258.100     1.46152  
258.200     1.46137  
258.300     1.46122  
258.400     1.46107  
258.500     1.46092  
258.600     1.46076  
258.700     1.46061  
258.800     1.46045  
258.900     1.46030  
259.000     1.46014  
259.100     1.45998  
259.200     1.45982  
259.300     1.45966  
259.400     1.45951  
259.500     1.45935  
259.600     1.45918  
259.700     1.45902  
259.800     1.45886  
259.900     1.45870  
260.000     1.45853  
260.100     1.45837  
260.200     1.45820  
260.300     1.45804  
260.400     1.45787  
260.500     1.45770  
260.600     1.45753  
260.700     1.45737  
260.800     1.45720  
260.900     1.45703  
261.000     1.45685  
261.100     1.45668  
261.200     1.45651  
261.300     1.45634  
261.400     1.45616  
261.500     1.45599  
261.600     1.45581  
261.700     1.45564  
261.800     1.45546  
261.900     1.45528  
262.000     1.45510  
262.100     1.45492  
262.200     1.45474  
262.300     1.45456  
262.400     1.45438  
262.500     1.45420  
262.600     1.45402  
262.700     1.45383  
262.800     1.45365  
262.900     1.45347  
263.000     1.45328  
263.100     1.45309  
263.200     1.45291  
263.300     1.45272  
263.400     1.45253  
263.500     1.45234  
263.600     1.45215  
263.700     1.45196  
263.800     1.45177  
263.900     1.45158  
264.000     1.45139  
264.100     1.45119  
264.200     1.45100  
264.300     1.45080  
264.400     1.45061  
264.500     1.45041  
264.600     1.45021  
264.700     1.45002  
264.800     1.44982  
264.900     1.44962  
265.000     1.44942  
265.100     1.44922  
265.200     1.44902  
265.300     1.44881  
265.400     1.44861  
265.500     1.44841  
265.600     1.44820  
265.700     1.44800  
265.800     1.44779  
265.900     1.44759  
266.000     1.44738  
266.100     1.44717  
266.200     1.44696  
266.300     1.44675  
266.400     1.44654  
266.500     1.44633  
266.600     1.44612  
266.700     1.44591  
266.800     1.44570  
266.900     1.44548  
267.000     1.44527  
267.100     1.44505  
267.200     1.44484  
267.300     1.44462  
267.400     1.44440  
267.500     1.44419  
267.600     1.44397  
267.700     1.44375  
267.800     1.44353  
267.900     1.44331  
268.000     1.44308  
268.100     1.44286  
268.200     1.44264  
268.300     1.44242  
268.400     1.44219  
268.500     1.44197  
268.600     1.44174  
268.700     1.44151  
268.800     1.44129  
268.900     1.44106  
269.000     1.44083  
269.100     1.44060  
269.200     1.44037  
269.300     1.44014  
269.400     1.43991  
269.500     1.43968  
269.600     1.43944  
269.700     1.43921  
269.800     1.43898  
269.900     1.43874  
270.000     1.43851  
270.100     1.43827  
270.200     1.43803  
270.300     1.43779  
270.400     1.43755  
270.500     1.43732  
270.600     1.43708  
270.700     1.43683  
270.800     1.43659  
270.900     1.43635  
271.000     1.43611  
271.100     1.43586  
271.200     1.43562  
271.300     1.43538  
271.400     1.43513  
271.500     1.43488  
271.600     1.43464  
271.700     1.43439  
271.800     1.43414  
271.900     1.43389  
272.000     1.43364  
272.100     1.43339  
272.200     1.43314  
272.300     1.43289  
272.400     1.43263  
272.500     1.43238  
272.600     1.43213  
272.700     1.43187  
272.800     1.43161  
272.900     1.43136  
273.000     1.43110  
273.100     1.43084  
273.200     1.43059  
273.300     1.43033  
273.400     1.43007  
273.500     1.42981  
273.600     1.42954  
273.700     1.42928  
273.800     1.42902  
273.900     1.42876  
274.000     1.42849  
274.100     1.42823  
274.200     1.42796  
274.300     1.42769  
274.400     1.42743  
274.500     1.42716  
274.600     1.42689  
274.700     1.42662  
274.800     1.42635  
274.900     1.42608  
275.000     1.42581  
275.100     1.42554  
275.200     1.42527  
275.300     1.42499  
275.400     1.42472  
275.500     1.42444  
275.600     1.42417  
275.700     1.42389  
275.800     1.42362  
275.900     1.42334  
276.000     1.42306  
276.100     1.42278  
276.200     1.42250  
276.300     1.42222  
276.400     1.42194  
276.500     1.42166  
276.600     1.42138  
276.700     1.42109  
276.800     1.42081  
276.900     1.42052  
277.000     1.42024  
277.100     1.41995  
277.200     1.41967  
277.300     1.41938  
277.400     1.41909  
277.500     1.41880  
277.600     1.41851  
277.700     1.41822  
277.800     1.41793  
277.900     1.41764  
278.000     1.41735  
278.100     1.41705  
278.200     1.41676  
278.300     1.41646  
278.400     1.41617  
278.500     1.41587  
278.600     1.41558  
278.700     1.41528  
278.800     1.41498  
278.900     1.41468  
279.000     1.41438  
279.100     1.41408  
279.200     1.41378  
279.300     1.41348  
279.400     1.41318  
279.500     1.41288  
279.600     1.41257  
279.700     1.41227  
279.800     1.41196  
279.900     1.41166  
280.000     1.41135  
280.100     1.41104  
280.200     1.41074  
280.300     1.41043  
280.400     1.41012  
280.500     1.40981  
280.600     1.40950  
280.700     1.40919  
280.800     1.40887  
280.900     1.40856  
281.000     1.40825  
281.100     1.40793  
281.200     1.40762  
281.300     1.40730  
281.400     1.40699  
281.500     1.40667  
281.600     1.40635  
281.700     1.40604  
281.800     1.40572  
281.900     1.40540  
282.000     1.40508  
282.100     1.40476  
282.200     1.40443  
282.300     1.40411  
282.400     1.40379  
282.500     1.40346  
282.600     1.40314  
282.700     1.40282  
282.800     1.40249  
282.900     1.40216  
283.000     1.40184  
283.100     1.40151  
283.200     1.40118  
283.300     1.40085  
283.400     1.40052  
283.500     1.40019  
283.600     1.39986  
283.700     1.39953  
283.800     1.39919  
283.900     1.39886  
284.000     1.39852  
284.100     1.39819  
284.200     1.39785  
284.300     1.39752  
284.400     1.39718  
284.500     1.39684  
284.600     1.39651  
284.700     1.39617  
284.800     1.39583  
284.900     1.39549  
285.000     1.39514  
285.100     1.39480  
285.200     1.39446  
285.300     1.39412  
285.400     1.39377  
285.500     1.39343  
285.600     1.39308  
285.700     1.39274  
285.800     1.39239  
285.900     1.39204  
286.000     1.39170  
286.100     1.39135  
286.200     1.39100  
286.300     1.39065  
286.400     1.39030  
286.500     1.38995  
286.600     1.38959  
286.700     1.38924  
286.800     1.38889  
286.900     1.38853  
287.000     1.38818  
287.100     1.38782  
287.200     1.38747  
287.300     1.38711  
287.400     1.38675  
287.500     1.38639  
287.600     1.38604  
287.700     1.38568  
287.800     1.38532  
287.900     1.38495  
288.000     1.38459  
288.100     1.38423  
288.200     1.38387  
288.300     1.38350  
288.400     1.38314  
288.500     1.38277  
288.600     1.38241  
288.700     1.38204  
288.800     1.38167  
288.900     1.38131  
289.000     1.38094  
289.100     1.38057  
289.200     1.38020  
289.300     1.37983  
289.400     1.37946  
289.500     1.37908  
289.600     1.37871  
289.700     1.37834  
289.800     1.37797  
289.900     1.37759  
290.000     1.37721  
290.100     1.37684  
290.200     1.37646  
290.300     1.37608  
290.400     1.37571  
290.500     1.37533  
290.600     1.37495  
290.700     1.37457  
290.800     1.37419  
290.900     1.37381  
291.000     1.37342  
291.100     1.37304  
291.200     1.37266  
291.300     1.37227  
291.400     1.37189  
291.500     1.37150  
291.600     1.37112  
291.700     1.37073  
291.800     1.37034  
291.900     1.36995  
292.000     1.36957  
292.100     1.36918  
292.200     1.36879  
292.300     1.36839  
292.400     1.36800  
292.500     1.36761  
292.600     1.36722  
292.700     1.36682  
292.800     1.36643  
292.900     1.36603  
293.000     1.36564  
293.100     1.36524  
293.200     1.36485  
293.300     1.36445  
293.400     1.36405  
293.500     1.36365  
293.600     1.36325  
293.700     1.36285  
293.800     1.36245  
293.900     1.36205  
294.000     1.36164  
294.100     1.36124  
294.200     1.36084  
294.300     1.36043  
294.400     1.36003  
294.500     1.35962  
294.600     1.35922  
294.700     1.35881  
294.800     1.35840  
294.900     1.35799  
295.000     1.35758  
295.100     1.35717  
295.200     1.35676  
295.300     1.35635  
295.400     1.35594  
295.500     1.35553  
295.600     1.35512  
295.700     1.35470  
295.800     1.35429  
295.900     1.35387  
296.000     1.35346  
296.100     1.35304  
296.200     1.35262  
296.300     1.35220  
296.400     1.35179  
296.500     1.35137  
296.600     1.35095  
296.700     1.35053  
296.800     1.35011  
296.900     1.34968  
297.000     1.34926  
297.100     1.34884  
297.200     1.34841  
297.300     1.34799  
297.400     1.34757  
297.500     1.34714  
297.600     1.34671  
297.700     1.34629  
297.800     1.34586  
297.900     1.34543  
298.000     1.34500  
298.100     1.34457  
298.200     1.34414  
298.300     1.34371  
298.400     1.34328  
298.500     1.34284  
298.600     1.34241  
298.700     1.34198  
298.800     1.34154  
298.900     1.34111  
299.000     1.34067  
299.100     1.34024  
299.200     1.33980  
299.300     1.33936  
299.400     1.33892  
299.500     1.33848  
299.600     1.33804  
299.700     1.33760  
299.800     1.33716  
299.900     1.33672  
300.000     1.33628  
300.100     1.33584  
300.200     1.33539  
300.300     1.33495  
300.400     1.33450  
300.500     1.33406  
300.600     1.33361  
300.700     1.33316  
300.800     1.33272  
300.900     1.33227  
301.000     1.33182  
301.100     1.33137  
301.200     1.33092  
301.300     1.33047  
301.400     1.33002  
301.500     1.32956  
301.600     1.32911  
301.700     1.32866  
301.800     1.32820  
301.900     1.32775  
302.000     1.32729  
302.100     1.32684  
302.200     1.32638  
302.300     1.32592  
302.400     1.32546  
302.500     1.32501  
302.600     1.32455  
302.700     1.32409  
302.800     1.32362  
302.900     1.32316  
303.000     1.32270  
303.100     1.32224  
303.200     1.32178  
303.300     1.32131  
303.400     1.32085  
303.500     1.32038  
303.600     1.31991  
303.700     1.31945  
303.800     1.31898  
303.900     1.31851  
304.000     1.31804  
304.100     1.31757  
304.200     1.31710  
304.300     1.31663  
304.400     1.31616  
304.500     1.31569  
304.600     1.31522  
304.700     1.31475  
304.800     1.31427  
304.900     1.31380  
305.000     1.31332  
305.100     1.31285  
305.200     1.31237  
305.300     1.31189  
305.400     1.31141  
305.500     1.31094  
305.600     1.31046  
305.700     1.30998  
305.800     1.30950  
305.900     1.30902  
306.000     1.30853  
306.100     1.30805  
306.200     1.30757  
306.300     1.30709  
306.400     1.30660  
306.500     1.30612  
306.600     1.30563  
306.700     1.30515  
306.800     1.30466  
306.900     1.30417  
307.000     1.30368  
307.100     1.30319  
307.200     1.30270  
307.300     1.30221  
307.400     1.30172  
307.500     1.30123  
307.600     1.30074  
307.700     1.30025  
307.800     1.29976  
307.900     1.29926  
308.000     1.29877  
308.100     1.29827  
308.200     1.29778  
308.300     1.29728  
308.400     1.29678  
308.500     1.29628  
308.600     1.29579  
308.700     1.29529  
308.800     1.29479  
308.900     1.29429  
309.000     1.29379  
309.100     1.29328  
309.200     1.29278  
309.300     1.29228  
309.400     1.29178  
309.500     1.29127  
309.600     1.29077  
309.700     1.29026  
309.800     1.28976  
309.900     1.28925  
310.000     1.28874  
310.100     1.28823  
310.200     1.28772  
310.300     1.28722  
310.400     1.28671  
310.500     1.28619  
310.600     1.28568  
310.700     1.28517  
310.800     1.28466  
310.900     1.28415  
311.000     1.28363  
311.100     1.28312  
311.200     1.28260  
311.300     1.28209  
311.400     1.28157  
311.500     1.28105  
311.600     1.28054  
311.700     1.28002  
311.800     1.27950  
311.900     1.27898  
312.000     1.27846  
312.100     1.27794  
312.200     1.27742  
312.300     1.27690  
312.400     1.27637  
312.500     1.27585  
312.600     1.27533  
312.700     1.27480  
312.800     1.27428  
312.900     1.27375  
313.000     1.27322  
313.100     1.27270  
313.200     1.27217  
313.300     1.27164  
313.400     1.27111  
313.500     1.27058  
313.600     1.27005  
313.700     1.26952  
313.800     1.26899  
313.900     1.26846  
314.000     1.26792  
314.100     1.26739  
314.200     1.26686  
314.300     1.26632  
314.400     1.26579  
314.500     1.26525  
314.600     1.26471  
314.700     1.26418  
314.800     1.26364  
314.900     1.26310  
315.000     1.26256  
315.100     1.26202  
315.200     1.26148  
315.300     1.26094  
315.400     1.26040  
315.500     1.25986  
315.600     1.25931  
315.700     1.25877  
315.800     1.25823  
315.900     1.25768  
316.000     1.25714  
316.100     1.25659  
316.200     1.25604  
316.300     1.25550  
316.400     1.25495  
316.500     1.25440  
316.600     1.25385  
316.700     1.25330  
316.800     1.25275  
316.900     1.25220  
317.000     1.25165  
317.100     1.25110  
317.200     1.25054  
317.300     1.24999  
317.400     1.24944  
317.500     1.24888  
317.600     1.24833  
317.700     1.24777  
317.800     1.24721  
317.900     1.24666  
318.000     1.24610  
318.100     1.24554  
318.200     1.24498  
318.300     1.24442  
318.400     1.24386  
318.500     1.24330  
318.600     1.24274  
318.700     1.24218  
318.800     1.24161  
318.900     1.24105  
319.000     1.24049  
319.100     1.23992  
319.200     1.23936  
319.300     1.23879  
319.400     1.23822  
319.500     1.23766  
319.600     1.23709  
319.700     1.23652  
319.800     1.23595  
319.900     1.23538  
320.000     1.23481  
320.100     1.23424  
320.200     1.23367  
320.300     1.23310  
320.400     1.23253  
320.500     1.23195  
320.600     1.23138  
320.700     1.23080  
320.800     1.23023  
320.900     1.22965  
321.000     1.22908  
321.100     1.22850  
321.200     1.22792  
321.300     1.22734  
321.400     1.22676  
321.500     1.22619  
321.600     1.22561  
321.700     1.22502  
321.800     1.22444  
321.900     1.22386  
322.000     1.22328  
322.100     1.22270  
322.200     1.22211  
322.300     1.22153  
322.400     1.22094  
322.500     1.22036  
322.600     1.21977  
322.700     1.21918  
322.800     1.21860  
322.900     1.21801  
323.000     1.21742  
323.100     1.21683  
323.200     1.21624  
323.300     1.21565  
323.400     1.21506  
323.500     1.21447  
323.600     1.21388  
323.700     1.21328  
323.800     1.21269  
323.900     1.21210  
324.000     1.21150  
324.100     1.21091  
324.200     1.21031  
324.300     1.20971  
324.400     1.20912  
324.500     1.20852  
324.600     1.20792  
324.700     1.20732  
324.800     1.20672  
324.900     1.20612  
325.000     1.20552  
325.100     1.20492  
325.200     1.20432  
325.300     1.20372  
325.400     1.20311  
325.500     1.20251  
325.600     1.20191  
325.700     1.20130  
325.800     1.20069  
325.900     1.20009  
326.000     1.19948  
326.100     1.19887  
326.200     1.19827  
326.300     1.19766  
326.400     1.19705  
326.500     1.19644  
326.600     1.19583  
326.700     1.19522  
326.800     1.19461  
326.900     1.19399  
327.000     1.19338  
327.100     1.19277  
327.200     1.19215  
327.300     1.19154  
327.400     1.19093  
327.500     1.19031  
327.600     1.18969  
327.700     1.18908  
327.800     1.18846  
327.900     1.18784  
328.000     1.18722  
328.100     1.18660  
328.200     1.18598  
328.300     1.18536  
328.400     1.18474  
328.500     1.18412  
328.600     1.18350  
328.700     1.18287  
328.800     1.18225  
328.900     1.18163  
329.000     1.18100  
329.100     1.18038  
329.200     1.17975  
329.300     1.17913  
329.400     1.17850  
329.500     1.17787  
329.600     1.17724  
329.700     1.17661  
329.800     1.17598  
329.900     1.17535  
330.000     1.17472  
330.100     1.17409  
330.200     1.17346  
330.300     1.17283  
330.400     1.17220  
330.500     1.17156  
330.600     1.17093  
330.700     1.17029  
330.800     1.16966  
330.900     1.16902  
331.000     1.16839  
331.100     1.16775  
331.200     1.16711  
331.300     1.16647  
331.400     1.16583  
331.500     1.16520  
331.600     1.16456  
331.700     1.16391  
331.800     1.16327  
331.900     1.16263  
332.000     1.16199  
332.100     1.16135  
332.200     1.16070  
332.300     1.16006  
332.400     1.15941  
332.500     1.15877  
332.600     1.15812  
332.700     1.15748  
332.800     1.15683  
332.900     1.15618  
333.000     1.15553  
333.100     1.15489  
333.200     1.15424  
333.300     1.15359  
333.400     1.15294  
333.500     1.15229  
333.600     1.15163  
333.700     1.15098  
333.800     1.15033  
333.900     1.14968  
334.000     1.14902  
334.100     1.14837  
334.200     1.14771  
334.300     1.14706  
334.400     1.14640  
334.500     1.14574  
334.600     1.14509  
334.700     1.14443  
334.800     1.14377  
334.900     1.14311  
335.000     1.14245  
335.100     1.14179  
335.200     1.14113  
335.300     1.14047  
335.400     1.13981  
335.500     1.13914  
335.600     1.13848  
335.700     1.13782  
335.800     1.13715  
335.900     1.13649  
336.000     1.13582  
336.100     1.13515  
336.200     1.13449  
336.300     1.13382  
336.400     1.13315  
336.500     1.13248  
336.600     1.13182  
336.700     1.13115  
336.800     1.13048  
336.900     1.12981  
337.000     1.12913  
337.100     1.12846  
337.200     1.12779  
337.300     1.12712  
337.400     1.12644  
337.500     1.12577  
337.600     1.12509  
337.700     1.12442  
337.800     1.12374  
337.900     1.12307  
338.000     1.12239  
338.100     1.12171  
338.200     1.12103  
338.300     1.12036  
338.400     1.11968  
338.500     1.11900  
338.600     1.11832  
338.700     1.11764  
338.800     1.11695  
338.900     1.11627  
339.000     1.11559  
339.100     1.11491  
339.200     1.11422  
339.300     1.11354  
339.400     1.11285  
339.500     1.11217  
339.600     1.11148  
339.700     1.11079  
339.800     1.11011  
339.900     1.10942  
340.000     1.10873  
340.100     1.10804  
340.200     1.10735  
340.300     1.10666  
340.400     1.10597  
340.500     1.10528  
340.600     1.10459  
340.700     1.10390  
340.800     1.10320  
340.900     1.10251  
341.000     1.10182  
341.100     1.10112  
341.200     1.10043  
341.300     1.09973  
341.400     1.09903  
341.500     1.09834  
341.600     1.09764  
341.700     1.09694  
341.800     1.09624  
341.900     1.09555  
342.000     1.09485  
342.100     1.09415  
342.200     1.09344  
342.300     1.09274  
342.400     1.09204  
342.500     1.09134  
342.600     1.09064  
342.700     1.08993  
342.800     1.08923  
342.900     1.08852  
343.000     1.08782  
343.100     1.08711  
343.200     1.08641  
343.300     1.08570  
343.400     1.08499  
343.500     1.08428  
343.600     1.08358  
343.700     1.08287  
343.800     1.08216  
343.900     1.08145  
344.000     1.08074  
344.100     1.08002  
344.200     1.07931  
344.300     1.07860  
344.400     1.07789  
344.500     1.07717  
344.600     1.07646  
344.700     1.07574  
344.800     1.07503  
344.900     1.07431  
345.000     1.07360  
345.100     1.07288  
345.200     1.07216  
345.300     1.07144  
345.400     1.07073  
345.500     1.07001  
345.600     1.06929  
345.700     1.06857  
345.800     1.06785  
345.900     1.06712  
346.000     1.06640  
346.100     1.06568  
346.200     1.06496  
346.300     1.06423  
346.400     1.06351  
346.500     1.06279  
346.600     1.06206  
346.700     1.06133  
346.800     1.06061  
346.900     1.05988  
347.000     1.05915  
347.100     1.05843  
347.200     1.05770  
347.300     1.05697  
347.400     1.05624  
347.500     1.05551  
347.600     1.05478  
347.700     1.05405  
347.800     1.05331  
347.900     1.05258  
348.000     1.05185  
348.100     1.05112  
348.200     1.05038  
348.300     1.04965  
348.400     1.04891  
348.500     1.04818  
348.600     1.04744  
348.700     1.04670  
348.800     1.04597  
348.900     1.04523  
349.000     1.04449  
349.100     1.04375  
349.200     1.04301  
349.300     1.04227  
349.400     1.04153  
349.500     1.04079  
349.600     1.04005  
349.700     1.03931  
349.800     1.03856  
349.900     1.03782  
350.000     1.03708  