0.000     0.00000  
  0.100     0.00000  
  0.200     0.00000  
  0.300     0.00000  
  0.400     0.00000  
  0.500     0.00000  
  0.600     0.00000  
  0.700     0.00000  
  0.800     0.00000  
  0.900     0.00000  
  1.000     0.00000  
  1.100     0.00000  
  1.200     0.00000  
  1.300     0.00000  
  1.400     0.00000  
  1.500     0.00000  
  1.600     0.00000  
  1.700     0.00000  
  1.800     0.00000  
  1.900     0.00000  
  2.000     0.00000  
  2.100     0.00000  
  2.200     0.00000  
  2.300     0.00000  
  2.400     0.00000  
  2.500     0.00000  
  2.600     0.00000  
  2.700     0.00000  
  2.800     0.00000  
  2.900     0.00000  
  3.000     0.00000  
  3.100     0.00000  
  3.200     0.00000  
  3.300     0.00000  
  3.400     0.00000  
  3.500     0.00000  
  3.600     0.00000  
  3.700    -0.00001  
  3.800    -0.00001  
  3.900    -0.00001  
  4.000    -0.00001  
  4.100    -0.00001  
  4.200    -0.00001  
  4.300    -0.00001  
  4.400    -0.00001  
  4.500    -0.00001  
  4.600    -0.00001  
  4.700    -0.00001  
  4.800    -0.00002  
  4.900    -0.00002  
  5.000    -0.00002  
  5.100    -0.00002  
  5.200    -0.00002  
  5.300    -0.00002  
  5.400    -0.00003  
  5.500    -0.00003  
  5.600    -0.00003  
  5.700    -0.00003  
  5.800    -0.00004  
  5.900    -0.00004  
  6.000    -0.00004  
  6.100    -0.00005  
  6.200    -0.00005  
  6.300    -0.00005  
  6.400    -0.00006  
  6.500    -0.00006  
  6.600    -0.00006  
  6.700    -0.00007  
  6.800    -0.00007  
  6.900    -0.00008  
  7.000    -0.00008  
  7.100    -0.00009  
  7.200    -0.00009  
  7.300    -0.00010  
  7.400    -0.00010  
  7.500    -0.00011  
  7.600    -0.00012  
  7.700    -0.00012  
  7.800    -0.00013  
  7.900    -0.00014  
  8.000    -0.00014  
  8.100    -0.00015  
  8.200    -0.00016  
  8.300    -0.00017  
  8.400    -0.00018  
  8.500    -0.00019  
  8.600    -0.00020  
  8.700    -0.00020  
  8.800    -0.00021  
  8.900    -0.00022  
  9.000    -0.00023  
  9.100    -0.00025  
  9.200    -0.00026  
  9.300    -0.00027  
  9.400    -0.00028  
  9.500    -0.00029  
  9.600    -0.00030  
  9.700    -0.00032  
  9.800    -0.00033  
  9.900    -0.00034  
 10.000    -0.00036  
 10.100    -0.00037  
 10.200    -0.00039  
 10.300    -0.00040  
 10.400    -0.00042  
 10.500    -0.00043  
 10.600    -0.00045  
 10.700    -0.00046  
 10.800    -0.00048  
 10.900    -0.00050  
 11.000    -0.00052  
 11.100    -0.00053  
 11.200    -0.00055  
 11.300    -0.00057  
 11.400    -0.00059  
 11.500    -0.00061  
 11.600    -0.00063  
 11.700    -0.00065  
 11.800    -0.00067  
 11.900    -0.00069  
 12.000    -0.00072  
 12.100    -0.00074  
 12.200    -0.00076  
 12.300    -0.00079  
 12.400    -0.00081  
 12.500    -0.00083  
 12.600    -0.00086  
 12.700    -0.00088  
 12.800    -0.00091  
 12.900    -0.00094  
 13.000    -0.00096  
 13.100    -0.00099  
 13.200    -0.00102  
 13.300    -0.00105  
 13.400    -0.00108  
 13.500    -0.00110  
 13.600    -0.00113  
 13.700    -0.00116  
 13.800    -0.00120  
 13.900    -0.00123  
 14.000    -0.00126  
 14.100    -0.00129  
 14.200    -0.00132  
 14.300    -0.00136  
 14.400    -0.00139  
 14.500    -0.00143  
 14.600    -0.00146  
 14.700    -0.00150  
 14.800    -0.00153  
 14.900    -0.00157  
 15.000    -0.00161  
 15.100    -0.00164  
 15.200    -0.00168  
 15.300    -0.00172  
 15.400    -0.00176  
 15.500    -0.00180  
 15.600    -0.00184  
 15.700    -0.00188  
 15.800    -0.00192  
 15.900    -0.00197  
 16.000    -0.00201  
 16.100    -0.00205  
 16.200    -0.00210  
 16.300    -0.00214  
 16.400    -0.00219  
 16.500    -0.00223  
 16.600    -0.00228  
 16.700    -0.00232  
 16.800    -0.00237  
 16.900    -0.00242  
 17.000    -0.00247  
 17.100    -0.00252  
 17.200    -0.00257  
 17.300    -0.00262  
 17.400    -0.00267  
 17.500    -0.00272  
 17.600    -0.00277  
 17.700    -0.00283  
 17.800    -0.00288  
 17.900    -0.00293  
 18.000    -0.00299  
 18.100    -0.00304  
 18.200    -0.00310  
 18.300    -0.00316  
 18.400    -0.00321  
 18.500    -0.00327  
 18.600    -0.00333  
 18.700    -0.00339  
 18.800    -0.00345  
 18.900    -0.00351  
 19.000    -0.00357  
 19.100    -0.00363  
 19.200    -0.00369  
 19.300    -0.00375  
 19.400    -0.00381  
 19.500    -0.00388  
 19.600    -0.00394  
 19.700    -0.00401  
 19.800    -0.00407  
 19.900    -0.00414  
 20.000    -0.00421  
 20.100    -0.00427  
 20.200    -0.00434  
 20.300    -0.00441  
 20.400    -0.00448  
 20.500    -0.00455  
 20.600    -0.00462  
 20.700    -0.00469  
 20.800    -0.00476  
 20.900    -0.00484  
 21.000    -0.00491  
 21.100    -0.00498  
 21.200    -0.00506  
 21.300    -0.00513  
 21.400    -0.00521  
 21.500    -0.00528  
 21.600    -0.00536  
 21.700    -0.00544  
 21.800    -0.00551  
 21.900    -0.00559  
 22.000    -0.00567  
 22.100    -0.00575  
 22.200    -0.00583  
 22.300    -0.00591  
 22.400    -0.00599  
 22.500    -0.00608  
 22.600    -0.00616  
 22.700    -0.00624  
 22.800    -0.00633  
 22.900    -0.00641  
 23.000    -0.00650  
 23.100    -0.00658  
 23.200    -0.00667  
 23.300    -0.00676  
 23.400    -0.00685  
 23.500    -0.00693  
 23.600    -0.00702  
 23.700    -0.00711  
 23.800    -0.00720  
 23.900    -0.00729  
 24.000    -0.00739  
 24.100    -0.00748  
 24.200    -0.00757  
 24.300    -0.00766  
 24.400    -0.00776  
 24.500    -0.00785  
 24.600    -0.00795  
 24.700    -0.00804  
 24.800    -0.00814  
 24.900    -0.00824  
 25.000    -0.00834  
 25.100    -0.00843  
 25.200    -0.00853  
 25.300    -0.00863  
 25.400    -0.00873  
 25.500    -0.00883  
 25.600    -0.00894  
 25.700    -0.00904  
 25.800    -0.00914  
 25.900    -0.00924  
 26.000    -0.00935  
 26.100    -0.00945  
 26.200    -0.00956  
 26.300    -0.00966  
 26.400    -0.00977  
 26.500    -0.00988  
 26.600    -0.00998  
 26.700    -0.01009  
 26.800    -0.01020  
 26.900    -0.01031  
 27.000    -0.01042  
 27.100    -0.01053  
 27.200    -0.01064  
 27.300    -0.01075  
 27.400    -0.01086  
 27.500    -0.01098  
 27.600    -0.01109  
 27.700    -0.01121  
 27.800    -0.01132  
 27.900    -0.01144  
 28.000    -0.01155  
 28.100    -0.01167  
 28.200    -0.01178  
 28.300    -0.01190  
 28.400    -0.01202  
 28.500    -0.01214  
 28.600    -0.01226  
 28.700    -0.01238  
 28.800    -0.01250  
 28.900    -0.01262  
 29.000    -0.01274  
 29.100    -0.01286  
 29.200    -0.01299  
 29.300    -0.01311  
 29.400    -0.01323  
 29.500    -0.01336  
 29.600    -0.01348  
 29.700    -0.01361  
 29.800    -0.01373  
 29.900    -0.01386  
 30.000    -0.01399  
 30.100    -0.01412  
 30.200    -0.01425  
 30.300    -0.01437  
 30.400    -0.01450  
 30.500    -0.01463  
 30.600    -0.01477  
 30.700    -0.01490  
 30.800    -0.01503  
 30.900    -0.01516  
 31.000    -0.01529  
 31.100    -0.01543  
 31.200    -0.01556  
 31.300    -0.01570  
 31.400    -0.01583  
 31.500    -0.01597  
 31.600    -0.01610  
 31.700    -0.01624  
 31.800    -0.01638  
 31.900    -0.01652  
 32.000    -0.01665  
 32.100    -0.01679  
 32.200    -0.01693  
 32.300    -0.01707  
 32.400    -0.01721  
 32.500    -0.01735  
 32.600    -0.01750  
 32.700    -0.01764  
 32.800    -0.01778  
 32.900    -0.01792  
 33.000    -0.01807  
 33.100    -0.01821  
 33.200    -0.01836  
 33.300    -0.01850  
 33.400    -0.01865  
 33.500    -0.01879  
 33.600    -0.01894  
 33.700    -0.01909  
 33.800    -0.01924  
 33.900    -0.01939  
 34.000    -0.01954  
 34.100    -0.01968  
 34.200    -0.01983  
 34.300    -0.01999  
 34.400    -0.02014  
 34.500    -0.02029  
 34.600    -0.02044  
 34.700    -0.02059  
 34.800    -0.02075  
 34.900    -0.02090  
 35.000    -0.02105  
 35.100    -0.02121  
 35.200    -0.02136  
 35.300    -0.02152  
 35.400    -0.02167  
 35.500    -0.02183  
 35.600    -0.02199  
 35.700    -0.02214  
 35.800    -0.02230  
 35.900    -0.02246  
 36.000    -0.02262  
 36.100    -0.02278  
 36.200    -0.02294  
 36.300    -0.02310  
 36.400    -0.02326  
 36.500    -0.02342  
 36.600    -0.02358  
 36.700    -0.02375  
 36.800    -0.02391  
 36.900    -0.02407  
 37.000    -0.02424  
 37.100    -0.02440  
 37.200    -0.02456  
 37.300    -0.02473  
 37.400    -0.02490  
 37.500    -0.02506  
 37.600    -0.02523  
 37.700    -0.02539  
 37.800    -0.02556  
 37.900    -0.02573  
 38.000    -0.02590  
 38.100    -0.02607  
 38.200    -0.02624  
 38.300    -0.02641  
 38.400    -0.02658  
 38.500    -0.02675  
 38.600    -0.02692  
 38.700    -0.02709  
 38.800    -0.02726  
 38.900    -0.02743  
 39.000    -0.02761  
 39.100    -0.02778  
 39.200    -0.02795  
 39.300    -0.02813  
 39.400    -0.02830  
 39.500    -0.02848  
 39.600    -0.02865  
 39.700    -0.02883  
 39.800    -0.02900  
 39.900    -0.02918  
 40.000    -0.02936  
 40.100    -0.02953  
 40.200    -0.02971  
 40.300    -0.02989  
 40.400    -0.03007  
 40.500    -0.03025  
 40.600    -0.03043  
 40.700    -0.03061  
 40.800    -0.03079  
 40.900    -0.03097  
 41.000    -0.03115  
 41.100    -0.03133  
 41.200    -0.03151  
 41.300    -0.03170  
 41.400    -0.03188  
 41.500    -0.03206  
 41.600    -0.03224  
 41.700    -0.03243  
 41.800    -0.03261  
 41.900    -0.03280  
 42.000    -0.03298  
 42.100    -0.03317  
 42.200    -0.03335  
 42.300    -0.03354  
 42.400    -0.03373  
 42.500    -0.03391  
 42.600    -0.03410  
 42.700    -0.03429  
 42.800    -0.03448  
 42.900    -0.03467  
 43.000    -0.03486  
 43.100    -0.03504  
 43.200    -0.03523  
 43.300    -0.03542  
 43.400    -0.03561  
 43.500    -0.03580  
 43.600    -0.03600  
 43.700    -0.03619  
 43.800    -0.03638  
 43.900    -0.03657  
 44.000    -0.03676  
 44.100    -0.03696  
 44.200    -0.03715  
 44.300    -0.03734  
 44.400    -0.03754  
 44.500    -0.03773  
 44.600    -0.03793  
 44.700    -0.03812  
 44.800    -0.03832  
 44.900    -0.03851  
 45.000    -0.03871  
 45.100    -0.03891  
 45.200    -0.03910  
 45.300    -0.03930  
 45.400    -0.03950  
 45.500    -0.03969  
 45.600    -0.03989  
 45.700    -0.04009  
 45.800    -0.04029  
 45.900    -0.04049  
 46.000    -0.04069  
 46.100    -0.04089  
 46.200    -0.04109  
 46.300    -0.04129  
 46.400    -0.04149  
 46.500    -0.04169  
 46.600    -0.04189  
 46.700    -0.04209  
 46.800    -0.04230  
 46.900    -0.04250  
 47.000    -0.04270  
 47.100    -0.04290  
 47.200    -0.04311  
 47.300    -0.04331  
 47.400    -0.04351  
 47.500    -0.04372  
 47.600    -0.04392  
 47.700    -0.04413  
 47.800    -0.04433  
 47.900    -0.04454  
 48.000    -0.04474  
 48.100    -0.04495  
 48.200    -0.04516  
 48.300    -0.04536  
 48.400    -0.04557  
 48.500    -0.04578  
 48.600    -0.04598  
 48.700    -0.04619  
 48.800    -0.04640  
 48.900    -0.04661  
 49.000    -0.04682  
 49.100    -0.04702  
 49.200    -0.04723  
 49.300    -0.04744  
 49.400    -0.04765  
 49.500    -0.04786  
 49.600    -0.04807  
 49.700    -0.04828  
 49.800    -0.04849  
 49.900    -0.04870  
 50.000    -0.04892  
 50.100    -0.04913  
 50.200    -0.04934  
 50.300    -0.04955  
 50.400    -0.04976  
 50.500    -0.04998  
 50.600    -0.05019  
 50.700    -0.05040  
 50.800    -0.05062  
 50.900    -0.05083  
 51.000    -0.05104  
 51.100    -0.05126  
 51.200    -0.05147  
 51.300    -0.05169  
 51.400    -0.05190  
 51.500    -0.05212  
 51.600    -0.05233  
 51.700    -0.05255  
 51.800    -0.05276  
 51.900    -0.05298  
 52.000    -0.05320  
 52.100    -0.05341  
 52.200    -0.05363  
 52.300    -0.05385  
 52.400    -0.05406  
 52.500    -0.05428  
 52.600    -0.05450  
 52.700    -0.05472  
 52.800    -0.05493  
 52.900    -0.05515  
 53.000    -0.05537  
 53.100    -0.05559  
 53.200    -0.05581  
 53.300    -0.05603  
 53.400    -0.05625  
 53.500    -0.05647  
 53.600    -0.05669  
 53.700    -0.05691  
 53.800    -0.05713  
 53.900    -0.05735  
 54.000    -0.05757  
 54.100    -0.05779  
 54.200    -0.05801  
 54.300    -0.05823  
 54.400    -0.05846  
 54.500    -0.05868  
 54.600    -0.05890  
 54.700    -0.05912  
 54.800    -0.05934  
 54.900    -0.05957  
 55.000    -0.05979  
 55.100    -0.06001  
 55.200    -0.06024  
 55.300    -0.06046  
 55.400    -0.06068  
 55.500    -0.06091  
 55.600    -0.06113  
 55.700    -0.06136  
 55.800    -0.06158  
 55.900    -0.06180  
 56.000    -0.06203  
 56.100    -0.06225  
 56.200    -0.06248  
 56.300    -0.06270  
 56.400    -0.06293  
 56.500    -0.06316  
 56.600    -0.06338  
 56.700    -0.06361  
 56.800    -0.06383  
 56.900    -0.06406  
 57.000    -0.06429  
 57.100    -0.06451  
 57.200    -0.06474  
 57.300    -0.06497  
 57.400    -0.06520  
 57.500    -0.06542  
 57.600    -0.06565  
 57.700    -0.06588  
 57.800    -0.06611  
 57.900    -0.06633  
 58.000    -0.06656  
 58.100    -0.06679  
 58.200    -0.06702  
 58.300    -0.06725  
 58.400    -0.06748  
 58.500    -0.06771  
 58.600    -0.06793  
 58.700    -0.06816  
 58.800    -0.06839  
 58.900    -0.06862  
 59.000    -0.06885  
 59.100    -0.06908  
 59.200    -0.06931  
 59.300    -0.06954  
 59.400    -0.06977  
 59.500    -0.07000  
 59.600    -0.07023  
 59.700    -0.07046  
 59.800    -0.07069  
 59.900    -0.07093  
 60.000    -0.07116  
 60.100    -0.07139  
 60.200    -0.07162  
 60.300    -0.07185  
 60.400    -0.07208  
 60.500    -0.07231  
 60.600    -0.07255  
 60.700    -0.07278  
 60.800    -0.07301  
 60.900    -0.07324  
 61.000    -0.07348  
 61.100    -0.07371  
 61.200    -0.07394  
 61.300    -0.07417  
 61.400    -0.07441  
 61.500    -0.07464  
 61.600    -0.07487  
 61.700    -0.07511  
 61.800    -0.07534  
 61.900    -0.07557  
 62.000    -0.07581  
 62.100    -0.07604  
 62.200    -0.07627  
 62.300    -0.07651  
 62.400    -0.07674  
 62.500    -0.07698  
 62.600    -0.07721  
 62.700    -0.07744  
 62.800    -0.07768  
 62.900    -0.07791  
 63.000    -0.07815  
 63.100    -0.07838  
 63.200    -0.07862  
 63.300    -0.07885  
 63.400    -0.07909  
 63.500    -0.07932  
 63.600    -0.07956  
 63.700    -0.07979  
 63.800    -0.08003  
 63.900    -0.08026  
 64.000    -0.08050  
 64.100    -0.08073  
 64.200    -0.08097  
 64.300    -0.08121  
 64.400    -0.08144  
 64.500    -0.08168  
 64.600    -0.08191  
 64.700    -0.08215  
 64.800    -0.08239  
 64.900    -0.08262  
 65.000    -0.08286  
 65.100    -0.08310  
 65.200    -0.08333  
 65.300    -0.08357  
 65.400    -0.08381  
 65.500    -0.08404  
 65.600    -0.08428  
 65.700    -0.08452  
 65.800    -0.08475  
 65.900    -0.08499  
 66.000    -0.08523  
 66.100    -0.08546  
 66.200    -0.08570  
 66.300    -0.08594  
 66.400    -0.08618  
 66.500    -0.08641  
 66.600    -0.08665  
 66.700    -0.08689  
 66.800    -0.08713  
 66.900    -0.08736  
 67.000    -0.08760  
 67.100    -0.08784  
 67.200    -0.08808  
 67.300    -0.08831  
 67.400    -0.08855  
 67.500    -0.08879  
 67.600    -0.08903  
 67.700    -0.08927  
 67.800    -0.08950  
 67.900    -0.08974  
 68.000    -0.08998  
 68.100    -0.09022  
 68.200    -0.09046  
 68.300    -0.09069  
 68.400    -0.09093  
 68.500    -0.09117  
 68.600    -0.09141  
 68.700    -0.09165  
 68.800    -0.09189  
 68.900    -0.09213  
 69.000    -0.09236  
 69.100    -0.09260  
 69.200    -0.09284  
 69.300    -0.09308  
 69.400    -0.09332  
 69.500    -0.09356  
 69.600    -0.09380  
 69.700    -0.09404  
 69.800    -0.09427  
 69.900    -0.09451  
 70.000    -0.09475  
 70.100    -0.09499  
 70.200    -0.09523  
 70.300    -0.09547  
 70.400    -0.09571  
 70.500    -0.09595  
 70.600    -0.09619  
 70.700    -0.09642  
 70.800    -0.09666  
 70.900    -0.09690  
 71.000    -0.09714  
 71.100    -0.09738  
 71.200    -0.09762  
 71.300    -0.09786  
 71.400    -0.09810  
 71.500    -0.09834  
 71.600    -0.09858  
 71.700    -0.09882  
 71.800    -0.09905  
 71.900    -0.09929  
 72.000    -0.09953  
 72.100    -0.09977  
 72.200    -0.10001  
 72.300    -0.10025  
 72.400    -0.10049  
 72.500    -0.10073  
 72.600    -0.10097  
 72.700    -0.10121  
 72.800    -0.10145  
 72.900    -0.10168  
 73.000    -0.10192  
 73.100    -0.10216  
 73.200    -0.10240  
 73.300    -0.10264  
 73.400    -0.10288  
 73.500    -0.10312  
 73.600    -0.10336  
 73.700    -0.10360  
 73.800    -0.10384  
 73.900    -0.10408  
 74.000    -0.10432  
 74.100    -0.10456  
 74.200    -0.10479  
 74.300    -0.10503  
 74.400    -0.10527  
 74.500    -0.10551  
 74.600    -0.10575  
 74.700    -0.10599  
 74.800    -0.10623  
 74.900    -0.10647  
 75.000    -0.10671  
 75.100    -0.10694  
 75.200    -0.10718  
 75.300    -0.10742  
 75.400    -0.10766  
 75.500    -0.10790  
 75.600    -0.10814  
 75.700    -0.10838  
 75.800    -0.10862  
 75.900    -0.10886  
 76.000    -0.10909  
 76.100    -0.10933  
 76.200    -0.10957  
 76.300    -0.10981  
 76.400    -0.11005  
 76.500    -0.11029  
 76.600    -0.11053  
 76.700    -0.11076  
 76.800    -0.11100  
 76.900    -0.11124  
 77.000    -0.11148  
 77.100    -0.11172  
 77.200    -0.11196  
 77.300    -0.11219  
 77.400    -0.11243  
 77.500    -0.11267  
 77.600    -0.11291  
 77.700    -0.11315  
 77.800    -0.11338  
 77.900    -0.11362  
 78.000    -0.11386  
 78.100    -0.11410  
 78.200    -0.11434  
 78.300    -0.11457  
 78.400    -0.11481  
 78.500    -0.11505  
 78.600    -0.11529  
 78.700    -0.11552  
 78.800    -0.11576  
 78.900    -0.11600  
 79.000    -0.11624  
 79.100    -0.11647  
 79.200    -0.11671  
 79.300    -0.11695  
 79.400    -0.11719  
 79.500    -0.11742  
 79.600    -0.11766  
 79.700    -0.11790  
 79.800    -0.11813  
 79.900    -0.11837  
 80.000    -0.11861  
 80.100    -0.11884  
 80.200    -0.11908  
 80.300    -0.11932  
 80.400    -0.11955  
 80.500    -0.11979  
 80.600    -0.12003  
 80.700    -0.12026  
 80.800    -0.12050  
 80.900    -0.12074  
 81.000    -0.12097  
 81.100    -0.12121  
 81.200    -0.12145  
 81.300    -0.12168  
 81.400    -0.12192  
 81.500    -0.12215  
 81.600    -0.12239  
 81.700    -0.12263  
 81.800    -0.12286  
 81.900    -0.12310  
 82.000    -0.12333  
 82.100    -0.12357  
 82.200    -0.12380  
 82.300    -0.12404  
 82.400    -0.12427  
 82.500    -0.12451  
 82.600    -0.12474  
 82.700    -0.12498  
 82.800    -0.12521  
 82.900    -0.12545  
 83.000    -0.12568  
 83.100    -0.12592  
 83.200    -0.12615  
 83.300    -0.12639  
 83.400    -0.12662  
 83.500    -0.12685  
 83.600    -0.12709  
 83.700    -0.12732  
 83.800    -0.12756  
 83.900    -0.12779  
 84.000    -0.12802  
 84.100    -0.12826  
 84.200    -0.12849  
 84.300    -0.12873  
 84.400    -0.12896  
 84.500    -0.12919  
 84.600    -0.12943  
 84.700    -0.12966  
 84.800    -0.12989  
 84.900    -0.13013  
 85.000    -0.13036  
 85.100    -0.13059  
 85.200    -0.13082  
 85.300    -0.13106  
 85.400    -0.13129  
 85.500    -0.13152  
 85.600    -0.13175  
 85.700    -0.13199  
 85.800    -0.13222  
 85.900    -0.13245  
 86.000    -0.13268  
 86.100    -0.13291  
 86.200    -0.13314  
 86.300    -0.13338  
 86.400    -0.13361  
 86.500    -0.13384  
 86.600    -0.13407  
 86.700    -0.13430  
 86.800    -0.13453  
 86.900    -0.13476  
 87.000    -0.13499  
 87.100    -0.13522  
 87.200    -0.13546  
 87.300    -0.13569  
 87.400    -0.13592  
 87.500    -0.13615  
 87.600    -0.13638  
 87.700    -0.13661  
 87.800    -0.13684  
 87.900    -0.13707  
 88.000    -0.13730  
 88.100    -0.13753  
 88.200    -0.13776  
 88.300    -0.13798  
 88.400    -0.13821  
 88.500    -0.13844  
 88.600    -0.13867  
 88.700    -0.13890  
 88.800    -0.13913  
 88.900    -0.13936  
 89.000    -0.13959  
 89.100    -0.13982  
 89.200    -0.14004  
 89.300    -0.14027  
 89.400    -0.14050  
 89.500    -0.14073  
 89.600    -0.14096  
 89.700    -0.14118  
 89.800    -0.14141  
 89.900    -0.14164  
 90.000    -0.14186  
 90.100    -0.14209  
 90.200    -0.14232  
 90.300    -0.14255  
 90.400    -0.14277  
 90.500    -0.14300  
 90.600    -0.14323  
 90.700    -0.14345  
 90.800    -0.14368  
 90.900    -0.14391  
 91.000    -0.14413  
 91.100    -0.14436  
 91.200    -0.14458  
 91.300    -0.14481  
 91.400    -0.14503  
 91.500    -0.14526  
 91.600    -0.14548  
 91.700    -0.14571  
 91.800    -0.14593  
 91.900    -0.14616  
 92.000    -0.14638  
 92.100    -0.14661  
 92.200    -0.14683  
 92.300    -0.14706  
 92.400    -0.14728  
 92.500    -0.14750  
 92.600    -0.14773  
 92.700    -0.14795  
 92.800    -0.14817  
 92.900    -0.14840  
 93.000    -0.14862  
 93.100    -0.14884  
 93.200    -0.14907  
 93.300    -0.14929  
 93.400    -0.14951  
 93.500    -0.14973  
 93.600    -0.14996  
 93.700    -0.15018  
 93.800    -0.15040  
 93.900    -0.15062  
 94.000    -0.15084  
 94.100    -0.15107  
 94.200    -0.15129  
 94.300    -0.15151  
 94.400    -0.15173  
 94.500    -0.15195  
 94.600    -0.15217  
 94.700    -0.15239  
 94.800    -0.15261  
 94.900    -0.15283  
 95.000    -0.15305  
 95.100    -0.15327  
 95.200    -0.15349  
 95.300    -0.15371  
 95.400    -0.15393  
 95.500    -0.15415  
 95.600    -0.15437  
 95.700    -0.15459  
 95.800    -0.15481  
 95.900    -0.15503  
 96.000    -0.15525  
 96.100    -0.15546  
 96.200    -0.15568  
 96.300    -0.15590  
 96.400    -0.15612  
 96.500    -0.15634  
 96.600    -0.15655  
 96.700    -0.15677  
 96.800    -0.15699  
 96.900    -0.15721  
 97.000    -0.15742  
 97.100    -0.15764  
 97.200    -0.15786  
 97.300    -0.15807  
 97.400    -0.15829  
 97.500    -0.15851  
 97.600    -0.15872  
 97.700    -0.15894  
 97.800    -0.15915  
 97.900    -0.15937  
 98.000    -0.15958  
 98.100    -0.15980  
 98.200    -0.16001  
 98.300    -0.16023  
 98.400    -0.16044  
 98.500    -0.16066  
 98.600    -0.16087  
 98.700    -0.16109  
 98.800    -0.16130  
 98.900    -0.16151  
 99.000    -0.16173  
 99.100    -0.16194  
 99.200    -0.16215  
 99.300    -0.16237  
 99.400    -0.16258  
 99.500    -0.16279  
 99.600    -0.16300  
 99.700    -0.16322  
 99.800    -0.16343  
 99.900    -0.16364  
100.000    -0.16385  
100.100    -0.16406  
100.200    -0.16428  
100.300    -0.16449  
100.400    -0.16470  
100.500    -0.16491  
100.600    -0.16512  
100.700    -0.16533  
100.800    -0.16554  
100.900    -0.16575  
101.000    -0.16596  
101.100    -0.16617  
101.200    -0.16638  
101.300    -0.16659  
101.400    -0.16680  
101.500    -0.16701  
101.600    -0.16722  
101.700    -0.16743  
101.800    -0.16763  
101.900    -0.16784  
102.000    -0.16805  
102.100    -0.16826  
102.200    -0.16847  
102.300    -0.16867  
102.400    -0.16888  
102.500    -0.16909  
102.600    -0.16930  
102.700    -0.16950  
102.800    -0.16971  
102.900    -0.16992  
103.000    -0.17012  
103.100    -0.17033  
103.200    -0.17053  
103.300    -0.17074  
103.400    -0.17095  
103.500    -0.17115  
103.600    -0.17136  
103.700    -0.17156  
103.800    -0.17177  
103.900    -0.17197  
104.000    -0.17217  
104.100    -0.17238  
104.200    -0.17258  
104.300    -0.17279  
104.400    -0.17299  
104.500    -0.17319  
104.600    -0.17340  
104.700    -0.17360  
104.800    -0.17380  
104.900    -0.17400  
105.000    -0.17421  
105.100    -0.17441  
105.200    -0.17461  
105.300    -0.17481  
105.400    -0.17501  
105.500    -0.17522  
105.600    -0.17542  
105.700    -0.17562  
105.800    -0.17582  
105.900    -0.17602  
106.000    -0.17622  
106.100    -0.17642  
106.200    -0.17662  
106.300    -0.17682  
106.400    -0.17702  
106.500    -0.17722  
106.600    -0.17742  
106.700    -0.17762  
106.800    -0.17781  
106.900    -0.17801  
107.000    -0.17821  
107.100    -0.17841  
107.200    -0.17861  
107.300    -0.17880  
107.400    -0.17900  
107.500    -0.17920  
107.600    -0.17940  
107.700    -0.17959  
107.800    -0.17979  
107.900    -0.17999  
108.000    -0.18018  
108.100    -0.18038  
108.200    -0.18057  
108.300    -0.18077  
108.400    -0.18097  
108.500    -0.18116  
108.600    -0.18136  
108.700    -0.18155  
108.800    -0.18175  
108.900    -0.18194  
109.000    -0.18213  
109.100    -0.18233  
109.200    -0.18252  
109.300    -0.18271  
109.400    -0.18291  
109.500    -0.18310  
109.600    -0.18329  
109.700    -0.18349  
109.800    -0.18368  
109.900    -0.18387  
110.000    -0.18406  
110.100    -0.18425  
110.200    -0.18445  
110.300    -0.18464  
110.400    -0.18483  
110.500    -0.18502  
110.600    -0.18521  
110.700    -0.18540  
110.800    -0.18559  
110.900    -0.18578  
111.000    -0.18597  
111.100    -0.18616  
111.200    -0.18635  
111.300    -0.18654  
111.400    -0.18673  
111.500    -0.18692  
111.600    -0.18710  
111.700    -0.18729  
111.800    -0.18748  
111.900    -0.18767  
112.000    -0.18785  
112.100    -0.18804  
112.200    -0.18823  
112.300    -0.18842  
112.400    -0.18860  
112.500    -0.18879  
112.600    -0.18898  
112.700    -0.18916  
112.800    -0.18935  
112.900    -0.18953  
113.000    -0.18972  
113.100    -0.18990  
113.200    -0.19009  
113.300    -0.19027  
113.400    -0.19046  
113.500    -0.19064  
113.600    -0.19083  
113.700    -0.19101  
113.800    -0.19119  
113.900    -0.19138  
114.000    -0.19156  
114.100    -0.19174  
114.200    -0.19192  
114.300    -0.19211  
114.400    -0.19229  
114.500    -0.19247  
114.600    -0.19265  
114.700    -0.19283  
114.800    -0.19301  
114.900    -0.19320  
115.000    -0.19338  
115.100    -0.19356  
115.200    -0.19374  
115.300    -0.19392  
115.400    -0.19410  
115.500    -0.19428  
115.600    -0.19446  
115.700    -0.19463  
115.800    -0.19481  
115.900    -0.19499  
116.000    -0.19517  
116.100    -0.19535  
116.200    -0.19553  
116.300    -0.19570  
116.400    -0.19588  
116.500    -0.19606  
116.600    -0.19624  
116.700    -0.19641  
116.800    -0.19659  
116.900    -0.19676  
117.000    -0.19694  
117.100    -0.19712  
117.200    -0.19729  
117.300    -0.19747  
117.400    -0.19764  
117.500    -0.19782  
117.600    -0.19799  
117.700    -0.19817  
117.800    -0.19834  
117.900    -0.19851  
118.000    -0.19869  
118.100    -0.19886  
118.200    -0.19903  
118.300    -0.19921  
118.400    -0.19938  
118.500    -0.19955  
118.600    -0.19972  
118.700    -0.19990  
118.800    -0.20007  
118.900    -0.20024  
119.000    -0.20041  
119.100    -0.20058  
119.200    -0.20075  
119.300    -0.20092  
119.400    -0.20109  
119.500    -0.20126  
119.600    -0.20143  
119.700    -0.20160  
119.800    -0.20177  
119.900    -0.20194  
120.000    -0.20211  
120.100    -0.20228  
120.200    -0.20245  
120.300    -0.20261  
120.400    -0.20278  
120.500    -0.20295  
120.600    -0.20312  
120.700    -0.20328  
120.800    -0.20345  
120.900    -0.20362  
121.000    -0.20378  
121.100    -0.20395  
121.200    -0.20412  
121.300    -0.20428  
121.400    -0.20445  
121.500    -0.20461  
121.600    -0.20478  
121.700    -0.20494  
121.800    -0.20511  
121.900    -0.20527  
122.000    -0.20543  
122.100    -0.20560  
122.200    -0.20576  
122.300    -0.20592  
122.400    -0.20609  
122.500    -0.20625  
122.600    -0.20641  
122.700    -0.20657  
122.800    -0.20674  
122.900    -0.20690  
123.000    -0.20706  
123.100    -0.20722  
123.200    -0.20738  
123.300    -0.20754  
123.400    -0.20770  
123.500    -0.20786  
123.600    -0.20802  
123.700    -0.20818  
123.800    -0.20834  
123.900    -0.20850  
124.000    -0.20866  
124.100    -0.20882  
124.200    -0.20897  
124.300    -0.20913  
124.400    -0.20929  
124.500    -0.20945  
124.600    -0.20961  
124.700    -0.20976  
124.800    -0.20992  
124.900    -0.21008  
125.000    -0.21023  
125.100    -0.21039  
125.200    -0.21054  
125.300    -0.21070  
125.400    -0.21085  
125.500    -0.21101  
125.600    -0.21116  
125.700    -0.21132  
125.800    -0.21147  
125.900    -0.21163  
126.000    -0.21178  
126.100    -0.21193  
126.200    -0.21209  
126.300    -0.21224  
126.400    -0.21239  
126.500    -0.21254  
126.600    -0.21270  
126.700    -0.21285  
126.800    -0.21300  
126.900    -0.21315  
127.000    -0.21330  
127.100    -0.21345  
127.200    -0.21360  
127.300    -0.21375  
127.400    -0.21390  
127.500    -0.21405  
127.600    -0.21420  
127.700    -0.21435  
127.800    -0.21450  
127.900    -0.21465  
128.000    -0.21480  
128.100    -0.21495  
128.200    -0.21510  
128.300    -0.21524  
128.400    -0.21539  
128.500    -0.21554  
128.600    -0.21569  
128.700    -0.21583  
128.800    -0.21598  
128.900    -0.21612  
129.000    -0.21627  
129.100    -0.21642  
129.200    -0.21656  
129.300    -0.21671  
129.400    -0.21685  
129.500    -0.21700  
129.600    -0.21714  
129.700    -0.21728  
129.800    -0.21743  
129.900    -0.21757  
130.000    -0.21771  
130.100    -0.21786  
130.200    -0.21800  
130.300    -0.21814  
130.400    -0.21829  
130.500    -0.21843  
130.600    -0.21857  
130.700    -0.21871  
130.800    -0.21885  
130.900    -0.21899  
131.000    -0.21913  
131.100    -0.21927  
131.200    -0.21941  
131.300    -0.21955  
131.400    -0.21969  
131.500    -0.21983  
131.600    -0.21997  
131.700    -0.22011  
131.800    -0.22025  
131.900    -0.22039  
132.000    -0.22052  
132.100    -0.22066  
132.200    -0.22080  
132.300    -0.22094  
132.400    -0.22107  
132.500    -0.22121  
132.600    -0.22135  
132.700    -0.22148  
132.800    -0.22162  
132.900    -0.22175  
133.000    -0.22189  
133.100    -0.22202  
133.200    -0.22216  
133.300    -0.22229  
133.400    -0.22243  
133.500    -0.22256  
133.600    -0.22269  
133.700    -0.22283  
133.800    -0.22296  
133.900    -0.22309  
134.000    -0.22323  
134.100    -0.22336  
134.200    -0.22349  
134.300    -0.22362  
134.400    -0.22375  
134.500    -0.22388  
134.600    -0.22402  
134.700    -0.22415  
134.800    -0.22428  
134.900    -0.22441  
135.000    -0.22454  
135.100    -0.22467  
135.200    -0.22480  
135.300    -0.22492  
135.400    -0.22505  
135.500    -0.22518  
135.600    -0.22531  
135.700    -0.22544  
135.800    -0.22557  
135.900    -0.22569  
136.000    -0.22582  
136.100    -0.22595  
136.200    -0.22607  
136.300    -0.22620  
136.400    -0.22633  
136.500    -0.22645  
136.600    -0.22658  
136.700    -0.22670  
136.800    -0.22683  
136.900    -0.22695  
137.000    -0.22708  
137.100    -0.22720  
137.200    -0.22732  
137.300    -0.22745  
137.400    -0.22757  
137.500    -0.22769  
137.600    -0.22782  
137.700    -0.22794  
137.800    -0.22806  
137.900    -0.22818  
138.000    -0.22830  
138.100    -0.22843  
138.200    -0.22855  
138.300    -0.22867  
138.400    -0.22879  
138.500    -0.22891  
138.600    -0.22903  
138.700    -0.22915  
138.800    -0.22927  
138.900    -0.22939  
139.000    -0.22951  
139.100    -0.22962  
139.200    -0.22974  
139.300    -0.22986  
139.400    -0.22998  
139.500    -0.23010  
139.600    -0.23021  
139.700    -0.23033  
139.800    -0.23045  
139.900    -0.23056  
140.000    -0.23068  
140.100    -0.23079  
140.200    -0.23091  
140.300    -0.23103  
140.400    -0.23114  
140.500    -0.23126  
140.600    -0.23137  
140.700    -0.23148  
140.800    -0.23160  
140.900    -0.23171  
141.000    -0.23182  
141.100    -0.23194  
141.200    -0.23205  
141.300    -0.23216  
141.400    -0.23227  
141.500    -0.23239  
141.600    -0.23250  
141.700    -0.23261  
141.800    -0.23272  
141.900    -0.23283  
142.000    -0.23294  
142.100    -0.23305  
142.200    -0.23316  
142.300    -0.23327  
142.400    -0.23338  
142.500    -0.23349  
142.600    -0.23360  
142.700    -0.23371  
142.800    -0.23382  
142.900    -0.23392  
143.000    -0.23403  
143.100    -0.23414  
143.200    -0.23425  
143.300    -0.23435  
143.400    -0.23446  
143.500    -0.23457  
143.600    -0.23467  
143.700    -0.23478  
143.800    -0.23488  
143.900    -0.23499  
144.000    -0.23509  
144.100    -0.23520  
144.200    -0.23530  
144.300    -0.23541  
144.400    -0.23551  
144.500    -0.23561  
144.600    -0.23572  
144.700    -0.23582  
144.800    -0.23592  
144.900    -0.23602  
145.000    -0.23613  
145.100    -0.23623  
145.200    -0.23633  
145.300    -0.23643  
145.400    -0.23653  
145.500    -0.23663  
145.600    -0.23673  
145.700    -0.23683  
145.800    -0.23693  
145.900    -0.23703  
146.000    -0.23713  
146.100    -0.23723  
146.200    -0.23733  
146.300    -0.23743  
146.400    -0.23753  
146.500    -0.23762  
146.600    -0.23772  
146.700    -0.23782  
146.800    -0.23791  
146.900    -0.23801  
147.000    -0.23811  
147.100    -0.23820  
147.200    -0.23830  
147.300    -0.23840  
147.400    -0.23849  
147.500    -0.23859  
147.600    -0.23868  
147.700    -0.23877  
147.800    -0.23887  
147.900    -0.23896  
148.000    -0.23906  
148.100    -0.23915  
148.200    -0.23924  
148.300    -0.23933  
148.400    -0.23943  
148.500    -0.23952  
148.600    -0.23961  
148.700    -0.23970  
148.800    -0.23979  
148.900    -0.23989  
149.000    -0.23998  
149.100    -0.24007  
149.200    -0.24016  
149.300    -0.24025  
149.400    -0.24034  
149.500    -0.24042  
149.600    -0.24051  
149.700    -0.24060  
149.800    -0.24069  
149.900    -0.24078  
150.000    -0.24087  
150.100    -0.24095  
150.200    -0.24104  
150.300    -0.24113  
150.400    -0.24122  
150.500    -0.24130  
150.600    -0.24139  
150.700    -0.24147  
150.800    -0.24156  
150.900    -0.24164  
151.000    -0.24173  
151.100    -0.24181  
151.200    -0.24190  
151.300    -0.24198  
151.400    -0.24207  
151.500    -0.24215  
151.600    -0.24223  
151.700    -0.24232  
151.800    -0.24240  
151.900    -0.24248  
152.000    -0.24256  
152.100    -0.24265  
152.200    -0.24273  
152.300    -0.24281  
152.400    -0.24289  
152.500    -0.24297  
152.600    -0.24305  
152.700    -0.24313  
152.800    -0.24321  
152.900    -0.24329  
153.000    -0.24337  
153.100    -0.24345  
153.200    -0.24353  
153.300    -0.24360  
153.400    -0.24368  
153.500    -0.24376  
153.600    -0.24384  
153.700    -0.24392  
153.800    -0.24399  
153.900    -0.24407  
154.000    -0.24414  
154.100    -0.24422  
154.200    -0.24430  
154.300    -0.24437  
154.400    -0.24445  
154.500    -0.24452  
154.600    -0.24460  
154.700    -0.24467  
154.800    -0.24475  
154.900    -0.24482  
155.000    -0.24489  
155.100    -0.24497  
155.200    -0.24504  
155.300    -0.24511  
155.400    -0.24518  
155.500    -0.24526  
155.600    -0.24533  
155.700    -0.24540  
155.800    -0.24547  
155.900    -0.24554  
156.000    -0.24561  
156.100    -0.24568  
156.200    -0.24575  
156.300    -0.24582  
156.400    -0.24589  
156.500    -0.24596  
156.600    -0.24603  
156.700    -0.24610  
156.800    -0.24617  
156.900    -0.24623  
157.000    -0.24630  
157.100    -0.24637  
157.200    -0.24644  
157.300    -0.24650  
157.400    -0.24657  
157.500    -0.24664  
157.600    -0.24670  
157.700    -0.24677  
157.800    -0.24683  
157.900    -0.24690  
158.000    -0.24696  
158.100    -0.24703  
158.200    -0.24709  
158.300    -0.24716  
158.400    -0.24722  
158.500    -0.24728  
158.600    -0.24735  
158.700    -0.24741  
158.800    -0.24747  
158.900    -0.24753  
159.000    -0.24759  
159.100    -0.24766  
159.200    -0.24772  
159.300    -0.24778  
159.400    -0.24784  
159.500    -0.24790  
159.600    -0.24796  
159.700    -0.24802  
159.800    -0.24808  
159.900    -0.24814  
160.000    -0.24820  
160.100    -0.24826  
160.200    -0.24832  
160.300    -0.24837  
160.400    -0.24843  
160.500    -0.24849  
160.600    -0.24855  
160.700    -0.24860  
160.800    -0.24866  
160.900    -0.24872  
161.000    -0.24877  
161.100    -0.24883  
161.200    -0.24888  
161.300    -0.24894  
161.400    -0.24899  
161.500    -0.24905  
161.600    -0.24910  
161.700    -0.24916  
161.800    -0.24921  
161.900    -0.24926  
162.000    -0.24932  
162.100    -0.24937  
162.200    -0.24942  
162.300    -0.24947  
162.400    -0.24953  
162.500    -0.24958  
162.600    -0.24963  
162.700    -0.24968  
162.800    -0.24973  
162.900    -0.24978  
163.000    -0.24983  
163.100    -0.24988  
163.200    -0.24993  
163.300    -0.24998  
163.400    -0.25003  
163.500    -0.25008  
163.600    -0.25013  
163.700    -0.25018  
163.800    -0.25022  
163.900    -0.25027  
164.000    -0.25032  
164.100    -0.25037  
164.200    -0.25041  
164.300    -0.25046  
164.400    -0.25051  
164.500    -0.25055  
164.600    -0.25060  
164.700    -0.25064  
164.800    -0.25069  
164.900    -0.25073  
165.000    -0.25078  
165.100    -0.25082  
165.200    -0.25087  
165.300    -0.25091  
165.400    -0.25095  
165.500    -0.25100  
165.600    -0.25104  
165.700    -0.25108  
165.800    -0.25112  
165.900    -0.25117  
166.000    -0.25121  
166.100    -0.25125  
166.200    -0.25129  
166.300    -0.25133  
166.400    -0.25137  
166.500    -0.25141  
166.600    -0.25145  
166.700    -0.25149  
166.800    -0.25153  
166.900    -0.25157  
167.000    -0.25161  
167.100    -0.25165  
167.200    -0.25168  
167.300    -0.25172  
167.400    -0.25176  
167.500    -0.25180  
167.600    -0.25183  
167.700    -0.25187  
167.800    -0.25191  
167.900    -0.25194  
168.000    -0.25198  
168.100    -0.25201  
168.200    -0.25205  
168.300    -0.25208  
168.400    -0.25212  
168.500    -0.25215  
168.600    -0.25219  
168.700    -0.25222  
168.800    -0.25225  
168.900    -0.25229  
169.000    -0.25232  
169.100    -0.25235  
169.200    -0.25238  
169.300    -0.25242  
169.400    -0.25245  
169.500    -0.25248  
169.600    -0.25251  
169.700    -0.25254  
169.800    -0.25257  
169.900    -0.25260  
170.000    -0.25263  
170.100    -0.25266  
170.200    -0.25269  
170.300    -0.25272  
170.400    -0.25275  
170.500    -0.25278  
170.600    -0.25281  
170.700    -0.25283  
170.800    -0.25286  
170.900    -0.25289  
171.000    -0.25291  
171.100    -0.25294  
171.200    -0.25297  
171.300    -0.25299  
171.400    -0.25302  
171.500    -0.25305  
171.600    -0.25307  
171.700    -0.25310  
171.800    -0.25312  
171.900    -0.25314  
172.000    -0.25317  
172.100    -0.25319  
172.200    -0.25322  
172.300    -0.25324  
172.400    -0.25326  
172.500    -0.25329  
172.600    -0.25331  
172.700    -0.25333  
172.800    -0.25335  
172.900    -0.25337  
173.000    -0.25339  
173.100    -0.25342  
173.200    -0.25344  
173.300    -0.25346  
173.400    -0.25348  
173.500    -0.25350  
173.600    -0.25352  
173.700    -0.25354  
173.800    -0.25355  
173.900    -0.25357  
174.000    -0.25359  
174.100    -0.25361  
174.200    -0.25363  
174.300    -0.25364  
174.400    -0.25366  
174.500    -0.25368  
174.600    -0.25369  
174.700    -0.25371  
174.800    -0.25373  
174.900    -0.25374  
175.000    -0.25376  
175.100    -0.25377  
175.200    -0.25379  
175.300    -0.25380  
175.400    -0.25382  
175.500    -0.25383  
175.600    -0.25384  
175.700    -0.25386  
175.800    -0.25387  
175.900    -0.25388  
176.000    -0.25390  
176.100    -0.25391  
176.200    -0.25392  
176.300    -0.25393  
176.400    -0.25394  
176.500    -0.25395  
176.600    -0.25397  
176.700    -0.25398  
176.800    -0.25399  
176.900    -0.25400  
177.000    -0.25401  
177.100    -0.25401  
177.200    -0.25402  
177.300    -0.25403  
177.400    -0.25404  
177.500    -0.25405  
177.600    -0.25406  
177.700    -0.25406  
177.800    -0.25407  
177.900    -0.25408  
178.000    -0.25409  
178.100    -0.25409  
178.200    -0.25410  
178.300    -0.25410  
178.400    -0.25411  
178.500    -0.25412  
178.600    -0.25412  
178.700    -0.25413  
178.800    -0.25413  
178.900    -0.25413  
179.000    -0.25414  
179.100    -0.25414  
179.200    -0.25414  
179.300    -0.25415  
179.400    -0.25415  
179.500    -0.25415  
179.600    -0.25415  
179.700    -0.25416  
179.800    -0.25416  
179.900    -0.25416  
180.000    -0.25416  
180.100    -0.25416  
180.200    -0.25416  
180.300    -0.25416  
180.400    -0.25416  
180.500    -0.25416  
180.600    -0.25416  
180.700    -0.25416  
180.800    -0.25416  
180.900    -0.25416  
181.000    -0.25415  
181.100    -0.25415  
181.200    -0.25415  
181.300    -0.25415  
181.400    -0.25414  
181.500    -0.25414  
181.600    -0.25414  
181.700    -0.25413  
181.800    -0.25413  
181.900    -0.25412  
182.000    -0.25412  
182.100    -0.25411  
182.200    -0.25411  
182.300    -0.25410  
182.400    -0.25410  
182.500    -0.25409  
182.600    -0.25408  
182.700    -0.25408  
182.800    -0.25407  
182.900    -0.25406  
183.000    -0.25405  
183.100    -0.25405  
183.200    -0.25404  
183.300    -0.25403  
183.400    -0.25402  
183.500    -0.25401  
183.600    -0.25400  
183.700    -0.25399  
183.800    -0.25398  
183.900    -0.25397  
184.000    -0.25396  
184.100    -0.25395  
184.200    -0.25394  
184.300    -0.25393  
184.400    -0.25392  
184.500    -0.25390  
184.600    -0.25389  
184.700    -0.25388  
184.800    -0.25387  
184.900    -0.25385  
185.000    -0.25384  
185.100    -0.25383  
185.200    -0.25381  
185.300    -0.25380  
185.400    -0.25378  
185.500    -0.25377  
185.600    -0.25375  
185.700    -0.25374  
185.800    -0.25372  
185.900    -0.25371  
186.000    -0.25369  
186.100    -0.25367  
186.200    -0.25366  
186.300    -0.25364  
186.400    -0.25362  
186.500    -0.25360  
186.600    -0.25358  
186.700    -0.25357  
186.800    -0.25355  
186.900    -0.25353  
187.000    -0.25351  
187.100    -0.25349  
187.200    -0.25347  
187.300    -0.25345  
187.400    -0.25343  
187.500    -0.25341  
187.600    -0.25339  
187.700    -0.25337  
187.800    -0.25335  
187.900    -0.25332  
188.000    -0.25330  
188.100    -0.25328  
188.200    -0.25326  
188.300    -0.25323  
188.400    -0.25321  
188.500    -0.25319  
188.600    -0.25316  
188.700    -0.25314  
188.800    -0.25312  
188.900    -0.25309  
189.000    -0.25307  
189.100    -0.25304  
189.200    -0.25301  
189.300    -0.25299  
189.400    -0.25296  
189.500    -0.25294  
189.600    -0.25291  
189.700    -0.25288  
189.800    -0.25286  
189.900    -0.25283  
190.000    -0.25280  
190.100    -0.25277  
190.200    -0.25274  
190.300    -0.25272  
190.400    -0.25269  
190.500    -0.25266  
190.600    -0.25263  
190.700    -0.25260  
190.800    -0.25257  
190.900    -0.25254  
191.000    -0.25251  
191.100    -0.25248  
191.200    -0.25245  
191.300    -0.25241  
191.400    -0.25238  
191.500    -0.25235  
191.600    -0.25232  
191.700    -0.25229  
191.800    -0.25225  
191.900    -0.25222  
192.000    -0.25219  
192.100    -0.25215  
192.200    -0.25212  
192.300    -0.25208  
192.400    -0.25205  
192.500    -0.25202  
192.600    -0.25198  
192.700    -0.25194  
192.800    -0.25191  
192.900    -0.25187  
193.000    -0.25184  
193.100    -0.25180  
193.200    -0.25176  
193.300    -0.25173  
193.400    -0.25169  
193.500    -0.25165  
193.600    -0.25161  
193.700    -0.25157  
193.800    -0.25154  
193.900    -0.25150  
194.000    -0.25146  
194.100    -0.25142  
194.200    -0.25138  
194.300    -0.25134  
194.400    -0.25130  
194.500    -0.25126  
194.600    -0.25122  
194.700    -0.25118  
194.800    -0.25114  
194.900    -0.25109  
195.000    -0.25105  
195.100    -0.25101  
195.200    -0.25097  
195.300    -0.25092  
195.400    -0.25088  
195.500    -0.25084  
195.600    -0.25079  
195.700    -0.25075  
195.800    -0.25071  
195.900    -0.25066  
196.000    -0.25062  
196.100    -0.25057  
196.200    -0.25053  
196.300    -0.25048  
196.400    -0.25044  
196.500    -0.25039  
196.600    -0.25034  
196.700    -0.25030  
196.800    -0.25025  
196.900    -0.25020  
197.000    -0.25015  
197.100    -0.25011  
197.200    -0.25006  
197.300    -0.25001  
197.400    -0.24996  
197.500    -0.24991  
197.600    -0.24986  
197.700    -0.24981  
197.800    -0.24976  
197.900    -0.24971  
198.000    -0.24966  
198.100    -0.24961  
198.200    -0.24956  
198.300    -0.24951  
198.400    -0.24946  
198.500    -0.24941  
198.600    -0.24935  
198.700    -0.24930  
198.800    -0.24925  
198.900    -0.24920  
199.000    -0.24914  
199.100    -0.24909  
199.200    -0.24904  
199.300    -0.24898  
199.400    -0.24893  
199.500    -0.24887  
199.600    -0.24882  
199.700    -0.24876  
199.800    -0.24871  
199.900    -0.24865  
200.000    -0.24860  
200.100    -0.24854  
200.200    -0.24848  
200.300    -0.24843  
200.400    -0.24837  
200.500    -0.24831  
200.600    -0.24825  
200.700    -0.24820  
200.800    -0.24814  
200.900    -0.24808  
201.000    -0.24802  
201.100    -0.24796  
201.200    -0.24790  
201.300    -0.24784  
201.400    -0.24778  
201.500    -0.24772  
201.600    -0.24766  
201.700    -0.24760  
201.800    -0.24754  
201.900    -0.24748  
202.000    -0.24742  
202.100    -0.24736  
202.200    -0.24729  
202.300    -0.24723  
202.400    -0.24717  
202.500    -0.24711  
202.600    -0.24704  
202.700    -0.24698  
202.800    -0.24692  
202.900    -0.24685  
203.000    -0.24679  
203.100    -0.24672  
203.200    -0.24666  
203.300    -0.24659  
203.400    -0.24653  
203.500    -0.24646  
203.600    -0.24640  
203.700    -0.24633  
203.800    -0.24626  
203.900    -0.24620  
204.000    -0.24613  
204.100    -0.24606  
204.200    -0.24599  
204.300    -0.24593  
204.400    -0.24586  
204.500    -0.24579  
204.600    -0.24572  
204.700    -0.24565  
204.800    -0.24558  
204.900    -0.24551  
205.000    -0.24544  
205.100    -0.24537  
205.200    -0.24530  
205.300    -0.24523  
205.400    -0.24516  
205.500    -0.24509  
205.600    -0.24502  
205.700    -0.24495  
205.800    -0.24487  
205.900    -0.24480  
206.000    -0.24473  
206.100    -0.24466  
206.200    -0.24458  
206.300    -0.24451  
206.400    -0.24444  
206.500    -0.24436  
206.600    -0.24429  
206.700    -0.24421  
206.800    -0.24414  
206.900    -0.24406  
207.000    -0.24399  
207.100    -0.24391  
207.200    -0.24384  
207.300    -0.24376  
207.400    -0.24368  
207.500    -0.24361  
207.600    -0.24353  
207.700    -0.24345  
207.800    -0.24338  
207.900    -0.24330  
208.000    -0.24322  
208.100    -0.24314  
208.200    -0.24306  
208.300    -0.24298  
208.400    -0.24291  
208.500    -0.24283  
208.600    -0.24275  
208.700    -0.24267  
208.800    -0.24259  
208.900    -0.24251  
209.000    -0.24242  
209.100    -0.24234  
209.200    -0.24226  
209.300    -0.24218  
209.400    -0.24210  
209.500    -0.24202  
209.600    -0.24193  
209.700    -0.24185  
209.800    -0.24177  
209.900    -0.24168  
210.000    -0.24160  
210.100    -0.24152  
210.200    -0.24143  
210.300    -0.24135  
210.400    -0.24126  
210.500    -0.24118  
210.600    -0.24109  
210.700    -0.24101  
210.800    -0.24092  
210.900    -0.24084  
211.000    -0.24075  
211.100    -0.24066  
211.200    -0.24058  
211.300    -0.24049  
211.400    -0.24040  
211.500    -0.24031  
211.600    -0.24023  
211.700    -0.24014  
211.800    -0.24005  
211.900    -0.23996  
212.000    -0.23987  
212.100    -0.23978  
212.200    -0.23969  
212.300    -0.23960  
212.400    -0.23951  
212.500    -0.23942  
212.600    -0.23933  
212.700    -0.23924  
212.800    -0.23915  
212.900    -0.23906  
213.000    -0.23897  
213.100    -0.23888  
213.200    -0.23878  
213.300    -0.23869  
213.400    -0.23860  
213.500    -0.23851  
213.600    -0.23841  
213.700    -0.23832  
213.800    -0.23822  
213.900    -0.23813  
214.000    -0.23804  
214.100    -0.23794  
214.200    -0.23785  
214.300    -0.23775  
214.400    -0.23766  
214.500    -0.23756  
214.600    -0.23746  
214.700    -0.23737  
214.800    -0.23727  
214.900    -0.23717  
215.000    -0.23708  
215.100    -0.23698  
215.200    -0.23688  
215.300    -0.23678  
215.400    -0.23669  
215.500    -0.23659  
215.600    -0.23649  
215.700    -0.23639  
215.800    -0.23629  
215.900    -0.23619  
216.000    -0.23609  
216.100    -0.23599  
216.200    -0.23589  
216.300    -0.23579  
216.400    -0.23569  
216.500    -0.23559  
216.600    -0.23549  
216.700    -0.23539  
216.800    -0.23528  
216.900    -0.23518  
217.000    -0.23508  
217.100    -0.23498  
217.200    -0.23487  
217.300    -0.23477  
217.400    -0.23467  
217.500    -0.23456  
217.600    -0.23446  
217.700    -0.23435  
217.800    -0.23425  
217.900    -0.23415  
218.000    -0.23404  
218.100    -0.23394  
218.200    -0.23383  
218.300    -0.23372  
218.400    -0.23362  
218.500    -0.23351  
218.600    -0.23340  
218.700    -0.23330  
218.800    -0.23319  
218.900    -0.23308  
219.000    -0.23297  
219.100    -0.23287  
219.200    -0.23276  
219.300    -0.23265  
219.400    -0.23254  
219.500    -0.23243  
219.600    -0.23232  
219.700    -0.23221  
219.800    -0.23210  
219.900    -0.23199  
220.000    -0.23188  
220.100    -0.23177  
220.200    -0.23166  
220.300    -0.23155  
220.400    -0.23144  
220.500    -0.23133  
220.600    -0.23122  
220.700    -0.23110  
220.800    -0.23099  
220.900    -0.23088  
221.000    -0.23076  
221.100    -0.23065  
221.200    -0.23054  
221.300    -0.23042  
221.400    -0.23031  
221.500    -0.23020  
221.600    -0.23008  
221.700    -0.22997  
221.800    -0.22985  
221.900    -0.22974  
222.000    -0.22962  
222.100    -0.22950  
222.200    -0.22939  
222.300    -0.22927  
222.400    -0.22915  
222.500    -0.22904  
222.600    -0.22892  
222.700    -0.22880  
222.800    -0.22868  
222.900    -0.22857  
223.000    -0.22845  
223.100    -0.22833  
223.200    -0.22821  
223.300    -0.22809  
223.400    -0.22797  
223.500    -0.22785  
223.600    -0.22773  
223.700    -0.22761  
223.800    -0.22749  
223.900    -0.22737  
224.000    -0.22725  
224.100    -0.22713  
224.200    -0.22701  
224.300    -0.22689  
224.400    -0.22677  
224.500    -0.22664  
224.600    -0.22652  
224.700    -0.22640  
224.800    -0.22627  
224.900    -0.22615  
225.000    -0.22603  
225.100    -0.22590  
225.200    -0.22578  
225.300    -0.22566  
225.400    -0.22553  
225.500    -0.22541  
225.600    -0.22528  
225.700    -0.22516  
225.800    -0.22503  
225.900    -0.22490  
226.000    -0.22478  
226.100    -0.22465  
226.200    -0.22453  
226.300    -0.22440  
226.400    -0.22427  
226.500    -0.22414  
226.600    -0.22402  
226.700    -0.22389  
226.800    -0.22376  
226.900    -0.22363  
227.000    -0.22350  
227.100    -0.22337  
227.200    -0.22325  
227.300    -0.22312  
227.400    -0.22299  
227.500    -0.22286  
227.600    -0.22273  
227.700    -0.22260  
227.800    -0.22246  
227.900    -0.22233  
228.000    -0.22220  
228.100    -0.22207  
228.200    -0.22194  
228.300    -0.22181  
228.400    -0.22167  
228.500    -0.22154  
228.600    -0.22141  
228.700    -0.22128  
228.800    -0.22114  
228.900    -0.22101  
229.000    -0.22088  
229.100    -0.22074  
229.200    -0.22061  
229.300    -0.22047  
229.400    -0.22034  
229.500    -0.22020  
229.600    -0.22007  
229.700    -0.21993  
229.800    -0.21980  
229.900    -0.21966  
230.000    -0.21952  
230.100    -0.21939  
230.200    -0.21925  
230.300    -0.21911  
230.400    -0.21897  
230.500    -0.21884  
230.600    -0.21870  
230.700    -0.21856  
230.800    -0.21842  
230.900    -0.21828  
231.000    -0.21815  
231.100    -0.21801  
231.200    -0.21787  
231.300    -0.21773  
231.400    -0.21759  
231.500    -0.21745  
231.600    -0.21731  
231.700    -0.21717  
231.800    -0.21702  
231.900    -0.21688  
232.000    -0.21674  
232.100    -0.21660  
232.200    -0.21646  
232.300    -0.21632  
232.400    -0.21617  
232.500    -0.21603  
232.600    -0.21589  
232.700    -0.21574  
232.800    -0.21560  
232.900    -0.21546  
233.000    -0.21531  
233.100    -0.21517  
233.200    -0.21502  
233.300    -0.21488  
233.400    -0.21473  
233.500    -0.21459  
233.600    -0.21444  
233.700    -0.21430  
233.800    -0.21415  
233.900    -0.21401  
234.000    -0.21386  
234.100    -0.21371  
234.200    -0.21356  
234.300    -0.21342  
234.400    -0.21327  
234.500    -0.21312  
234.600    -0.21297  
234.700    -0.21283  
234.800    -0.21268  
234.900    -0.21253  
235.000    -0.21238  
235.100    -0.21223  
235.200    -0.21208  
235.300    -0.21193  
235.400    -0.21178  
235.500    -0.21163  
235.600    -0.21148  
235.700    -0.21133  
235.800    -0.21118  
235.900    -0.21103  
236.000    -0.21087  
236.100    -0.21072  
236.200    -0.21057  
236.300    -0.21042  
236.400    -0.21027  
236.500    -0.21011  
236.600    -0.20996  
236.700    -0.20981  
236.800    -0.20965  
236.900    -0.20950  
237.000    -0.20934  
237.100    -0.20919  
237.200    -0.20904  
237.300    -0.20888  
237.400    -0.20873  
237.500    -0.20857  
237.600    -0.20841  
237.700    -0.20826  
237.800    -0.20810  
237.900    -0.20795  
238.000    -0.20779  
238.100    -0.20763  
238.200    -0.20748  
238.300    -0.20732  
238.400    -0.20716  
238.500    -0.20700  
238.600    -0.20685  
238.700    -0.20669  
238.800    -0.20653  
238.900    -0.20637  
239.000    -0.20621  
239.100    -0.20605  
239.200    -0.20589  
239.300    -0.20573  
239.400    -0.20557  
239.500    -0.20541  
239.600    -0.20525  
239.700    -0.20509  
239.800    -0.20493  
239.900    -0.20477  
240.000    -0.20461  
240.100    -0.20444  
240.200    -0.20428  
240.300    -0.20412  
240.400    -0.20396  
240.500    -0.20379  
240.600    -0.20363  
240.700    -0.20347  
240.800    -0.20330  
240.900    -0.20314  
241.000    -0.20298  
241.100    -0.20281  
241.200    -0.20265  
241.300    -0.20248  
241.400    -0.20232  
241.500    -0.20215  
241.600    -0.20199  
241.700    -0.20182  
241.800    -0.20166  
241.900    -0.20149  
242.000    -0.20132  
242.100    -0.20116  
242.200    -0.20099  
242.300    -0.20082  
242.400    -0.20066  
242.500    -0.20049  
242.600    -0.20032  
242.700    -0.20015  
242.800    -0.19998  
242.900    -0.19982  
243.000    -0.19965  
243.100    -0.19948  
243.200    -0.19931  
243.300    -0.19914  
243.400    -0.19897  
243.500    -0.19880  
243.600    -0.19863  
243.700    -0.19846  
243.800    -0.19829  
243.900    -0.19812  
244.000    -0.19794  
244.100    -0.19777  
244.200    -0.19760  
244.300    -0.19743  
244.400    -0.19726  
244.500    -0.19708  
244.600    -0.19691  
244.700    -0.19674  
244.800    -0.19657  
244.900    -0.19639  
245.000    -0.19622  
245.100    -0.19604  
245.200    -0.19587  
245.300    -0.19570  
245.400    -0.19552  
245.500    -0.19535  
245.600    -0.19517  
245.700    -0.19500  
245.800    -0.19482  
245.900    -0.19464  
246.000    -0.19447  
246.100    -0.19429  
246.200    -0.19411  
246.300    -0.19394  
246.400    -0.19376  
246.500    -0.19358  
246.600    -0.19341  
246.700    -0.19323  
246.800    -0.19305  
246.900    -0.19287  
247.000    -0.19269  
247.100    -0.19251  
247.200    -0.19233  
247.300    -0.19216  
247.400    -0.19198  
247.500    -0.19180  
247.600    -0.19162  
247.700    -0.19144  
247.800    -0.19126  
247.900    -0.19107  
248.000    -0.19089  
248.100    -0.19071  
248.200    -0.19053  
248.300    -0.19035  
248.400    -0.19017  
248.500    -0.18999  
248.600    -0.18980  
248.700    -0.18962  
248.800    -0.18944  
248.900    -0.18925  
249.000    -0.18907  
249.100    -0.18889  
249.200    -0.18870  
249.300    -0.18852  
249.400    -0.18834  
249.500    -0.18815  
249.600    -0.18797  
249.700    -0.18778  
249.800    -0.18760  
249.900    -0.18741  
250.000    -0.18723  
250.100    -0.18704  
250.200    -0.18685  
250.300    -0.18667  
250.400    -0.18648  
250.500    -0.18629  
250.600    -0.18611  
250.700    -0.18592  
250.800    -0.18573  
250.900    -0.18554  
251.000    -0.18535  
251.100    -0.18517  
251.200    -0.18498  
251.300    -0.18479  
251.400    -0.18460  
251.500    -0.18441  
251.600    -0.18422  
251.700    -0.18403  
251.800    -0.18384  
251.900    -0.18365  
252.000    -0.18346  
252.100    -0.18327  
252.200    -0.18308  
252.300    -0.18289  
252.400    -0.18270  
252.500    -0.18251  
252.600    -0.18231  
252.700    -0.18212  
252.800    -0.18193  
252.900    -0.18174  
253.000    -0.18154  
253.100    -0.18135  
253.200    -0.18116  
253.300    -0.18096  
253.400    -0.18077  
253.500    -0.18058  
253.600    -0.18038  
253.700    -0.18019  
253.800    -0.17999  
253.900    -0.17980  
254.000    -0.17960  
254.100    -0.17941  
254.200    -0.17921  
254.300    -0.17902  
254.400    -0.17882  
254.500    -0.17862  
254.600    -0.17843  
254.700    -0.17823  
254.800    -0.17803  
254.900    -0.17784  
255.000    -0.17764  
255.100    -0.17744  
255.200    -0.17724  
255.300    -0.17705  
255.400    -0.17685  
255.500    -0.17665  
255.600    -0.17645  
255.700    -0.17625  
255.800    -0.17605  
255.900    -0.17585  
256.000    -0.17565  
256.100    -0.17545  
256.200    -0.17525  
256.300    -0.17505  
256.400    -0.17485  
256.500    -0.17465  
256.600    -0.17445  
256.700    -0.17425  
256.800    -0.17405  
256.900    -0.17385  
257.000    -0.17364  
257.100    -0.17344  
257.200    -0.17324  
257.300    -0.17304  
257.400    -0.17283  
257.500    -0.17263  
257.600    -0.17243  
257.700    -0.17222  
257.800    -0.17202  
257.900    -0.17181  
258.000    -0.17161  
258.100    -0.17141  
258.200    -0.17120  
258.300    -0.17100  
258.400    -0.17079  
258.500    -0.17058  
258.600    -0.17038  
258.700    -0.17017  
258.800    -0.16997  
258.900    -0.16976  
259.000    -0.16955  
259.100    -0.16935  
259.200    -0.16914  
259.300    -0.16893  
259.400    -0.16873  
259.500    -0.16852  
259.600    -0.16831  
259.700    -0.16810  
259.800    -0.16789  
259.900    -0.16768  
260.000    -0.16748  
260.100    -0.16727  
260.200    -0.16706  
260.300    -0.16685  
260.400    -0.16664  
260.500    -0.16643  
260.600    -0.16622  
260.700    -0.16601  
260.800    -0.16580  
260.900    -0.16558  
261.000    -0.16537  
261.100    -0.16516  
261.200    -0.16495  
261.300    -0.16474  
261.400    -0.16453  
261.500    -0.16431  
261.600    -0.16410  
261.700    -0.16389  
261.800    -0.16368  
261.900    -0.16346  
262.000    -0.16325  
262.100    -0.16304  
262.200    -0.16282  
262.300    -0.16261  
262.400    -0.16239  
262.500    -0.16218  
262.600    -0.16196  
262.700    -0.16175  
262.800    -0.16153  
262.900    -0.16132  
263.000    -0.16110  
263.100    -0.16089  
263.200    -0.16067  
263.300    -0.16045  
263.400    -0.16024  
263.500    -0.16002  
263.600    -0.15980  
263.700    -0.15959  
263.800    -0.15937  
263.900    -0.15915  
264.000    -0.15893  
264.100    -0.15872  
264.200    -0.15850  
264.300    -0.15828  
264.400    -0.15806  
264.500    -0.15784  
264.600    -0.15762  
264.700    -0.15740  
264.800    -0.15718  
264.900    -0.15696  
265.000    -0.15674  
265.100    -0.15652  
265.200    -0.15630  
265.300    -0.15608  
265.400    -0.15586  
265.500    -0.15564  
265.600    -0.15542  
265.700    -0.15519  
265.800    -0.15497  
265.900    -0.15475  
266.000    -0.15453  
266.100    -0.15431  
266.200    -0.15408  
266.300    -0.15386  
266.400    -0.15364  
266.500    -0.15341  
266.600    -0.15319  
266.700    -0.15297  
266.800    -0.15274  
266.900    -0.15252  
267.000    -0.15229  
267.100    -0.15207  
267.200    -0.15184  
267.300    -0.15162  
267.400    -0.15139  
267.500    -0.15117  
267.600    -0.15094  
267.700    -0.15072  
267.800    -0.15049  
267.900    -0.15026  
268.000    -0.15004  
268.100    -0.14981  
268.200    -0.14958  
268.300    -0.14935  
268.400    -0.14913  
268.500    -0.14890  
268.600    -0.14867  
268.700    -0.14844  
268.800    -0.14821  
268.900    -0.14799  
269.000    -0.14776  
269.100    -0.14753  
269.200    -0.14730  
269.300    -0.14707  
269.400    -0.14684  
269.500    -0.14661  
269.600    -0.14638  
269.700    -0.14615  
269.800    -0.14592  
269.900    -0.14569  
270.000    -0.14546  
270.100    -0.14522  
270.200    -0.14499  
270.300    -0.14476  
270.400    -0.14453  
270.500    -0.14430  
270.600    -0.14406  
270.700    -0.14383  
270.800    -0.14360  
270.900    -0.14337  
271.000    -0.14313  
271.100    -0.14290  
271.200    -0.14266  
271.300    -0.14243  
271.400    -0.14220  
271.500    -0.14196  
271.600    -0.14173  
271.700    -0.14149  
271.800    -0.14126  
271.900    -0.14102  
272.000    -0.14079  
272.100    -0.14055  
272.200    -0.14032  
272.300    -0.14008  
272.400    -0.13984  
272.500    -0.13961  
272.600    -0.13937  
272.700    -0.13913  
272.800    -0.13890  
272.900    -0.13866  
273.000    -0.13842  
273.100    -0.13818  
273.200    -0.13794  
273.300    -0.13771  
273.400    -0.13747  
273.500    -0.13723  
273.600    -0.13699  
273.700    -0.13675  
273.800    -0.13651  
273.900    -0.13627  
274.000    -0.13603  
274.100    -0.13579  
274.200    -0.13555  
274.300    -0.13531  
274.400    -0.13507  
274.500    -0.13483  
274.600    -0.13459  
274.700    -0.13435  
274.800    -0.13411  
274.900    -0.13387  
275.000    -0.13362  
275.100    -0.13338  
275.200    -0.13314  
275.300    -0.13290  
275.400    -0.13265  
275.500    -0.13241  
275.600    -0.13217  
275.700    -0.13193  
275.800    -0.13168  
275.900    -0.13144  
276.000    -0.13119  
276.100    -0.13095  
276.200    -0.13071  
276.300    -0.13046  
276.400    -0.13022  
276.500    -0.12997  
276.600    -0.12973  
276.700    -0.12948  
276.800    -0.12923  
276.900    -0.12899  
277.000    -0.12874  
277.100    -0.12850  
277.200    -0.12825  
277.300    -0.12800  
277.400    -0.12776  
277.500    -0.12751  
277.600    -0.12726  
277.700    -0.12701  
277.800    -0.12677  
277.900    -0.12652  
278.000    -0.12627  
278.100    -0.12602  
278.200    -0.12577  
278.300    -0.12552  
278.400    -0.12528  
278.500    -0.12503  
278.600    -0.12478  
278.700    -0.12453  
278.800    -0.12428  
278.900    -0.12403  
279.000    -0.12378  
279.100    -0.12353  
279.200    -0.12328  
279.300    -0.12302  
279.400    -0.12277  
279.500    -0.12252  
279.600    -0.12227  
279.700    -0.12202  
279.800    -0.12177  
279.900    -0.12152  
280.000    -0.12126  
280.100    -0.12101  
280.200    -0.12076  
280.300    -0.12050  
280.400    -0.12025  
280.500    -0.12000  
280.600    -0.11974  
280.700    -0.11949  
280.800    -0.11924  
280.900    -0.11898  
281.000    -0.11873  
281.100    -0.11847  
281.200    -0.11822  
281.300    -0.11796  
281.400    -0.11771  
281.500    -0.11745  
281.600    -0.11720  
281.700    -0.11694  
281.800    -0.11669  
281.900    -0.11643  
282.000    -0.11617  
282.100    -0.11592  
282.200    -0.11566  
282.300    -0.11540  
282.400    -0.11515  
282.500    -0.11489  
282.600    -0.11463  
282.700    -0.11437  
282.800    -0.11411  
282.900    -0.11386  
283.000    -0.11360  
283.100    -0.11334  
283.200    -0.11308  
283.300    -0.11282  
283.400    -0.11256  
283.500    -0.11230  
283.600    -0.11204  
283.700    -0.11178  
283.800    -0.11152  
283.900    -0.11126  
284.000    -0.11100  
284.100    -0.11074  
284.200    -0.11048  
284.300    -0.11022  
284.400    -0.10996  
284.500    -0.10970  
284.600    -0.10943  
284.700    -0.10917  
284.800    -0.10891  
284.900    -0.10865  
285.000    -0.10838  
285.100    -0.10812  
285.200    -0.10786  
285.300    -0.10760  
285.400    -0.10733  
285.500    -0.10707  
285.600    -0.10681  
285.700    -0.10654  
285.800    -0.10628  
285.900    -0.10601  
286.000    -0.10575  
286.100    -0.10548  
286.200    -0.10522  
286.300    -0.10495  
286.400    -0.10469  
286.500    -0.10442  
286.600    -0.10416  
286.700    -0.10389  
286.800    -0.10362  
286.900    -0.10336  
287.000    -0.10309  
287.100    -0.10282  
287.200    -0.10256  
287.300    -0.10229  
287.400    -0.10202  
287.500    -0.10176  
287.600    -0.10149  
287.700    -0.10122  
287.800    -0.10095  
287.900    -0.10068  
288.000    -0.10041  
288.100    -0.10015  
288.200    -0.09988  
288.300    -0.09961  
288.400    -0.09934  
288.500    -0.09907  
288.600    -0.09880  
288.700    -0.09853  
288.800    -0.09826  
288.900    -0.09799  
289.000    -0.09772  
289.100    -0.09745  
289.200    -0.09718  
289.300    -0.09690  
289.400    -0.09663  
289.500    -0.09636  
289.600    -0.09609  
289.700    -0.09582  
289.800    -0.09555  
289.900    -0.09527  
290.000    -0.09500  
290.100    -0.09473  
290.200    -0.09446  
290.300    -0.09418  
290.400    -0.09391  
290.500    -0.09364  
290.600    -0.09336  
290.700    -0.09309  
290.800    -0.09281  
290.900    -0.09254  
291.000    -0.09226  
291.100    -0.09199  
291.200    -0.09172  
291.300    -0.09144  
291.400    -0.09117  
291.500    -0.09089  
291.600    -0.09061  
291.700    -0.09034  
291.800    -0.09006  
291.900    -0.08979  
292.000    -0.08951  
292.100    -0.08923  
292.200    -0.08896  
292.300    -0.08868  
292.400    -0.08840  
292.500    -0.08812  
292.600    -0.08785  
292.700    -0.08757  
292.800    -0.08729  
292.900    -0.08701  
293.000    -0.08673  
293.100    -0.08646  
293.200    -0.08618  
293.300    -0.08590  
293.400    -0.08562  
293.500    -0.08534  
293.600    -0.08506  
293.700    -0.08478  
293.800    -0.08450  
293.900    -0.08422  
294.000    -0.08394  
294.100    -0.08366  
294.200    -0.08338  
294.300    -0.08310  
294.400    -0.08282  
294.500    -0.08254  
294.600    -0.08225  
294.700    -0.08197  
294.800    -0.08169  
294.900    -0.08141  
295.000    -0.08113  
295.100    -0.08084  
295.200    -0.08056  
295.300    -0.08028  
295.400    -0.08000  
295.500    -0.07971  
295.600    -0.07943  
295.700    -0.07914  
295.800    -0.07886  
295.900    -0.07858  
296.000    -0.07829  
296.100    -0.07801  
296.200    -0.07772  
296.300    -0.07744  
296.400    -0.07715  
296.500    -0.07687  
296.600    -0.07658  
296.700    -0.07630  
296.800    -0.07601  
296.900    -0.07573  
297.000    -0.07544  
297.100    -0.07515  
297.200    -0.07487  
297.300    -0.07458  
297.400    -0.07429  
297.500    -0.07401  
297.600    -0.07372  
297.700    -0.07343  
297.800    -0.07315  
297.900    -0.07286  
298.000    -0.07257  
298.100    -0.07228  
298.200    -0.07199  
298.300    -0.07170  
298.400    -0.07142  
298.500    -0.07113  
298.600    -0.07084  
298.700    -0.07055  
298.800    -0.07026  
298.900    -0.06997  
299.000    -0.06968  
299.100    -0.06939  
299.200    -0.06910  
299.300    -0.06881  
299.400    -0.06852  
299.500    -0.06823  
299.600    -0.06794  
299.700    -0.06764  
299.800    -0.06735  
299.900    -0.06706  
300.000    -0.06677  
300.100    -0.06648  
300.200    -0.06619  
300.300    -0.06589  
300.400    -0.06560  
300.500    -0.06531  
300.600    -0.06502  
300.700    -0.06472  
300.800    -0.06443  
300.900    -0.06414  
301.000    -0.06384  
301.100    -0.06355  
301.200    -0.06325  
301.300    -0.06296  
301.400    -0.06267  
301.500    -0.06237  
301.600    -0.06208  
301.700    -0.06178  
301.800    -0.06149  
301.900    -0.06119  
302.000    -0.06090  
302.100    -0.06060  
302.200    -0.06030  
302.300    -0.06001  
302.400    -0.05971  
302.500    -0.05942  
302.600    -0.05912  
302.700    -0.05882  
302.800    -0.05853  
302.900    -0.05823  
303.000    -0.05793  
303.100    -0.05763  
303.200    -0.05734  
303.300    -0.05704  
303.400    -0.05674  
303.500    -0.05644  
303.600    -0.05614  
303.700    -0.05585  
303.800    -0.05555  
303.900    -0.05525  
304.000    -0.05495  
304.100    -0.05465  
304.200    -0.05435  
304.300    -0.05405  
304.400    -0.05375  
304.500    -0.05345  
304.600    -0.05315  
304.700    -0.05285  
304.800    -0.05255  
304.900    -0.05225  
305.000    -0.05195  
305.100    -0.05165  
305.200    -0.05134  
305.300    -0.05104  
305.400    -0.05074  
305.500    -0.05044  
305.600    -0.05014  
305.700    -0.04984  
305.800    -0.04953  
305.900    -0.04923  
306.000    -0.04893  
306.100    -0.04862  
306.200    -0.04832  
306.300    -0.04802  
306.400    -0.04771  
306.500    -0.04741  
306.600    -0.04711  
306.700    -0.04680  
306.800    -0.04650  
306.900    -0.04619  
307.000    -0.04589  
307.100    -0.04558  
307.200    -0.04528  
307.300    -0.04497  
307.400    -0.04467  
307.500    -0.04436  
307.600    -0.04406  
307.700    -0.04375  
307.800    -0.04345  
307.900    -0.04314  
308.000    -0.04283  
308.100    -0.04253  
308.200    -0.04222  
308.300    -0.04191  
308.400    -0.04161  
308.500    -0.04130  
308.600    -0.04099  
308.700    -0.04068  
308.800    -0.04038  
308.900    -0.04007  
309.000    -0.03976  
309.100    -0.03945  
309.200    -0.03914  
309.300    -0.03883  
309.400    -0.03853  
309.500    -0.03822  
309.600    -0.03791  
309.700    -0.03760  
309.800    -0.03729  
309.900    -0.03698  
310.000    -0.03667  
310.100    -0.03636  
310.200    -0.03605  
310.300    -0.03574  
310.400    -0.03543  
310.500    -0.03512  
310.600    -0.03480  
310.700    -0.03449  
310.800    -0.03418  
310.900    -0.03387  
311.000    -0.03356  
311.100    -0.03325  
311.200    -0.03293  
311.300    -0.03262  
311.400    -0.03231  
311.500    -0.03200  
311.600    -0.03168  
311.700    -0.03137  
311.800    -0.03106  
311.900    -0.03075  
312.000    -0.03043  
312.100    -0.03012  
312.200    -0.02980  
312.300    -0.02949  
312.400    -0.02918  
312.500    -0.02886  
312.600    -0.02855  
312.700    -0.02823  
312.800    -0.02792  
312.900    -0.02760  
313.000    -0.02729  
313.100    -0.02697  
313.200    -0.02666  
313.300    -0.02634  
313.400    -0.02603  
313.500    -0.02571  
313.600    -0.02539  
313.700    -0.02508  
313.800    -0.02476  
313.900    -0.02444  
314.000    -0.02413  
314.100    -0.02381  
314.200    -0.02349  
314.300    -0.02317  
314.400    -0.02286  
314.500    -0.02254  
314.600    -0.02222  
314.700    -0.02190  
314.800    -0.02158  
314.900    -0.02127  
315.000    -0.02095  
315.100    -0.02063  
315.200    -0.02031  
315.300    -0.01999  
315.400    -0.01967  
315.500    -0.01935  
315.600    -0.01903  
315.700    -0.01871  
315.800    -0.01839  
315.900    -0.01807  
316.000    -0.01775  
316.100    -0.01743  
316.200    -0.01711  
316.300    -0.01679  
316.400    -0.01647  
316.500    -0.01615  
316.600    -0.01582  
316.700    -0.01550  
316.800    -0.01518  
316.900    -0.01486  
317.000    -0.01454  
317.100    -0.01421  
317.200    -0.01389  
317.300    -0.01357  
317.400    -0.01325  
317.500    -0.01292  
317.600    -0.01260  
317.700    -0.01228  
317.800    -0.01195  
317.900    -0.01163  
318.000    -0.01131  
318.100    -0.01098  
318.200    -0.01066  
318.300    -0.01033  
318.400    -0.01001  
318.500    -0.00969  
318.600    -0.00936  
318.700    -0.00904  
318.800    -0.00871  
318.900    -0.00838  
319.000    -0.00806  
319.100    -0.00773  
319.200    -0.00741  
319.300    -0.00708  
319.400    -0.00676  
319.500    -0.00643  
319.600    -0.00610  
319.700    -0.00578  
319.800    -0.00545  
319.900    -0.00512  
320.000    -0.00479  
320.100    -0.00447  
320.200    -0.00414  
320.300    -0.00381  
320.400    -0.00348  
320.500    -0.00316  
320.600    -0.00283  
320.700    -0.00250  
320.800    -0.00217  
320.900    -0.00184  
321.000    -0.00151  
321.100    -0.00119  
321.200    -0.00086  
321.300    -0.00053  
321.400    -0.00020  
321.500     0.00013  
321.600     0.00046  
321.700     0.00079  
321.800     0.00112  
321.900     0.00145  
322.000     0.00178  
322.100     0.00211  
322.200     0.00244  
322.300     0.00278  
322.400     0.00311  
322.500     0.00344  
322.600     0.00377  
322.700     0.00410  
322.800     0.00443  
322.900     0.00477  
323.000     0.00510  
323.100     0.00543  
323.200     0.00576  
323.300     0.00610  
323.400     0.00643  
323.500     0.00676  
323.600     0.00709  
323.700     0.00743  
323.800     0.00776  
323.900     0.00809  
324.000     0.00843  
324.100     0.00876  
324.200     0.00910  
324.300     0.00943  
324.400     0.00976  
324.500     0.01010  
324.600     0.01043  
324.700     0.01077  
324.800     0.01110  
324.900     0.01144  
325.000     0.01178  
325.100     0.01211  
325.200     0.01245  
325.300     0.01278  
325.400     0.01312  
325.500     0.01345  
325.600     0.01379  
325.700     0.01413  
325.800     0.01446  
325.900     0.01480  
326.000     0.01514  
326.100     0.01548  
326.200     0.01581  
326.300     0.01615  
326.400     0.01649  
326.500     0.01683  
326.600     0.01716  
326.700     0.01750  
326.800     0.01784  
326.900     0.01818  
327.000     0.01852  
327.100     0.01886  
327.200     0.01920  
327.300     0.01953  
327.400     0.01987  
327.500     0.02021  
327.600     0.02055  
327.700     0.02089  
327.800     0.02123  
327.900     0.02157  
328.000     0.02191  
328.100     0.02225  
328.200     0.02259  
328.300     0.02293  
328.400     0.02328  
328.500     0.02362  
328.600     0.02396  
328.700     0.02430  
328.800     0.02464  
328.900     0.02498  
329.000     0.02532  
329.100     0.02567  
329.200     0.02601  
329.300     0.02635  
329.400     0.02669  
329.500     0.02704  
329.600     0.02738  
329.700     0.02772  
329.800     0.02807  
329.900     0.02841  
330.000     0.02875  
330.100     0.02910  
330.200     0.02944  
330.300     0.02978  
330.400     0.03013  
330.500     0.03047  
330.600     0.03082  
330.700     0.03116  
330.800     0.03151  
330.900     0.03185  
331.000     0.03220  
331.100     0.03254  
331.200     0.03289  
331.300     0.03323  
331.400     0.03358  
331.500     0.03392  
331.600     0.03427  
331.700     0.03461  
331.800     0.03496  
331.900     0.03531  
332.000     0.03565  
332.100     0.03600  
332.200     0.03635  
332.300     0.03669  
332.400     0.03704  
332.500     0.03739  
332.600     0.03774  
332.700     0.03808  
332.800     0.03843  
332.900     0.03878  
333.000     0.03913  
333.100     0.03948  
333.200     0.03983  
333.300     0.04017  
333.400     0.04052  
333.500     0.04087  
333.600     0.04122  
333.700     0.04157  
333.800     0.04192  
333.900     0.04227  
334.000     0.04262  
334.100     0.04297  
334.200     0.04332  
334.300     0.04367  
334.400     0.04402  
334.500     0.04437  
334.600     0.04472  
334.700     0.04507  
334.800     0.04542  
334.900     0.04577  
335.000     0.04612  
335.100     0.04648  
335.200     0.04683  
335.300     0.04718  
335.400     0.04753  
335.500     0.04788  
335.600     0.04823  
335.700     0.04859  
335.800     0.04894  
335.900     0.04929  
336.000     0.04964  
336.100     0.05000  
336.200     0.05035  
336.300     0.05070  
336.400     0.05106  
336.500     0.05141  
336.600     0.05176  
336.700     0.05212  
336.800     0.05247  
336.900     0.05283  
337.000     0.05318  
337.100     0.05353  
337.200     0.05389  
337.300     0.05424  
337.400     0.05460  
337.500     0.05495  
337.600     0.05531  
337.700     0.05566  
337.800     0.05602  
337.900     0.05638  
338.000     0.05673  
338.100     0.05709  
338.200     0.05744  
338.300     0.05780  
338.400     0.05816  
338.500     0.05851  
338.600     0.05887  
338.700     0.05923  
338.800     0.05958  
338.900     0.05994  
339.000     0.06030  
339.100     0.06065  
339.200     0.06101  
339.300     0.06137  
339.400     0.06173  
339.500     0.06209  
339.600     0.06244  
339.700     0.06280  
339.800     0.06316  
339.900     0.06352  
340.000     0.06388  
340.100     0.06424  
340.200     0.06460  
340.300     0.06496  
340.400     0.06531  
340.500     0.06567  
340.600     0.06603  
340.700     0.06639  
340.800     0.06675  
340.900     0.06711  
341.000     0.06747  
341.100     0.06783  
341.200     0.06819  
341.300     0.06856  
341.400     0.06892  
341.500     0.06928  
341.600     0.06964  
341.700     0.07000  
341.800     0.07036  
341.900     0.07072  
342.000     0.07108  
342.100     0.07145  
342.200     0.07181  
342.300     0.07217  
342.400     0.07253  
342.500     0.07290  
342.600     0.07326  
342.700     0.07362  
342.800     0.07398  
342.900     0.07435  
343.000     0.07471  
343.100     0.07507  
343.200     0.07544  
343.300     0.07580  
343.400     0.07616  
343.500     0.07653  
343.600     0.07689  
343.700     0.07726  
343.800     0.07762  
343.900     0.07799  
344.000     0.07835  
344.100     0.07872  
344.200     0.07908  
344.300     0.07945  
344.400     0.07981  
344.500     0.08018  
344.600     0.08054  
344.700     0.08091  
344.800     0.08127  
344.900     0.08164  
345.000     0.08201  
345.100     0.08237  
345.200     0.08274  
345.300     0.08310  
345.400     0.08347  
345.500     0.08384  
345.600     0.08420  
345.700     0.08457  
345.800     0.08494  
345.900     0.08531  
346.000     0.08567  
346.100     0.08604  
346.200     0.08641  
346.300     0.08678  
346.400     0.08715  
346.500     0.08751  
346.600     0.08788  
346.700     0.08825  
346.800     0.08862  
346.900     0.08899  
347.000     0.08936  
347.100     0.08973  
347.200     0.09010  
347.300     0.09046  
347.400     0.09083  
347.500     0.09120  
347.600     0.09157  
347.700     0.09194  
347.800     0.09231  
347.900     0.09268  
348.000     0.09305  
348.100     0.09342  
348.200     0.09380  
348.300     0.09417  
348.400     0.09454  
348.500     0.09491  
348.600     0.09528  
348.700     0.09565  
348.800     0.09602  
348.900     0.09639  
349.000     0.09677  
349.100     0.09714  
349.200     0.09751  
349.300     0.09788  
349.400     0.09825  
349.500     0.09863  
349.600     0.09900  
349.700     0.09937  
349.800     0.09974  
349.900     0.10012  
350.000     0.10049  