0.000     0.00000  
  0.100     0.00000  
  0.200     0.00000  
  0.300     0.00000  
  0.400     0.00000  
  0.500     0.00000  
  0.600     0.00000  
  0.700     0.00000  
  0.800     0.00000  
  0.900     0.00000  
  1.000     0.00000  
  1.100     0.00000  
  1.200     0.00000  
  1.300     0.00001  
  1.400     0.00001  
  1.500     0.00001  
  1.600     0.00002  
  1.700     0.00002  
  1.800     0.00002  
  1.900     0.00003  
  2.000     0.00004  
  2.100     0.00005  
  2.200     0.00005  
  2.300     0.00007  
  2.400     0.00008  
  2.500     0.00009  
  2.600     0.00011  
  2.700     0.00012  
  2.800     0.00014  
  2.900     0.00016  
  3.000     0.00019  
  3.100     0.00021  
  3.200     0.00024  
  3.300     0.00027  
  3.400     0.00030  
  3.500     0.00034  
  3.600     0.00038  
  3.700     0.00042  
  3.800     0.00047  
  3.900     0.00052  
  4.000     0.00057  
  4.100     0.00062  
  4.200     0.00068  
  4.300     0.00074  
  4.400     0.00081  
  4.500     0.00088  
  4.600     0.00095  
  4.700     0.00103  
  4.800     0.00112  
  4.900     0.00120  
  5.000     0.00129  
  5.100     0.00139  
  5.200     0.00149  
  5.300     0.00160  
  5.400     0.00171  
  5.500     0.00183  
  5.600     0.00195  
  5.700     0.00207  
  5.800     0.00221  
  5.900     0.00234  
  6.000     0.00249  
  6.100     0.00264  
  6.200     0.00279  
  6.300     0.00295  
  6.400     0.00312  
  6.500     0.00329  
  6.600     0.00347  
  6.700     0.00365  
  6.800     0.00384  
  6.900     0.00404  
  7.000     0.00424  
  7.100     0.00445  
  7.200     0.00467  
  7.300     0.00489  
  7.400     0.00512  
  7.500     0.00536  
  7.600     0.00560  
  7.700     0.00585  
  7.800     0.00611  
  7.900     0.00637  
  8.000     0.00664  
  8.100     0.00692  
  8.200     0.00721  
  8.300     0.00750  
  8.400     0.00780  
  8.500     0.00811  
  8.600     0.00842  
  8.700     0.00875  
  8.800     0.00907  
  8.900     0.00941  
  9.000     0.00976  
  9.100     0.01011  
  9.200     0.01047  
  9.300     0.01084  
  9.400     0.01121  
  9.500     0.01160  
  9.600     0.01199  
  9.700     0.01239  
  9.800     0.01279  
  9.900     0.01321  
 10.000     0.01363  
 10.100     0.01406  
 10.200     0.01450  
 10.300     0.01495  
 10.400     0.01541  
 10.500     0.01587  
 10.600     0.01634  
 10.700     0.01682  
 10.800     0.01731  
 10.900     0.01781  
 11.000     0.01831  
 11.100     0.01882  
 11.200     0.01934  
 11.300     0.01987  
 11.400     0.02041  
 11.500     0.02096  
 11.600     0.02151  
 11.700     0.02207  
 11.800     0.02264  
 11.900     0.02322  
 12.000     0.02381  
 12.100     0.02441  
 12.200     0.02501  
 12.300     0.02563  
 12.400     0.02625  
 12.500     0.02688  
 12.600     0.02752  
 12.700     0.02816  
 12.800     0.02882  
 12.900     0.02948  
 13.000     0.03015  
 13.100     0.03083  
 13.200     0.03152  
 13.300     0.03222  
 13.400     0.03293  
 13.500     0.03364  
 13.600     0.03437  
 13.700     0.03510  
 13.800     0.03584  
 13.900     0.03659  
 14.000     0.03734  
 14.100     0.03811  
 14.200     0.03888  
 14.300     0.03966  
 14.400     0.04045  
 14.500     0.04125  
 14.600     0.04206  
 14.700     0.04288  
 14.800     0.04370  
 14.900     0.04453  
 15.000     0.04537  
 15.100     0.04622  
 15.200     0.04708  
 15.300     0.04795  
 15.400     0.04882  
 15.500     0.04971  
 15.600     0.05060  
 15.700     0.05150  
 15.800     0.05241  
 15.900     0.05332  
 16.000     0.05425  
 16.100     0.05518  
 16.200     0.05612  
 16.300     0.05707  
 16.400     0.05803  
 16.500     0.05900  
 16.600     0.05997  
 16.700     0.06095  
 16.800     0.06194  
 16.900     0.06294  
 17.000     0.06395  
 17.100     0.06496  
 17.200     0.06599  
 17.300     0.06702  
 17.400     0.06806  
 17.500     0.06911  
 17.600     0.07016  
 17.700     0.07122  
 17.800     0.07230  
 17.900     0.07338  
 18.000     0.07446  
 18.100     0.07556  
 18.200     0.07666  
 18.300     0.07777  
 18.400     0.07889  
 18.500     0.08002  
 18.600     0.08116  
 18.700     0.08230  
 18.800     0.08345  
 18.900     0.08461  
 19.000     0.08578  
 19.100     0.08695  
 19.200     0.08813  
 19.300     0.08932  
 19.400     0.09052  
 19.500     0.09172  
 19.600     0.09294  
 19.700     0.09416  
 19.800     0.09538  
 19.900     0.09662  
 20.000     0.09786  
 20.100     0.09911  
 20.200     0.10037  
 20.300     0.10164  
 20.400     0.10291  
 20.500     0.10419  
 20.600     0.10548  
 20.700     0.10678  
 20.800     0.10808  
 20.900     0.10939  
 21.000     0.11071  
 21.100     0.11203  
 21.200     0.11337  
 21.300     0.11471  
 21.400     0.11605  
 21.500     0.11741  
 21.600     0.11877  
 21.700     0.12014  
 21.800     0.12151  
 21.900     0.12290  
 22.000     0.12429  
 22.100     0.12569  
 22.200     0.12709  
 22.300     0.12850  
 22.400     0.12992  
 22.500     0.13135  
 22.600     0.13278  
 22.700     0.13422  
 22.800     0.13566  
 22.900     0.13712  
 23.000     0.13858  
 23.100     0.14005  
 23.200     0.14152  
 23.300     0.14300  
 23.400     0.14449  
 23.500     0.14598  
 23.600     0.14749  
 23.700     0.14899  
 23.800     0.15051  
 23.900     0.15203  
 24.000     0.15356  
 24.100     0.15509  
 24.200     0.15664  
 24.300     0.15818  
 24.400     0.15974  
 24.500     0.16130  
 24.600     0.16287  
 24.700     0.16444  
 24.800     0.16602  
 24.900     0.16761  
 25.000     0.16920  
 25.100     0.17080  
 25.200     0.17241  
 25.300     0.17402  
 25.400     0.17564  
 25.500     0.17727  
 25.600     0.17890  
 25.700     0.18054  
 25.800     0.18218  
 25.900     0.18383  
 26.000     0.18549  
 26.100     0.18715  
 26.200     0.18882  
 26.300     0.19050  
 26.400     0.19218  
 26.500     0.19387  
 26.600     0.19556  
 26.700     0.19726  
 26.800     0.19896  
 26.900     0.20068  
 27.000     0.20239  
 27.100     0.20412  
 27.200     0.20585  
 27.300     0.20758  
 27.400     0.20932  
 27.500     0.21107  
 27.600     0.21282  
 27.700     0.21458  
 27.800     0.21635  
 27.900     0.21812  
 28.000     0.21989  
 28.100     0.22168  
 28.200     0.22346  
 28.300     0.22526  
 28.400     0.22706  
 28.500     0.22886  
 28.600     0.23067  
 28.700     0.23249  
 28.800     0.23431  
 28.900     0.23613  
 29.000     0.23797  
 29.100     0.23980  
 29.200     0.24165  
 29.300     0.24350  
 29.400     0.24535  
 29.500     0.24721  
 29.600     0.24908  
 29.700     0.25095  
 29.800     0.25282  
 29.900     0.25470  
 30.000     0.25659  
 30.100     0.25848  
 30.200     0.26038  
 30.300     0.26228  
 30.400     0.26419  
 30.500     0.26610  
 30.600     0.26802  
 30.700     0.26994  
 30.800     0.27187  
 30.900     0.27380  
 31.000     0.27574  
 31.100     0.27768  
 31.200     0.27963  
 31.300     0.28159  
 31.400     0.28355  
 31.500     0.28551  
 31.600     0.28748  
 31.700     0.28945  
 31.800     0.29143  
 31.900     0.29341  
 32.000     0.29540  
 32.100     0.29739  
 32.200     0.29939  
 32.300     0.30139  
 32.400     0.30340  
 32.500     0.30541  
 32.600     0.30743  
 32.700     0.30945  
 32.800     0.31148  
 32.900     0.31351  
 33.000     0.31555  
 33.100     0.31759  
 33.200     0.31963  
 33.300     0.32168  
 33.400     0.32374  
 33.500     0.32580  
 33.600     0.32786  
 33.700     0.32993  
 33.800     0.33200  
 33.900     0.33408  
 34.000     0.33616  
 34.100     0.33825  
 34.200     0.34034  
 34.300     0.34243  
 34.400     0.34453  
 34.500     0.34664  
 34.600     0.34875  
 34.700     0.35086  
 34.800     0.35298  
 34.900     0.35510  
 35.000     0.35723  
 35.100     0.35936  
 35.200     0.36149  
 35.300     0.36363  
 35.400     0.36577  
 35.500     0.36792  
 35.600     0.37007  
 35.700     0.37223  
 35.800     0.37439  
 35.900     0.37655  
 36.000     0.37872  
 36.100     0.38089  
 36.200     0.38307  
 36.300     0.38525  
 36.400     0.38743  
 36.500     0.38962  
 36.600     0.39181  
 36.700     0.39401  
 36.800     0.39621  
 36.900     0.39841  
 37.000     0.40062  
 37.100     0.40283  
 37.200     0.40505  
 37.300     0.40727  
 37.400     0.40950  
 37.500     0.41172  
 37.600     0.41396  
 37.700     0.41619  
 37.800     0.41843  
 37.900     0.42067  
 38.000     0.42292  
 38.100     0.42517  
 38.200     0.42743  
 38.300     0.42969  
 38.400     0.43195  
 38.500     0.43421  
 38.600     0.43648  
 38.700     0.43876  
 38.800     0.44103  
 38.900     0.44331  
 39.000     0.44560  
 39.100     0.44789  
 39.200     0.45018  
 39.300     0.45247  
 39.400     0.45477  
 39.500     0.45707  
 39.600     0.45938  
 39.700     0.46169  
 39.800     0.46400  
 39.900     0.46632  
 40.000     0.46864  
 40.100     0.47096  
 40.200     0.47329  
 40.300     0.47562  
 40.400     0.47795  
 40.500     0.48029  
 40.600     0.48263  
 40.700     0.48497  
 40.800     0.48732  
 40.900     0.48967  
 41.000     0.49202  
 41.100     0.49438  
 41.200     0.49674  
 41.300     0.49910  
 41.400     0.50147  
 41.500     0.50384  
 41.600     0.50621  
 41.700     0.50859  
 41.800     0.51097  
 41.900     0.51335  
 42.000     0.51574  
 42.100     0.51813  
 42.200     0.52052  
 42.300     0.52291  
 42.400     0.52531  
 42.500     0.52771  
 42.600     0.53012  
 42.700     0.53253  
 42.800     0.53494  
 42.900     0.53735  
 43.000     0.53977  
 43.100     0.54219  
 43.200     0.54461  
 43.300     0.54704  
 43.400     0.54947  
 43.500     0.55190  
 43.600     0.55433  
 43.700     0.55677  
 43.800     0.55921  
 43.900     0.56166  
 44.000     0.56411  
 44.100     0.56655  
 44.200     0.56901  
 44.300     0.57146  
 44.400     0.57392  
 44.500     0.57638  
 44.600     0.57885  
 44.700     0.58131  
 44.800     0.58378  
 44.900     0.58626  
 45.000     0.58873  
 45.100     0.59121  
 45.200     0.59369  
 45.300     0.59617  
 45.400     0.59866  
 45.500     0.60115  
 45.600     0.60364  
 45.700     0.60613  
 45.800     0.60863  
 45.900     0.61113  
 46.000     0.61363  
 46.100     0.61614  
 46.200     0.61865  
 46.300     0.62116  
 46.400     0.62367  
 46.500     0.62618  
 46.600     0.62870  
 46.700     0.63122  
 46.800     0.63375  
 46.900     0.63627  
 47.000     0.63880  
 47.100     0.64133  
 47.200     0.64387  
 47.300     0.64640  
 47.400     0.64894  
 47.500     0.65148  
 47.600     0.65402  
 47.700     0.65657  
 47.800     0.65912  
 47.900     0.66167  
 48.000     0.66422  
 48.100     0.66678  
 48.200     0.66933  
 48.300     0.67189  
 48.400     0.67446  
 48.500     0.67702  
 48.600     0.67959  
 48.700     0.68216  
 48.800     0.68473  
 48.900     0.68731  
 49.000     0.68988  
 49.100     0.69246  
 49.200     0.69504  
 49.300     0.69763  
 49.400     0.70021  
 49.500     0.70280  
 49.600     0.70539  
 49.700     0.70799  
 49.800     0.71058  
 49.900     0.71318  
 50.000     0.71578  
 50.100     0.71838  
 50.200     0.72098  
 50.300     0.72359  
 50.400     0.72620  
 50.500     0.72881  
 50.600     0.73142  
 50.700     0.73403  
 50.800     0.73665  
 50.900     0.73927  
 51.000     0.74189  
 51.100     0.74451  
 51.200     0.74714  
 51.300     0.74977  
 51.400     0.75240  
 51.500     0.75503  
 51.600     0.75766  
 51.700     0.76030  
 51.800     0.76293  
 51.900     0.76557  
 52.000     0.76822  
 52.100     0.77086  
 52.200     0.77351  
 52.300     0.77615  
 52.400     0.77880  
 52.500     0.78145  
 52.600     0.78411  
 52.700     0.78676  
 52.800     0.78942  
 52.900     0.79208  
 53.000     0.79474  
 53.100     0.79740  
 53.200     0.80007  
 53.300     0.80274  
 53.400     0.80541  
 53.500     0.80808  
 53.600     0.81075  
 53.700     0.81342  
 53.800     0.81610  
 53.900     0.81878  
 54.000     0.82146  
 54.100     0.82414  
 54.200     0.82682  
 54.300     0.82951  
 54.400     0.83220  
 54.500     0.83489  
 54.600     0.83758  
 54.700     0.84027  
 54.800     0.84296  
 54.900     0.84566  
 55.000     0.84836  
 55.100     0.85106  
 55.200     0.85376  
 55.300     0.85646  
 55.400     0.85917  
 55.500     0.86188  
 55.600     0.86458  
 55.700     0.86729  
 55.800     0.87001  
 55.900     0.87272  
 56.000     0.87543  
 56.100     0.87815  
 56.200     0.88087  
 56.300     0.88359  
 56.400     0.88631  
 56.500     0.88903  
 56.600     0.89176  
 56.700     0.89449  
 56.800     0.89721  
 56.900     0.89994  
 57.000     0.90268  
 57.100     0.90541  
 57.200     0.90814  
 57.300     0.91088  
 57.400     0.91362  
 57.500     0.91636  
 57.600     0.91910  
 57.700     0.92184  
 57.800     0.92458  
 57.900     0.92733  
 58.000     0.93007  
 58.100     0.93282  
 58.200     0.93557  
 58.300     0.93832  
 58.400     0.94108  
 58.500     0.94383  
 58.600     0.94659  
 58.700     0.94934  
 58.800     0.95210  
 58.900     0.95486  
 59.000     0.95762  
 59.100     0.96039  
 59.200     0.96315  
 59.300     0.96592  
 59.400     0.96868  
 59.500     0.97145  
 59.600     0.97422  
 59.700     0.97700  
 59.800     0.97977  
 59.900     0.98254  
 60.000     0.98532  
 60.100     0.98809  
 60.200     0.99087  
 60.300     0.99365  
 60.400     0.99643  
 60.500     0.99922  
 60.600     1.00200  
 60.700     1.00478  
 60.800     1.00757  
 60.900     1.01036  
 61.000     1.01315  
 61.100     1.01594  
 61.200     1.01873  
 61.300     1.02152  
 61.400     1.02432  
 61.500     1.02711  
 61.600     1.02991  
 61.700     1.03271  
 61.800     1.03550  
 61.900     1.03831  
 62.000     1.04111  
 62.100     1.04391  
 62.200     1.04671  
 62.300     1.04952  
 62.400     1.05233  
 62.500     1.05513  
 62.600     1.05794  
 62.700     1.06075  
 62.800     1.06356  
 62.900     1.06638  
 63.000     1.06919  
 63.100     1.07200  
 63.200     1.07482  
 63.300     1.07764  
 63.400     1.08046  
 63.500     1.08328  
 63.600     1.08610  
 63.700     1.08892  
 63.800     1.09174  
 63.900     1.09456  
 64.000     1.09739  
 64.100     1.10022  
 64.200     1.10304  
 64.300     1.10587  
 64.400     1.10870  
 64.500     1.11153  
 64.600     1.11436  
 64.700     1.11720  
 64.800     1.12003  
 64.900     1.12287  
 65.000     1.12570  
 65.100     1.12854  
 65.200     1.13138  
 65.300     1.13422  
 65.400     1.13706  
 65.500     1.13990  
 65.600     1.14274  
 65.700     1.14558  
 65.800     1.14843  
 65.900     1.15127  
 66.000     1.15412  
 66.100     1.15697  
 66.200     1.15981  
 66.300     1.16266  
 66.400     1.16551  
 66.500     1.16837  
 66.600     1.17122  
 66.700     1.17407  
 66.800     1.17692  
 66.900     1.17978  
 67.000     1.18264  
 67.100     1.18549  
 67.200     1.18835  
 67.300     1.19121  
 67.400     1.19407  
 67.500     1.19693  
 67.600     1.19979  
 67.700     1.20265  
 67.800     1.20552  
 67.900     1.20838  
 68.000     1.21125  
 68.100     1.21411  
 68.200     1.21698  
 68.300     1.21985  
 68.400     1.22272  
 68.500     1.22559  
 68.600     1.22846  
 68.700     1.23133  
 68.800     1.23420  
 68.900     1.23708  
 69.000     1.23995  
 69.100     1.24282  
 69.200     1.24570  
 69.300     1.24858  
 69.400     1.25145  
 69.500     1.25433  
 69.600     1.25721  
 69.700     1.26009  
 69.800     1.26297  
 69.900     1.26585  
 70.000     1.26874  
 70.100     1.27162  
 70.200     1.27450  
 70.300     1.27739  
 70.400     1.28027  
 70.500     1.28316  
 70.600     1.28605  
 70.700     1.28894  
 70.800     1.29182  
 70.900     1.29471  
 71.000     1.29760  
 71.100     1.30049  
 71.200     1.30339  
 71.300     1.30628  
 71.400     1.30917  
 71.500     1.31207  
 71.600     1.31496  
 71.700     1.31786  
 71.800     1.32075  
 71.900     1.32365  
 72.000     1.32655  
 72.100     1.32945  
 72.200     1.33234  
 72.300     1.33524  
 72.400     1.33814  
 72.500     1.34105  
 72.600     1.34395  
 72.700     1.34685  
 72.800     1.34975  
 72.900     1.35266  
 73.000     1.35556  
 73.100     1.35847  
 73.200     1.36137  
 73.300     1.36428  
 73.400     1.36719  
 73.500     1.37009  
 73.600     1.37300  
 73.700     1.37591  
 73.800     1.37882  
 73.900     1.38173  
 74.000     1.38464  
 74.100     1.38755  
 74.200     1.39047  
 74.300     1.39338  
 74.400     1.39629  
 74.500     1.39921  
 74.600     1.40212  
 74.700     1.40504  
 74.800     1.40795  
 74.900     1.41087  
 75.000     1.41379  
 75.100     1.41671  
 75.200     1.41962  
 75.300     1.42254  
 75.400     1.42546  
 75.500     1.42838  
 75.600     1.43130  
 75.700     1.43422  
 75.800     1.43715  
 75.900     1.44007  
 76.000     1.44299  
 76.100     1.44592  
 76.200     1.44884  
 76.300     1.45176  
 76.400     1.45469  
 76.500     1.45762  
 76.600     1.46054  
 76.700     1.46347  
 76.800     1.46640  
 76.900     1.46932  
 77.000     1.47225  
 77.100     1.47518  
 77.200     1.47811  
 77.300     1.48104  
 77.400     1.48397  
 77.500     1.48690  
 77.600     1.48983  
 77.700     1.49277  
 77.800     1.49570  
 77.900     1.49863  
 78.000     1.50156  
 78.100     1.50450  
 78.200     1.50743  
 78.300     1.51037  
 78.400     1.51330  
 78.500     1.51624  
 78.600     1.51918  
 78.700     1.52211  
 78.800     1.52505  
 78.900     1.52799  
 79.000     1.53093  
 79.100     1.53386  
 79.200     1.53680  
 79.300     1.53974  
 79.400     1.54268  
 79.500     1.54562  
 79.600     1.54857  
 79.700     1.55151  
 79.800     1.55445  
 79.900     1.55739  
 80.000     1.56033  
 80.100     1.56328  
 80.200     1.56622  
 80.300     1.56916  
 80.400     1.57211  
 80.500     1.57505  
 80.600     1.57800  
 80.700     1.58094  
 80.800     1.58389  
 80.900     1.58683  
 81.000     1.58978  
 81.100     1.59273  
 81.200     1.59568  
 81.300     1.59862  
 81.400     1.60157  
 81.500     1.60452  
 81.600     1.60747  
 81.700     1.61042  
 81.800     1.61337  
 81.900     1.61632  
 82.000     1.61927  
 82.100     1.62222  
 82.200     1.62517  
 82.300     1.62812  
 82.400     1.63107  
 82.500     1.63403  
 82.600     1.63698  
 82.700     1.63993  
 82.800     1.64289  
 82.900     1.64584  
 83.000     1.64879  
 83.100     1.65175  
 83.200     1.65470  
 83.300     1.65766  
 83.400     1.66061  
 83.500     1.66357  
 83.600     1.66652  
 83.700     1.66948  
 83.800     1.67244  
 83.900     1.67539  
 84.000     1.67835  
 84.100     1.68131  
 84.200     1.68427  
 84.300     1.68722  
 84.400     1.69018  
 84.500     1.69314  
 84.600     1.69610  
 84.700     1.69906  
 84.800     1.70202  
 84.900     1.70498  
 85.000     1.70794  
 85.100     1.71090  
 85.200     1.71386  
 85.300     1.71682  
 85.400     1.71978  
 85.500     1.72274  
 85.600     1.72570  
 85.700     1.72867  
 85.800     1.73163  
 85.900     1.73459  
 86.000     1.73755  
 86.100     1.74052  
 86.200     1.74348  
 86.300     1.74644  
 86.400     1.74941  
 86.500     1.75237  
 86.600     1.75534  
 86.700     1.75830  
 86.800     1.76126  
 86.900     1.76423  
 87.000     1.76719  
 87.100     1.77016  
 87.200     1.77313  
 87.300     1.77609  
 87.400     1.77906  
 87.500     1.78202  
 87.600     1.78499  
 87.700     1.78796  
 87.800     1.79093  
 87.900     1.79389  
 88.000     1.79686  
 88.100     1.79983  
 88.200     1.80280  
 88.300     1.80576  
 88.400     1.80873  
 88.500     1.81170  
 88.600     1.81467  
 88.700     1.81764  
 88.800     1.82061  
 88.900     1.82357  
 89.000     1.82654  
 89.100     1.82951  
 89.200     1.83248  
 89.300     1.83545  
 89.400     1.83842  
 89.500     1.84139  
 89.600     1.84436  
 89.700     1.84733  
 89.800     1.85031  
 89.900     1.85328  
 90.000     1.85625  
 90.100     1.85922  
 90.200     1.86219  
 90.300     1.86516  
 90.400     1.86813  
 90.500     1.87111  
 90.600     1.87408  
 90.700     1.87705  
 90.800     1.88002  
 90.900     1.88299  
 91.000     1.88597  
 91.100     1.88894  
 91.200     1.89191  
 91.300     1.89489  
 91.400     1.89786  
 91.500     1.90083  
 91.600     1.90381  
 91.700     1.90678  
 91.800     1.90975  
 91.900     1.91273  
 92.000     1.91570  
 92.100     1.91867  
 92.200     1.92165  
 92.300     1.92462  
 92.400     1.92760  
 92.500     1.93057  
 92.600     1.93355  
 92.700     1.93652  
 92.800     1.93950  
 92.900     1.94247  
 93.000     1.94545  
 93.100     1.94842  
 93.200     1.95140  
 93.300     1.95437  
 93.400     1.95735  
 93.500     1.96032  
 93.600     1.96330  
 93.700     1.96627  
 93.800     1.96925  
 93.900     1.97223  
 94.000     1.97520  
 94.100     1.97818  
 94.200     1.98115  
 94.300     1.98413  
 94.400     1.98711  
 94.500     1.99008  
 94.600     1.99306  
 94.700     1.99604  
 94.800     1.99901  
 94.900     2.00199  
 95.000     2.00496  
 95.100     2.00794  
 95.200     2.01092  
 95.300     2.01390  
 95.400     2.01687  
 95.500     2.01985  
 95.600     2.02283  
 95.700     2.02580  
 95.800     2.02878  
 95.900     2.03176  
 96.000     2.03473  
 96.100     2.03771  
 96.200     2.04069  
 96.300     2.04367  
 96.400     2.04664  
 96.500     2.04962  
 96.600     2.05260  
 96.700     2.05558  
 96.800     2.05855  
 96.900     2.06153  
 97.000     2.06451  
 97.100     2.06749  
 97.200     2.07046  
 97.300     2.07344  
 97.400     2.07642  
 97.500     2.07940  
 97.600     2.08237  
 97.700     2.08535  
 97.800     2.08833  
 97.900     2.09131  
 98.000     2.09428  
 98.100     2.09726  
 98.200     2.10024  
 98.300     2.10322  
 98.400     2.10620  
 98.500     2.10917  
 98.600     2.11215  
 98.700     2.11513  
 98.800     2.11811  
 98.900     2.12109  
 99.000     2.12406  
 99.100     2.12704  
 99.200     2.13002  
 99.300     2.13300  
 99.400     2.13597  
 99.500     2.13895  
 99.600     2.14193  
 99.700     2.14491  
 99.800     2.14788  
 99.900     2.15086  
100.000     2.15384  
100.100     2.15682  
100.200     2.15980  
100.300     2.16277  
100.400     2.16575  
100.500     2.16873  
100.600     2.17171  
100.700     2.17468  
100.800     2.17766  
100.900     2.18064  
101.000     2.18361  
101.100     2.18659  
101.200     2.18957  
101.300     2.19255  
101.400     2.19552  
101.500     2.19850  
101.600     2.20148  
101.700     2.20445  
101.800     2.20743  
101.900     2.21041  
102.000     2.21338  
102.100     2.21636  
102.200     2.21934  
102.300     2.22232  
102.400     2.22529  
102.500     2.22827  
102.600     2.23125  
102.700     2.23422  
102.800     2.23720  
102.900     2.24017  
103.000     2.24315  
103.100     2.24613  
103.200     2.24910  
103.300     2.25208  
103.400     2.25506  
103.500     2.25803  
103.600     2.26101  
103.700     2.26398  
103.800     2.26696  
103.900     2.26993  
104.000     2.27291  
104.100     2.27589  
104.200     2.27886  
104.300     2.28184  
104.400     2.28481  
104.500     2.28779  
104.600     2.29076  
104.700     2.29374  
104.800     2.29671  
104.900     2.29969  
105.000     2.30266  
105.100     2.30564  
105.200     2.30861  
105.300     2.31158  
105.400     2.31456  
105.500     2.31753  
105.600     2.32051  
105.700     2.32348  
105.800     2.32646  
105.900     2.32943  
106.000     2.33240  
106.100     2.33538  
106.200     2.33835  
106.300     2.34132  
106.400     2.34430  
106.500     2.34727  
106.600     2.35024  
106.700     2.35322  
106.800     2.35619  
106.900     2.35916  
107.000     2.36213  
107.100     2.36511  
107.200     2.36808  
107.300     2.37105  
107.400     2.37402  
107.500     2.37700  
107.600     2.37997  
107.700     2.38294  
107.800     2.38591  
107.900     2.38888  
108.000     2.39185  
108.100     2.39483  
108.200     2.39780  
108.300     2.40077  
108.400     2.40374  
108.500     2.40671  
108.600     2.40968  
108.700     2.41265  
108.800     2.41562  
108.900     2.41859  
109.000     2.42156  
109.100     2.42453  
109.200     2.42750  
109.300     2.43047  
109.400     2.43344  
109.500     2.43641  
109.600     2.43938  
109.700     2.44235  
109.800     2.44532  
109.900     2.44829  
110.000     2.45125  
110.100     2.45422  
110.200     2.45719  
110.300     2.46016  
110.400     2.46313  
110.500     2.46609  
110.600     2.46906  
110.700     2.47203  
110.800     2.47500  
110.900     2.47796  
111.000     2.48093  
111.100     2.48390  
111.200     2.48687  
111.300     2.48983  
111.400     2.49280  
111.500     2.49576  
111.600     2.49873  
111.700     2.50170  
111.800     2.50466  
111.900     2.50763  
112.000     2.51059  
112.100     2.51356  
112.200     2.51652  
112.300     2.51949  
112.400     2.52245  
112.500     2.52542  
112.600     2.52838  
112.700     2.53135  
112.800     2.53431  
112.900     2.53727  
113.000     2.54024  
113.100     2.54320  
113.200     2.54616  
113.300     2.54913  
113.400     2.55209  
113.500     2.55505  
113.600     2.55802  
113.700     2.56098  
113.800     2.56394  
113.900     2.56690  
114.000     2.56986  
114.100     2.57283  
114.200     2.57579  
114.300     2.57875  
114.400     2.58171  
114.500     2.58467  
114.600     2.58763  
114.700     2.59059  
114.800     2.59355  
114.900     2.59651  
115.000     2.59947  
115.100     2.60243  
115.200     2.60539  
115.300     2.60835  
115.400     2.61131  
115.500     2.61427  
115.600     2.61723  
115.700     2.62019  
115.800     2.62314  
115.900     2.62610  
116.000     2.62906  
116.100     2.63202  
116.200     2.63498  
116.300     2.63793  
116.400     2.64089  
116.500     2.64385  
116.600     2.64680  
116.700     2.64976  
116.800     2.65272  
116.900     2.65567  
117.000     2.65863  
117.100     2.66158  
117.200     2.66454  
117.300     2.66749  
117.400     2.67045  
117.500     2.67340  
117.600     2.67636  
117.700     2.67931  
117.800     2.68227  
117.900     2.68522  
118.000     2.68817  
118.100     2.69113  
118.200     2.69408  
118.300     2.69703  
118.400     2.69998  
118.500     2.70294  
118.600     2.70589  
118.700     2.70884  
118.800     2.71179  
118.900     2.71474  
119.000     2.71770  
119.100     2.72065  
119.200     2.72360  
119.300     2.72655  
119.400     2.72950  
119.500     2.73245  
119.600     2.73540  
119.700     2.73835  
119.800     2.74130  
119.900     2.74425  
120.000     2.74719  
120.100     2.75014  
120.200     2.75309  
120.300     2.75604  
120.400     2.75899  
120.500     2.76194  
120.600     2.76488  
120.700     2.76783  
120.800     2.77078  
120.900     2.77372  
121.000     2.77667  
121.100     2.77962  
121.200     2.78256  
121.300     2.78551  
121.400     2.78845  
121.500     2.79140  
121.600     2.79434  
121.700     2.79729  
121.800     2.80023  
121.900     2.80318  
122.000     2.80612  
122.100     2.80906  
122.200     2.81201  
122.300     2.81495  
122.400     2.81789  
122.500     2.82084  
122.600     2.82378  
122.700     2.82672  
122.800     2.82966  
122.900     2.83260  
123.000     2.83555  
123.100     2.83849  
123.200     2.84143  
123.300     2.84437  
123.400     2.84731  
123.500     2.85025  
123.600     2.85319  
123.700     2.85613  
123.800     2.85907  
123.900     2.86201  
124.000     2.86494  
124.100     2.86788  
124.200     2.87082  
124.300     2.87376  
124.400     2.87670  
124.500     2.87963  
124.600     2.88257  
124.700     2.88551  
124.800     2.88844  
124.900     2.89138  
125.000     2.89432  
125.100     2.89725  
125.200     2.90019  
125.300     2.90312  
125.400     2.90606  
125.500     2.90899  
125.600     2.91193  
125.700     2.91486  
125.800     2.91779  
125.900     2.92073  
126.000     2.92366  
126.100     2.92659  
126.200     2.92953  
126.300     2.93246  
126.400     2.93539  
126.500     2.93832  
126.600     2.94125  
126.700     2.94418  
126.800     2.94711  
126.900     2.95004  
127.000     2.95298  
127.100     2.95591  
127.200     2.95883  
127.300     2.96176  
127.400     2.96469  
127.500     2.96762  
127.600     2.97055  
127.700     2.97348  
127.800     2.97641  
127.900     2.97933  
128.000     2.98226  
128.100     2.98519  
128.200     2.98811  
128.300     2.99104  
128.400     2.99397  
128.500     2.99689  
128.600     2.99982  
128.700     3.00274  
128.800     3.00567  
128.900     3.00859  
129.000     3.01152  
129.100     3.01444  
129.200     3.01736  
129.300     3.02029  
129.400     3.02321  
129.500     3.02613  
129.600     3.02906  
129.700     3.03198  
129.800     3.03490  
129.900     3.03782  
130.000     3.04074  
130.100     3.04366  
130.200     3.04658  
130.300     3.04950  
130.400     3.05242  
130.500     3.05534  
130.600     3.05826  
130.700     3.06118  
130.800     3.06410  
130.900     3.06702  
131.000     3.06994  
131.100     3.07285  
131.200     3.07577  
131.300     3.07869  
131.400     3.08161  
131.500     3.08452  
131.600     3.08744  
131.700     3.09035  
131.800     3.09327  
131.900     3.09619  
132.000     3.09910  
132.100     3.10201  
132.200     3.10493  
132.300     3.10784  
132.400     3.11076  
132.500     3.11367  
132.600     3.11658  
132.700     3.11950  
132.800     3.12241  
132.900     3.12532  
133.000     3.12823  
133.100     3.13114  
133.200     3.13405  
133.300     3.13696  
133.400     3.13987  
133.500     3.14278  
133.600     3.14569  
133.700     3.14860  
133.800     3.15151  
133.900     3.15442  
134.000     3.15733  
134.100     3.16024  
134.200     3.16314  
134.300     3.16605  
134.400     3.16896  
134.500     3.17187  
134.600     3.17477  
134.700     3.17768  
134.800     3.18058  
134.900     3.18349  
135.000     3.18639  
135.100     3.18930  
135.200     3.19220  
135.300     3.19511  
135.400     3.19801  
135.500     3.20091  
135.600     3.20382  
135.700     3.20672  
135.800     3.20962  
135.900     3.21252  
136.000     3.21542  
136.100     3.21833  
136.200     3.22123  
136.300     3.22413  
136.400     3.22703  
136.500     3.22993  
136.600     3.23283  
136.700     3.23573  
136.800     3.23863  
136.900     3.24152  
137.000     3.24442  
137.100     3.24732  
137.200     3.25022  
137.300     3.25311  
137.400     3.25601  
137.500     3.25891  
137.600     3.26180  
137.700     3.26470  
137.800     3.26759  
137.900     3.27049  
138.000     3.27338  
138.100     3.27628  
138.200     3.27917  
138.300     3.28207  
138.400     3.28496  
138.500     3.28785  
138.600     3.29074  
138.700     3.29364  
138.800     3.29653  
138.900     3.29942  
139.000     3.30231  
139.100     3.30520  
139.200     3.30809  
139.300     3.31098  
139.400     3.31387  
139.500     3.31676  
139.600     3.31965  
139.700     3.32254  
139.800     3.32543  
139.900     3.32832  
140.000     3.33120  
140.100     3.33409  
140.200     3.33698  
140.300     3.33986  
140.400     3.34275  
140.500     3.34564  
140.600     3.34852  
140.700     3.35141  
140.800     3.35429  
140.900     3.35717  
141.000     3.36006  
141.100     3.36294  
141.200     3.36583  
141.300     3.36871  
141.400     3.37159  
141.500     3.37447  
141.600     3.37735  
141.700     3.38024  
141.800     3.38312  
141.900     3.38600  
142.000     3.38888  
142.100     3.39176  
142.200     3.39464  
142.300     3.39752  
142.400     3.40040  
142.500     3.40327  
142.600     3.40615  
142.700     3.40903  
142.800     3.41191  
142.900     3.41478  
143.000     3.41766  
143.100     3.42054  
143.200     3.42341  
143.300     3.42629  
143.400     3.42916  
143.500     3.43204  
143.600     3.43491  
143.700     3.43779  
143.800     3.44066  
143.900     3.44353  
144.000     3.44641  
144.100     3.44928  
144.200     3.45215  
144.300     3.45502  
144.400     3.45789  
144.500     3.46076  
144.600     3.46364  
144.700     3.46651  
144.800     3.46938  
144.900     3.47224  
145.000     3.47511  
145.100     3.47798  
145.200     3.48085  
145.300     3.48372  
145.400     3.48659  
145.500     3.48945  
145.600     3.49232  
145.700     3.49519  
145.800     3.49805  
145.900     3.50092  
146.000     3.50378  
146.100     3.50665  
146.200     3.50951  
146.300     3.51238  
146.400     3.51524  
146.500     3.51810  
146.600     3.52097  
146.700     3.52383  
146.800     3.52669  
146.900     3.52955  
147.000     3.53241  
147.100     3.53527  
147.200     3.53813  
147.300     3.54099  
147.400     3.54385  
147.500     3.54671  
147.600     3.54957  
147.700     3.55243  
147.800     3.55529  
147.900     3.55815  
148.000     3.56100  
148.100     3.56386  
148.200     3.56672  
148.300     3.56957  
148.400     3.57243  
148.500     3.57529  
148.600     3.57814  
148.700     3.58100  
148.800     3.58385  
148.900     3.58670  
149.000     3.58956  
149.100     3.59241  
149.200     3.59526  
149.300     3.59812  
149.400     3.60097  
149.500     3.60382  
149.600     3.60667  
149.700     3.60952  
149.800     3.61237  
149.900     3.61522  
150.000     3.61807  
150.100     3.62092  
150.200     3.62377  
150.300     3.62662  
150.400     3.62947  
150.500     3.63231  
150.600     3.63516  
150.700     3.63801  
150.800     3.64085  
150.900     3.64370  
151.000     3.64654  
151.100     3.64939  
151.200     3.65223  
151.300     3.65508  
151.400     3.65792  
151.500     3.66077  
151.600     3.66361  
151.700     3.66645  
151.800     3.66929  
151.900     3.67214  
152.000     3.67498  
152.100     3.67782  
152.200     3.68066  
152.300     3.68350  
152.400     3.68634  
152.500     3.68918  
152.600     3.69202  
152.700     3.69486  
152.800     3.69769  
152.900     3.70053  
153.000     3.70337  
153.100     3.70621  
153.200     3.70904  
153.300     3.71188  
153.400     3.71471  
153.500     3.71755  
153.600     3.72038  
153.700     3.72322  
153.800     3.72605  
153.900     3.72889  
154.000     3.73172  
154.100     3.73455  
154.200     3.73739  
154.300     3.74022  
154.400     3.74305  
154.500     3.74588  
154.600     3.74871  
154.700     3.75154  
154.800     3.75437  
154.900     3.75720  
155.000     3.76003  
155.100     3.76286  
155.200     3.76569  
155.300     3.76851  
155.400     3.77134  
155.500     3.77417  
155.600     3.77700  
155.700     3.77982  
155.800     3.78265  
155.900     3.78547  
156.000     3.78830  
156.100     3.79112  
156.200     3.79395  
156.300     3.79677  
156.400     3.79959  
156.500     3.80242  
156.600     3.80524  
156.700     3.80806  
156.800     3.81088  
156.900     3.81370  
157.000     3.81652  
157.100     3.81934  
157.200     3.82216  
157.300     3.82498  
157.400     3.82780  
157.500     3.83062  
157.600     3.83344  
157.700     3.83626  
157.800     3.83907  
157.900     3.84189  
158.000     3.84471  
158.100     3.84752  
158.200     3.85034  
158.300     3.85315  
158.400     3.85597  
158.500     3.85878  
158.600     3.86160  
158.700     3.86441  
158.800     3.86722  
158.900     3.87004  
159.000     3.87285  
159.100     3.87566  
159.200     3.87847  
159.300     3.88128  
159.400     3.88409  
159.500     3.88690  
159.600     3.88971  
159.700     3.89252  
159.800     3.89533  
159.900     3.89814  
160.000     3.90095  
160.100     3.90376  
160.200     3.90656  
160.300     3.90937  
160.400     3.91218  
160.500     3.91498  
160.600     3.91779  
160.700     3.92059  
160.800     3.92340  
160.900     3.92620  
161.000     3.92900  
161.100     3.93181  
161.200     3.93461  
161.300     3.93741  
161.400     3.94021  
161.500     3.94302  
161.600     3.94582  
161.700     3.94862  
161.800     3.95142  
161.900     3.95422  
162.000     3.95702  
162.100     3.95982  
162.200     3.96261  
162.300     3.96541  
162.400     3.96821  
162.500     3.97101  
162.600     3.97380  
162.700     3.97660  
162.800     3.97940  
162.900     3.98219  
163.000     3.98499  
163.100     3.98778  
163.200     3.99057  
163.300     3.99337  
163.400     3.99616  
163.500     3.99895  
163.600     4.00175  
163.700     4.00454  
163.800     4.00733  
163.900     4.01012  
164.000     4.01291  
164.100     4.01570  
164.200     4.01849  
164.300     4.02128  
164.400     4.02407  
164.500     4.02686  
164.600     4.02965  
164.700     4.03243  
164.800     4.03522  
164.900     4.03801  
165.000     4.04079  
165.100     4.04358  
165.200     4.04636  
165.300     4.04915  
165.400     4.05193  
165.500     4.05472  
165.600     4.05750  
165.700     4.06028  
165.800     4.06307  
165.900     4.06585  
166.000     4.06863  
166.100     4.07141  
166.200     4.07419  
166.300     4.07697  
166.400     4.07975  
166.500     4.08253  
166.600     4.08531  
166.700     4.08809  
166.800     4.09087  
166.900     4.09365  
167.000     4.09642  
167.100     4.09920  
167.200     4.10198  
167.300     4.10475  
167.400     4.10753  
167.500     4.11030  
167.600     4.11308  
167.700     4.11585  
167.800     4.11863  
167.900     4.12140  
168.000     4.12417  
168.100     4.12695  
168.200     4.12972  
168.300     4.13249  
168.400     4.13526  
168.500     4.13803  
168.600     4.14080  
168.700     4.14357  
168.800     4.14634  
168.900     4.14911  
169.000     4.15188  
169.100     4.15464  
169.200     4.15741  
169.300     4.16018  
169.400     4.16295  
169.500     4.16571  
169.600     4.16848  
169.700     4.17124  
169.800     4.17401  
169.900     4.17677  
170.000     4.17954  
170.100     4.18230  
170.200     4.18506  
170.300     4.18783  
170.400     4.19059  
170.500     4.19335  
170.600     4.19611  
170.700     4.19887  
170.800     4.20163  
170.900     4.20439  
171.000     4.20715  
171.100     4.20991  
171.200     4.21267  
171.300     4.21543  
171.400     4.21818  
171.500     4.22094  
171.600     4.22370  
171.700     4.22645  
171.800     4.22921  
171.900     4.23197  
172.000     4.23472  
172.100     4.23747  
172.200     4.24023  
172.300     4.24298  
172.400     4.24573  
172.500     4.24849  
172.600     4.25124  
172.700     4.25399  
172.800     4.25674  
172.900     4.25949  
173.000     4.26224  
173.100     4.26499  
173.200     4.26774  
173.300     4.27049  
173.400     4.27324  
173.500     4.27599  
173.600     4.27874  
173.700     4.28148  
173.800     4.28423  
173.900     4.28698  
174.000     4.28972  
174.100     4.29247  
174.200     4.29521  
174.300     4.29796  
174.400     4.30070  
174.500     4.30344  
174.600     4.30619  
174.700     4.30893  
174.800     4.31167  
174.900     4.31441  
175.000     4.31715  
175.100     4.31989  
175.200     4.32263  
175.300     4.32537  
175.400     4.32811  
175.500     4.33085  
175.600     4.33359  
175.700     4.33633  
175.800     4.33906  
175.900     4.34180  
176.000     4.34454  
176.100     4.34727  
176.200     4.35001  
176.300     4.35274  
176.400     4.35548  
176.500     4.35821  
176.600     4.36095  
176.700     4.36368  
176.800     4.36641  
176.900     4.36915  
177.000     4.37188  
177.100     4.37461  
177.200     4.37734  
177.300     4.38007  
177.400     4.38280  
177.500     4.38553  
177.600     4.38826  
177.700     4.39099  
177.800     4.39372  
177.900     4.39644  
178.000     4.39917  
178.100     4.40190  
178.200     4.40462  
178.300     4.40735  
178.400     4.41007  
178.500     4.41280  
178.600     4.41552  
178.700     4.41825  
178.800     4.42097  
178.900     4.42369  
179.000     4.42642  
179.100     4.42914  
179.200     4.43186  
179.300     4.43458  
179.400     4.43730  
179.500     4.44002  
179.600     4.44274  
179.700     4.44546  
179.800     4.44818  
179.900     4.45090  
180.000     4.45361  
180.100     4.45633  
180.200     4.45905  
180.300     4.46176  
180.400     4.46448  
180.500     4.46720  
180.600     4.46991  
180.700     4.47262  
180.800     4.47534  
180.900     4.47805  
181.000     4.48077  
181.100     4.48348  
181.200     4.48619  
181.300     4.48890  
181.400     4.49161  
181.500     4.49432  
181.600     4.49703  
181.700     4.49974  
181.800     4.50245  
181.900     4.50516  
182.000     4.50787  
182.100     4.51058  
182.200     4.51328  
182.300     4.51599  
182.400     4.51870  
182.500     4.52140  
182.600     4.52411  
182.700     4.52681  
182.800     4.52952  
182.900     4.53222  
183.000     4.53493  
183.100     4.53763  
183.200     4.54033  
183.300     4.54303  
183.400     4.54573  
183.500     4.54844  
183.600     4.55114  
183.700     4.55384  
183.800     4.55654  
183.900     4.55924  
184.000     4.56193  
184.100     4.56463  
184.200     4.56733  
184.300     4.57003  
184.400     4.57272  
184.500     4.57542  
184.600     4.57812  
184.700     4.58081  
184.800     4.58351  
184.900     4.58620  
185.000     4.58889  
185.100     4.59159  
185.200     4.59428  
185.300     4.59697  
185.400     4.59966  
185.500     4.60236  
185.600     4.60505  
185.700     4.60774  
185.800     4.61043  
185.900     4.61312  
186.000     4.61581  
186.100     4.61849  
186.200     4.62118  
186.300     4.62387  
186.400     4.62656  
186.500     4.62924  
186.600     4.63193  
186.700     4.63462  
186.800     4.63730  
186.900     4.63999  
187.000     4.64267  
187.100     4.64535  
187.200     4.64804  
187.300     4.65072  
187.400     4.65340  
187.500     4.65608  
187.600     4.65876  
187.700     4.66144  
187.800     4.66412  
187.900     4.66680  
188.000     4.66948  
188.100     4.67216  
188.200     4.67484  
188.300     4.67752  
188.400     4.68020  
188.500     4.68287  
188.600     4.68555  
188.700     4.68823  
188.800     4.69090  
188.900     4.69358  
189.000     4.69625  
189.100     4.69892  
189.200     4.70160  
189.300     4.70427  
189.400     4.70694  
189.500     4.70961  
189.600     4.71229  
189.700     4.71496  
189.800     4.71763  
189.900     4.72030  
190.000     4.72297  
190.100     4.72564  
190.200     4.72830  
190.300     4.73097  
190.400     4.73364  
190.500     4.73631  
190.600     4.73897  
190.700     4.74164  
190.800     4.74431  
190.900     4.74697  
191.000     4.74963  
191.100     4.75230  
191.200     4.75496  
191.300     4.75763  
191.400     4.76029  
191.500     4.76295  
191.600     4.76561  
191.700     4.76827  
191.800     4.77093  
191.900     4.77359  
192.000     4.77625  
192.100     4.77891  
192.200     4.78157  
192.300     4.78423  
192.400     4.78689  
192.500     4.78954  
192.600     4.79220  
192.700     4.79486  
192.800     4.79751  
192.900     4.80017  
193.000     4.80282  
193.100     4.80548  
193.200     4.80813  
193.300     4.81078  
193.400     4.81344  
193.500     4.81609  
193.600     4.81874  
193.700     4.82139  
193.800     4.82404  
193.900     4.82669  
194.000     4.82934  
194.100     4.83199  
194.200     4.83464  
194.300     4.83729  
194.400     4.83993  
194.500     4.84258  
194.600     4.84523  
194.700     4.84788  
194.800     4.85052  
194.900     4.85317  
195.000     4.85581  
195.100     4.85846  
195.200     4.86110  
195.300     4.86374  
195.400     4.86639  
195.500     4.86903  
195.600     4.87167  
195.700     4.87431  
195.800     4.87695  
195.900     4.87959  
196.000     4.88223  
196.100     4.88487  
196.200     4.88751  
196.300     4.89015  
196.400     4.89278  
196.500     4.89542  
196.600     4.89806  
196.700     4.90070  
196.800     4.90333  
196.900     4.90597  
197.000     4.90860  
197.100     4.91123  
197.200     4.91387  
197.300     4.91650  
197.400     4.91913  
197.500     4.92177  
197.600     4.92440  
197.700     4.92703  
197.800     4.92966  
197.900     4.93229  
198.000     4.93492  
198.100     4.93755  
198.200     4.94018  
198.300     4.94281  
198.400     4.94543  
198.500     4.94806  
198.600     4.95069  
198.700     4.95331  
198.800     4.95594  
198.900     4.95856  
199.000     4.96119  
199.100     4.96381  
199.200     4.96644  
199.300     4.96906  
199.400     4.97168  
199.500     4.97431  
199.600     4.97693  
199.700     4.97955  
199.800     4.98217  
199.900     4.98479  
200.000     4.98741  
200.100     4.99003  
200.200     4.99265  
200.300     4.99527  
200.400     4.99788  
200.500     5.00050  
200.600     5.00312  
200.700     5.00573  
200.800     5.00835  
200.900     5.01096  
201.000     5.01358  
201.100     5.01619  
201.200     5.01881  
201.300     5.02142  
201.400     5.02403  
201.500     5.02664  
201.600     5.02926  
201.700     5.03187  
201.800     5.03448  
201.900     5.03709  
202.000     5.03970  
202.100     5.04231  
202.200     5.04491  
202.300     5.04752  
202.400     5.05013  
202.500     5.05274  
202.600     5.05534  
202.700     5.05795  
202.800     5.06055  
202.900     5.06316  
203.000     5.06576  
203.100     5.06837  
203.200     5.07097  
203.300     5.07357  
203.400     5.07618  
203.500     5.07878  
203.600     5.08138  
203.700     5.08398  
203.800     5.08658  
203.900     5.08918  
204.000     5.09178  
204.100     5.09438  
204.200     5.09698  
204.300     5.09958  
204.400     5.10217  
204.500     5.10477  
204.600     5.10737  
204.700     5.10996  
204.800     5.11256  
204.900     5.11515  
205.000     5.11775  
205.100     5.12034  
205.200     5.12293  
205.300     5.12553  
205.400     5.12812  
205.500     5.13071  
205.600     5.13330  
205.700     5.13589  
205.800     5.13848  
205.900     5.14107  
206.000     5.14366  
206.100     5.14625  
206.200     5.14884  
206.300     5.15142  
206.400     5.15401  
206.500     5.15660  
206.600     5.15918  
206.700     5.16177  
206.800     5.16435  
206.900     5.16694  
207.000     5.16952  
207.100     5.17211  
207.200     5.17469  
207.300     5.17727  
207.400     5.17985  
207.500     5.18244  
207.600     5.18502  
207.700     5.18760  
207.800     5.19018  
207.900     5.19276  
208.000     5.19534  
208.100     5.19791  
208.200     5.20049  
208.300     5.20307  
208.400     5.20565  
208.500     5.20822  
208.600     5.21080  
208.700     5.21337  
208.800     5.21595  
208.900     5.21852  
209.000     5.22110  
209.100     5.22367  
209.200     5.22624  
209.300     5.22881  
209.400     5.23139  
209.500     5.23396  
209.600     5.23653  
209.700     5.23910  
209.800     5.24167  
209.900     5.24424  
210.000     5.24680  
210.100     5.24937  
210.200     5.25194  
210.300     5.25451  
210.400     5.25707  
210.500     5.25964  
210.600     5.26220  
210.700     5.26477  
210.800     5.26733  
210.900     5.26990  
211.000     5.27246  
211.100     5.27502  
211.200     5.27759  
211.300     5.28015  
211.400     5.28271  
211.500     5.28527  
211.600     5.28783  
211.700     5.29039  
211.800     5.29295  
211.900     5.29551  
212.000     5.29807  
212.100     5.30062  
212.200     5.30318  
212.300     5.30574  
212.400     5.30829  
212.500     5.31085  
212.600     5.31340  
212.700     5.31596  
212.800     5.31851  
212.900     5.32107  
213.000     5.32362  
213.100     5.32617  
213.200     5.32872  
213.300     5.33128  
213.400     5.33383  
213.500     5.33638  
213.600     5.33893  
213.700     5.34148  
213.800     5.34402  
213.900     5.34657  
214.000     5.34912  
214.100     5.35167  
214.200     5.35421  
214.300     5.35676  
214.400     5.35931  
214.500     5.36185  
214.600     5.36440  
214.700     5.36694  
214.800     5.36948  
214.900     5.37203  
215.000     5.37457  
215.100     5.37711  
215.200     5.37965  
215.300     5.38219  
215.400     5.38473  
215.500     5.38727  
215.600     5.38981  
215.700     5.39235  
215.800     5.39489  
215.900     5.39743  
216.000     5.39997  
216.100     5.40250  
216.200     5.40504  
216.300     5.40757  
216.400     5.41011  
216.500     5.41264  
216.600     5.41518  
216.700     5.41771  
216.800     5.42024  
216.900     5.42278  
217.000     5.42531  
217.100     5.42784  
217.200     5.43037  
217.300     5.43290  
217.400     5.43543  
217.500     5.43796  
217.600     5.44049  
217.700     5.44302  
217.800     5.44555  
217.900     5.44807  
218.000     5.45060  
218.100     5.45313  
218.200     5.45565  
218.300     5.45818  
218.400     5.46070  
218.500     5.46323  
218.600     5.46575  
218.700     5.46827  
218.800     5.47079  
218.900     5.47332  
219.000     5.47584  
219.100     5.47836  
219.200     5.48088  
219.300     5.48340  
219.400     5.48592  
219.500     5.48844  
219.600     5.49096  
219.700     5.49347  
219.800     5.49599  
219.900     5.49851  
220.000     5.50102  
220.100     5.50354  
220.200     5.50605  
220.300     5.50857  
220.400     5.51108  
220.500     5.51360  
220.600     5.51611  
220.700     5.51862  
220.800     5.52113  
220.900     5.52365  
221.000     5.52616  
221.100     5.52867  
221.200     5.53118  
221.300     5.53369  
221.400     5.53619  
221.500     5.53870  
221.600     5.54121  
221.700     5.54372  
221.800     5.54622  
221.900     5.54873  
222.000     5.55124  
222.100     5.55374  
222.200     5.55625  
222.300     5.55875  
222.400     5.56125  
222.500     5.56376  
222.600     5.56626  
222.700     5.56876  
222.800     5.57126  
222.900     5.57376  
223.000     5.57626  
223.100     5.57876  
223.200     5.58126  
223.300     5.58376  
223.400     5.58626  
223.500     5.58876  
223.600     5.59125  
223.700     5.59375  
223.800     5.59625  
223.900     5.59874  
224.000     5.60124  
224.100     5.60373  
224.200     5.60622  
224.300     5.60872  
224.400     5.61121  
224.500     5.61370  
224.600     5.61619  
224.700     5.61869  
224.800     5.62118  
224.900     5.62367  
225.000     5.62616  
225.100     5.62865  
225.200     5.63113  
225.300     5.63362  
225.400     5.63611  
225.500     5.63860  
225.600     5.64108  
225.700     5.64357  
225.800     5.64605  
225.900     5.64854  
226.000     5.65102  
226.100     5.65351  
226.200     5.65599  
226.300     5.65847  
226.400     5.66095  
226.500     5.66344  
226.600     5.66592  
226.700     5.66840  
226.800     5.67088  
226.900     5.67336  
227.000     5.67584  
227.100     5.67831  
227.200     5.68079  
227.300     5.68327  
227.400     5.68575  
227.500     5.68822  
227.600     5.69070  
227.700     5.69317  
227.800     5.69565  
227.900     5.69812  
228.000     5.70059  
228.100     5.70307  
228.200     5.70554  
228.300     5.70801  
228.400     5.71048  
228.500     5.71295  
228.600     5.71542  
228.700     5.71789  
228.800     5.72036  
228.900     5.72283  
229.000     5.72530  
229.100     5.72777  
229.200     5.73023  
229.300     5.73270  
229.400     5.73517  
229.500     5.73763  
229.600     5.74010  
229.700     5.74256  
229.800     5.74503  
229.900     5.74749  
230.000     5.74995  
230.100     5.75241  
230.200     5.75488  
230.300     5.75734  
230.400     5.75980  
230.500     5.76226  
230.600     5.76472  
230.700     5.76718  
230.800     5.76963  
230.900     5.77209  
231.000     5.77455  
231.100     5.77701  
231.200     5.77946  
231.300     5.78192  
231.400     5.78437  
231.500     5.78683  
231.600     5.78928  
231.700     5.79174  
231.800     5.79419  
231.900     5.79664  
232.000     5.79909  
232.100     5.80155  
232.200     5.80400  
232.300     5.80645  
232.400     5.80890  
232.500     5.81135  
232.600     5.81379  
232.700     5.81624  
232.800     5.81869  
232.900     5.82114  
233.000     5.82358  
233.100     5.82603  
233.200     5.82848  
233.300     5.83092  
233.400     5.83336  
233.500     5.83581  
233.600     5.83825  
233.700     5.84069  
233.800     5.84314  
233.900     5.84558  
234.000     5.84802  
234.100     5.85046  
234.200     5.85290  
234.300     5.85534  
234.400     5.85778  
234.500     5.86022  
234.600     5.86266  
234.700     5.86509  
234.800     5.86753  
234.900     5.86997  
235.000     5.87240  
235.100     5.87484  
235.200     5.87727  
235.300     5.87971  
235.400     5.88214  
235.500     5.88457  
235.600     5.88701  
235.700     5.88944  
235.800     5.89187  
235.900     5.89430  
236.000     5.89673  
236.100     5.89916  
236.200     5.90159  
236.300     5.90402  
236.400     5.90645  
236.500     5.90887  
236.600     5.91130  
236.700     5.91373  
236.800     5.91615  
236.900     5.91858  
237.000     5.92100  
237.100     5.92343  
237.200     5.92585  
237.300     5.92827  
237.400     5.93070  
237.500     5.93312  
237.600     5.93554  
237.700     5.93796  
237.800     5.94038  
237.900     5.94280  
238.000     5.94522  
238.100     5.94764  
238.200     5.95006  
238.300     5.95248  
238.400     5.95489  
238.500     5.95731  
238.600     5.95973  
238.700     5.96214  
238.800     5.96456  
238.900     5.96697  
239.000     5.96939  
239.100     5.97180  
239.200     5.97421  
239.300     5.97663  
239.400     5.97904  
239.500     5.98145  
239.600     5.98386  
239.700     5.98627  
239.800     5.98868  
239.900     5.99109  
240.000     5.99350  
240.100     5.99590  
240.200     5.99831  
240.300     6.00072  
240.400     6.00312  
240.500     6.00553  
240.600     6.00794  
240.700     6.01034  
240.800     6.01274  
240.900     6.01515  
241.000     6.01755  
241.100     6.01995  
241.200     6.02236  
241.300     6.02476  
241.400     6.02716  
241.500     6.02956  
241.600     6.03196  
241.700     6.03436  
241.800     6.03675  
241.900     6.03915  
242.000     6.04155  
242.100     6.04395  
242.200     6.04634  
242.300     6.04874  
242.400     6.05113  
242.500     6.05353  
242.600     6.05592  
242.700     6.05832  
242.800     6.06071  
242.900     6.06310  
243.000     6.06550  
243.100     6.06789  
243.200     6.07028  
243.300     6.07267  
243.400     6.07506  
243.500     6.07745  
243.600     6.07984  
243.700     6.08222  
243.800     6.08461  
243.900     6.08700  
244.000     6.08938  
244.100     6.09177  
244.200     6.09416  
244.300     6.09654  
244.400     6.09893  
244.500     6.10131  
244.600     6.10369  
244.700     6.10607  
244.800     6.10846  
244.900     6.11084  
245.000     6.11322  
245.100     6.11560  
245.200     6.11798  
245.300     6.12036  
245.400     6.12274  
245.500     6.12512  
245.600     6.12749  
245.700     6.12987  
245.800     6.13225  
245.900     6.13462  
246.000     6.13700  
246.100     6.13937  
246.200     6.14175  
246.300     6.14412  
246.400     6.14649  
246.500     6.14887  
246.600     6.15124  
246.700     6.15361  
246.800     6.15598  
246.900     6.15835  
247.000     6.16072  
247.100     6.16309  
247.200     6.16546  
247.300     6.16783  
247.400     6.17020  
247.500     6.17256  
247.600     6.17493  
247.700     6.17729  
247.800     6.17966  
247.900     6.18202  
248.000     6.18439  
248.100     6.18675  
248.200     6.18912  
248.300     6.19148  
248.400     6.19384  
248.500     6.19620  
248.600     6.19856  
248.700     6.20092  
248.800     6.20328  
248.900     6.20564  
249.000     6.20800  
249.100     6.21036  
249.200     6.21272  
249.300     6.21507  
249.400     6.21743  
249.500     6.21979  
249.600     6.22214  
249.700     6.22450  
249.800     6.22685  
249.900     6.22920  
250.000     6.23156  
250.100     6.23391  
250.200     6.23626  
250.300     6.23861  
250.400     6.24096  
250.500     6.24331  
250.600     6.24566  
250.700     6.24801  
250.800     6.25036  
250.900     6.25271  
251.000     6.25506  
251.100     6.25740  
251.200     6.25975  
251.300     6.26210  
251.400     6.26444  
251.500     6.26679  
251.600     6.26913  
251.700     6.27147  
251.800     6.27382  
251.900     6.27616  
252.000     6.27850  
252.100     6.28084  
252.200     6.28318  
252.300     6.28552  
252.400     6.28786  
252.500     6.29020  
252.600     6.29254  
252.700     6.29488  
252.800     6.29722  
252.900     6.29955  
253.000     6.30189  
253.100     6.30422  
253.200     6.30656  
253.300     6.30889  
253.400     6.31123  
253.500     6.31356  
253.600     6.31589  
253.700     6.31823  
253.800     6.32056  
253.900     6.32289  
254.000     6.32522  
254.100     6.32755  
254.200     6.32988  
254.300     6.33221  
254.400     6.33454  
254.500     6.33686  
254.600     6.33919  
254.700     6.34152  
254.800     6.34384  
254.900     6.34617  
255.000     6.34849  
255.100     6.35082  
255.200     6.35314  
255.300     6.35547  
255.400     6.35779  
255.500     6.36011  
255.600     6.36243  
255.700     6.36475  
255.800     6.36707  
255.900     6.36939  
256.000     6.37171  
256.100     6.37403  
256.200     6.37635  
256.300     6.37867  
256.400     6.38098  
256.500     6.38330  
256.600     6.38562  
256.700     6.38793  
256.800     6.39025  
256.900     6.39256  
257.000     6.39487  
257.100     6.39719  
257.200     6.39950  
257.300     6.40181  
257.400     6.40412  
257.500     6.40643  
257.600     6.40874  
257.700     6.41105  
257.800     6.41336  
257.900     6.41567  
258.000     6.41798  
258.100     6.42029  
258.200     6.42259  
258.300     6.42490  
258.400     6.42721  
258.500     6.42951  
258.600     6.43181  
258.700     6.43412  
258.800     6.43642  
258.900     6.43873  
259.000     6.44103  
259.100     6.44333  
259.200     6.44563  
259.300     6.44793  
259.400     6.45023  
259.500     6.45253  
259.600     6.45483  
259.700     6.45713  
259.800     6.45943  
259.900     6.46172  
260.000     6.46402  
260.100     6.46632  
260.200     6.46861  
260.300     6.47091  
260.400     6.47320  
260.500     6.47549  
260.600     6.47779  
260.700     6.48008  
260.800     6.48237  
260.900     6.48466  
261.000     6.48695  
261.100     6.48924  
261.200     6.49153  
261.300     6.49382  
261.400     6.49611  
261.500     6.49840  
261.600     6.50069  
261.700     6.50297  
261.800     6.50526  
261.900     6.50755  
262.000     6.50983  
262.100     6.51212  
262.200     6.51440  
262.300     6.51668  
262.400     6.51897  
262.500     6.52125  
262.600     6.52353  
262.700     6.52581  
262.800     6.52809  
262.900     6.53037  
263.000     6.53265  
263.100     6.53493  
263.200     6.53721  
263.300     6.53949  
263.400     6.54176  
263.500     6.54404  
263.600     6.54632  
263.700     6.54859  
263.800     6.55087  
263.900     6.55314  
264.000     6.55542  
264.100     6.55769  
264.200     6.55996  
264.300     6.56223  
264.400     6.56451  
264.500     6.56678  
264.600     6.56905  
264.700     6.57132  
264.800     6.57359  
264.900     6.57585  
265.000     6.57812  
265.100     6.58039  
265.200     6.58266  
265.300     6.58492  
265.400     6.58719  
265.500     6.58945  
265.600     6.59172  
265.700     6.59398  
265.800     6.59625  
265.900     6.59851  
266.000     6.60077  
266.100     6.60303  
266.200     6.60530  
266.300     6.60756  
266.400     6.60982  
266.500     6.61208  
266.600     6.61434  
266.700     6.61659  
266.800     6.61885  
266.900     6.62111  
267.000     6.62337  
267.100     6.62562  
267.200     6.62788  
267.300     6.63013  
267.400     6.63239  
267.500     6.63464  
267.600     6.63689  
267.700     6.63915  
267.800     6.64140  
267.900     6.64365  
268.000     6.64590  
268.100     6.64815  
268.200     6.65040  
268.300     6.65265  
268.400     6.65490  
268.500     6.65715  
268.600     6.65939  
268.700     6.66164  
268.800     6.66389  
268.900     6.66613  
269.000     6.66838  
269.100     6.67062  
269.200     6.67287  
269.300     6.67511  
269.400     6.67735  
269.500     6.67960  
269.600     6.68184  
269.700     6.68408  
269.800     6.68632  
269.900     6.68856  
270.000     6.69080  
270.100     6.69304  
270.200     6.69528  
270.300     6.69752  
270.400     6.69975  
270.500     6.70199  
270.600     6.70423  
270.700     6.70646  
270.800     6.70870  
270.900     6.71093  
271.000     6.71316  
271.100     6.71540  
271.200     6.71763  
271.300     6.71986  
271.400     6.72209  
271.500     6.72432  
271.600     6.72655  
271.700     6.72878  
271.800     6.73101  
271.900     6.73324  
272.000     6.73547  
272.100     6.73770  
272.200     6.73992  
272.300     6.74215  
272.400     6.74438  
272.500     6.74660  
272.600     6.74883  
272.700     6.75105  
272.800     6.75327  
272.900     6.75550  
273.000     6.75772  
273.100     6.75994  
273.200     6.76216  
273.300     6.76438  
273.400     6.76660  
273.500     6.76882  
273.600     6.77104  
273.700     6.77326  
273.800     6.77548  
273.900     6.77770  
274.000     6.77991  
274.100     6.78213  
274.200     6.78434  
274.300     6.78656  
274.400     6.78877  
274.500     6.79099  
274.600     6.79320  
274.700     6.79541  
274.800     6.79762  
274.900     6.79984  
275.000     6.80205  
275.100     6.80426  
275.200     6.80647  
275.300     6.80868  
275.400     6.81088  
275.500     6.81309  
275.600     6.81530  
275.700     6.81751  
275.800     6.81971  
275.900     6.82192  
276.000     6.82412  
276.100     6.82633  
276.200     6.82853  
276.300     6.83073  
276.400     6.83294  
276.500     6.83514  
276.600     6.83734  
276.700     6.83954  
276.800     6.84174  
276.900     6.84394  
277.000     6.84614  
277.100     6.84834  
277.200     6.85054  
277.300     6.85274  
277.400     6.85493  
277.500     6.85713  
277.600     6.85933  
277.700     6.86152  
277.800     6.86372  
277.900     6.86591  
278.000     6.86810  
278.100     6.87030  
278.200     6.87249  
278.300     6.87468  
278.400     6.87687  
278.500     6.87906  
278.600     6.88125  
278.700     6.88344  
278.800     6.88563  
278.900     6.88782  
279.000     6.89001  
279.100     6.89219  
279.200     6.89438  
279.300     6.89657  
279.400     6.89875  
279.500     6.90094  
279.600     6.90312  
279.700     6.90531  
279.800     6.90749  
279.900     6.90967  
280.000     6.91185  
280.100     6.91403  
280.200     6.91622  
280.300     6.91840  
280.400     6.92058  
280.500     6.92275  
280.600     6.92493  
280.700     6.92711  
280.800     6.92929  
280.900     6.93146  
281.000     6.93364  
281.100     6.93582  
281.200     6.93799  
281.300     6.94017  
281.400     6.94234  
281.500     6.94451  
281.600     6.94669  
281.700     6.94886  
281.800     6.95103  
281.900     6.95320  
282.000     6.95537  
282.100     6.95754  
282.200     6.95971  
282.300     6.96188  
282.400     6.96405  
282.500     6.96621  
282.600     6.96838  
282.700     6.97055  
282.800     6.97271  
282.900     6.97488  
283.000     6.97704  
283.100     6.97921  
283.200     6.98137  
283.300     6.98353  
283.400     6.98570  
283.500     6.98786  
283.600     6.99002  
283.700     6.99218  
283.800     6.99434  
283.900     6.99650  
284.000     6.99866  
284.100     7.00082  
284.200     7.00297  
284.300     7.00513  
284.400     7.00729  
284.500     7.00944  
284.600     7.01160  
284.700     7.01375  
284.800     7.01591  
284.900     7.01806  
285.000     7.02021  
285.100     7.02237  
285.200     7.02452  
285.300     7.02667  
285.400     7.02882  
285.500     7.03097  
285.600     7.03312  
285.700     7.03527  
285.800     7.03742  
285.900     7.03956  
286.000     7.04171  
286.100     7.04386  
286.200     7.04600  
286.300     7.04815  
286.400     7.05029  
286.500     7.05244  
286.600     7.05458  
286.700     7.05673  
286.800     7.05887  
286.900     7.06101  
287.000     7.06315  
287.100     7.06529  
287.200     7.06743  
287.300     7.06957  
287.400     7.07171  
287.500     7.07385  
287.600     7.07599  
287.700     7.07812  
287.800     7.08026  
287.900     7.08240  
288.000     7.08453  
288.100     7.08667  
288.200     7.08880  
288.300     7.09093  
288.400     7.09307  
288.500     7.09520  
288.600     7.09733  
288.700     7.09946  
288.800     7.10159  
288.900     7.10372  
289.000     7.10585  
289.100     7.10798  
289.200     7.11011  
289.300     7.11224  
289.400     7.11437  
289.500     7.11649  
289.600     7.11862  
289.700     7.12075  
289.800     7.12287  
289.900     7.12499  
290.000     7.12712  
290.100     7.12924  
290.200     7.13136  
290.300     7.13349  
290.400     7.13561  
290.500     7.13773  
290.600     7.13985  
290.700     7.14197  
290.800     7.14409  
290.900     7.14621  
291.000     7.14832  
291.100     7.15044  
291.200     7.15256  
291.300     7.15467  
291.400     7.15679  
291.500     7.15890  
291.600     7.16102  
291.700     7.16313  
291.800     7.16525  
291.900     7.16736  
292.000     7.16947  
292.100     7.17158  
292.200     7.17369  
292.300     7.17580  
292.400     7.17791  
292.500     7.18002  
292.600     7.18213  
292.700     7.18424  
292.800     7.18634  
292.900     7.18845  
293.000     7.19056  
293.100     7.19266  
293.200     7.19477  
293.300     7.19687  
293.400     7.19898  
293.500     7.20108  
293.600     7.20318  
293.700     7.20528  
293.800     7.20739  
293.900     7.20949  
294.000     7.21159  
294.100     7.21369  
294.200     7.21579  
294.300     7.21788  
294.400     7.21998  
294.500     7.22208  
294.600     7.22418  
294.700     7.22627  
294.800     7.22837  
294.900     7.23046  
295.000     7.23256  
295.100     7.23465  
295.200     7.23674  
295.300     7.23884  
295.400     7.24093  
295.500     7.24302  
295.600     7.24511  
295.700     7.24720  
295.800     7.24929  
295.900     7.25138  
296.000     7.25347  
296.100     7.25556  
296.200     7.25764  
296.300     7.25973  
296.400     7.26182  
296.500     7.26390  
296.600     7.26599  
296.700     7.26807  
296.800     7.27016  
296.900     7.27224  
297.000     7.27432  
297.100     7.27640  
297.200     7.27848  
297.300     7.28057  
297.400     7.28265  
297.500     7.28473  
297.600     7.28680  
297.700     7.28888  
297.800     7.29096  
297.900     7.29304  
298.000     7.29511  
298.100     7.29719  
298.200     7.29927  
298.300     7.30134  
298.400     7.30342  
298.500     7.30549  
298.600     7.30756  
298.700     7.30963  
298.800     7.31171  
298.900     7.31378  
299.000     7.31585  
299.100     7.31792  
299.200     7.31999  
299.300     7.32206  
299.400     7.32413  
299.500     7.32619  
299.600     7.32826  
299.700     7.33033  
299.800     7.33239  
299.900     7.33446  
300.000     7.33652  
300.100     7.33859  
300.200     7.34065  
300.300     7.34272  
300.400     7.34478  
300.500     7.34684  
300.600     7.34890  
300.700     7.35096  
300.800     7.35302  
300.900     7.35508  
301.000     7.35714  
301.100     7.35920  
301.200     7.36126  
301.300     7.36331  
301.400     7.36537  
301.500     7.36743  
301.600     7.36948  
301.700     7.37154  
301.800     7.37359  
301.900     7.37564  
302.000     7.37770  
302.100     7.37975  
302.200     7.38180  
302.300     7.38385  
302.400     7.38590  
302.500     7.38795  
302.600     7.39000  
302.700     7.39205  
302.800     7.39410  
302.900     7.39615  
303.000     7.39819  
303.100     7.40024  
303.200     7.40229  
303.300     7.40433  
303.400     7.40638  
303.500     7.40842  
303.600     7.41046  
303.700     7.41251  
303.800     7.41455  
303.900     7.41659  
304.000     7.41863  
304.100     7.42067  
304.200     7.42271  
304.300     7.42475  
304.400     7.42679  
304.500     7.42883  
304.600     7.43087  
304.700     7.43290  
304.800     7.43494  
304.900     7.43698  
305.000     7.43901  
305.100     7.44105  
305.200     7.44308  
305.300     7.44511  
305.400     7.44715  
305.500     7.44918  
305.600     7.45121  
305.700     7.45324  
305.800     7.45527  
305.900     7.45730  
306.000     7.45933  
306.100     7.46136  
306.200     7.46339  
306.300     7.46541  
306.400     7.46744  
306.500     7.46947  
306.600     7.47149  
306.700     7.47352  
306.800     7.47554  
306.900     7.47757  
307.000     7.47959  
307.100     7.48161  
307.200     7.48364  
307.300     7.48566  
307.400     7.48768  
307.500     7.48970  
307.600     7.49172  
307.700     7.49374  
307.800     7.49576  
307.900     7.49777  
308.000     7.49979  
308.100     7.50181  
308.200     7.50382  
308.300     7.50584  
308.400     7.50786  
308.500     7.50987  
308.600     7.51188  
308.700     7.51390  
308.800     7.51591  
308.900     7.51792  
309.000     7.51993  
309.100     7.52194  
309.200     7.52395  
309.300     7.52596  
309.400     7.52797  
309.500     7.52998  
309.600     7.53199  
309.700     7.53400  
309.800     7.53600  
309.900     7.53801  
310.000     7.54002  
310.100     7.54202  
310.200     7.54402  
310.300     7.54603  
310.400     7.54803  
310.500     7.55003  
310.600     7.55204  
310.700     7.55404  
310.800     7.55604  
310.900     7.55804  
311.000     7.56004  
311.100     7.56204  
311.200     7.56403  
311.300     7.56603  
311.400     7.56803  
311.500     7.57003  
311.600     7.57202  
311.700     7.57402  
311.800     7.57601  
311.900     7.57801  
312.000     7.58000  
312.100     7.58199  
312.200     7.58399  
312.300     7.58598  
312.400     7.58797  
312.500     7.58996  
312.600     7.59195  
312.700     7.59394  
312.800     7.59593  
312.900     7.59792  
313.000     7.59990  
313.100     7.60189  
313.200     7.60388  
313.300     7.60586  
313.400     7.60785  
313.500     7.60983  
313.600     7.61182  
313.700     7.61380  
313.800     7.61578  
313.900     7.61777  
314.000     7.61975  
314.100     7.62173  
314.200     7.62371  
314.300     7.62569  
314.400     7.62767  
314.500     7.62965  
314.600     7.63162  
314.700     7.63360  
314.800     7.63558  
314.900     7.63756  
315.000     7.63953  
315.100     7.64151  
315.200     7.64348  
315.300     7.64545  
315.400     7.64743  
315.500     7.64940  
315.600     7.65137  
315.700     7.65334  
315.800     7.65532  
315.900     7.65729  
316.000     7.65926  
316.100     7.66122  
316.200     7.66319  
316.300     7.66516  
316.400     7.66713  
316.500     7.66909  
316.600     7.67106  
316.700     7.67303  
316.800     7.67499  
316.900     7.67696  
317.000     7.67892  
317.100     7.68088  
317.200     7.68284  
317.300     7.68481  
317.400     7.68677  
317.500     7.68873  
317.600     7.69069  
317.700     7.69265  
317.800     7.69461  
317.900     7.69657  
318.000     7.69852  
318.100     7.70048  
318.200     7.70244  
318.300     7.70439  
318.400     7.70635  
318.500     7.70830  
318.600     7.71026  
318.700     7.71221  
318.800     7.71416  
318.900     7.71612  
319.000     7.71807  
319.100     7.72002  
319.200     7.72197  
319.300     7.72392  
319.400     7.72587  
319.500     7.72782  
319.600     7.72977  
319.700     7.73171  
319.800     7.73366  
319.900     7.73561  
320.000     7.73755  
320.100     7.73950  
320.200     7.74144  
320.300     7.74339  
320.400     7.74533  
320.500     7.74727  
320.600     7.74921  
320.700     7.75116  
320.800     7.75310  
320.900     7.75504  
321.000     7.75698  
321.100     7.75892  
321.200     7.76085  
321.300     7.76279  
321.400     7.76473  
321.500     7.76667  
321.600     7.76860  
321.700     7.77054  
321.800     7.77247  
321.900     7.77441  
322.000     7.77634  
322.100     7.77827  
322.200     7.78021  
322.300     7.78214  
322.400     7.78407  
322.500     7.78600  
322.600     7.78793  
322.700     7.78986  
322.800     7.79179  
322.900     7.79372  
323.000     7.79564  
323.100     7.79757  
323.200     7.79950  
323.300     7.80142  
323.400     7.80335  
323.500     7.80527  
323.600     7.80720  
323.700     7.80912  
323.800     7.81104  
323.900     7.81297  
324.000     7.81489  
324.100     7.81681  
324.200     7.81873  
324.300     7.82065  
324.400     7.82257  
324.500     7.82449  
324.600     7.82640  
324.700     7.82832  
324.800     7.83024  
324.900     7.83216  
325.000     7.83407  
325.100     7.83599  
325.200     7.83790  
325.300     7.83981  
325.400     7.84173  
325.500     7.84364  
325.600     7.84555  
325.700     7.84746  
325.800     7.84937  
325.900     7.85128  
326.000     7.85319  
326.100     7.85510  
326.200     7.85701  
326.300     7.85892  
326.400     7.86083  
326.500     7.86273  
326.600     7.86464  
326.700     7.86654  
326.800     7.86845  
326.900     7.87035  
327.000     7.87226  
327.100     7.87416  
327.200     7.87606  
327.300     7.87796  
327.400     7.87986  
327.500     7.88176  
327.600     7.88366  
327.700     7.88556  
327.800     7.88746  
327.900     7.88936  
328.000     7.89126  
328.100     7.89316  
328.200     7.89505  
328.300     7.89695  
328.400     7.89884  
328.500     7.90074  
328.600     7.90263  
328.700     7.90452  
328.800     7.90642  
328.900     7.90831  
329.000     7.91020  
329.100     7.91209  
329.200     7.91398  
329.300     7.91587  
329.400     7.91776  
329.500     7.91965  
329.600     7.92154  
329.700     7.92342  
329.800     7.92531  
329.900     7.92720  
330.000     7.92908  
330.100     7.93097  
330.200     7.93285  
330.300     7.93473  
330.400     7.93662  
330.500     7.93850  
330.600     7.94038  
330.700     7.94226  
330.800     7.94414  
330.900     7.94602  
331.000     7.94790  
331.100     7.94978  
331.200     7.95166  
331.300     7.95354  
331.400     7.95541  
331.500     7.95729  
331.600     7.95916  
331.700     7.96104  
331.800     7.96291  
331.900     7.96479  
332.000     7.96666  
332.100     7.96853  
332.200     7.97041  
332.300     7.97228  
332.400     7.97415  
332.500     7.97602  
332.600     7.97789  
332.700     7.97976  
332.800     7.98163  
332.900     7.98349  
333.000     7.98536  
333.100     7.98723  
333.200     7.98909  
333.300     7.99096  
333.400     7.99282  
333.500     7.99469  
333.600     7.99655  
333.700     7.99841  
333.800     8.00028  
333.900     8.00214  
334.000     8.00400  
334.100     8.00586  
334.200     8.00772  
334.300     8.00958  
334.400     8.01144  
334.500     8.01330  
334.600     8.01515  
334.700     8.01701  
334.800     8.01887  
334.900     8.02072  
335.000     8.02258  
335.100     8.02443  
335.200     8.02629  
335.300     8.02814  
335.400     8.02999  
335.500     8.03184  
335.600     8.03370  
335.700     8.03555  
335.800     8.03740  
335.900     8.03925  
336.000     8.04110  
336.100     8.04294  
336.200     8.04479  
336.300     8.04664  
336.400     8.04849  
336.500     8.05033  
336.600     8.05218  
336.700     8.05402  
336.800     8.05587  
336.900     8.05771  
337.000     8.05955  
337.100     8.06139  
337.200     8.06324  
337.300     8.06508  
337.400     8.06692  
337.500     8.06876  
337.600     8.07060  
337.700     8.07244  
337.800     8.07427  
337.900     8.07611  
338.000     8.07795  
338.100     8.07978  
338.200     8.08162  
338.300     8.08345  
338.400     8.08529  
338.500     8.08712  
338.600     8.08896  
338.700     8.09079  
338.800     8.09262  
338.900     8.09445  
339.000     8.09628  
339.100     8.09811  
339.200     8.09994  
339.300     8.10177  
339.400     8.10360  
339.500     8.10543  
339.600     8.10726  
339.700     8.10908  
339.800     8.11091  
339.900     8.11273  
340.000     8.11456  
340.100     8.11638  
340.200     8.11821  
340.300     8.12003  
340.400     8.12185  
340.500     8.12367  
340.600     8.12549  
340.700     8.12731  
340.800     8.12913  
340.900     8.13095  
341.000     8.13277  
341.100     8.13459  
341.200     8.13641  
341.300     8.13822  
341.400     8.14004  
341.500     8.14186  
341.600     8.14367  
341.700     8.14549  
341.800     8.14730  
341.900     8.14911  
342.000     8.15093  
342.100     8.15274  
342.200     8.15455  
342.300     8.15636  
342.400     8.15817  
342.500     8.15998  
342.600     8.16179  
342.700     8.16360  
342.800     8.16541  
342.900     8.16721  
343.000     8.16902  
343.100     8.17082  
343.200     8.17263  
343.300     8.17443  
343.400     8.17624  
343.500     8.17804  
343.600     8.17985  
343.700     8.18165  
343.800     8.18345  
343.900     8.18525  
344.000     8.18705  
344.100     8.18885  
344.200     8.19065  
344.300     8.19245  
344.400     8.19425  
344.500     8.19604  
344.600     8.19784  
344.700     8.19964  
344.800     8.20143  
344.900     8.20323  
345.000     8.20502  
345.100     8.20682  
345.200     8.20861  
345.300     8.21040  
345.400     8.21219  
345.500     8.21399  
345.600     8.21578  
345.700     8.21757  
345.800     8.21936  
345.900     8.22115  
346.000     8.22293  
346.100     8.22472  
346.200     8.22651  
346.300     8.22830  
346.400     8.23008  
346.500     8.23187  
346.600     8.23365  
346.700     8.23544  
346.800     8.23722  
346.900     8.23900  
347.000     8.24078  
347.100     8.24257  
347.200     8.24435  
347.300     8.24613  
347.400     8.24791  
347.500     8.24969  
347.600     8.25147  
347.700     8.25324  
347.800     8.25502  
347.900     8.25680  
348.000     8.25857  
348.100     8.26035  
348.200     8.26213  
348.300     8.26390  
348.400     8.26567  
348.500     8.26745  
348.600     8.26922  
348.700     8.27099  
348.800     8.27276  
348.900     8.27453  
349.000     8.27630  
349.100     8.27807  
349.200     8.27984  
349.300     8.28161  
349.400     8.28338  
349.500     8.28515  
349.600     8.28691  
349.700     8.28868  
349.800     8.29044  
349.900     8.29221  
350.000     8.29397  