 0.000     0.00000  
  0.100     0.00000  
  0.200     0.00000  
  0.300     0.00000  
  0.400     0.00000  
  0.500     0.00000  
  0.600     0.00000  
  0.700     0.00000  
  0.800     0.00000  
  0.900     0.00000  
  1.000     0.00000  
  1.100     0.00000  
  1.200     0.00000  
  1.300     0.00000  
  1.400     0.00000  
  1.500     0.00000  
  1.600     0.00000  
  1.700     0.00000  
  1.800     0.00000  
  1.900     0.00000  
  2.000     0.00000  
  2.100     0.00000  
  2.200     0.00000  
  2.300     0.00000  
  2.400     0.00000  
  2.500     0.00000  
  2.600     0.00000  
  2.700     0.00000  
  2.800     0.00000  
  2.900     0.00000  
  3.000     0.00000  
  3.100     0.00000  
  3.200     0.00000  
  3.300     0.00000  
  3.400     0.00000  
  3.500     0.00000  
  3.600     0.00000  
  3.700     0.00000  
  3.800     0.00000  
  3.900     0.00000  
  4.000     0.00000  
  4.100     0.00000  
  4.200     0.00000  
  4.300     0.00000  
  4.400     0.00000  
  4.500     0.00000  
  4.600     0.00000  
  4.700     0.00000  
  4.800     0.00000  
  4.900     0.00000  
  5.000     0.00000  
  5.100     0.00000  
  5.200     0.00000  
  5.300     0.00000  
  5.400     0.00000  
  5.500     0.00000  
  5.600     0.00000  
  5.700     0.00000  
  5.800     0.00000  
  5.900     0.00000  
  6.000     0.00000  
  6.100     0.00000  
  6.200     0.00000  
  6.300     0.00001  
  6.400     0.00001  
  6.500     0.00001  
  6.600     0.00001  
  6.700     0.00001  
  6.800     0.00001  
  6.900     0.00001  
  7.000     0.00001  
  7.100     0.00001  
  7.200     0.00001  
  7.300     0.00001  
  7.400     0.00001  
  7.500     0.00001  
  7.600     0.00001  
  7.700     0.00001  
  7.800     0.00002  
  7.900     0.00002  
  8.000     0.00002  
  8.100     0.00002  
  8.200     0.00002  
  8.300     0.00002  
  8.400     0.00002  
  8.500     0.00002  
  8.600     0.00003  
  8.700     0.00003  
  8.800     0.00003  
  8.900     0.00003  
  9.000     0.00003  
  9.100     0.00003  
  9.200     0.00003  
  9.300     0.00004  
  9.400     0.00004  
  9.500     0.00004  
  9.600     0.00004  
  9.700     0.00005  
  9.800     0.00005  
  9.900     0.00005  
 10.000     0.00005  
 10.100     0.00005  
 10.200     0.00006  
 10.300     0.00006  
 10.400     0.00006  
 10.500     0.00006  
 10.600     0.00007  
 10.700     0.00007  
 10.800     0.00007  
 10.900     0.00008  
 11.000     0.00008  
 11.100     0.00008  
 11.200     0.00009  
 11.300     0.00009  
 11.400     0.00009  
 11.500     0.00010  
 11.600     0.00010  
 11.700     0.00011  
 11.800     0.00011  
 11.900     0.00011  
 12.000     0.00012  
 12.100     0.00012  
 12.200     0.00013  
 12.300     0.00013  
 12.400     0.00014  
 12.500     0.00014  
 12.600     0.00015  
 12.700     0.00015  
 12.800     0.00016  
 12.900     0.00016  
 13.000     0.00017  
 13.100     0.00017  
 13.200     0.00018  
 13.300     0.00019  
 13.400     0.00019  
 13.500     0.00020  
 13.600     0.00020  
 13.700     0.00021  
 13.800     0.00022  
 13.900     0.00022  
 14.000     0.00023  
 14.100     0.00024  
 14.200     0.00025  
 14.300     0.00025  
 14.400     0.00026  
 14.500     0.00027  
 14.600     0.00028  
 14.700     0.00028  
 14.800     0.00029  
 14.900     0.00030  
 15.000     0.00031  
 15.100     0.00032  
 15.200     0.00033  
 15.300     0.00033  
 15.400     0.00034  
 15.500     0.00035  
 15.600     0.00036  
 15.700     0.00037  
 15.800     0.00038  
 15.900     0.00039  
 16.000     0.00040  
 16.100     0.00041  
 16.200     0.00042  
 16.300     0.00043  
 16.400     0.00044  
 16.500     0.00046  
 16.600     0.00047  
 16.700     0.00048  
 16.800     0.00049  
 16.900     0.00050  
 17.000     0.00051  
 17.100     0.00053  
 17.200     0.00054  
 17.300     0.00055  
 17.400     0.00056  
 17.500     0.00058  
 17.600     0.00059  
 17.700     0.00060  
 17.800     0.00062  
 17.900     0.00063  
 18.000     0.00064  
 18.100     0.00066  
 18.200     0.00067  
 18.300     0.00069  
 18.400     0.00070  
 18.500     0.00071  
 18.600     0.00073  
 18.700     0.00075  
 18.800     0.00076  
 18.900     0.00078  
 19.000     0.00079  
 19.100     0.00081  
 19.200     0.00082  
 19.300     0.00084  
 19.400     0.00086  
 19.500     0.00087  
 19.600     0.00089  
 19.700     0.00091  
 19.800     0.00093  
 19.900     0.00094  
 20.000     0.00096  
 20.100     0.00098  
 20.200     0.00100  
 20.300     0.00102  
 20.400     0.00104  
 20.500     0.00106  
 20.600     0.00108  
 20.700     0.00110  
 20.800     0.00111  
 20.900     0.00113  
 21.000     0.00116  
 21.100     0.00118  
 21.200     0.00120  
 21.300     0.00122  
 21.400     0.00124  
 21.500     0.00126  
 21.600     0.00128  
 21.700     0.00130  
 21.800     0.00133  
 21.900     0.00135  
 22.000     0.00137  
 22.100     0.00139  
 22.200     0.00142  
 22.300     0.00144  
 22.400     0.00146  
 22.500     0.00149  
 22.600     0.00151  
 22.700     0.00153  
 22.800     0.00156  
 22.900     0.00158  
 23.000     0.00161  
 23.100     0.00163  
 23.200     0.00166  
 23.300     0.00169  
 23.400     0.00171  
 23.500     0.00174  
 23.600     0.00176  
 23.700     0.00179  
 23.800     0.00182  
 23.900     0.00184  
 24.000     0.00187  
 24.100     0.00190  
 24.200     0.00193  
 24.300     0.00195  
 24.400     0.00198  
 24.500     0.00201  
 24.600     0.00204  
 24.700     0.00207  
 24.800     0.00210  
 24.900     0.00213  
 25.000     0.00216  
 25.100     0.00219  
 25.200     0.00222  
 25.300     0.00225  
 25.400     0.00228  
 25.500     0.00231  
 25.600     0.00234  
 25.700     0.00237  
 25.800     0.00240  
 25.900     0.00244  
 26.000     0.00247  
 26.100     0.00250  
 26.200     0.00253  
 26.300     0.00257  
 26.400     0.00260  
 26.500     0.00263  
 26.600     0.00267  
 26.700     0.00270  
 26.800     0.00274  
 26.900     0.00277  
 27.000     0.00281  
 27.100     0.00284  
 27.200     0.00288  
 27.300     0.00291  
 27.400     0.00295  
 27.500     0.00298  
 27.600     0.00302  
 27.700     0.00306  
 27.800     0.00309  
 27.900     0.00313  
 28.000     0.00317  
 28.100     0.00321  
 28.200     0.00324  
 28.300     0.00328  
 28.400     0.00332  
 28.500     0.00336  
 28.600     0.00340  
 28.700     0.00344  
 28.800     0.00348  
 28.900     0.00352  
 29.000     0.00356  
 29.100     0.00360  
 29.200     0.00364  
 29.300     0.00368  
 29.400     0.00372  
 29.500     0.00376  
 29.600     0.00380  
 29.700     0.00384  
 29.800     0.00388  
 29.900     0.00393  
 30.000     0.00397  
 30.100     0.00401  
 30.200     0.00405  
 30.300     0.00410  
 30.400     0.00414  
 30.500     0.00419  
 30.600     0.00423  
 30.700     0.00427  
 30.800     0.00432  
 30.900     0.00436  
 31.000     0.00441  
 31.100     0.00445  
 31.200     0.00450  
 31.300     0.00454  
 31.400     0.00459  
 31.500     0.00464  
 31.600     0.00468  
 31.700     0.00473  
 31.800     0.00478  
 31.900     0.00483  
 32.000     0.00487  
 32.100     0.00492  
 32.200     0.00497  
 32.300     0.00502  
 32.400     0.00507  
 32.500     0.00511  
 32.600     0.00516  
 32.700     0.00521  
 32.800     0.00526  
 32.900     0.00531  
 33.000     0.00536  
 33.100     0.00541  
 33.200     0.00546  
 33.300     0.00552  
 33.400     0.00557  
 33.500     0.00562  
 33.600     0.00567  
 33.700     0.00572  
 33.800     0.00577  
 33.900     0.00583  
 34.000     0.00588  
 34.100     0.00593  
 34.200     0.00599  
 34.300     0.00604  
 34.400     0.00609  
 34.500     0.00615  
 34.600     0.00620  
 34.700     0.00625  
 34.800     0.00631  
 34.900     0.00636  
 35.000     0.00642  
 35.100     0.00648  
 35.200     0.00653  
 35.300     0.00659  
 35.400     0.00664  
 35.500     0.00670  
 35.600     0.00676  
 35.700     0.00681  
 35.800     0.00687  
 35.900     0.00693  
 36.000     0.00699  
 36.100     0.00705  
 36.200     0.00710  
 36.300     0.00716  
 36.400     0.00722  
 36.500     0.00728  
 36.600     0.00734  
 36.700     0.00740  
 36.800     0.00746  
 36.900     0.00752  
 37.000     0.00758  
 37.100     0.00764  
 37.200     0.00770  
 37.300     0.00776  
 37.400     0.00782  
 37.500     0.00788  
 37.600     0.00794  
 37.700     0.00801  
 37.800     0.00807  
 37.900     0.00813  
 38.000     0.00819  
 38.100     0.00826  
 38.200     0.00832  
 38.300     0.00838  
 38.400     0.00845  
 38.500     0.00851  
 38.600     0.00858  
 38.700     0.00864  
 38.800     0.00870  
 38.900     0.00877  
 39.000     0.00884  
 39.100     0.00890  
 39.200     0.00897  
 39.300     0.00903  
 39.400     0.00910  
 39.500     0.00916  
 39.600     0.00923  
 39.700     0.00930  
 39.800     0.00936  
 39.900     0.00943  
 40.000     0.00950  
 40.100     0.00957  
 40.200     0.00963  
 40.300     0.00970  
 40.400     0.00977  
 40.500     0.00984  
 40.600     0.00991  
 40.700     0.00998  
 40.800     0.01005  
 40.900     0.01012  
 41.000     0.01019  
 41.100     0.01026  
 41.200     0.01033  
 41.300     0.01040  
 41.400     0.01047  
 41.500     0.01054  
 41.600     0.01061  
 41.700     0.01068  
 41.800     0.01075  
 41.900     0.01083  
 42.000     0.01090  
 42.100     0.01097  
 42.200     0.01104  
 42.300     0.01112  
 42.400     0.01119  
 42.500     0.01126  
 42.600     0.01134  
 42.700     0.01141  
 42.800     0.01149  
 42.900     0.01156  
 43.000     0.01163  
 43.100     0.01171  
 43.200     0.01178  
 43.300     0.01186  
 43.400     0.01193  
 43.500     0.01201  
 43.600     0.01209  
 43.700     0.01216  
 43.800     0.01224  
 43.900     0.01231  
 44.000     0.01239  
 44.100     0.01247  
 44.200     0.01255  
 44.300     0.01262  
 44.400     0.01270  
 44.500     0.01278  
 44.600     0.01286  
 44.700     0.01293  
 44.800     0.01301  
 44.900     0.01309  
 45.000     0.01317  
 45.100     0.01325  
 45.200     0.01333  
 45.300     0.01341  
 45.400     0.01349  
 45.500     0.01357  
 45.600     0.01365  
 45.700     0.01373  
 45.800     0.01381  
 45.900     0.01389  
 46.000     0.01397  
 46.100     0.01405  
 46.200     0.01413  
 46.300     0.01422  
 46.400     0.01430  
 46.500     0.01438  
 46.600     0.01446  
 46.700     0.01455  
 46.800     0.01463  
 46.900     0.01471  
 47.000     0.01480  
 47.100     0.01488  
 47.200     0.01496  
 47.300     0.01505  
 47.400     0.01513  
 47.500     0.01521  
 47.600     0.01530  
 47.700     0.01538  
 47.800     0.01547  
 47.900     0.01555  
 48.000     0.01564  
 48.100     0.01572  
 48.200     0.01581  
 48.300     0.01590  
 48.400     0.01598  
 48.500     0.01607  
 48.600     0.01615  
 48.700     0.01624  
 48.800     0.01633  
 48.900     0.01642  
 49.000     0.01650  
 49.100     0.01659  
 49.200     0.01668  
 49.300     0.01677  
 49.400     0.01685  
 49.500     0.01694  
 49.600     0.01703  
 49.700     0.01712  
 49.800     0.01721  
 49.900     0.01730  
 50.000     0.01739  
 50.100     0.01748  
 50.200     0.01757  
 50.300     0.01766  
 50.400     0.01775  
 50.500     0.01784  
 50.600     0.01793  
 50.700     0.01802  
 50.800     0.01811  
 50.900     0.01820  
 51.000     0.01829  
 51.100     0.01838  
 51.200     0.01848  
 51.300     0.01857  
 51.400     0.01866  
 51.500     0.01875  
 51.600     0.01884  
 51.700     0.01894  
 51.800     0.01903  
 51.900     0.01912  
 52.000     0.01922  
 52.100     0.01931  
 52.200     0.01940  
 52.300     0.01950  
 52.400     0.01959  
 52.500     0.01968  
 52.600     0.01978  
 52.700     0.01987  
 52.800     0.01997  
 52.900     0.02006  
 53.000     0.02016  
 53.100     0.02025  
 53.200     0.02035  
 53.300     0.02044  
 53.400     0.02054  
 53.500     0.02064  
 53.600     0.02073  
 53.700     0.02083  
 53.800     0.02093  
 53.900     0.02102  
 54.000     0.02112  
 54.100     0.02122  
 54.200     0.02131  
 54.300     0.02141  
 54.400     0.02151  
 54.500     0.02161  
 54.600     0.02170  
 54.700     0.02180  
 54.800     0.02190  
 54.900     0.02200  
 55.000     0.02210  
 55.100     0.02220  
 55.200     0.02230  
 55.300     0.02240  
 55.400     0.02249  
 55.500     0.02259  
 55.600     0.02269  
 55.700     0.02279  
 55.800     0.02289  
 55.900     0.02299  
 56.000     0.02310  
 56.100     0.02320  
 56.200     0.02330  
 56.300     0.02340  
 56.400     0.02350  
 56.500     0.02360  
 56.600     0.02370  
 56.700     0.02380  
 56.800     0.02390  
 56.900     0.02401  
 57.000     0.02411  
 57.100     0.02421  
 57.200     0.02431  
 57.300     0.02442  
 57.400     0.02452  
 57.500     0.02462  
 57.600     0.02473  
 57.700     0.02483  
 57.800     0.02493  
 57.900     0.02504  
 58.000     0.02514  
 58.100     0.02524  
 58.200     0.02535  
 58.300     0.02545  
 58.400     0.02556  
 58.500     0.02566  
 58.600     0.02577  
 58.700     0.02587  
 58.800     0.02598  
 58.900     0.02608  
 59.000     0.02619  
 59.100     0.02629  
 59.200     0.02640  
 59.300     0.02650  
 59.400     0.02661  
 59.500     0.02672  
 59.600     0.02682  
 59.700     0.02693  
 59.800     0.02704  
 59.900     0.02714  
 60.000     0.02725  
 60.100     0.02736  
 60.200     0.02746  
 60.300     0.02757  
 60.400     0.02768  
 60.500     0.02779  
 60.600     0.02789  
 60.700     0.02800  
 60.800     0.02811  
 60.900     0.02822  
 61.000     0.02833  
 61.100     0.02844  
 61.200     0.02855  
 61.300     0.02865  
 61.400     0.02876  
 61.500     0.02887  
 61.600     0.02898  
 61.700     0.02909  
 61.800     0.02920  
 61.900     0.02931  
 62.000     0.02942  
 62.100     0.02953  
 62.200     0.02964  
 62.300     0.02975  
 62.400     0.02986  
 62.500     0.02997  
 62.600     0.03008  
 62.700     0.03020  
 62.800     0.03031  
 62.900     0.03042  
 63.000     0.03053  
 63.100     0.03064  
 63.200     0.03075  
 63.300     0.03087  
 63.400     0.03098  
 63.500     0.03109  
 63.600     0.03120  
 63.700     0.03131  
 63.800     0.03143  
 63.900     0.03154  
 64.000     0.03165  
 64.100     0.03177  
 64.200     0.03188  
 64.300     0.03199  
 64.400     0.03211  
 64.500     0.03222  
 64.600     0.03233  
 64.700     0.03245  
 64.800     0.03256  
 64.900     0.03267  
 65.000     0.03279  
 65.100     0.03290  
 65.200     0.03302  
 65.300     0.03313  
 65.400     0.03325  
 65.500     0.03336  
 65.600     0.03348  
 65.700     0.03359  
 65.800     0.03371  
 65.900     0.03382  
 66.000     0.03394  
 66.100     0.03405  
 66.200     0.03417  
 66.300     0.03429  
 66.400     0.03440  
 66.500     0.03452  
 66.600     0.03464  
 66.700     0.03475  
 66.800     0.03487  
 66.900     0.03499  
 67.000     0.03510  
 67.100     0.03522  
 67.200     0.03534  
 67.300     0.03545  
 67.400     0.03557  
 67.500     0.03569  
 67.600     0.03581  
 67.700     0.03592  
 67.800     0.03604  
 67.900     0.03616  
 68.000     0.03628  
 68.100     0.03640  
 68.200     0.03652  
 68.300     0.03663  
 68.400     0.03675  
 68.500     0.03687  
 68.600     0.03699  
 68.700     0.03711  
 68.800     0.03723  
 68.900     0.03735  
 69.000     0.03747  
 69.100     0.03759  
 69.200     0.03771  
 69.300     0.03783  
 69.400     0.03795  
 69.500     0.03807  
 69.600     0.03819  
 69.700     0.03831  
 69.800     0.03843  
 69.900     0.03855  
 70.000     0.03867  
 70.100     0.03879  
 70.200     0.03891  
 70.300     0.03903  
 70.400     0.03915  
 70.500     0.03928  
 70.600     0.03940  
 70.700     0.03952  
 70.800     0.03964  
 70.900     0.03976  
 71.000     0.03988  
 71.100     0.04000  
 71.200     0.04013  
 71.300     0.04025  
 71.400     0.04037  
 71.500     0.04049  
 71.600     0.04062  
 71.700     0.04074  
 71.800     0.04086  
 71.900     0.04098  
 72.000     0.04111  
 72.100     0.04123  
 72.200     0.04135  
 72.300     0.04148  
 72.400     0.04160  
 72.500     0.04172  
 72.600     0.04185  
 72.700     0.04197  
 72.800     0.04209  
 72.900     0.04222  
 73.000     0.04234  
 73.100     0.04247  
 73.200     0.04259  
 73.300     0.04272  
 73.400     0.04284  
 73.500     0.04296  
 73.600     0.04309  
 73.700     0.04321  
 73.800     0.04334  
 73.900     0.04346  
 74.000     0.04359  
 74.100     0.04371  
 74.200     0.04384  
 74.300     0.04396  
 74.400     0.04409  
 74.500     0.04422  
 74.600     0.04434  
 74.700     0.04447  
 74.800     0.04459  
 74.900     0.04472  
 75.000     0.04485  
 75.100     0.04497  
 75.200     0.04510  
 75.300     0.04522  
 75.400     0.04535  
 75.500     0.04548  
 75.600     0.04560  
 75.700     0.04573  
 75.800     0.04586  
 75.900     0.04599  
 76.000     0.04611  
 76.100     0.04624  
 76.200     0.04637  
 76.300     0.04650  
 76.400     0.04662  
 76.500     0.04675  
 76.600     0.04688  
 76.700     0.04701  
 76.800     0.04713  
 76.900     0.04726  
 77.000     0.04739  
 77.100     0.04752  
 77.200     0.04765  
 77.300     0.04778  
 77.400     0.04790  
 77.500     0.04803  
 77.600     0.04816  
 77.700     0.04829  
 77.800     0.04842  
 77.900     0.04855  
 78.000     0.04868  
 78.100     0.04881  
 78.200     0.04894  
 78.300     0.04906  
 78.400     0.04919  
 78.500     0.04932  
 78.600     0.04945  
 78.700     0.04958  
 78.800     0.04971  
 78.900     0.04984  
 79.000     0.04997  
 79.100     0.05010  
 79.200     0.05023  
 79.300     0.05036  
 79.400     0.05049  
 79.500     0.05062  
 79.600     0.05075  
 79.700     0.05089  
 79.800     0.05102  
 79.900     0.05115  
 80.000     0.05128  
 80.100     0.05141  
 80.200     0.05154  
 80.300     0.05167  
 80.400     0.05180  
 80.500     0.05193  
 80.600     0.05207  
 80.700     0.05220  
 80.800     0.05233  
 80.900     0.05246  
 81.000     0.05259  
 81.100     0.05272  
 81.200     0.05286  
 81.300     0.05299  
 81.400     0.05312  
 81.500     0.05325  
 81.600     0.05338  
 81.700     0.05352  
 81.800     0.05365  
 81.900     0.05378  
 82.000     0.05391  
 82.100     0.05405  
 82.200     0.05418  
 82.300     0.05431  
 82.400     0.05445  
 82.500     0.05458  
 82.600     0.05471  
 82.700     0.05485  
 82.800     0.05498  
 82.900     0.05511  
 83.000     0.05524  
 83.100     0.05538  
 83.200     0.05551  
 83.300     0.05565  
 83.400     0.05578  
 83.500     0.05591  
 83.600     0.05605  
 83.700     0.05618  
 83.800     0.05632  
 83.900     0.05645  
 84.000     0.05658  
 84.100     0.05672  
 84.200     0.05685  
 84.300     0.05699  
 84.400     0.05712  
 84.500     0.05726  
 84.600     0.05739  
 84.700     0.05753  
 84.800     0.05766  
 84.900     0.05780  
 85.000     0.05793  
 85.100     0.05806  
 85.200     0.05820  
 85.300     0.05834  
 85.400     0.05847  
 85.500     0.05861  
 85.600     0.05874  
 85.700     0.05888  
 85.800     0.05901  
 85.900     0.05915  
 86.000     0.05928  
 86.100     0.05942  
 86.200     0.05955  
 86.300     0.05969  
 86.400     0.05983  
 86.500     0.05996  
 86.600     0.06010  
 86.700     0.06023  
 86.800     0.06037  
 86.900     0.06051  
 87.000     0.06064  
 87.100     0.06078  
 87.200     0.06092  
 87.300     0.06105  
 87.400     0.06119  
 87.500     0.06133  
 87.600     0.06146  
 87.700     0.06160  
 87.800     0.06174  
 87.900     0.06187  
 88.000     0.06201  
 88.100     0.06215  
 88.200     0.06229  
 88.300     0.06242  
 88.400     0.06256  
 88.500     0.06270  
 88.600     0.06284  
 88.700     0.06297  
 88.800     0.06311  
 88.900     0.06325  
 89.000     0.06339  
 89.100     0.06352  
 89.200     0.06366  
 89.300     0.06380  
 89.400     0.06394  
 89.500     0.06408  
 89.600     0.06421  
 89.700     0.06435  
 89.800     0.06449  
 89.900     0.06463  
 90.000     0.06477  
 90.100     0.06491  
 90.200     0.06504  
 90.300     0.06518  
 90.400     0.06532  
 90.500     0.06546  
 90.600     0.06560  
 90.700     0.06574  
 90.800     0.06588  
 90.900     0.06602  
 91.000     0.06615  
 91.100     0.06629  
 91.200     0.06643  
 91.300     0.06657  
 91.400     0.06671  
 91.500     0.06685  
 91.600     0.06699  
 91.700     0.06713  
 91.800     0.06727  
 91.900     0.06741  
 92.000     0.06755  
 92.100     0.06769  
 92.200     0.06783  
 92.300     0.06797  
 92.400     0.06811  
 92.500     0.06825  
 92.600     0.06839  
 92.700     0.06853  
 92.800     0.06867  
 92.900     0.06881  
 93.000     0.06895  
 93.100     0.06909  
 93.200     0.06923  
 93.300     0.06937  
 93.400     0.06951  
 93.500     0.06965  
 93.600     0.06979  
 93.700     0.06993  
 93.800     0.07007  
 93.900     0.07021  
 94.000     0.07035  
 94.100     0.07049  
 94.200     0.07063  
 94.300     0.07078  
 94.400     0.07092  
 94.500     0.07106  
 94.600     0.07120  
 94.700     0.07134  
 94.800     0.07148  
 94.900     0.07162  
 95.000     0.07176  
 95.100     0.07190  
 95.200     0.07205  
 95.300     0.07219  
 95.400     0.07233  
 95.500     0.07247  
 95.600     0.07261  
 95.700     0.07275  
 95.800     0.07290  
 95.900     0.07304  
 96.000     0.07318  
 96.100     0.07332  
 96.200     0.07346  
 96.300     0.07360  
 96.400     0.07375  
 96.500     0.07389  
 96.600     0.07403  
 96.700     0.07417  
 96.800     0.07432  
 96.900     0.07446  
 97.000     0.07460  
 97.100     0.07474  
 97.200     0.07488  
 97.300     0.07503  
 97.400     0.07517  
 97.500     0.07531  
 97.600     0.07546  
 97.700     0.07560  
 97.800     0.07574  
 97.900     0.07588  
 98.000     0.07603  
 98.100     0.07617  
 98.200     0.07631  
 98.300     0.07645  
 98.400     0.07660  
 98.500     0.07674  
 98.600     0.07688  
 98.700     0.07703  
 98.800     0.07717  
 98.900     0.07731  
 99.000     0.07746  
 99.100     0.07760  
 99.200     0.07774  
 99.300     0.07789  
 99.400     0.07803  
 99.500     0.07817  
 99.600     0.07832  
 99.700     0.07846  
 99.800     0.07860  
 99.900     0.07875  
100.000     0.07889  
100.100     0.07903  
100.200     0.07918  
100.300     0.07932  
100.400     0.07947  
100.500     0.07961  
100.600     0.07975  
100.700     0.07990  
100.800     0.08004  
100.900     0.08019  
101.000     0.08033  
101.100     0.08047  
101.200     0.08062  
101.300     0.08076  
101.400     0.08091  
101.500     0.08105  
101.600     0.08120  
101.700     0.08134  
101.800     0.08148  
101.900     0.08163  
102.000     0.08177  
102.100     0.08192  
102.200     0.08206  
102.300     0.08221  
102.400     0.08235  
102.500     0.08250  
102.600     0.08264  
102.700     0.08279  
102.800     0.08293  
102.900     0.08308  
103.000     0.08322  
103.100     0.08337  
103.200     0.08351  
103.300     0.08366  
103.400     0.08380  
103.500     0.08395  
103.600     0.08409  
103.700     0.08424  
103.800     0.08438  
103.900     0.08453  
104.000     0.08467  
104.100     0.08482  
104.200     0.08496  
104.300     0.08511  
104.400     0.08526  
104.500     0.08540  
104.600     0.08555  
104.700     0.08569  
104.800     0.08584  
104.900     0.08598  
105.000     0.08613  
105.100     0.08628  
105.200     0.08642  
105.300     0.08657  
105.400     0.08671  
105.500     0.08686  
105.600     0.08700  
105.700     0.08715  
105.800     0.08730  
105.900     0.08744  
106.000     0.08759  
106.100     0.08773  
106.200     0.08788  
106.300     0.08803  
106.400     0.08817  
106.500     0.08832  
106.600     0.08846  
106.700     0.08861  
106.800     0.08876  
106.900     0.08890  
107.000     0.08905  
107.100     0.08920  
107.200     0.08934  
107.300     0.08949  
107.400     0.08964  
107.500     0.08978  
107.600     0.08993  
107.700     0.09008  
107.800     0.09022  
107.900     0.09037  
108.000     0.09052  
108.100     0.09066  
108.200     0.09081  
108.300     0.09096  
108.400     0.09110  
108.500     0.09125  
108.600     0.09140  
108.700     0.09154  
108.800     0.09169  
108.900     0.09184  
109.000     0.09199  
109.100     0.09213  
109.200     0.09228  
109.300     0.09243  
109.400     0.09257  
109.500     0.09272  
109.600     0.09287  
109.700     0.09302  
109.800     0.09316  
109.900     0.09331  
110.000     0.09346  
110.100     0.09360  
110.200     0.09375  
110.300     0.09390  
110.400     0.09405  
110.500     0.09419  
110.600     0.09434  
110.700     0.09449  
110.800     0.09464  
110.900     0.09478  
111.000     0.09493  
111.100     0.09508  
111.200     0.09523  
111.300     0.09537  
111.400     0.09552  
111.500     0.09567  
111.600     0.09582  
111.700     0.09597  
111.800     0.09611  
111.900     0.09626  
112.000     0.09641  
112.100     0.09656  
112.200     0.09670  
112.300     0.09685  
112.400     0.09700  
112.500     0.09715  
112.600     0.09730  
112.700     0.09745  
112.800     0.09759  
112.900     0.09774  
113.000     0.09789  
113.100     0.09804  
113.200     0.09819  
113.300     0.09833  
113.400     0.09848  
113.500     0.09863  
113.600     0.09878  
113.700     0.09893  
113.800     0.09908  
113.900     0.09922  
114.000     0.09937  
114.100     0.09952  
114.200     0.09967  
114.300     0.09982  
114.400     0.09997  
114.500     0.10012  
114.600     0.10026  
114.700     0.10041  
114.800     0.10056  
114.900     0.10071  
115.000     0.10086  
115.100     0.10101  
115.200     0.10116  
115.300     0.10130  
115.400     0.10145  
115.500     0.10160  
115.600     0.10175  
115.700     0.10190  
115.800     0.10205  
115.900     0.10220  
116.000     0.10235  
116.100     0.10249  
116.200     0.10264  
116.300     0.10279  
116.400     0.10294  
116.500     0.10309  
116.600     0.10324  
116.700     0.10339  
116.800     0.10354  
116.900     0.10369  
117.000     0.10384  
117.100     0.10398  
117.200     0.10413  
117.300     0.10428  
117.400     0.10443  
117.500     0.10458  
117.600     0.10473  
117.700     0.10488  
117.800     0.10503  
117.900     0.10518  
118.000     0.10533  
118.100     0.10548  
118.200     0.10563  
118.300     0.10577  
118.400     0.10592  
118.500     0.10607  
118.600     0.10622  
118.700     0.10637  
118.800     0.10652  
118.900     0.10667  
119.000     0.10682  
119.100     0.10697  
119.200     0.10712  
119.300     0.10727  
119.400     0.10742  
119.500     0.10757  
119.600     0.10772  
119.700     0.10787  
119.800     0.10802  
119.900     0.10817  
120.000     0.10832  
120.100     0.10847  
120.200     0.10862  
120.300     0.10877  
120.400     0.10892  
120.500     0.10907  
120.600     0.10922  
120.700     0.10937  
120.800     0.10951  
120.900     0.10966  
121.000     0.10981  
121.100     0.10996  
121.200     0.11011  
121.300     0.11026  
121.400     0.11041  
121.500     0.11056  
121.600     0.11071  
121.700     0.11086  
121.800     0.11101  
121.900     0.11116  
122.000     0.11131  
122.100     0.11146  
122.200     0.11161  
122.300     0.11176  
122.400     0.11191  
122.500     0.11206  
122.600     0.11221  
122.700     0.11236  
122.800     0.11251  
122.900     0.11267  
123.000     0.11282  
123.100     0.11297  
123.200     0.11312  
123.300     0.11327  
123.400     0.11342  
123.500     0.11357  
123.600     0.11372  
123.700     0.11387  
123.800     0.11402  
123.900     0.11417  
124.000     0.11432  
124.100     0.11447  
124.200     0.11462  
124.300     0.11477  
124.400     0.11492  
124.500     0.11507  
124.600     0.11522  
124.700     0.11537  
124.800     0.11552  
124.900     0.11567  
125.000     0.11582  
125.100     0.11597  
125.200     0.11612  
125.300     0.11627  
125.400     0.11642  
125.500     0.11657  
125.600     0.11672  
125.700     0.11688  
125.800     0.11703  
125.900     0.11718  
126.000     0.11733  
126.100     0.11748  
126.200     0.11763  
126.300     0.11778  
126.400     0.11793  
126.500     0.11808  
126.600     0.11823  
126.700     0.11838  
126.800     0.11853  
126.900     0.11868  
127.000     0.11883  
127.100     0.11898  
127.200     0.11914  
127.300     0.11929  
127.400     0.11944  
127.500     0.11959  
127.600     0.11974  
127.700     0.11989  
127.800     0.12004  
127.900     0.12019  
128.000     0.12034  
128.100     0.12049  
128.200     0.12064  
128.300     0.12079  
128.400     0.12095  
128.500     0.12110  
128.600     0.12125  
128.700     0.12140  
128.800     0.12155  
128.900     0.12170  
129.000     0.12185  
129.100     0.12200  
129.200     0.12215  
129.300     0.12230  
129.400     0.12245  
129.500     0.12261  
129.600     0.12276  
129.700     0.12291  
129.800     0.12306  
129.900     0.12321  
130.000     0.12336  
130.100     0.12351  
130.200     0.12366  
130.300     0.12381  
130.400     0.12397  
130.500     0.12412  
130.600     0.12427  
130.700     0.12442  
130.800     0.12457  
130.900     0.12472  
131.000     0.12487  
131.100     0.12502  
131.200     0.12517  
131.300     0.12533  
131.400     0.12548  
131.500     0.12563  
131.600     0.12578  
131.700     0.12593  
131.800     0.12608  
131.900     0.12623  
132.000     0.12638  
132.100     0.12654  
132.200     0.12669  
132.300     0.12684  
132.400     0.12699  
132.500     0.12714  
132.600     0.12729  
132.700     0.12744  
132.800     0.12759  
132.900     0.12775  
133.000     0.12790  
133.100     0.12805  
133.200     0.12820  
133.300     0.12835  
133.400     0.12850  
133.500     0.12865  
133.600     0.12880  
133.700     0.12896  
133.800     0.12911  
133.900     0.12926  
134.000     0.12941  
134.100     0.12956  
134.200     0.12971  
134.300     0.12986  
134.400     0.13002  
134.500     0.13017  
134.600     0.13032  
134.700     0.13047  
134.800     0.13062  
134.900     0.13077  
135.000     0.13092  
135.100     0.13108  
135.200     0.13123  
135.300     0.13138  
135.400     0.13153  
135.500     0.13168  
135.600     0.13183  
135.700     0.13198  
135.800     0.13214  
135.900     0.13229  
136.000     0.13244  
136.100     0.13259  
136.200     0.13274  
136.300     0.13289  
136.400     0.13305  
136.500     0.13320  
136.600     0.13335  
136.700     0.13350  
136.800     0.13365  
136.900     0.13380  
137.000     0.13395  
137.100     0.13411  
137.200     0.13426  
137.300     0.13441  
137.400     0.13456  
137.500     0.13471  
137.600     0.13486  
137.700     0.13502  
137.800     0.13517  
137.900     0.13532  
138.000     0.13547  
138.100     0.13562  
138.200     0.13577  
138.300     0.13593  
138.400     0.13608  
138.500     0.13623  
138.600     0.13638  
138.700     0.13653  
138.800     0.13668  
138.900     0.13684  
139.000     0.13699  
139.100     0.13714  
139.200     0.13729  
139.300     0.13744  
139.400     0.13759  
139.500     0.13775  
139.600     0.13790  
139.700     0.13805  
139.800     0.13820  
139.900     0.13835  
140.000     0.13850  
140.100     0.13866  
140.200     0.13881  
140.300     0.13896  
140.400     0.13911  
140.500     0.13926  
140.600     0.13942  
140.700     0.13957  
140.800     0.13972  
140.900     0.13987  
141.000     0.14002  
141.100     0.14017  
141.200     0.14033  
141.300     0.14048  
141.400     0.14063  
141.500     0.14078  
141.600     0.14093  
141.700     0.14108  
141.800     0.14124  
141.900     0.14139  
142.000     0.14154  
142.100     0.14169  
142.200     0.14184  
142.300     0.14200  
142.400     0.14215  
142.500     0.14230  
142.600     0.14245  
142.700     0.14260  
142.800     0.14275  
142.900     0.14291  
143.000     0.14306  
143.100     0.14321  
143.200     0.14336  
143.300     0.14351  
143.400     0.14367  
143.500     0.14382  
143.600     0.14397  
143.700     0.14412  
143.800     0.14427  
143.900     0.14442  
144.000     0.14458  
144.100     0.14473  
144.200     0.14488  
144.300     0.14503  
144.400     0.14518  
144.500     0.14534  
144.600     0.14549  
144.700     0.14564  
144.800     0.14579  
144.900     0.14594  
145.000     0.14609  
145.100     0.14625  
145.200     0.14640  
145.300     0.14655  
145.400     0.14670  
145.500     0.14685  
145.600     0.14701  
145.700     0.14716  
145.800     0.14731  
145.900     0.14746  
146.000     0.14761  
146.100     0.14776  
146.200     0.14792  
146.300     0.14807  
146.400     0.14822  
146.500     0.14837  
146.600     0.14852  
146.700     0.14868  
146.800     0.14883  
146.900     0.14898  
147.000     0.14913  
147.100     0.14928  
147.200     0.14944  
147.300     0.14959  
147.400     0.14974  
147.500     0.14989  
147.600     0.15004  
147.700     0.15019  
147.800     0.15035  
147.900     0.15050  
148.000     0.15065  
148.100     0.15080  
148.200     0.15095  
148.300     0.15111  
148.400     0.15126  
148.500     0.15141  
148.600     0.15156  
148.700     0.15171  
148.800     0.15187  
148.900     0.15202  
149.000     0.15217  
149.100     0.15232  
149.200     0.15247  
149.300     0.15262  
149.400     0.15278  
149.500     0.15293  
149.600     0.15308  
149.700     0.15323  
149.800     0.15338  
149.900     0.15354  
150.000     0.15369  
150.100     0.15384  
150.200     0.15399  
150.300     0.15414  
150.400     0.15430  
150.500     0.15445  
150.600     0.15460  
150.700     0.15475  
150.800     0.15490  
150.900     0.15505  
151.000     0.15521  
151.100     0.15536  
151.200     0.15551  
151.300     0.15566  
151.400     0.15581  
151.500     0.15597  
151.600     0.15612  
151.700     0.15627  
151.800     0.15642  
151.900     0.15657  
152.000     0.15672  
152.100     0.15688  
152.200     0.15703  
152.300     0.15718  
152.400     0.15733  
152.500     0.15748  
152.600     0.15764  
152.700     0.15779  
152.800     0.15794  
152.900     0.15809  
153.000     0.15824  
153.100     0.15840  
153.200     0.15855  
153.300     0.15870  
153.400     0.15885  
153.500     0.15900  
153.600     0.15915  
153.700     0.15931  
153.800     0.15946  
153.900     0.15961  
154.000     0.15976  
154.100     0.15991  
154.200     0.16007  
154.300     0.16022  
154.400     0.16037  
154.500     0.16052  
154.600     0.16067  
154.700     0.16082  
154.800     0.16098  
154.900     0.16113  
155.000     0.16128  
155.100     0.16143  
155.200     0.16158  
155.300     0.16174  
155.400     0.16189  
155.500     0.16204  
155.600     0.16219  
155.700     0.16234  
155.800     0.16249  
155.900     0.16265  
156.000     0.16280  
156.100     0.16295  
156.200     0.16310  
156.300     0.16325  
156.400     0.16341  
156.500     0.16356  
156.600     0.16371  
156.700     0.16386  
156.800     0.16401  
156.900     0.16416  
157.000     0.16432  
157.100     0.16447  
157.200     0.16462  
157.300     0.16477  
157.400     0.16492  
157.500     0.16507  
157.600     0.16523  
157.700     0.16538  
157.800     0.16553  
157.900     0.16568  
158.000     0.16583  
158.100     0.16599  
158.200     0.16614  
158.300     0.16629  
158.400     0.16644  
158.500     0.16659  
158.600     0.16674  
158.700     0.16690  
158.800     0.16705  
158.900     0.16720  
159.000     0.16735  
159.100     0.16750  
159.200     0.16765  
159.300     0.16781  
159.400     0.16796  
159.500     0.16811  
159.600     0.16826  
159.700     0.16841  
159.800     0.16856  
159.900     0.16872  
160.000     0.16887  
160.100     0.16902  
160.200     0.16917  
160.300     0.16932  
160.400     0.16947  
160.500     0.16963  
160.600     0.16978  
160.700     0.16993  
160.800     0.17008  
160.900     0.17023  
161.000     0.17038  
161.100     0.17054  
161.200     0.17069  
161.300     0.17084  
161.400     0.17099  
161.500     0.17114  
161.600     0.17129  
161.700     0.17145  
161.800     0.17160  
161.900     0.17175  
162.000     0.17190  
162.100     0.17205  
162.200     0.17220  
162.300     0.17235  
162.400     0.17251  
162.500     0.17266  
162.600     0.17281  
162.700     0.17296  
162.800     0.17311  
162.900     0.17326  
163.000     0.17342  
163.100     0.17357  
163.200     0.17372  
163.300     0.17387  
163.400     0.17402  
163.500     0.17417  
163.600     0.17432  
163.700     0.17448  
163.800     0.17463  
163.900     0.17478  
164.000     0.17493  
164.100     0.17508  
164.200     0.17523  
164.300     0.17539  
164.400     0.17554  
164.500     0.17569  
164.600     0.17584  
164.700     0.17599  
164.800     0.17614  
164.900     0.17629  
165.000     0.17645  
165.100     0.17660  
165.200     0.17675  
165.300     0.17690  
165.400     0.17705  
165.500     0.17720  
165.600     0.17736  
165.700     0.17751  
165.800     0.17766  
165.900     0.17781  
166.000     0.17796  
166.100     0.17811  
166.200     0.17826  
166.300     0.17842  
166.400     0.17857  
166.500     0.17872  
166.600     0.17887  
166.700     0.17902  
166.800     0.17917  
166.900     0.17932  
167.000     0.17947  
167.100     0.17963  
167.200     0.17978  
167.300     0.17993  
167.400     0.18008  
167.500     0.18023  
167.600     0.18038  
167.700     0.18053  
167.800     0.18069  
167.900     0.18084  
168.000     0.18099  
168.100     0.18114  
168.200     0.18129  
168.300     0.18144  
168.400     0.18159  
168.500     0.18174  
168.600     0.18190  
168.700     0.18205  
168.800     0.18220  
168.900     0.18235  
169.000     0.18250  
169.100     0.18265  
169.200     0.18280  
169.300     0.18296  
169.400     0.18311  
169.500     0.18326  
169.600     0.18341  
169.700     0.18356  
169.800     0.18371  
169.900     0.18386  
170.000     0.18401  
170.100     0.18417  
170.200     0.18432  
170.300     0.18447  
170.400     0.18462  
170.500     0.18477  
170.600     0.18492  
170.700     0.18507  
170.800     0.18522  
170.900     0.18538  
171.000     0.18553  
171.100     0.18568  
171.200     0.18583  
171.300     0.18598  
171.400     0.18613  
171.500     0.18628  
171.600     0.18643  
171.700     0.18658  
171.800     0.18674  
171.900     0.18689  
172.000     0.18704  
172.100     0.18719  
172.200     0.18734  
172.300     0.18749  
172.400     0.18764  
172.500     0.18779  
172.600     0.18794  
172.700     0.18810  
172.800     0.18825  
172.900     0.18840  
173.000     0.18855  
173.100     0.18870  
173.200     0.18885  
173.300     0.18900  
173.400     0.18915  
173.500     0.18930  
173.600     0.18945  
173.700     0.18961  
173.800     0.18976  
173.900     0.18991  
174.000     0.19006  
174.100     0.19021  
174.200     0.19036  
174.300     0.19051  
174.400     0.19066  
174.500     0.19081  
174.600     0.19096  
174.700     0.19112  
174.800     0.19127  
174.900     0.19142  
175.000     0.19157  
175.100     0.19172  
175.200     0.19187  
175.300     0.19202  
175.400     0.19217  
175.500     0.19232  
175.600     0.19247  
175.700     0.19263  
175.800     0.19278  
175.900     0.19293  
176.000     0.19308  
176.100     0.19323  
176.200     0.19338  
176.300     0.19353  
176.400     0.19368  
176.500     0.19383  
176.600     0.19398  
176.700     0.19413  
176.800     0.19428  
176.900     0.19444  
177.000     0.19459  
177.100     0.19474  
177.200     0.19489  
177.300     0.19504  
177.400     0.19519  
177.500     0.19534  
177.600     0.19549  
177.700     0.19564  
177.800     0.19579  
177.900     0.19594  
178.000     0.19609  
178.100     0.19624  
178.200     0.19640  
178.300     0.19655  
178.400     0.19670  
178.500     0.19685  
178.600     0.19700  
178.700     0.19715  
178.800     0.19730  
178.900     0.19745  
179.000     0.19760  
179.100     0.19775  
179.200     0.19790  
179.300     0.19805  
179.400     0.19820  
179.500     0.19835  
179.600     0.19851  
179.700     0.19866  
179.800     0.19881  
179.900     0.19896  
180.000     0.19911  
180.100     0.19926  
180.200     0.19941  
180.300     0.19956  
180.400     0.19971  
180.500     0.19986  
180.600     0.20001  
180.700     0.20016  
180.800     0.20031  
180.900     0.20046  
181.000     0.20061  
181.100     0.20076  
181.200     0.20091  
181.300     0.20107  
181.400     0.20122  
181.500     0.20137  
181.600     0.20152  
181.700     0.20167  
181.800     0.20182  
181.900     0.20197  
182.000     0.20212  
182.100     0.20227  
182.200     0.20242  
182.300     0.20257  
182.400     0.20272  
182.500     0.20287  
182.600     0.20302  
182.700     0.20317  
182.800     0.20332  
182.900     0.20347  
183.000     0.20362  
183.100     0.20377  
183.200     0.20392  
183.300     0.20408  
183.400     0.20423  
183.500     0.20438  
183.600     0.20453  
183.700     0.20468  
183.800     0.20483  
183.900     0.20498  
184.000     0.20513  
184.100     0.20528  
184.200     0.20543  
184.300     0.20558  
184.400     0.20573  
184.500     0.20588  
184.600     0.20603  
184.700     0.20618  
184.800     0.20633  
184.900     0.20648  
185.000     0.20663  
185.100     0.20678  
185.200     0.20693  
185.300     0.20708  
185.400     0.20723  
185.500     0.20738  
185.600     0.20753  
185.700     0.20768  
185.800     0.20783  
185.900     0.20798  
186.000     0.20813  
186.100     0.20828  
186.200     0.20843  
186.300     0.20858  
186.400     0.20873  
186.500     0.20888  
186.600     0.20904  
186.700     0.20919  
186.800     0.20934  
186.900     0.20949  
187.000     0.20964  
187.100     0.20979  
187.200     0.20994  
187.300     0.21009  
187.400     0.21024  
187.500     0.21039  
187.600     0.21054  
187.700     0.21069  
187.800     0.21084  
187.900     0.21099  
188.000     0.21114  
188.100     0.21129  
188.200     0.21144  
188.300     0.21159  
188.400     0.21174  
188.500     0.21189  
188.600     0.21204  
188.700     0.21219  
188.800     0.21234  
188.900     0.21249  
189.000     0.21264  
189.100     0.21279  
189.200     0.21294  
189.300     0.21309  
189.400     0.21324  
189.500     0.21339  
189.600     0.21354  
189.700     0.21369  
189.800     0.21384  
189.900     0.21399  
190.000     0.21414  
190.100     0.21429  
190.200     0.21444  
190.300     0.21459  
190.400     0.21474  
190.500     0.21489  
190.600     0.21504  
190.700     0.21519  
190.800     0.21534  
190.900     0.21549  
191.000     0.21564  
191.100     0.21579  
191.200     0.21594  
191.300     0.21609  
191.400     0.21624  
191.500     0.21639  
191.600     0.21654  
191.700     0.21669  
191.800     0.21684  
191.900     0.21699  
192.000     0.21713  
192.100     0.21728  
192.200     0.21743  
192.300     0.21758  
192.400     0.21773  
192.500     0.21788  
192.600     0.21803  
192.700     0.21818  
192.800     0.21833  
192.900     0.21848  
193.000     0.21863  
193.100     0.21878  
193.200     0.21893  
193.300     0.21908  
193.400     0.21923  
193.500     0.21938  
193.600     0.21953  
193.700     0.21968  
193.800     0.21983  
193.900     0.21998  
194.000     0.22013  
194.100     0.22028  
194.200     0.22043  
194.300     0.22058  
194.400     0.22073  
194.500     0.22088  
194.600     0.22103  
194.700     0.22118  
194.800     0.22133  
194.900     0.22148  
195.000     0.22163  
195.100     0.22178  
195.200     0.22193  
195.300     0.22208  
195.400     0.22222  
195.500     0.22237  
195.600     0.22252  
195.700     0.22267  
195.800     0.22282  
195.900     0.22297  
196.000     0.22312  
196.100     0.22327  
196.200     0.22342  
196.300     0.22357  
196.400     0.22372  
196.500     0.22387  
196.600     0.22402  
196.700     0.22417  
196.800     0.22432  
196.900     0.22447  
197.000     0.22462  
197.100     0.22477  
197.200     0.22492  
197.300     0.22507  
197.400     0.22521  
197.500     0.22536  
197.600     0.22551  
197.700     0.22566  
197.800     0.22581  
197.900     0.22596  
198.000     0.22611  
198.100     0.22626  
198.200     0.22641  
198.300     0.22656  
198.400     0.22671  
198.500     0.22686  
198.600     0.22701  
198.700     0.22716  
198.800     0.22731  
198.900     0.22746  
199.000     0.22760  
199.100     0.22775  
199.200     0.22790  
199.300     0.22805  
199.400     0.22820  
199.500     0.22835  
199.600     0.22850  
199.700     0.22865  
199.800     0.22880  
199.900     0.22895  
200.000     0.22910  
200.100     0.22925  
200.200     0.22940  
200.300     0.22954  
200.400     0.22969  
200.500     0.22984  
200.600     0.22999  
200.700     0.23014  
200.800     0.23029  
200.900     0.23044  
201.000     0.23059  
201.100     0.23074  
201.200     0.23089  
201.300     0.23104  
201.400     0.23119  
201.500     0.23133  
201.600     0.23148  
201.700     0.23163  
201.800     0.23178  
201.900     0.23193  
202.000     0.23208  
202.100     0.23223  
202.200     0.23238  
202.300     0.23253  
202.400     0.23268  
202.500     0.23283  
202.600     0.23298  
202.700     0.23312  
202.800     0.23327  
202.900     0.23342  
203.000     0.23357  
203.100     0.23372  
203.200     0.23387  
203.300     0.23402  
203.400     0.23417  
203.500     0.23432  
203.600     0.23447  
203.700     0.23461  
203.800     0.23476  
203.900     0.23491  
204.000     0.23506  
204.100     0.23521  
204.200     0.23536  
204.300     0.23551  
204.400     0.23566  
204.500     0.23581  
204.600     0.23596  
204.700     0.23610  
204.800     0.23625  
204.900     0.23640  
205.000     0.23655  
205.100     0.23670  
205.200     0.23685  
205.300     0.23700  
205.400     0.23715  
205.500     0.23730  
205.600     0.23744  
205.700     0.23759  
205.800     0.23774  
205.900     0.23789  
206.000     0.23804  
206.100     0.23819  
206.200     0.23834  
206.300     0.23849  
206.400     0.23863  
206.500     0.23878  
206.600     0.23893  
206.700     0.23908  
206.800     0.23923  
206.900     0.23938  
207.000     0.23953  
207.100     0.23968  
207.200     0.23982  
207.300     0.23997  
207.400     0.24012  
207.500     0.24027  
207.600     0.24042  
207.700     0.24057  
207.800     0.24072  
207.900     0.24087  
208.000     0.24101  
208.100     0.24116  
208.200     0.24131  
208.300     0.24146  
208.400     0.24161  
208.500     0.24176  
208.600     0.24191  
208.700     0.24205  
208.800     0.24220  
208.900     0.24235  
209.000     0.24250  
209.100     0.24265  
209.200     0.24280  
209.300     0.24295  
209.400     0.24309  
209.500     0.24324  
209.600     0.24339  
209.700     0.24354  
209.800     0.24369  
209.900     0.24384  
210.000     0.24399  
210.100     0.24413  
210.200     0.24428  
210.300     0.24443  
210.400     0.24458  
210.500     0.24473  
210.600     0.24488  
210.700     0.24503  
210.800     0.24517  
210.900     0.24532  
211.000     0.24547  
211.100     0.24562  
211.200     0.24577  
211.300     0.24592  
211.400     0.24606  
211.500     0.24621  
211.600     0.24636  
211.700     0.24651  
211.800     0.24666  
211.900     0.24681  
212.000     0.24696  
212.100     0.24710  
212.200     0.24725  
212.300     0.24740  
212.400     0.24755  
212.500     0.24770  
212.600     0.24785  
212.700     0.24799  
212.800     0.24814  
212.900     0.24829  
213.000     0.24844  
213.100     0.24859  
213.200     0.24874  
213.300     0.24888  
213.400     0.24903  
213.500     0.24918  
213.600     0.24933  
213.700     0.24948  
213.800     0.24963  
213.900     0.24977  
214.000     0.24992  
214.100     0.25007  
214.200     0.25022  
214.300     0.25037  
214.400     0.25051  
214.500     0.25066  
214.600     0.25081  
214.700     0.25096  
214.800     0.25111  
214.900     0.25126  
215.000     0.25140  
215.100     0.25155  
215.200     0.25170  
215.300     0.25185  
215.400     0.25200  
215.500     0.25214  
215.600     0.25229  
215.700     0.25244  
215.800     0.25259  
215.900     0.25274  
216.000     0.25289  
216.100     0.25303  
216.200     0.25318  
216.300     0.25333  
216.400     0.25348  
216.500     0.25363  
216.600     0.25377  
216.700     0.25392  
216.800     0.25407  
216.900     0.25422  
217.000     0.25437  
217.100     0.25451  
217.200     0.25466  
217.300     0.25481  
217.400     0.25496  
217.500     0.25511  
217.600     0.25526  
217.700     0.25540  
217.800     0.25555  
217.900     0.25570  
218.000     0.25585  
218.100     0.25600  
218.200     0.25614  
218.300     0.25629  
218.400     0.25644  
218.500     0.25659  
218.600     0.25674  
218.700     0.25688  
218.800     0.25703  
218.900     0.25718  
219.000     0.25733  
219.100     0.25747  
219.200     0.25762  
219.300     0.25777  
219.400     0.25792  
219.500     0.25807  
219.600     0.25821  
219.700     0.25836  
219.800     0.25851  
219.900     0.25866  
220.000     0.25881  
220.100     0.25895  
220.200     0.25910  
220.300     0.25925  
220.400     0.25940  
220.500     0.25955  
220.600     0.25969  
220.700     0.25984  
220.800     0.25999  
220.900     0.26014  
221.000     0.26028  
221.100     0.26043  
221.200     0.26058  
221.300     0.26073  
221.400     0.26088  
221.500     0.26102  
221.600     0.26117  
221.700     0.26132  
221.800     0.26147  
221.900     0.26161  
222.000     0.26176  
222.100     0.26191  
222.200     0.26206  
222.300     0.26221  
222.400     0.26235  
222.500     0.26250  
222.600     0.26265  
222.700     0.26280  
222.800     0.26294  
222.900     0.26309  
223.000     0.26324  
223.100     0.26339  
223.200     0.26353  
223.300     0.26368  
223.400     0.26383  
223.500     0.26398  
223.600     0.26412  
223.700     0.26427  
223.800     0.26442  
223.900     0.26457  
224.000     0.26472  
224.100     0.26486  
224.200     0.26501  
224.300     0.26516  
224.400     0.26531  
224.500     0.26545  
224.600     0.26560  
224.700     0.26575  
224.800     0.26590  
224.900     0.26604  
225.000     0.26619  
225.100     0.26634  
225.200     0.26649  
225.300     0.26663  
225.400     0.26678  
225.500     0.26693  
225.600     0.26708  
225.700     0.26722  
225.800     0.26737  
225.900     0.26752  
226.000     0.26767  
226.100     0.26781  
226.200     0.26796  
226.300     0.26811  
226.400     0.26826  
226.500     0.26840  
226.600     0.26855  
226.700     0.26870  
226.800     0.26885  
226.900     0.26899  
227.000     0.26914  
227.100     0.26929  
227.200     0.26944  
227.300     0.26958  
227.400     0.26973  
227.500     0.26988  
227.600     0.27003  
227.700     0.27017  
227.800     0.27032  
227.900     0.27047  
228.000     0.27061  
228.100     0.27076  
228.200     0.27091  
228.300     0.27106  
228.400     0.27120  
228.500     0.27135  
228.600     0.27150  
228.700     0.27165  
228.800     0.27179  
228.900     0.27194  
229.000     0.27209  
229.100     0.27224  
229.200     0.27238  
229.300     0.27253  
229.400     0.27268  
229.500     0.27282  
229.600     0.27297  
229.700     0.27312  
229.800     0.27327  
229.900     0.27341  
230.000     0.27356  
230.100     0.27371  
230.200     0.27386  
230.300     0.27400  
230.400     0.27415  
230.500     0.27430  
230.600     0.27444  
230.700     0.27459  
230.800     0.27474  
230.900     0.27489  
231.000     0.27503  
231.100     0.27518  
231.200     0.27533  
231.300     0.27547  
231.400     0.27562  
231.500     0.27577  
231.600     0.27592  
231.700     0.27606  
231.800     0.27621  
231.900     0.27636  
232.000     0.27650  
232.100     0.27665  
232.200     0.27680  
232.300     0.27695  
232.400     0.27709  
232.500     0.27724  
232.600     0.27739  
232.700     0.27753  
232.800     0.27768  
232.900     0.27783  
233.000     0.27798  
233.100     0.27812  
233.200     0.27827  
233.300     0.27842  
233.400     0.27856  
233.500     0.27871  
233.600     0.27886  
233.700     0.27901  
233.800     0.27915  
233.900     0.27930  
234.000     0.27945  
234.100     0.27959  
234.200     0.27974  
234.300     0.27989  
234.400     0.28003  
234.500     0.28018  
234.600     0.28033  
234.700     0.28048  
234.800     0.28062  
234.900     0.28077  
235.000     0.28092  
235.100     0.28106  
235.200     0.28121  
235.300     0.28136  
235.400     0.28150  
235.500     0.28165  
235.600     0.28180  
235.700     0.28194  
235.800     0.28209  
235.900     0.28224  
236.000     0.28239  
236.100     0.28253  
236.200     0.28268  
236.300     0.28283  
236.400     0.28297  
236.500     0.28312  
236.600     0.28327  
236.700     0.28341  
236.800     0.28356  
236.900     0.28371  
237.000     0.28385  
237.100     0.28400  
237.200     0.28415  
237.300     0.28429  
237.400     0.28444  
237.500     0.28459  
237.600     0.28473  
237.700     0.28488  
237.800     0.28503  
237.900     0.28518  
238.000     0.28532  
238.100     0.28547  
238.200     0.28562  
238.300     0.28576  
238.400     0.28591  
238.500     0.28606  
238.600     0.28620  
238.700     0.28635  
238.800     0.28650  
238.900     0.28664  
239.000     0.28679  
239.100     0.28694  
239.200     0.28708  
239.300     0.28723  
239.400     0.28738  
239.500     0.28752  
239.600     0.28767  
239.700     0.28782  
239.800     0.28796  
239.900     0.28811  
240.000     0.28826  
240.100     0.28840  
240.200     0.28855  
240.300     0.28870  
240.400     0.28884  
240.500     0.28899  
240.600     0.28914  
240.700     0.28928  
240.800     0.28943  
240.900     0.28958  
241.000     0.28972  
241.100     0.28987  
241.200     0.29002  
241.300     0.29016  
241.400     0.29031  
241.500     0.29046  
241.600     0.29060  
241.700     0.29075  
241.800     0.29090  
241.900     0.29104  
242.000     0.29119  
242.100     0.29134  
242.200     0.29148  
242.300     0.29163  
242.400     0.29178  
242.500     0.29192  
242.600     0.29207  
242.700     0.29222  
242.800     0.29236  
242.900     0.29251  
243.000     0.29266  
243.100     0.29280  
243.200     0.29295  
243.300     0.29310  
243.400     0.29324  
243.500     0.29339  
243.600     0.29354  
243.700     0.29368  
243.800     0.29383  
243.900     0.29397  
244.000     0.29412  
244.100     0.29427  
244.200     0.29441  
244.300     0.29456  
244.400     0.29471  
244.500     0.29485  
244.600     0.29500  
244.700     0.29515  
244.800     0.29529  
244.900     0.29544  
245.000     0.29559  
245.100     0.29573  
245.200     0.29588  
245.300     0.29603  
245.400     0.29617  
245.500     0.29632  
245.600     0.29646  
245.700     0.29661  
245.800     0.29676  
245.900     0.29690  
246.000     0.29705  
246.100     0.29720  
246.200     0.29734  
246.300     0.29749  
246.400     0.29764  
246.500     0.29778  
246.600     0.29793  
246.700     0.29808  
246.800     0.29822  
246.900     0.29837  
247.000     0.29851  
247.100     0.29866  
247.200     0.29881  
247.300     0.29895  
247.400     0.29910  
247.500     0.29925  
247.600     0.29939  
247.700     0.29954  
247.800     0.29968  
247.900     0.29983  
248.000     0.29998  
248.100     0.30012  
248.200     0.30027  
248.300     0.30042  
248.400     0.30056  
248.500     0.30071  
248.600     0.30086  
248.700     0.30100  
248.800     0.30115  
248.900     0.30129  
249.000     0.30144  
249.100     0.30159  
249.200     0.30173  
249.300     0.30188  
249.400     0.30203  
249.500     0.30217  
249.600     0.30232  
249.700     0.30246  
249.800     0.30261  
249.900     0.30276  
250.000     0.30290  
250.100     0.30305  
250.200     0.30320  
250.300     0.30334  
250.400     0.30349  
250.500     0.30363  
250.600     0.30378  
250.700     0.30393  
250.800     0.30407  
250.900     0.30422  
251.000     0.30437  
251.100     0.30451  
251.200     0.30466  
251.300     0.30480  
251.400     0.30495  
251.500     0.30510  
251.600     0.30524  
251.700     0.30539  
251.800     0.30553  
251.900     0.30568  
252.000     0.30583  
252.100     0.30597  
252.200     0.30612  
252.300     0.30627  
252.400     0.30641  
252.500     0.30656  
252.600     0.30670  
252.700     0.30685  
252.800     0.30700  
252.900     0.30714  
253.000     0.30729  
253.100     0.30743  
253.200     0.30758  
253.300     0.30773  
253.400     0.30787  
253.500     0.30802  
253.600     0.30816  
253.700     0.30831  
253.800     0.30846  
253.900     0.30860  
254.000     0.30875  
254.100     0.30889  
254.200     0.30904  
254.300     0.30919  
254.400     0.30933  
254.500     0.30948  
254.600     0.30962  
254.700     0.30977  
254.800     0.30992  
254.900     0.31006  
255.000     0.31021  
255.100     0.31036  
255.200     0.31050  
255.300     0.31065  
255.400     0.31079  
255.500     0.31094  
255.600     0.31109  
255.700     0.31123  
255.800     0.31138  
255.900     0.31152  
256.000     0.31167  
256.100     0.31181  
256.200     0.31196  
256.300     0.31211  
256.400     0.31225  
256.500     0.31240  
256.600     0.31254  
256.700     0.31269  
256.800     0.31284  
256.900     0.31298  
257.000     0.31313  
257.100     0.31327  
257.200     0.31342  
257.300     0.31357  
257.400     0.31371  
257.500     0.31386  
257.600     0.31400  
257.700     0.31415  
257.800     0.31430  
257.900     0.31444  
258.000     0.31459  
258.100     0.31473  
258.200     0.31488  
258.300     0.31503  
258.400     0.31517  
258.500     0.31532  
258.600     0.31546  
258.700     0.31561  
258.800     0.31575  
258.900     0.31590  
259.000     0.31605  
259.100     0.31619  
259.200     0.31634  
259.300     0.31648  
259.400     0.31663  
259.500     0.31678  
259.600     0.31692  
259.700     0.31707  
259.800     0.31721  
259.900     0.31736  
260.000     0.31750  
260.100     0.31765  
260.200     0.31780  
260.300     0.31794  
260.400     0.31809  
260.500     0.31823  
260.600     0.31838  
260.700     0.31853  
260.800     0.31867  
260.900     0.31882  
261.000     0.31896  
261.100     0.31911  
261.200     0.31925  
261.300     0.31940  
261.400     0.31955  
261.500     0.31969  
261.600     0.31984  
261.700     0.31998  
261.800     0.32013  
261.900     0.32028  
262.000     0.32042  
262.100     0.32057  
262.200     0.32071  
262.300     0.32086  
262.400     0.32100  
262.500     0.32115  
262.600     0.32130  
262.700     0.32144  
262.800     0.32159  
262.900     0.32173  
263.000     0.32188  
263.100     0.32202  
263.200     0.32217  
263.300     0.32232  
263.400     0.32246  
263.500     0.32261  
263.600     0.32275  
263.700     0.32290  
263.800     0.32304  
263.900     0.32319  
264.000     0.32334  
264.100     0.32348  
264.200     0.32363  
264.300     0.32377  
264.400     0.32392  
264.500     0.32406  
264.600     0.32421  
264.700     0.32436  
264.800     0.32450  
264.900     0.32465  
265.000     0.32479  
265.100     0.32494  
265.200     0.32508  
265.300     0.32523  
265.400     0.32538  
265.500     0.32552  
265.600     0.32567  
265.700     0.32581  
265.800     0.32596  
265.900     0.32610  
266.000     0.32625  
266.100     0.32640  
266.200     0.32654  
266.300     0.32669  
266.400     0.32683  
266.500     0.32698  
266.600     0.32712  
266.700     0.32727  
266.800     0.32741  
266.900     0.32756  
267.000     0.32771  
267.100     0.32785  
267.200     0.32800  
267.300     0.32814  
267.400     0.32829  
267.500     0.32843  
267.600     0.32858  
267.700     0.32873  
267.800     0.32887  
267.900     0.32902  
268.000     0.32916  
268.100     0.32931  
268.200     0.32945  
268.300     0.32960  
268.400     0.32974  
268.500     0.32989  
268.600     0.33004  
268.700     0.33018  
268.800     0.33033  
268.900     0.33047  
269.000     0.33062  
269.100     0.33076  
269.200     0.33091  
269.300     0.33105  
269.400     0.33120  
269.500     0.33135  
269.600     0.33149  
269.700     0.33164  
269.800     0.33178  
269.900     0.33193  
270.000     0.33207  
270.100     0.33222  
270.200     0.33236  
270.300     0.33251  
270.400     0.33266  
270.500     0.33280  
270.600     0.33295  
270.700     0.33309  
270.800     0.33324  
270.900     0.33338  
271.000     0.33353  
271.100     0.33367  
271.200     0.33382  
271.300     0.33396  
271.400     0.33411  
271.500     0.33426  
271.600     0.33440  
271.700     0.33455  
271.800     0.33469  
271.900     0.33484  
272.000     0.33498  
272.100     0.33513  
272.200     0.33527  
272.300     0.33542  
272.400     0.33556  
272.500     0.33571  
272.600     0.33586  
272.700     0.33600  
272.800     0.33615  
272.900     0.33629  
273.000     0.33644  
273.100     0.33658  
273.200     0.33673  
273.300     0.33687  
273.400     0.33702  
273.500     0.33716  
273.600     0.33731  
273.700     0.33746  
273.800     0.33760  
273.900     0.33775  
274.000     0.33789  
274.100     0.33804  
274.200     0.33818  
274.300     0.33833  
274.400     0.33847  
274.500     0.33862  
274.600     0.33876  
274.700     0.33891  
274.800     0.33906  
274.900     0.33920  
275.000     0.33935  
275.100     0.33949  
275.200     0.33964  
275.300     0.33978  
275.400     0.33993  
275.500     0.34007  
275.600     0.34022  
275.700     0.34036  
275.800     0.34051  
275.900     0.34065  
276.000     0.34080  
276.100     0.34095  
276.200     0.34109  
276.300     0.34124  
276.400     0.34138  
276.500     0.34153  
276.600     0.34167  
276.700     0.34182  
276.800     0.34196  
276.900     0.34211  
277.000     0.34225  
277.100     0.34240  
277.200     0.34254  
277.300     0.34269  
277.400     0.34283  
277.500     0.34298  
277.600     0.34313  
277.700     0.34327  
277.800     0.34342  
277.900     0.34356  
278.000     0.34371  
278.100     0.34385  
278.200     0.34400  
278.300     0.34414  
278.400     0.34429  
278.500     0.34443  
278.600     0.34458  
278.700     0.34472  
278.800     0.34487  
278.900     0.34501  
279.000     0.34516  
279.100     0.34531  
279.200     0.34545  
279.300     0.34560  
279.400     0.34574  
279.500     0.34589  
279.600     0.34603  
279.700     0.34618  
279.800     0.34632  
279.900     0.34647  
280.000     0.34661  
280.100     0.34676  
280.200     0.34690  
280.300     0.34705  
280.400     0.34719  
280.500     0.34734  
280.600     0.34748  
280.700     0.34763  
280.800     0.34778  
280.900     0.34792  
281.000     0.34807  
281.100     0.34821  
281.200     0.34836  
281.300     0.34850  
281.400     0.34865  
281.500     0.34879  
281.600     0.34894  
281.700     0.34908  
281.800     0.34923  
281.900     0.34937  
282.000     0.34952  
282.100     0.34966  
282.200     0.34981  
282.300     0.34995  
282.400     0.35010  
282.500     0.35024  
282.600     0.35039  
282.700     0.35053  
282.800     0.35068  
282.900     0.35083  
283.000     0.35097  
283.100     0.35112  
283.200     0.35126  
283.300     0.35141  
283.400     0.35155  
283.500     0.35170  
283.600     0.35184  
283.700     0.35199  
283.800     0.35213  
283.900     0.35228  
284.000     0.35242  
284.100     0.35257  
284.200     0.35271  
284.300     0.35286  
284.400     0.35300  
284.500     0.35315  
284.600     0.35329  
284.700     0.35344  
284.800     0.35358  
284.900     0.35373  
285.000     0.35388  
285.100     0.35402  
285.200     0.35417  
285.300     0.35431  
285.400     0.35446  
285.500     0.35460  
285.600     0.35475  
285.700     0.35489  
285.800     0.35504  
285.900     0.35518  
286.000     0.35533  
286.100     0.35547  
286.200     0.35562  
286.300     0.35576  
286.400     0.35591  
286.500     0.35605  
286.600     0.35620  
286.700     0.35634  
286.800     0.35649  
286.900     0.35663  
287.000     0.35678  
287.100     0.35692  
287.200     0.35707  
287.300     0.35721  
287.400     0.35736  
287.500     0.35750  
287.600     0.35765  
287.700     0.35780  
287.800     0.35794  
287.900     0.35809  
288.000     0.35823  
288.100     0.35838  
288.200     0.35852  
288.300     0.35867  
288.400     0.35881  
288.500     0.35896  
288.600     0.35910  
288.700     0.35925  
288.800     0.35939  
288.900     0.35954  
289.000     0.35968  
289.100     0.35983  
289.200     0.35997  
289.300     0.36012  
289.400     0.36026  
289.500     0.36041  
289.600     0.36055  
289.700     0.36070  
289.800     0.36084  
289.900     0.36099  
290.000     0.36113  
290.100     0.36128  
290.200     0.36142  
290.300     0.36157  
290.400     0.36171  
290.500     0.36186  
290.600     0.36200  
290.700     0.36215  
290.800     0.36230  
290.900     0.36244  
291.000     0.36259  
291.100     0.36273  
291.200     0.36288  
291.300     0.36302  
291.400     0.36317  
291.500     0.36331  
291.600     0.36346  
291.700     0.36360  
291.800     0.36375  
291.900     0.36389  
292.000     0.36404  
292.100     0.36418  
292.200     0.36433  
292.300     0.36447  
292.400     0.36462  
292.500     0.36476  
292.600     0.36491  
292.700     0.36505  
292.800     0.36520  
292.900     0.36534  
293.000     0.36549  
293.100     0.36563  
293.200     0.36578  
293.300     0.36592  
293.400     0.36607  
293.500     0.36621  
293.600     0.36636  
293.700     0.36650  
293.800     0.36665  
293.900     0.36679  
294.000     0.36694  
294.100     0.36708  
294.200     0.36723  
294.300     0.36737  
294.400     0.36752  
294.500     0.36766  
294.600     0.36781  
294.700     0.36795  
294.800     0.36810  
294.900     0.36824  
295.000     0.36839  
295.100     0.36853  
295.200     0.36868  
295.300     0.36882  
295.400     0.36897  
295.500     0.36911  
295.600     0.36926  
295.700     0.36940  
295.800     0.36955  
295.900     0.36969  
296.000     0.36984  
296.100     0.36998  
296.200     0.37013  
296.300     0.37027  
296.400     0.37042  
296.500     0.37057  
296.600     0.37071  
296.700     0.37086  
296.800     0.37100  
296.900     0.37115  
297.000     0.37129  
297.100     0.37144  
297.200     0.37158  
297.300     0.37173  
297.400     0.37187  
297.500     0.37202  
297.600     0.37216  
297.700     0.37231  
297.800     0.37245  
297.900     0.37260  
298.000     0.37274  
298.100     0.37289  
298.200     0.37303  
298.300     0.37318  
298.400     0.37332  
298.500     0.37347  
298.600     0.37361  
298.700     0.37376  
298.800     0.37390  
298.900     0.37405  
299.000     0.37419  
299.100     0.37434  
299.200     0.37448  
299.300     0.37463  
299.400     0.37477  
299.500     0.37492  
299.600     0.37506  
299.700     0.37521  
299.800     0.37535  
299.900     0.37550  
300.100     0.37579  
300.200     0.37593  
300.300     0.37608  
300.400     0.37622  
300.500     0.37637  
300.600     0.37651  
300.700     0.37666  
300.800     0.37680  
300.900     0.37695  
301.000     0.37709  
301.100     0.37724  
301.200     0.37738  
301.300     0.37753  
301.400     0.37767  
301.500     0.37782  
301.600     0.37796  
301.700     0.37811  
301.800     0.37825  
301.900     0.37840  
302.000     0.37854  
302.100     0.37869  
302.200     0.37883  
302.300     0.37898  
302.400     0.37912  
302.500     0.37927  
302.600     0.37941  
302.700     0.37956  
302.800     0.37970  
302.900     0.37985  
303.000     0.37999  
303.100     0.38014  
303.200     0.38028  
303.300     0.38043  
303.400     0.38057  
303.500     0.38072  
303.600     0.38086  
303.700     0.38101  
303.800     0.38115  
303.900     0.38130  
304.000     0.38144  
304.100     0.38159  
304.200     0.38173  
304.300     0.38188  
304.400     0.38202  
304.500     0.38217  
304.600     0.38231  
304.700     0.38246  
304.800     0.38260  
304.900     0.38275  
305.000     0.38289  
305.100     0.38304  
305.200     0.38318  
305.300     0.38333  
305.400     0.38347  
305.500     0.38362  
305.600     0.38376  
305.700     0.38391  
305.800     0.38405  
305.900     0.38420  
306.000     0.38434  
306.100     0.38449  
306.200     0.38463  
306.300     0.38478  
306.400     0.38492  
306.500     0.38507  
306.600     0.38521  
306.700     0.38536  
306.800     0.38550  
306.900     0.38565  
307.000     0.38579  
307.100     0.38594  
307.200     0.38608  
307.300     0.38623  
307.400     0.38637  
307.500     0.38652  
307.600     0.38667  
307.700     0.38681  
307.800     0.38696  
307.900     0.38710  
308.000     0.38725  
308.100     0.38739  
308.200     0.38754  
308.300     0.38768  
308.400     0.38783  
308.500     0.38797  
308.600     0.38812  
308.700     0.38826  
308.800     0.38841  
308.900     0.38855  
309.000     0.38870  
309.100     0.38884  
309.200     0.38899  
309.300     0.38913  
309.400     0.38928  
309.500     0.38942  
309.600     0.38957  
309.700     0.38971  
309.800     0.38986  
309.900     0.39000  
310.000     0.39015  
310.100     0.39029  
310.200     0.39044  
310.300     0.39058  
310.400     0.39073  
310.500     0.39087  
310.600     0.39102  
310.700     0.39116  
310.800     0.39131  
310.900     0.39145  
311.000     0.39160  
311.100     0.39174  
311.200     0.39189  
311.300     0.39203  
311.400     0.39218  
311.500     0.39232  
311.600     0.39247  
311.700     0.39261  
311.800     0.39276  
311.900     0.39290  
312.000     0.39305  
312.100     0.39319  
312.200     0.39334  
312.300     0.39348  
312.400     0.39363  
312.500     0.39377  
312.600     0.39392  
312.700     0.39406  
312.800     0.39421  
312.900     0.39435  
313.000     0.39450  
313.100     0.39464  
313.200     0.39479  
313.300     0.39493  
313.400     0.39508  
313.500     0.39522  
313.600     0.39537  
313.700     0.39551  
313.800     0.39566  
313.900     0.39580  
314.000     0.39595  
314.100     0.39609  
314.200     0.39624  
314.300     0.39638  
314.400     0.39653  
314.500     0.39667  
314.600     0.39682  
314.700     0.39696  
314.800     0.39711  
314.900     0.39725  
315.000     0.39740  
315.100     0.39754  
315.200     0.39769  
315.300     0.39783  
315.400     0.39798  
315.500     0.39812  
315.600     0.39827  
315.700     0.39841  
315.800     0.39856  
315.900     0.39870  
316.000     0.39885  
316.100     0.39899  
316.200     0.39914  
316.300     0.39928  
316.400     0.39943  
316.500     0.39957  
316.600     0.39972  
316.700     0.39986  
316.800     0.40001  
316.900     0.40015  
317.000     0.40030  
317.100     0.40044  
317.200     0.40059  
317.300     0.40073  
317.400     0.40088  
317.500     0.40102  
317.600     0.40117  
317.700     0.40131  
317.800     0.40146  
317.900     0.40160  
318.000     0.40175  
318.100     0.40189  
318.200     0.40204  
318.300     0.40218  
318.400     0.40233  
318.500     0.40247  
318.600     0.40262  
318.700     0.40277  
318.800     0.40291  
318.900     0.40306  
319.000     0.40320  
319.100     0.40335  
319.200     0.40349  
319.300     0.40364  
319.400     0.40378  
319.500     0.40393  
319.600     0.40407  
319.700     0.40422  
319.800     0.40436  
319.900     0.40451  
320.000     0.40465  
320.100     0.40480  
320.200     0.40494  
320.300     0.40509  
320.400     0.40523  
320.500     0.40538  
320.600     0.40552  
320.700     0.40567  
320.800     0.40581  
320.900     0.40596  
321.000     0.40610  
321.100     0.40625  
321.200     0.40639  
321.300     0.40654  
321.400     0.40668  
321.500     0.40683  
321.600     0.40697  
321.700     0.40712  
321.800     0.40726  
321.900     0.40741  
322.000     0.40755  
322.100     0.40770  
322.200     0.40784  
322.300     0.40799  
322.400     0.40813  
322.500     0.40828  
322.600     0.40842  
322.700     0.40857  
322.800     0.40871  
322.900     0.40886  
323.000     0.40900  
323.100     0.40915  
323.200     0.40929  
323.300     0.40944  
323.400     0.40958  
323.500     0.40973  
323.600     0.40987  
323.700     0.41002  
323.800     0.41016  
323.900     0.41031  
324.000     0.41045  
324.100     0.41060  
324.200     0.41075  
324.300     0.41089  
324.400     0.41104  
324.500     0.41118  
324.600     0.41133  
324.700     0.41147  
324.800     0.41162  
324.900     0.41176  
325.000     0.41191  
325.100     0.41205  
325.200     0.41220  
325.300     0.41234  
325.400     0.41249  
325.500     0.41263  
325.600     0.41278  
325.700     0.41292  
325.800     0.41307  
325.900     0.41321  
326.000     0.41336  
326.100     0.41350  
326.200     0.41365  
326.300     0.41379  
326.400     0.41394  
326.500     0.41408  
326.600     0.41423  
326.700     0.41437  
326.800     0.41452  
326.900     0.41466  
327.000     0.41481  
327.100     0.41495  
327.200     0.41510  
327.300     0.41524  
327.400     0.41539  
327.500     0.41553  
327.600     0.41568  
327.700     0.41582  
327.800     0.41597  
327.900     0.41611  
328.000     0.41626  
328.100     0.41640  
328.200     0.41655  
328.300     0.41670  
328.400     0.41684  
328.500     0.41699  
328.600     0.41713  
328.700     0.41728  
328.800     0.41742  
328.900     0.41757  
329.000     0.41771  
329.100     0.41786  
329.200     0.41800  
329.300     0.41815  
329.400     0.41829  
329.500     0.41844  
329.600     0.41858  
329.700     0.41873  
329.800     0.41887  
329.900     0.41902  
330.000     0.41916  
330.100     0.41931  
330.200     0.41945  
330.300     0.41960  
330.400     0.41974  
330.500     0.41989  
330.600     0.42003  
330.700     0.42018  
330.800     0.42032  
330.900     0.42047  
331.000     0.42061  
331.100     0.42076  
331.200     0.42091  
331.300     0.42105  
331.400     0.42120  
331.500     0.42134  
331.600     0.42149  
331.700     0.42163  
331.800     0.42178  
331.900     0.42192  
332.000     0.42207  
332.100     0.42221  
332.200     0.42236  
332.300     0.42250  
332.400     0.42265  
332.500     0.42279  
332.600     0.42294  
332.700     0.42308  
332.800     0.42323  
332.900     0.42337  
333.000     0.42352  
333.100     0.42366  
333.200     0.42381  
333.300     0.42395  
333.400     0.42410  
333.500     0.42425  
333.600     0.42439  
333.700     0.42454  
333.800     0.42468  
333.900     0.42483  
334.000     0.42497  
334.100     0.42512  
334.200     0.42526  
334.300     0.42541  
334.400     0.42555  
334.500     0.42570  
334.600     0.42584  
334.700     0.42599  
334.800     0.42613  
334.900     0.42628  
335.000     0.42642  
335.100     0.42657  
335.200     0.42671  
335.300     0.42686  
335.400     0.42701  
335.500     0.42715  
335.600     0.42730  
335.700     0.42744  
335.800     0.42759  
335.900     0.42773  
336.000     0.42788  
336.100     0.42802  
336.200     0.42817  
336.300     0.42831  
336.400     0.42846  
336.500     0.42860  
336.600     0.42875  
336.700     0.42889  
336.800     0.42904  
336.900     0.42918  
337.000     0.42933  
337.100     0.42947  
337.200     0.42962  
337.300     0.42977  
337.400     0.42991  
337.500     0.43006  
337.600     0.43020  
337.700     0.43035  
337.800     0.43049  
337.900     0.43064  
338.000     0.43078  
338.100     0.43093  
338.200     0.43107  
338.300     0.43122  
338.400     0.43136  
338.500     0.43151  
338.600     0.43165  
338.700     0.43180  
338.800     0.43195  
338.900     0.43209  
339.000     0.43224  
339.100     0.43238  
339.200     0.43253  
339.300     0.43267  
339.400     0.43282  
339.500     0.43296  
339.600     0.43311  
339.700     0.43325  
339.800     0.43340  
339.900     0.43354  
340.000     0.43369  
340.100     0.43383  
340.200     0.43398  
340.300     0.43413  
340.400     0.43427  
340.500     0.43442  
340.600     0.43456  
340.700     0.43471  
340.800     0.43485  
340.900     0.43500  
341.000     0.43514  
341.100     0.43529  
341.200     0.43543  
341.300     0.43558  
341.400     0.43572  
341.500     0.43587  
341.600     0.43601  
341.700     0.43616  
341.800     0.43631  
341.900     0.43645  
342.000     0.43660  
342.100     0.43674  
342.200     0.43689  
342.300     0.43703  
342.400     0.43718  
342.500     0.43732  
342.600     0.43747  
342.700     0.43761  
342.800     0.43776  
342.900     0.43790  
343.000     0.43805  
343.100     0.43820  
343.200     0.43834  
343.300     0.43849  
343.400     0.43863  
343.500     0.43878  
343.600     0.43892  
343.700     0.43907  
343.800     0.43921  
343.900     0.43936  
344.000     0.43950  
344.100     0.43965  
344.200     0.43979  
344.300     0.43994  
344.400     0.44009  
344.500     0.44023  
344.600     0.44038  
344.700     0.44052  
344.800     0.44067  
344.900     0.44081  
345.000     0.44096  
345.100     0.44110  
345.200     0.44125  
345.300     0.44139  
345.400     0.44154  
345.500     0.44169  
345.600     0.44183  
345.700     0.44198  
345.800     0.44212  
345.900     0.44227  
346.000     0.44241  
346.100     0.44256  
346.200     0.44270  
346.300     0.44285  
346.400     0.44299  
346.500     0.44314  
346.600     0.44329  
346.700     0.44343  
346.800     0.44358  
346.900     0.44372  
347.000     0.44387  
347.100     0.44401  
347.200     0.44416  
347.300     0.44430  
347.400     0.44445  
347.500     0.44459  
347.600     0.44474  
347.700     0.44489  
347.800     0.44503  
347.900     0.44518  
348.000     0.44532  
348.100     0.44547  
348.200     0.44561  
348.300     0.44576  
348.400     0.44590  
348.500     0.44605  
348.600     0.44619  
348.700     0.44634  
348.800     0.44649  
348.900     0.44663  
349.000     0.44678  
349.100     0.44692  
349.200     0.44707  
349.300     0.44721  
349.400     0.44736  
349.500     0.44750  
349.600     0.44765  
349.700     0.44780  
349.800     0.44794  
349.900     0.44809  
350.000     0.44823  