 0.000     0.00000  
  0.100     0.00000  
  0.200     0.00000  
  0.300     0.00000  
  0.400     0.00000  
  0.500     0.00000  
  0.600     0.00000  
  0.700     0.00000  
  0.800     0.00000  
  0.900     0.00000  
  1.000     0.00000  
  1.100     0.00000  
  1.200     0.00000  
  1.300     0.00000  
  1.400     0.00000  
  1.500     0.00000  
  1.600     0.00000  
  1.700     0.00000  
  1.800     0.00000  
  1.900     0.00000  
  2.000     0.00000  
  2.100     0.00000  
  2.200     0.00000  
  2.300     0.00001  
  2.400     0.00001  
  2.500     0.00001  
  2.600     0.00001  
  2.700     0.00001  
  2.800     0.00001  
  2.900     0.00001  
  3.000     0.00002  
  3.100     0.00002  
  3.200     0.00002  
  3.300     0.00002  
  3.400     0.00003  
  3.500     0.00003  
  3.600     0.00003  
  3.700     0.00003  
  3.800     0.00004  
  3.900     0.00004  
  4.000     0.00005  
  4.100     0.00005  
  4.200     0.00006  
  4.300     0.00006  
  4.400     0.00007  
  4.500     0.00007  
  4.600     0.00008  
  4.700     0.00009  
  4.800     0.00009  
  4.900     0.00010  
  5.000     0.00011  
  5.100     0.00012  
  5.200     0.00013  
  5.300     0.00014  
  5.400     0.00015  
  5.500     0.00016  
  5.600     0.00017  
  5.700     0.00018  
  5.800     0.00019  
  5.900     0.00020  
  6.000     0.00022  
  6.100     0.00023  
  6.200     0.00024  
  6.300     0.00026  
  6.400     0.00027  
  6.500     0.00029  
  6.600     0.00030  
  6.700     0.00032  
  6.800     0.00034  
  6.900     0.00036  
  7.000     0.00038  
  7.100     0.00040  
  7.200     0.00042  
  7.300     0.00044  
  7.400     0.00046  
  7.500     0.00048  
  7.600     0.00050  
  7.700     0.00053  
  7.800     0.00055  
  7.900     0.00058  
  8.000     0.00060  
  8.100     0.00063  
  8.200     0.00065  
  8.300     0.00068  
  8.400     0.00071  
  8.500     0.00074  
  8.600     0.00077  
  8.700     0.00080  
  8.800     0.00083  
  8.900     0.00087  
  9.000     0.00090  
  9.100     0.00093  
  9.200     0.00097  
  9.300     0.00100  
  9.400     0.00104  
  9.500     0.00108  
  9.600     0.00112  
  9.700     0.00116  
  9.800     0.00120  
  9.900     0.00124  
 10.000     0.00128  
 10.100     0.00132  
 10.200     0.00137  
 10.300     0.00141  
 10.400     0.00146  
 10.500     0.00150  
 10.600     0.00155  
 10.700     0.00160  
 10.800     0.00165  
 10.900     0.00170  
 11.000     0.00175  
 11.100     0.00180  
 11.200     0.00185  
 11.300     0.00191  
 11.400     0.00196  
 11.500     0.00202  
 11.600     0.00208  
 11.700     0.00213  
 11.800     0.00219  
 11.900     0.00225  
 12.000     0.00231  
 12.100     0.00237  
 12.200     0.00244  
 12.300     0.00250  
 12.400     0.00256  
 12.500     0.00263  
 12.600     0.00270  
 12.700     0.00277  
 12.800     0.00283  
 12.900     0.00290  
 13.000     0.00297  
 13.100     0.00305  
 13.200     0.00312  
 13.300     0.00319  
 13.400     0.00327  
 13.500     0.00334  
 13.600     0.00342  
 13.700     0.00350  
 13.800     0.00358  
 13.900     0.00366  
 14.000     0.00374  
 14.100     0.00382  
 14.200     0.00391  
 14.300     0.00399  
 14.400     0.00408  
 14.500     0.00416  
 14.600     0.00425  
 14.700     0.00434  
 14.800     0.00443  
 14.900     0.00452  
 15.000     0.00461  
 15.100     0.00471  
 15.200     0.00480  
 15.300     0.00490  
 15.400     0.00499  
 15.500     0.00509  
 15.600     0.00519  
 15.700     0.00529  
 15.800     0.00539  
 15.900     0.00549  
 16.000     0.00560  
 16.100     0.00570  
 16.200     0.00581  
 16.300     0.00591  
 16.400     0.00602  
 16.500     0.00613  
 16.600     0.00624  
 16.700     0.00635  
 16.800     0.00646  
 16.900     0.00658  
 17.000     0.00669  
 17.100     0.00681  
 17.200     0.00693  
 17.300     0.00704  
 17.400     0.00716  
 17.500     0.00728  
 17.600     0.00741  
 17.700     0.00753  
 17.800     0.00765  
 17.900     0.00778  
 18.000     0.00790  
 18.100     0.00803  
 18.200     0.00816  
 18.300     0.00829  
 18.400     0.00842  
 18.500     0.00855  
 18.600     0.00868  
 18.700     0.00882  
 18.800     0.00895  
 18.900     0.00909  
 19.000     0.00923  
 19.100     0.00937  
 19.200     0.00951  
 19.300     0.00965  
 19.400     0.00979  
 19.500     0.00993  
 19.600     0.01008  
 19.700     0.01023  
 19.800     0.01037  
 19.900     0.01052  
 20.000     0.01067  
 20.100     0.01082  
 20.200     0.01097  
 20.300     0.01113  
 20.400     0.01128  
 20.500     0.01144  
 20.600     0.01159  
 20.700     0.01175  
 20.800     0.01191  
 20.900     0.01207  
 21.000     0.01223  
 21.100     0.01239  
 21.200     0.01256  
 21.300     0.01272  
 21.400     0.01289  
 21.500     0.01305  
 21.600     0.01322  
 21.700     0.01339  
 21.800     0.01356  
 21.900     0.01373  
 22.000     0.01391  
 22.100     0.01408  
 22.200     0.01426  
 22.300     0.01443  
 22.400     0.01461  
 22.500     0.01479  
 22.600     0.01497  
 22.700     0.01515  
 22.800     0.01534  
 22.900     0.01552  
 23.000     0.01571  
 23.100     0.01589  
 23.200     0.01608  
 23.300     0.01627  
 23.400     0.01646  
 23.500     0.01665  
 23.600     0.01684  
 23.700     0.01703  
 23.800     0.01723  
 23.900     0.01743  
 24.000     0.01762  
 24.100     0.01782  
 24.200     0.01802  
 24.300     0.01822  
 24.400     0.01842  
 24.500     0.01862  
 24.600     0.01883  
 24.700     0.01903  
 24.800     0.01924  
 24.900     0.01945  
 25.000     0.01966  
 25.100     0.01987  
 25.200     0.02008  
 25.300     0.02029  
 25.400     0.02051  
 25.500     0.02072  
 25.600     0.02094  
 25.700     0.02115  
 25.800     0.02137  
 25.900     0.02159  
 26.000     0.02181  
 26.100     0.02204  
 26.200     0.02226  
 26.300     0.02248  
 26.400     0.02271  
 26.500     0.02294  
 26.600     0.02316  
 26.700     0.02339  
 26.800     0.02362  
 26.900     0.02386  
 27.000     0.02409  
 27.100     0.02432  
 27.200     0.02456  
 27.300     0.02479  
 27.400     0.02503  
 27.500     0.02527  
 27.600     0.02551  
 27.700     0.02575  
 27.800     0.02599  
 27.900     0.02624  
 28.000     0.02648  
 28.100     0.02673  
 28.200     0.02697  
 28.300     0.02722  
 28.400     0.02747  
 28.500     0.02772  
 28.600     0.02798  
 28.700     0.02823  
 28.800     0.02848  
 28.900     0.02874  
 29.000     0.02900  
 29.100     0.02925  
 29.200     0.02951  
 29.300     0.02977  
 29.400     0.03003  
 29.500     0.03030  
 29.600     0.03056  
 29.700     0.03082  
 29.800     0.03109  
 29.900     0.03136  
 30.000     0.03163  
 30.100     0.03190  
 30.200     0.03217  
 30.300     0.03244  
 30.400     0.03271  
 30.500     0.03299  
 30.600     0.03326  
 30.700     0.03354  
 30.800     0.03382  
 30.900     0.03410  
 31.000     0.03438  
 31.100     0.03466  
 31.200     0.03494  
 31.300     0.03522  
 31.400     0.03551  
 31.500     0.03580  
 31.600     0.03608  
 31.700     0.03637  
 31.800     0.03666  
 31.900     0.03695  
 32.000     0.03725  
 32.100     0.03754  
 32.200     0.03783  
 32.300     0.03813  
 32.400     0.03843  
 32.500     0.03872  
 32.600     0.03902  
 32.700     0.03932  
 32.800     0.03962  
 32.900     0.03993  
 33.000     0.04023  
 33.100     0.04054  
 33.200     0.04084  
 33.300     0.04115  
 33.400     0.04146  
 33.500     0.04177  
 33.600     0.04208  
 33.700     0.04239  
 33.800     0.04270  
 33.900     0.04302  
 34.000     0.04333  
 34.100     0.04365  
 34.200     0.04397  
 34.300     0.04429  
 34.400     0.04461  
 34.500     0.04493  
 34.600     0.04525  
 34.700     0.04558  
 34.800     0.04590  
 34.900     0.04623  
 35.000     0.04655  
 35.100     0.04688  
 35.200     0.04721  
 35.300     0.04754  
 35.400     0.04787  
 35.500     0.04821  
 35.600     0.04854  
 35.700     0.04888  
 35.800     0.04921  
 35.900     0.04955  
 36.000     0.04989  
 36.100     0.05023  
 36.200     0.05057  
 36.300     0.05091  
 36.400     0.05126  
 36.500     0.05160  
 36.600     0.05195  
 36.700     0.05229  
 36.800     0.05264  
 36.900     0.05299  
 37.000     0.05334  
 37.100     0.05369  
 37.200     0.05405  
 37.300     0.05440  
 37.400     0.05475  
 37.500     0.05511  
 37.600     0.05547  
 37.700     0.05583  
 37.800     0.05619  
 37.900     0.05655  
 38.000     0.05691  
 38.100     0.05727  
 38.200     0.05764  
 38.300     0.05800  
 38.400     0.05837  
 38.500     0.05873  
 38.600     0.05910  
 38.700     0.05947  
 38.800     0.05984  
 38.900     0.06022  
 39.000     0.06059  
 39.100     0.06096  
 39.200     0.06134  
 39.300     0.06172  
 39.400     0.06209  
 39.500     0.06247  
 39.600     0.06285  
 39.700     0.06323  
 39.800     0.06362  
 39.900     0.06400  
 40.000     0.06439  
 40.100     0.06477  
 40.200     0.06516  
 40.300     0.06555  
 40.400     0.06594  
 40.500     0.06633  
 40.600     0.06672  
 40.700     0.06711  
 40.800     0.06750  
 40.900     0.06790  
 41.000     0.06829  
 41.100     0.06869  
 41.200     0.06909  
 41.300     0.06949  
 41.400     0.06989  
 41.500     0.07029  
 41.600     0.07069  
 41.700     0.07110  
 41.800     0.07150  
 41.900     0.07191  
 42.000     0.07232  
 42.100     0.07272  
 42.200     0.07313  
 42.300     0.07354  
 42.400     0.07396  
 42.500     0.07437  
 42.600     0.07478  
 42.700     0.07520  
 42.800     0.07561  
 42.900     0.07603  
 43.000     0.07645  
 43.100     0.07687  
 43.200     0.07729  
 43.300     0.07771  
 43.400     0.07813  
 43.500     0.07856  
 43.600     0.07898  
 43.700     0.07941  
 43.800     0.07984  
 43.900     0.08027  
 44.000     0.08070  
 44.100     0.08113  
 44.200     0.08156  
 44.300     0.08199  
 44.400     0.08242  
 44.500     0.08286  
 44.600     0.08330  
 44.700     0.08373  
 44.800     0.08417  
 44.900     0.08461  
 45.000     0.08505  
 45.100     0.08549  
 45.200     0.08594  
 45.300     0.08638  
 45.400     0.08683  
 45.500     0.08727  
 45.600     0.08772  
 45.700     0.08817  
 45.800     0.08862  
 45.900     0.08907  
 46.000     0.08952  
 46.100     0.08997  
 46.200     0.09043  
 46.300     0.09088  
 46.400     0.09134  
 46.500     0.09180  
 46.600     0.09225  
 46.700     0.09271  
 46.800     0.09317  
 46.900     0.09364  
 47.000     0.09410  
 47.100     0.09456  
 47.200     0.09503  
 47.300     0.09549  
 47.400     0.09596  
 47.500     0.09643  
 47.600     0.09690  
 47.700     0.09737  
 47.800     0.09784  
 47.900     0.09831  
 48.000     0.09879  
 48.100     0.09926  
 48.200     0.09974  
 48.300     0.10021  
 48.400     0.10069  
 48.500     0.10117  
 48.600     0.10165  
 48.700     0.10213  
 48.800     0.10261  
 48.900     0.10310  
 49.000     0.10358  
 49.100     0.10407  
 49.200     0.10455  
 49.300     0.10504  
 49.400     0.10553  
 49.500     0.10602  
 49.600     0.10651  
 49.700     0.10700  
 49.800     0.10750  
 49.900     0.10799  
 50.000     0.10849  
 50.100     0.10898  
 50.200     0.10948  
 50.300     0.10998  
 50.400     0.11048  
 50.500     0.11098  
 50.600     0.11148  
 50.700     0.11198  
 50.800     0.11249  
 50.900     0.11299  
 51.000     0.11350  
 51.100     0.11401  
 51.200     0.11451  
 51.300     0.11502  
 51.400     0.11553  
 51.500     0.11604  
 51.600     0.11656  
 51.700     0.11707  
 51.800     0.11758  
 51.900     0.11810  
 52.000     0.11862  
 52.100     0.11913  
 52.200     0.11965  
 52.300     0.12017  
 52.400     0.12069  
 52.500     0.12122  
 52.600     0.12174  
 52.700     0.12226  
 52.800     0.12279  
 52.900     0.12331  
 53.000     0.12384  
 53.100     0.12437  
 53.200     0.12490  
 53.300     0.12543  
 53.400     0.12596  
 53.500     0.12649  
 53.600     0.12703  
 53.700     0.12756  
 53.800     0.12810  
 53.900     0.12864  
 54.000     0.12917  
 54.100     0.12971  
 54.200     0.13025  
 54.300     0.13079  
 54.400     0.13133  
 54.500     0.13188  
 54.600     0.13242  
 54.700     0.13297  
 54.800     0.13351  
 54.900     0.13406  
 55.000     0.13461  
 55.100     0.13516  
 55.200     0.13571  
 55.300     0.13626  
 55.400     0.13681  
 55.500     0.13737  
 55.600     0.13792  
 55.700     0.13848  
 55.800     0.13903  
 55.900     0.13959  
 56.000     0.14015  
 56.100     0.14071  
 56.200     0.14127  
 56.300     0.14183  
 56.400     0.14239  
 56.500     0.14296  
 56.600     0.14352  
 56.700     0.14409  
 56.800     0.14466  
 56.900     0.14522  
 57.000     0.14579  
 57.100     0.14636  
 57.200     0.14693  
 57.300     0.14751  
 57.400     0.14808  
 57.500     0.14865  
 57.600     0.14923  
 57.700     0.14981  
 57.800     0.15038  
 57.900     0.15096  
 58.000     0.15154  
 58.100     0.15212  
 58.200     0.15270  
 58.300     0.15329  
 58.400     0.15387  
 58.500     0.15445  
 58.600     0.15504  
 58.700     0.15563  
 58.800     0.15621  
 58.900     0.15680  
 59.000     0.15739  
 59.100     0.15798  
 59.200     0.15857  
 59.300     0.15917  
 59.400     0.15976  
 59.500     0.16035  
 59.600     0.16095  
 59.700     0.16155  
 59.800     0.16214  
 59.900     0.16274  
 60.000     0.16334  
 60.100     0.16394  
 60.200     0.16455  
 60.300     0.16515  
 60.400     0.16575  
 60.500     0.16636  
 60.600     0.16696  
 60.700     0.16757  
 60.800     0.16818  
 60.900     0.16879  
 61.000     0.16940  
 61.100     0.17001  
 61.200     0.17062  
 61.300     0.17123  
 61.400     0.17185  
 61.500     0.17246  
 61.600     0.17308  
 61.700     0.17369  
 61.800     0.17431  
 61.900     0.17493  
 62.000     0.17555  
 62.100     0.17617  
 62.200     0.17680  
 62.300     0.17742  
 62.400     0.17804  
 62.500     0.17867  
 62.600     0.17929  
 62.700     0.17992  
 62.800     0.18055  
 62.900     0.18118  
 63.000     0.18181  
 63.100     0.18244  
 63.200     0.18307  
 63.300     0.18370  
 63.400     0.18434  
 63.500     0.18497  
 63.600     0.18561  
 63.700     0.18624  
 63.800     0.18688  
 63.900     0.18752  
 64.000     0.18816  
 64.100     0.18880  
 64.200     0.18944  
 64.300     0.19009  
 64.400     0.19073  
 64.500     0.19138  
 64.600     0.19202  
 64.700     0.19267  
 64.800     0.19332  
 64.900     0.19396  
 65.000     0.19461  
 65.100     0.19526  
 65.200     0.19592  
 65.300     0.19657  
 65.400     0.19722  
 65.500     0.19788  
 65.600     0.19853  
 65.700     0.19919  
 65.800     0.19985  
 65.900     0.20051  
 66.000     0.20117  
 66.100     0.20183  
 66.200     0.20249  
 66.300     0.20315  
 66.400     0.20381  
 66.500     0.20448  
 66.600     0.20514  
 66.700     0.20581  
 66.800     0.20648  
 66.900     0.20715  
 67.000     0.20782  
 67.100     0.20849  
 67.200     0.20916  
 67.300     0.20983  
 67.400     0.21050  
 67.500     0.21118  
 67.600     0.21185  
 67.700     0.21253  
 67.800     0.21320  
 67.900     0.21388  
 68.000     0.21456  
 68.100     0.21524  
 68.200     0.21592  
 68.300     0.21660  
 68.400     0.21729  
 68.500     0.21797  
 68.600     0.21866  
 68.700     0.21934  
 68.800     0.22003  
 68.900     0.22072  
 69.000     0.22141  
 69.100     0.22209  
 69.200     0.22279  
 69.300     0.22348  
 69.400     0.22417  
 69.500     0.22486  
 69.600     0.22556  
 69.700     0.22625  
 69.800     0.22695  
 69.900     0.22765  
 70.000     0.22834  
 70.100     0.22904  
 70.200     0.22974  
 70.300     0.23044  
 70.400     0.23115  
 70.500     0.23185  
 70.600     0.23255  
 70.700     0.23326  
 70.800     0.23396  
 70.900     0.23467  
 71.000     0.23538  
 71.100     0.23609  
 71.200     0.23679  
 71.300     0.23751  
 71.400     0.23822  
 71.500     0.23893  
 71.600     0.23964  
 71.700     0.24036  
 71.800     0.24107  
 71.900     0.24179  
 72.000     0.24251  
 72.100     0.24322  
 72.200     0.24394  
 72.300     0.24466  
 72.400     0.24538  
 72.500     0.24610  
 72.600     0.24683  
 72.700     0.24755  
 72.800     0.24828  
 72.900     0.24900  
 73.000     0.24973  
 73.100     0.25045  
 73.200     0.25118  
 73.300     0.25191  
 73.400     0.25264  
 73.500     0.25337  
 73.600     0.25410  
 73.700     0.25484  
 73.800     0.25557  
 73.900     0.25631  
 74.000     0.25704  
 74.100     0.25778  
 74.200     0.25852  
 74.300     0.25925  
 74.400     0.25999  
 74.500     0.26073  
 74.600     0.26148  
 74.700     0.26222  
 74.800     0.26296  
 74.900     0.26371  
 75.000     0.26445  
 75.100     0.26520  
 75.200     0.26594  
 75.300     0.26669  
 75.400     0.26744  
 75.500     0.26819  
 75.600     0.26894  
 75.700     0.26969  
 75.800     0.27044  
 75.900     0.27119  
 76.000     0.27195  
 76.100     0.27270  
 76.200     0.27346  
 76.300     0.27422  
 76.400     0.27497  
 76.500     0.27573  
 76.600     0.27649  
 76.700     0.27725  
 76.800     0.27801  
 76.900     0.27878  
 77.000     0.27954  
 77.100     0.28030  
 77.200     0.28107  
 77.300     0.28183  
 77.400     0.28260  
 77.500     0.28337  
 77.600     0.28414  
 77.700     0.28491  
 77.800     0.28568  
 77.900     0.28645  
 78.000     0.28722  
 78.100     0.28799  
 78.200     0.28877  
 78.300     0.28954  
 78.400     0.29032  
 78.500     0.29109  
 78.600     0.29187  
 78.700     0.29265  
 78.800     0.29343  
 78.900     0.29421  
 79.000     0.29499  
 79.100     0.29577  
 79.200     0.29656  
 79.300     0.29734  
 79.400     0.29812  
 79.500     0.29891  
 79.600     0.29970  
 79.700     0.30048  
 79.800     0.30127  
 79.900     0.30206  
 80.000     0.30285  
 80.100     0.30364  
 80.200     0.30443  
 80.300     0.30523  
 80.400     0.30602  
 80.500     0.30681  
 80.600     0.30761  
 80.700     0.30841  
 80.800     0.30920  
 80.900     0.31000  
 81.000     0.31080  
 81.100     0.31160  
 81.200     0.31240  
 81.300     0.31320  
 81.400     0.31400  
 81.500     0.31481  
 81.600     0.31561  
 81.700     0.31642  
 81.800     0.31722  
 81.900     0.31803  
 82.000     0.31883  
 82.100     0.31964  
 82.200     0.32045  
 82.300     0.32126  
 82.400     0.32207  
 82.500     0.32289  
 82.600     0.32370  
 82.700     0.32451  
 82.800     0.32533  
 82.900     0.32614  
 83.000     0.32696  
 83.100     0.32778  
 83.200     0.32859  
 83.300     0.32941  
 83.400     0.33023  
 83.500     0.33105  
 83.600     0.33187  
 83.700     0.33270  
 83.800     0.33352  
 83.900     0.33434  
 84.000     0.33517  
 84.100     0.33599  
 84.200     0.33682  
 84.300     0.33765  
 84.400     0.33848  
 84.500     0.33930  
 84.600     0.34013  
 84.700     0.34097  
 84.800     0.34180  
 84.900     0.34263  
 85.000     0.34346  
 85.100     0.34430  
 85.200     0.34513  
 85.300     0.34597  
 85.400     0.34681  
 85.500     0.34764  
 85.600     0.34848  
 85.700     0.34932  
 85.800     0.35016  
 85.900     0.35100  
 86.000     0.35184  
 86.100     0.35269  
 86.200     0.35353  
 86.300     0.35437  
 86.400     0.35522  
 86.500     0.35607  
 86.600     0.35691  
 86.700     0.35776  
 86.800     0.35861  
 86.900     0.35946  
 87.000     0.36031  
 87.100     0.36116  
 87.200     0.36201  
 87.300     0.36286  
 87.400     0.36372  
 87.500     0.36457  
 87.600     0.36543  
 87.700     0.36628  
 87.800     0.36714  
 87.900     0.36800  
 88.000     0.36886  
 88.100     0.36972  
 88.200     0.37058  
 88.300     0.37144  
 88.400     0.37230  
 88.500     0.37316  
 88.600     0.37403  
 88.700     0.37489  
 88.800     0.37576  
 88.900     0.37662  
 89.000     0.37749  
 89.100     0.37836  
 89.200     0.37922  
 89.300     0.38009  
 89.400     0.38096  
 89.500     0.38183  
 89.600     0.38271  
 89.700     0.38358  
 89.800     0.38445  
 89.900     0.38533  
 90.000     0.38620  
 90.100     0.38708  
 90.200     0.38795  
 90.300     0.38883  
 90.400     0.38971  
 90.500     0.39059  
 90.600     0.39147  
 90.700     0.39235  
 90.800     0.39323  
 90.900     0.39411  
 91.000     0.39500  
 91.100     0.39588  
 91.200     0.39677  
 91.300     0.39765  
 91.400     0.39854  
 91.500     0.39943  
 91.600     0.40031  
 91.700     0.40120  
 91.800     0.40209  
 91.900     0.40298  
 92.000     0.40387  
 92.100     0.40476  
 92.200     0.40566  
 92.300     0.40655  
 92.400     0.40745  
 92.500     0.40834  
 92.600     0.40924  
 92.700     0.41013  
 92.800     0.41103  
 92.900     0.41193  
 93.000     0.41283  
 93.100     0.41373  
 93.200     0.41463  
 93.300     0.41553  
 93.400     0.41643  
 93.500     0.41734  
 93.600     0.41824  
 93.700     0.41914  
 93.800     0.42005  
 93.900     0.42096  
 94.000     0.42186  
 94.100     0.42277  
 94.200     0.42368  
 94.300     0.42459  
 94.400     0.42550  
 94.500     0.42641  
 94.600     0.42732  
 94.700     0.42824  
 94.800     0.42915  
 94.900     0.43006  
 95.000     0.43098  
 95.100     0.43189  
 95.200     0.43281  
 95.300     0.43373  
 95.400     0.43464  
 95.500     0.43556  
 95.600     0.43648  
 95.700     0.43740  
 95.800     0.43832  
 95.900     0.43925  
 96.000     0.44017  
 96.100     0.44109  
 96.200     0.44202  
 96.300     0.44294  
 96.400     0.44387  
 96.500     0.44479  
 96.600     0.44572  
 96.700     0.44665  
 96.800     0.44758  
 96.900     0.44851  
 97.000     0.44944  
 97.100     0.45037  
 97.200     0.45130  
 97.300     0.45223  
 97.400     0.45317  
 97.500     0.45410  
 97.600     0.45504  
 97.700     0.45597  
 97.800     0.45691  
 97.900     0.45785  
 98.000     0.45878  
 98.100     0.45972  
 98.200     0.46066  
 98.300     0.46160  
 98.400     0.46254  
 98.500     0.46349  
 98.600     0.46443  
 98.700     0.46537  
 98.800     0.46632  
 98.900     0.46726  
 99.000     0.46821  
 99.100     0.46915  
 99.200     0.47010  
 99.300     0.47105  
 99.400     0.47200  
 99.500     0.47295  
 99.600     0.47390  
 99.700     0.47485  
 99.800     0.47580  
 99.900     0.47675  
100.000     0.47770  
100.100     0.47866  
100.200     0.47961  
100.300     0.48057  
100.400     0.48152  
100.500     0.48248  
100.600     0.48344  
100.700     0.48440  
100.800     0.48535  
100.900     0.48631  
101.000     0.48727  
101.100     0.48824  
101.200     0.48920  
101.300     0.49016  
101.400     0.49112  
101.500     0.49209  
101.600     0.49305  
101.700     0.49402  
101.800     0.49498  
101.900     0.49595  
102.000     0.49692  
102.100     0.49789  
102.200     0.49886  
102.300     0.49983  
102.400     0.50080  
102.500     0.50177  
102.600     0.50274  
102.700     0.50371  
102.800     0.50469  
102.900     0.50566  
103.000     0.50664  
103.100     0.50761  
103.200     0.50859  
103.300     0.50957  
103.400     0.51054  
103.500     0.51152  
103.600     0.51250  
103.700     0.51348  
103.800     0.51446  
103.900     0.51544  
104.000     0.51643  
104.100     0.51741  
104.200     0.51839  
104.300     0.51938  
104.400     0.52036  
104.500     0.52135  
104.600     0.52234  
104.700     0.52332  
104.800     0.52431  
104.900     0.52530  
105.000     0.52629  
105.100     0.52728  
105.200     0.52827  
105.300     0.52926  
105.400     0.53025  
105.500     0.53125  
105.600     0.53224  
105.700     0.53323  
105.800     0.53423  
105.900     0.53523  
106.000     0.53622  
106.100     0.53722  
106.200     0.53822  
106.300     0.53922  
106.400     0.54021  
106.500     0.54121  
106.600     0.54222  
106.700     0.54322  
106.800     0.54422  
106.900     0.54522  
107.000     0.54623  
107.100     0.54723  
107.200     0.54823  
107.300     0.54924  
107.400     0.55025  
107.500     0.55125  
107.600     0.55226  
107.700     0.55327  
107.800     0.55428  
107.900     0.55529  
108.000     0.55630  
108.100     0.55731  
108.200     0.55832  
108.300     0.55933  
108.400     0.56035  
108.500     0.56136  
108.600     0.56237  
108.700     0.56339  
108.800     0.56441  
108.900     0.56542  
109.000     0.56644  
109.100     0.56746  
109.200     0.56848  
109.300     0.56949  
109.400     0.57051  
109.500     0.57153  
109.600     0.57256  
109.700     0.57358  
109.800     0.57460  
109.900     0.57562  
110.000     0.57665  
110.100     0.57767  
110.200     0.57870  
110.300     0.57972  
110.400     0.58075  
110.500     0.58178  
110.600     0.58281  
110.700     0.58383  
110.800     0.58486  
110.900     0.58589  
111.000     0.58692  
111.100     0.58796  
111.200     0.58899  
111.300     0.59002  
111.400     0.59105  
111.500     0.59209  
111.600     0.59312  
111.700     0.59416  
111.800     0.59519  
111.900     0.59623  
112.000     0.59727  
112.100     0.59831  
112.200     0.59934  
112.300     0.60038  
112.400     0.60142  
112.500     0.60246  
112.600     0.60351  
112.700     0.60455  
112.800     0.60559  
112.900     0.60663  
113.000     0.60768  
113.100     0.60872  
113.200     0.60977  
113.300     0.61081  
113.400     0.61186  
113.500     0.61291  
113.600     0.61395  
113.700     0.61500  
113.800     0.61605  
113.900     0.61710  
114.000     0.61815  
114.100     0.61920  
114.200     0.62025  
114.300     0.62130  
114.400     0.62236  
114.500     0.62341  
114.600     0.62446  
114.700     0.62552  
114.800     0.62657  
114.900     0.62763  
115.000     0.62869  
115.100     0.62974  
115.200     0.63080  
115.300     0.63186  
115.400     0.63292  
115.500     0.63398  
115.600     0.63504  
115.700     0.63610  
115.800     0.63716  
115.900     0.63823  
116.000     0.63929  
116.100     0.64035  
116.200     0.64142  
116.300     0.64248  
116.400     0.64355  
116.500     0.64461  
116.600     0.64568  
116.700     0.64675  
116.800     0.64781  
116.900     0.64888  
117.000     0.64995  
117.100     0.65102  
117.200     0.65209  
117.300     0.65316  
117.400     0.65423  
117.500     0.65531  
117.600     0.65638  
117.700     0.65745  
117.800     0.65853  
117.900     0.65960  
118.000     0.66068  
118.100     0.66175  
118.200     0.66283  
118.300     0.66391  
118.400     0.66498  
118.500     0.66606  
118.600     0.66714  
118.700     0.66822  
118.800     0.66930  
118.900     0.67038  
119.000     0.67146  
119.100     0.67255  
119.200     0.67363  
119.300     0.67471  
119.400     0.67580  
119.500     0.67688  
119.600     0.67797  
119.700     0.67905  
119.800     0.68014  
119.900     0.68122  
120.000     0.68231  
120.100     0.68340  
120.200     0.68449  
120.300     0.68558  
120.400     0.68667  
120.500     0.68776  
120.600     0.68885  
120.700     0.68994  
120.800     0.69103  
120.900     0.69212  
121.000     0.69322  
121.100     0.69431  
121.200     0.69541  
121.300     0.69650  
121.400     0.69760  
121.500     0.69869  
121.600     0.69979  
121.700     0.70089  
121.800     0.70198  
121.900     0.70308  
122.000     0.70418  
122.100     0.70528  
122.200     0.70638  
122.300     0.70748  
122.400     0.70858  
122.500     0.70969  
122.600     0.71079  
122.700     0.71189  
122.800     0.71300  
122.900     0.71410  
123.000     0.71521  
123.100     0.71631  
123.200     0.71742  
123.300     0.71852  
123.400     0.71963  
123.500     0.72074  
123.600     0.72185  
123.700     0.72296  
123.800     0.72407  
123.900     0.72518  
124.000     0.72629  
124.100     0.72740  
124.200     0.72851  
124.300     0.72962  
124.400     0.73074  
124.500     0.73185  
124.600     0.73296  
124.700     0.73408  
124.800     0.73519  
124.900     0.73631  
125.000     0.73742  
125.100     0.73854  
125.200     0.73966  
125.300     0.74078  
125.400     0.74189  
125.500     0.74301  
125.600     0.74413  
125.700     0.74525  
125.800     0.74637  
125.900     0.74750  
126.000     0.74862  
126.100     0.74974  
126.200     0.75086  
126.300     0.75199  
126.400     0.75311  
126.500     0.75423  
126.600     0.75536  
126.700     0.75648  
126.800     0.75761  
126.900     0.75874  
127.000     0.75987  
127.100     0.76099  
127.200     0.76212  
127.300     0.76325  
127.400     0.76438  
127.500     0.76551  
127.600     0.76664  
127.700     0.76777  
127.800     0.76890  
127.900     0.77004  
128.000     0.77117  
128.100     0.77230  
128.200     0.77344  
128.300     0.77457  
128.400     0.77570  
128.500     0.77684  
128.600     0.77798  
128.700     0.77911  
128.800     0.78025  
128.900     0.78139  
129.000     0.78252  
129.100     0.78366  
129.200     0.78480  
129.300     0.78594  
129.400     0.78708  
129.500     0.78822  
129.600     0.78936  
129.700     0.79051  
129.800     0.79165  
129.900     0.79279  
130.000     0.79393  
130.100     0.79508  
130.200     0.79622  
130.300     0.79737  
130.400     0.79851  
130.500     0.79966  
130.600     0.80080  
130.700     0.80195  
130.800     0.80310  
130.900     0.80425  
131.000     0.80540  
131.100     0.80654  
131.200     0.80769  
131.300     0.80884  
131.400     0.80999  
131.500     0.81115  
131.600     0.81230  
131.700     0.81345  
131.800     0.81460  
131.900     0.81575  
132.000     0.81691  
132.100     0.81806  
132.200     0.81922  
132.300     0.82037  
132.400     0.82153  
132.500     0.82268  
132.600     0.82384  
132.700     0.82500  
132.800     0.82615  
132.900     0.82731  
133.000     0.82847  
133.100     0.82963  
133.200     0.83079  
133.300     0.83195  
133.400     0.83311  
133.500     0.83427  
133.600     0.83543  
133.700     0.83659  
133.800     0.83776  
133.900     0.83892  
134.000     0.84008  
134.100     0.84125  
134.200     0.84241  
134.300     0.84358  
134.400     0.84474  
134.500     0.84591  
134.600     0.84708  
134.700     0.84824  
134.800     0.84941  
134.900     0.85058  
135.000     0.85175  
135.100     0.85292  
135.200     0.85408  
135.300     0.85525  
135.400     0.85642  
135.500     0.85760  
135.600     0.85877  
135.700     0.85994  
135.800     0.86111  
135.900     0.86228  
136.000     0.86346  
136.100     0.86463  
136.200     0.86580  
136.300     0.86698  
136.400     0.86815  
136.500     0.86933  
136.600     0.87051  
136.700     0.87168  
136.800     0.87286  
136.900     0.87404  
137.000     0.87521  
137.100     0.87639  
137.200     0.87757  
137.300     0.87875  
137.400     0.87993  
137.500     0.88111  
137.600     0.88229  
137.700     0.88347  
137.800     0.88465  
137.900     0.88584  
138.000     0.88702  
138.100     0.88820  
138.200     0.88939  
138.300     0.89057  
138.400     0.89175  
138.500     0.89294  
138.600     0.89412  
138.700     0.89531  
138.800     0.89650  
138.900     0.89768  
139.000     0.89887  
139.100     0.90006  
139.200     0.90125  
139.300     0.90243  
139.400     0.90362  
139.500     0.90481  
139.600     0.90600  
139.700     0.90719  
139.800     0.90838  
139.900     0.90957  
140.000     0.91077  
140.100     0.91196  
140.200     0.91315  
140.300     0.91434  
140.400     0.91554  
140.500     0.91673  
140.600     0.91793  
140.700     0.91912  
140.800     0.92032  
140.900     0.92151  
141.000     0.92271  
141.100     0.92390  
141.200     0.92510  
141.300     0.92630  
141.400     0.92750  
141.500     0.92869  
141.600     0.92989  
141.700     0.93109  
141.800     0.93229  
141.900     0.93349  
142.000     0.93469  
142.100     0.93589  
142.200     0.93709  
142.300     0.93829  
142.400     0.93950  
142.500     0.94070  
142.600     0.94190  
142.700     0.94311  
142.800     0.94431  
142.900     0.94551  
143.000     0.94672  
143.100     0.94792  
143.200     0.94913  
143.300     0.95033  
143.400     0.95154  
143.500     0.95275  
143.600     0.95395  
143.700     0.95516  
143.800     0.95637  
143.900     0.95758  
144.000     0.95879  
144.100     0.96000  
144.200     0.96121  
144.300     0.96242  
144.400     0.96363  
144.500     0.96484  
144.600     0.96605  
144.700     0.96726  
144.800     0.96847  
144.900     0.96968  
145.000     0.97090  
145.100     0.97211  
145.200     0.97332  
145.300     0.97454  
145.400     0.97575  
145.500     0.97697  
145.600     0.97818  
145.700     0.97940  
145.800     0.98062  
145.900     0.98183  
146.000     0.98305  
146.100     0.98427  
146.200     0.98548  
146.300     0.98670  
146.400     0.98792  
146.500     0.98914  
146.600     0.99036  
146.700     0.99158  
146.800     0.99280  
146.900     0.99402  
147.000     0.99524  
147.100     0.99646  
147.200     0.99768  
147.300     0.99890  
147.400     1.00013  
147.500     1.00135  
147.600     1.00257  
147.700     1.00380  
147.800     1.00502  
147.900     1.00625  
148.000     1.00747  
148.100     1.00870  
148.200     1.00992  
148.300     1.01115  
148.400     1.01237  
148.500     1.01360  
148.600     1.01483  
148.700     1.01605  
148.800     1.01728  
148.900     1.01851  
149.000     1.01974  
149.100     1.02097  
149.200     1.02220  
149.300     1.02343  
149.400     1.02466  
149.500     1.02589  
149.600     1.02712  
149.700     1.02835  
149.800     1.02958  
149.900     1.03081  
150.000     1.03205  
150.100     1.03328  
150.200     1.03451  
150.300     1.03574  
150.400     1.03698  
150.500     1.03821  
150.600     1.03945  
150.700     1.04068  
150.800     1.04192  
150.900     1.04315  
151.000     1.04439  
151.100     1.04562  
151.200     1.04686  
151.300     1.04810  
151.400     1.04934  
151.500     1.05057  
151.600     1.05181  
151.700     1.05305  
151.800     1.05429  
151.900     1.05553  
152.000     1.05677  
152.100     1.05801  
152.200     1.05925  
152.300     1.06049  
152.400     1.06173  
152.500     1.06297  
152.600     1.06421  
152.700     1.06545  
152.800     1.06670  
152.900     1.06794  
153.000     1.06918  
153.100     1.07043  
153.200     1.07167  
153.300     1.07291  
153.400     1.07416  
153.500     1.07540  
153.600     1.07665  
153.700     1.07789  
153.800     1.07914  
153.900     1.08039  
154.000     1.08163  
154.100     1.08288  
154.200     1.08413  
154.300     1.08537  
154.400     1.08662  
154.500     1.08787  
154.600     1.08912  
154.700     1.09037  
154.800     1.09162  
154.900     1.09287  
155.000     1.09412  
155.100     1.09537  
155.200     1.09662  
155.300     1.09787  
155.400     1.09912  
155.500     1.10037  
155.600     1.10162  
155.700     1.10287  
155.800     1.10413  
155.900     1.10538  
156.000     1.10663  
156.100     1.10789  
156.200     1.10914  
156.300     1.11039  
156.400     1.11165  
156.500     1.11290  
156.600     1.11416  
156.700     1.11541  
156.800     1.11667  
156.900     1.11792  
157.000     1.11918  
157.100     1.12044  
157.200     1.12169  
157.300     1.12295  
157.400     1.12421  
157.500     1.12547  
157.600     1.12673  
157.700     1.12798  
157.800     1.12924  
157.900     1.13050  
158.000     1.13176  
158.100     1.13302  
158.200     1.13428  
158.300     1.13554  
158.400     1.13680  
158.500     1.13806  
158.600     1.13932  
158.700     1.14059  
158.800     1.14185  
158.900     1.14311  
159.000     1.14437  
159.100     1.14564  
159.200     1.14690  
159.300     1.14816  
159.400     1.14943  
159.500     1.15069  
159.600     1.15195  
159.700     1.15322  
159.800     1.15448  
159.900     1.15575  
160.000     1.15701  
160.100     1.15828  
160.200     1.15955  
160.300     1.16081  
160.400     1.16208  
160.500     1.16335  
160.600     1.16461  
160.700     1.16588  
160.800     1.16715  
160.900     1.16842  
161.000     1.16969  
161.100     1.17095  
161.200     1.17222  
161.300     1.17349  
161.400     1.17476  
161.500     1.17603  
161.600     1.17730  
161.700     1.17857  
161.800     1.17984  
161.900     1.18111  
162.000     1.18238  
162.100     1.18366  
162.200     1.18493  
162.300     1.18620  
162.400     1.18747  
162.500     1.18875  
162.600     1.19002  
162.700     1.19129  
162.800     1.19256  
162.900     1.19384  
163.000     1.19511  
163.100     1.19639  
163.200     1.19766  
163.300     1.19894  
163.400     1.20021  
163.500     1.20149  
163.600     1.20276  
163.700     1.20404  
163.800     1.20531  
163.900     1.20659  
164.000     1.20787  
164.100     1.20914  
164.200     1.21042  
164.300     1.21170  
164.400     1.21298  
164.500     1.21425  
164.600     1.21553  
164.700     1.21681  
164.800     1.21809  
164.900     1.21937  
165.000     1.22065  
165.100     1.22193  
165.200     1.22321  
165.300     1.22449  
165.400     1.22577  
165.500     1.22705  
165.600     1.22833  
165.700     1.22961  
165.800     1.23089  
165.900     1.23217  
166.000     1.23345  
166.100     1.23473  
166.200     1.23602  
166.300     1.23730  
166.400     1.23858  
166.500     1.23987  
166.600     1.24115  
166.700     1.24243  
166.800     1.24372  
166.900     1.24500  
167.000     1.24628  
167.100     1.24757  
167.200     1.24885  
167.300     1.25014  
167.400     1.25142  
167.500     1.25271  
167.600     1.25399  
167.700     1.25528  
167.800     1.25657  
167.900     1.25785  
168.000     1.25914  
168.100     1.26042  
168.200     1.26171  
168.300     1.26300  
168.400     1.26429  
168.500     1.26557  
168.600     1.26686  
168.700     1.26815  
168.800     1.26944  
168.900     1.27073  
169.000     1.27202  
169.100     1.27330  
169.200     1.27459  
169.300     1.27588  
169.400     1.27717  
169.500     1.27846  
169.600     1.27975  
169.700     1.28104  
169.800     1.28233  
169.900     1.28362  
170.000     1.28491  
170.100     1.28621  
170.200     1.28750  
170.300     1.28879  
170.400     1.29008  
170.500     1.29137  
170.600     1.29267  
170.700     1.29396  
170.800     1.29525  
170.900     1.29654  
171.000     1.29784  
171.100     1.29913  
171.200     1.30042  
171.300     1.30172  
171.400     1.30301  
171.500     1.30431  
171.600     1.30560  
171.700     1.30689  
171.800     1.30819  
171.900     1.30948  
172.000     1.31078  
172.100     1.31207  
172.200     1.31337  
172.300     1.31467  
172.400     1.31596  
172.500     1.31726  
172.600     1.31855  
172.700     1.31985  
172.800     1.32115  
172.900     1.32244  
173.000     1.32374  
173.100     1.32504  
173.200     1.32634  
173.300     1.32763  
173.400     1.32893  
173.500     1.33023  
173.600     1.33153  
173.700     1.33283  
173.800     1.33413  
173.900     1.33542  
174.000     1.33672  
174.100     1.33802  
174.200     1.33932  
174.300     1.34062  
174.400     1.34192  
174.500     1.34322  
174.600     1.34452  
174.700     1.34582  
174.800     1.34712  
174.900     1.34842  
175.000     1.34972  
175.100     1.35102  
175.200     1.35233  
175.300     1.35363  
175.400     1.35493  
175.500     1.35623  
175.600     1.35753  
175.700     1.35883  
175.800     1.36014  
175.900     1.36144  
176.000     1.36274  
176.100     1.36404  
176.200     1.36535  
176.300     1.36665  
176.400     1.36795  
176.500     1.36926  
176.600     1.37056  
176.700     1.37186  
176.800     1.37317  
176.900     1.37447  
177.000     1.37578  
177.100     1.37708  
177.200     1.37838  
177.300     1.37969  
177.400     1.38099  
177.500     1.38230  
177.600     1.38360  
177.700     1.38491  
177.800     1.38622  
177.900     1.38752  
178.000     1.38883  
178.100     1.39013  
178.200     1.39144  
178.300     1.39275  
178.400     1.39405  
178.500     1.39536  
178.600     1.39667  
178.700     1.39797  
178.800     1.39928  
178.900     1.40059  
179.000     1.40189  
179.100     1.40320  
179.200     1.40451  
179.300     1.40582  
179.400     1.40713  
179.500     1.40843  
179.600     1.40974  
179.700     1.41105  
179.800     1.41236  
179.900     1.41367  
180.000     1.41498  
180.100     1.41628  
180.200     1.41759  
180.300     1.41890  
180.400     1.42021  
180.500     1.42152  
180.600     1.42283  
180.700     1.42414  
180.800     1.42545  
180.900     1.42676  
181.000     1.42807  
181.100     1.42938  
181.200     1.43069  
181.300     1.43200  
181.400     1.43331  
181.500     1.43462  
181.600     1.43594  
181.700     1.43725  
181.800     1.43856  
181.900     1.43987  
182.000     1.44118  
182.100     1.44249  
182.200     1.44380  
182.300     1.44512  
182.400     1.44643  
182.500     1.44774  
182.600     1.44905  
182.700     1.45037  
182.800     1.45168  
182.900     1.45299  
183.000     1.45430  
183.100     1.45562  
183.200     1.45693  
183.300     1.45824  
183.400     1.45956  
183.500     1.46087  
183.600     1.46218  
183.700     1.46350  
183.800     1.46481  
183.900     1.46612  
184.000     1.46744  
184.100     1.46875  
184.200     1.47007  
184.300     1.47138  
184.400     1.47269  
184.500     1.47401  
184.600     1.47532  
184.700     1.47664  
184.800     1.47795  
184.900     1.47927  
185.000     1.48058  
185.100     1.48190  
185.200     1.48321  
185.300     1.48453  
185.400     1.48584  
185.500     1.48716  
185.600     1.48847  
185.700     1.48979  
185.800     1.49111  
185.900     1.49242  
186.000     1.49374  
186.100     1.49505  
186.200     1.49637  
186.300     1.49769  
186.400     1.49900  
186.500     1.50032  
186.600     1.50164  
186.700     1.50295  
186.800     1.50427  
186.900     1.50559  
187.000     1.50690  
187.100     1.50822  
187.200     1.50954  
187.300     1.51085  
187.400     1.51217  
187.500     1.51349  
187.600     1.51481  
187.700     1.51612  
187.800     1.51744  
187.900     1.51876  
188.000     1.52008  
188.100     1.52139  
188.200     1.52271  
188.300     1.52403  
188.400     1.52535  
188.500     1.52667  
188.600     1.52799  
188.700     1.52930  
188.800     1.53062  
188.900     1.53194  
189.000     1.53326  
189.100     1.53458  
189.200     1.53590  
189.300     1.53722  
189.400     1.53853  
189.500     1.53985  
189.600     1.54117  
189.700     1.54249  
189.800     1.54381  
189.900     1.54513  
190.000     1.54645  
190.100     1.54777  
190.200     1.54909  
190.300     1.55041  
190.400     1.55173  
190.500     1.55305  
190.600     1.55437  
190.700     1.55569  
190.800     1.55701  
190.900     1.55833  
191.000     1.55965  
191.100     1.56097  
191.200     1.56229  
191.300     1.56361  
191.400     1.56493  
191.500     1.56625  
191.600     1.56757  
191.700     1.56889  
191.800     1.57021  
191.900     1.57153  
192.000     1.57285  
192.100     1.57417  
192.200     1.57549  
192.300     1.57681  
192.400     1.57813  
192.500     1.57945  
192.600     1.58078  
192.700     1.58210  
192.800     1.58342  
192.900     1.58474  
193.000     1.58606  
193.100     1.58738  
193.200     1.58870  
193.300     1.59002  
193.400     1.59135  
193.500     1.59267  
193.600     1.59399  
193.700     1.59531  
193.800     1.59663  
193.900     1.59795  
194.000     1.59927  
194.100     1.60060  
194.200     1.60192  
194.300     1.60324  
194.400     1.60456  
194.500     1.60588  
194.600     1.60720  
194.700     1.60853  
194.800     1.60985  
194.900     1.61117  
195.000     1.61249  
195.100     1.61381  
195.200     1.61514  
195.300     1.61646  
195.400     1.61778  
195.500     1.61910  
195.600     1.62042  
195.700     1.62175  
195.800     1.62307  
195.900     1.62439  
196.000     1.62571  
196.100     1.62703  
196.200     1.62836  
196.300     1.62968  
196.400     1.63100  
196.500     1.63232  
196.600     1.63365  
196.700     1.63497  
196.800     1.63629  
196.900     1.63761  
197.000     1.63894  
197.100     1.64026  
197.200     1.64158  
197.300     1.64290  
197.400     1.64422  
197.500     1.64555  
197.600     1.64687  
197.700     1.64819  
197.800     1.64951  
197.900     1.65084  
198.000     1.65216  
198.100     1.65348  
198.200     1.65481  
198.300     1.65613  
198.400     1.65745  
198.500     1.65877  
198.600     1.66010  
198.700     1.66142  
198.800     1.66274  
198.900     1.66406  
199.000     1.66539  
199.100     1.66671  
199.200     1.66803  
199.300     1.66935  
199.400     1.67068  
199.500     1.67200  
199.600     1.67332  
199.700     1.67465  
199.800     1.67597  
199.900     1.67729  
200.000     1.67861  
200.100     1.67994  
200.200     1.68126  
200.300     1.68258  
200.400     1.68390  
200.500     1.68523  
200.600     1.68655  
200.700     1.68787  
200.800     1.68919  
200.900     1.69052  
201.000     1.69184  
201.100     1.69316  
201.200     1.69448  
201.300     1.69581  
201.400     1.69713  
201.500     1.69845  
201.600     1.69977  
201.700     1.70110  
201.800     1.70242  
201.900     1.70374  
202.000     1.70506  
202.100     1.70639  
202.200     1.70771  
202.300     1.70903  
202.400     1.71035  
202.500     1.71168  
202.600     1.71300  
202.700     1.71432  
202.800     1.71564  
202.900     1.71696  
203.000     1.71829  
203.100     1.71961  
203.200     1.72093  
203.300     1.72225  
203.400     1.72358  
203.500     1.72490  
203.600     1.72622  
203.700     1.72754  
203.800     1.72886  
203.900     1.73019  
204.000     1.73151  
204.100     1.73283  
204.200     1.73415  
204.300     1.73547  
204.400     1.73679  
204.500     1.73812  
204.600     1.73944  
204.700     1.74076  
204.800     1.74208  
204.900     1.74340  
205.000     1.74472  
205.100     1.74605  
205.200     1.74737  
205.300     1.74869  
205.400     1.75001  
205.500     1.75133  
205.600     1.75265  
205.700     1.75397  
205.800     1.75529  
205.900     1.75662  
206.000     1.75794  
206.100     1.75926  
206.200     1.76058  
206.300     1.76190  
206.400     1.76322  
206.500     1.76454  
206.600     1.76586  
206.700     1.76718  
206.800     1.76850  
206.900     1.76982  
207.000     1.77115  
207.100     1.77247  
207.200     1.77379  
207.300     1.77511  
207.400     1.77643  
207.500     1.77775  
207.600     1.77907  
207.700     1.78039  
207.800     1.78171  
207.900     1.78303  
208.000     1.78435  
208.100     1.78567  
208.200     1.78699  
208.300     1.78831  
208.400     1.78963  
208.500     1.79095  
208.600     1.79227  
208.700     1.79359  
208.800     1.79491  
208.900     1.79623  
209.000     1.79755  
209.100     1.79886  
209.200     1.80018  
209.300     1.80150  
209.400     1.80282  
209.500     1.80414  
209.600     1.80546  
209.700     1.80678  
209.800     1.80810  
209.900     1.80942  
210.000     1.81073  
210.100     1.81205  
210.200     1.81337  
210.300     1.81469  
210.400     1.81601  
210.500     1.81733  
210.600     1.81865  
210.700     1.81996  
210.800     1.82128  
210.900     1.82260  
211.000     1.82392  
211.100     1.82524  
211.200     1.82655  
211.300     1.82787  
211.400     1.82919  
211.500     1.83051  
211.600     1.83182  
211.700     1.83314  
211.800     1.83446  
211.900     1.83577  
212.000     1.83709  
212.100     1.83841  
212.200     1.83973  
212.300     1.84104  
212.400     1.84236  
212.500     1.84368  
212.600     1.84499  
212.700     1.84631  
212.800     1.84762  
212.900     1.84894  
213.000     1.85026  
213.100     1.85157  
213.200     1.85289  
213.300     1.85420  
213.400     1.85552  
213.500     1.85684  
213.600     1.85815  
213.700     1.85947  
213.800     1.86078  
213.900     1.86210  
214.000     1.86341  
214.100     1.86473  
214.200     1.86604  
214.300     1.86736  
214.400     1.86867  
214.500     1.86999  
214.600     1.87130  
214.700     1.87261  
214.800     1.87393  
214.900     1.87524  
215.000     1.87656  
215.100     1.87787  
215.200     1.87918  
215.300     1.88050  
215.400     1.88181  
215.500     1.88313  
215.600     1.88444  
215.700     1.88575  
215.800     1.88707  
215.900     1.88838  
216.000     1.88969  
216.100     1.89100  
216.200     1.89232  
216.300     1.89363  
216.400     1.89494  
216.500     1.89625  
216.600     1.89757  
216.700     1.89888  
216.800     1.90019  
216.900     1.90150  
217.000     1.90281  
217.100     1.90413  
217.200     1.90544  
217.300     1.90675  
217.400     1.90806  
217.500     1.90937  
217.600     1.91068  
217.700     1.91199  
217.800     1.91330  
217.900     1.91461  
218.000     1.91592  
218.100     1.91723  
218.200     1.91854  
218.300     1.91985  
218.400     1.92116  
218.500     1.92247  
218.600     1.92378  
218.700     1.92509  
218.800     1.92640  
218.900     1.92771  
219.000     1.92902  
219.100     1.93033  
219.200     1.93164  
219.300     1.93295  
219.400     1.93426  
219.500     1.93556  
219.600     1.93687  
219.700     1.93818  
219.800     1.93949  
219.900     1.94080  
220.000     1.94210  
220.100     1.94341  
220.200     1.94472  
220.300     1.94603  
220.400     1.94733  
220.500     1.94864  
220.600     1.94995  
220.700     1.95125  
220.800     1.95256  
220.900     1.95387  
221.000     1.95517  
221.100     1.95648  
221.200     1.95779  
221.300     1.95909  
221.400     1.96040  
221.500     1.96170  
221.600     1.96301  
221.700     1.96431  
221.800     1.96562  
221.900     1.96692  
222.000     1.96823  
222.100     1.96953  
222.200     1.97084  
222.300     1.97214  
222.400     1.97344  
222.500     1.97475  
222.600     1.97605  
222.700     1.97736  
222.800     1.97866  
222.900     1.97996  
223.000     1.98127  
223.100     1.98257  
223.200     1.98387  
223.300     1.98517  
223.400     1.98648  
223.500     1.98778  
223.600     1.98908  
223.700     1.99038  
223.800     1.99168  
223.900     1.99299  
224.000     1.99429  
224.100     1.99559  
224.200     1.99689  
224.300     1.99819  
224.400     1.99949  
224.500     2.00079  
224.600     2.00209  
224.700     2.00339  
224.800     2.00469  
224.900     2.00599  
225.000     2.00729  
225.100     2.00859  
225.200     2.00989  
225.300     2.01119  
225.400     2.01249  
225.500     2.01379  
225.600     2.01509  
225.700     2.01638  
225.800     2.01768  
225.900     2.01898  
226.000     2.02028  
226.100     2.02157  
226.200     2.02287  
226.300     2.02417  
226.400     2.02547  
226.500     2.02676  
226.600     2.02806  
226.700     2.02936  
226.800     2.03065  
226.900     2.03195  
227.000     2.03325  
227.100     2.03454  
227.200     2.03584  
227.300     2.03713  
227.400     2.03843  
227.500     2.03972  
227.600     2.04102  
227.700     2.04231  
227.800     2.04361  
227.900     2.04490  
228.000     2.04619  
228.100     2.04749  
228.200     2.04878  
228.300     2.05007  
228.400     2.05137  
228.500     2.05266  
228.600     2.05395  
228.700     2.05525  
228.800     2.05654  
228.900     2.05783  
229.000     2.05912  
229.100     2.06041  
229.200     2.06171  
229.300     2.06300  
229.400     2.06429  
229.500     2.06558  
229.600     2.06687  
229.700     2.06816  
229.800     2.06945  
229.900     2.07074  
230.000     2.07203  
230.100     2.07332  
230.200     2.07461  
230.300     2.07590  
230.400     2.07719  
230.500     2.07848  
230.600     2.07976  
230.700     2.08105  
230.800     2.08234  
230.900     2.08363  
231.000     2.08492  
231.100     2.08620  
231.200     2.08749  
231.300     2.08878  
231.400     2.09007  
231.500     2.09135  
231.600     2.09264  
231.700     2.09392  
231.800     2.09521  
231.900     2.09650  
232.000     2.09778  
232.100     2.09907  
232.200     2.10035  
232.300     2.10164  
232.400     2.10292  
232.500     2.10421  
232.600     2.10549  
232.700     2.10677  
232.800     2.10806  
232.900     2.10934  
233.000     2.11062  
233.100     2.11191  
233.200     2.11319  
233.300     2.11447  
233.400     2.11575  
233.500     2.11704  
233.600     2.11832  
233.700     2.11960  
233.800     2.12088  
233.900     2.12216  
234.000     2.12344  
234.100     2.12472  
234.200     2.12600  
234.300     2.12728  
234.400     2.12856  
234.500     2.12984  
234.600     2.13112  
234.700     2.13240  
234.800     2.13368  
234.900     2.13496  
235.000     2.13624  
235.100     2.13752  
235.200     2.13879  
235.300     2.14007  
235.400     2.14135  
235.500     2.14263  
235.600     2.14390  
235.700     2.14518  
235.800     2.14646  
235.900     2.14773  
236.000     2.14901  
236.100     2.15028  
236.200     2.15156  
236.300     2.15283  
236.400     2.15411  
236.500     2.15538  
236.600     2.15666  
236.700     2.15793  
236.800     2.15920  
236.900     2.16048  
237.000     2.16175  
237.100     2.16302  
237.200     2.16430  
237.300     2.16557  
237.400     2.16684  
237.500     2.16811  
237.600     2.16939  
237.700     2.17066  
237.800     2.17193  
237.900     2.17320  
238.000     2.17447  
238.100     2.17574  
238.200     2.17701  
238.300     2.17828  
238.400     2.17955  
238.500     2.18082  
238.600     2.18209  
238.700     2.18336  
238.800     2.18463  
238.900     2.18589  
239.000     2.18716  
239.100     2.18843  
239.200     2.18970  
239.300     2.19096  
239.400     2.19223  
239.500     2.19350  
239.600     2.19476  
239.700     2.19603  
239.800     2.19730  
239.900     2.19856  
240.000     2.19983  
240.100     2.20109  
240.200     2.20236  
240.300     2.20362  
240.400     2.20489  
240.500     2.20615  
240.600     2.20741  
240.700     2.20868  
240.800     2.20994  
240.900     2.21120  
241.000     2.21246  
241.100     2.21373  
241.200     2.21499  
241.300     2.21625  
241.400     2.21751  
241.500     2.21877  
241.600     2.22003  
241.700     2.22129  
241.800     2.22255  
241.900     2.22381  
242.000     2.22507  
242.100     2.22633  
242.200     2.22759  
242.300     2.22885  
242.400     2.23011  
242.500     2.23137  
242.600     2.23262  
242.700     2.23388  
242.800     2.23514  
242.900     2.23639  
243.000     2.23765  
243.100     2.23891  
243.200     2.24016  
243.300     2.24142  
243.400     2.24267  
243.500     2.24393  
243.600     2.24518  
243.700     2.24644  
243.800     2.24769  
243.900     2.24895  
244.000     2.25020  
244.100     2.25145  
244.200     2.25271  
244.300     2.25396  
244.400     2.25521  
244.500     2.25646  
244.600     2.25772  
244.700     2.25897  
244.800     2.26022  
244.900     2.26147  
245.000     2.26272  
245.100     2.26397  
245.200     2.26522  
245.300     2.26647  
245.400     2.26772  
245.500     2.26897  
245.600     2.27022  
245.700     2.27146  
245.800     2.27271  
245.900     2.27396  
246.000     2.27521  
246.100     2.27646  
246.200     2.27770  
246.300     2.27895  
246.400     2.28019  
246.500     2.28144  
246.600     2.28269  
246.700     2.28393  
246.800     2.28518  
246.900     2.28642  
247.000     2.28766  
247.100     2.28891  
247.200     2.29015  
247.300     2.29140  
247.400     2.29264  
247.500     2.29388  
247.600     2.29512  
247.700     2.29636  
247.800     2.29761  
247.900     2.29885  
248.000     2.30009  
248.100     2.30133  
248.200     2.30257  
248.300     2.30381  
248.400     2.30505  
248.500     2.30629  
248.600     2.30753  
248.700     2.30877  
248.800     2.31000  
248.900     2.31124  
249.000     2.31248  
249.100     2.31372  
249.200     2.31495  
249.300     2.31619  
249.400     2.31743  
249.500     2.31866  
249.600     2.31990  
249.700     2.32113  
249.800     2.32237  
249.900     2.32360  
250.000     2.32484  
250.100     2.32607  
250.200     2.32731  
250.300     2.32854  
250.400     2.32977  
250.500     2.33100  
250.600     2.33224  
250.700     2.33347  
250.800     2.33470  
250.900     2.33593  
251.000     2.33716  
251.100     2.33839  
251.200     2.33962  
251.300     2.34085  
251.400     2.34208  
251.500     2.34331  
251.600     2.34454  
251.700     2.34577  
251.800     2.34700  
251.900     2.34822  
252.000     2.34945  
252.100     2.35068  
252.200     2.35191  
252.300     2.35313  
252.400     2.35436  
252.500     2.35558  
252.600     2.35681  
252.700     2.35803  
252.800     2.35926  
252.900     2.36048  
253.000     2.36171  
253.100     2.36293  
253.200     2.36415  
253.300     2.36537  
253.400     2.36660  
253.500     2.36782  
253.600     2.36904  
253.700     2.37026  
253.800     2.37148  
253.900     2.37270  
254.000     2.37392  
254.100     2.37514  
254.200     2.37636  
254.300     2.37758  
254.400     2.37880  
254.500     2.38002  
254.600     2.38124  
254.700     2.38246  
254.800     2.38367  
254.900     2.38489  
255.000     2.38611  
255.100     2.38732  
255.200     2.38854  
255.300     2.38975  
255.400     2.39097  
255.500     2.39218  
255.600     2.39340  
255.700     2.39461  
255.800     2.39582  
255.900     2.39704  
256.000     2.39825  
256.100     2.39946  
256.200     2.40068  
256.300     2.40189  
256.400     2.40310  
256.500     2.40431  
256.600     2.40552  
256.700     2.40673  
256.800     2.40794  
256.900     2.40915  
257.000     2.41036  
257.100     2.41157  
257.200     2.41278  
257.300     2.41398  
257.400     2.41519  
257.500     2.41640  
257.600     2.41760  
257.700     2.41881  
257.800     2.42002  
257.900     2.42122  
258.000     2.42243  
258.100     2.42363  
258.200     2.42484  
258.300     2.42604  
258.400     2.42724  
258.500     2.42845  
258.600     2.42965  
258.700     2.43085  
258.800     2.43206  
258.900     2.43326  
259.000     2.43446  
259.100     2.43566  
259.200     2.43686  
259.300     2.43806  
259.400     2.43926  
259.500     2.44046  
259.600     2.44166  
259.700     2.44286  
259.800     2.44405  
259.900     2.44525  
260.000     2.44645  
260.100     2.44765  
260.200     2.44884  
260.300     2.45004  
260.400     2.45123  
260.500     2.45243  
260.600     2.45362  
260.700     2.45482  
260.800     2.45601  
260.900     2.45721  
261.000     2.45840  
261.100     2.45959  
261.200     2.46079  
261.300     2.46198  
261.400     2.46317  
261.500     2.46436  
261.600     2.46555  
261.700     2.46674  
261.800     2.46793  
261.900     2.46912  
262.000     2.47031  
262.100     2.47150  
262.200     2.47269  
262.300     2.47388  
262.400     2.47506  
262.500     2.47625  
262.600     2.47744  
262.700     2.47862  
262.800     2.47981  
262.900     2.48099  
263.000     2.48218  
263.100     2.48336  
263.200     2.48455  
263.300     2.48573  
263.400     2.48692  
263.500     2.48810  
263.600     2.48928  
263.700     2.49046  
263.800     2.49164  
263.900     2.49283  
264.000     2.49401  
264.100     2.49519  
264.200     2.49637  
264.300     2.49755  
264.400     2.49873  
264.500     2.49990  
264.600     2.50108  
264.700     2.50226  
264.800     2.50344  
264.900     2.50462  
265.000     2.50579  
265.100     2.50697  
265.200     2.50814  
265.300     2.50932  
265.400     2.51049  
265.500     2.51167  
265.600     2.51284  
265.700     2.51402  
265.800     2.51519  
265.900     2.51636  
266.000     2.51753  
266.100     2.51871  
266.200     2.51988  
266.300     2.52105  
266.400     2.52222  
266.500     2.52339  
266.600     2.52456  
266.700     2.52573  
266.800     2.52690  
266.900     2.52806  
267.000     2.52923  
267.100     2.53040  
267.200     2.53157  
267.300     2.53273  
267.400     2.53390  
267.500     2.53507  
267.600     2.53623  
267.700     2.53740  
267.800     2.53856  
267.900     2.53972  
268.000     2.54089  
268.100     2.54205  
268.200     2.54321  
268.300     2.54437  
268.400     2.54554  
268.500     2.54670  
268.600     2.54786  
268.700     2.54902  
268.800     2.55018  
268.900     2.55134  
269.000     2.55250  
269.100     2.55366  
269.200     2.55481  
269.300     2.55597  
269.400     2.55713  
269.500     2.55828  
269.600     2.55944  
269.700     2.56060  
269.800     2.56175  
269.900     2.56291  
270.000     2.56406  
270.100     2.56521  
270.200     2.56637  
270.300     2.56752  
270.400     2.56867  
270.500     2.56983  
270.600     2.57098  
270.700     2.57213  
270.800     2.57328  
270.900     2.57443  
271.000     2.57558  
271.100     2.57673  
271.200     2.57788  
271.300     2.57903  
271.400     2.58017  
271.500     2.58132  
271.600     2.58247  
271.700     2.58361  
271.800     2.58476  
271.900     2.58591  
272.000     2.58705  
272.100     2.58820  
272.200     2.58934  
272.300     2.59048  
272.400     2.59163  
272.500     2.59277  
272.600     2.59391  
272.700     2.59505  
272.800     2.59619  
272.900     2.59733  
273.000     2.59848  
273.100     2.59961  
273.200     2.60075  
273.300     2.60189  
273.400     2.60303  
273.500     2.60417  
273.600     2.60531  
273.700     2.60644  
273.800     2.60758  
273.900     2.60872  
274.000     2.60985  
274.100     2.61099  
274.200     2.61212  
274.300     2.61326  
274.400     2.61439  
274.500     2.61552  
274.600     2.61665  
274.700     2.61779  
274.800     2.61892  
274.900     2.62005  
275.000     2.62118  
275.100     2.62231  
275.200     2.62344  
275.300     2.62457  
275.400     2.62570  
275.500     2.62683  
275.600     2.62795  
275.700     2.62908  
275.800     2.63021  
275.900     2.63133  
276.000     2.63246  
276.100     2.63358  
276.200     2.63471  
276.300     2.63583  
276.400     2.63696  
276.500     2.63808  
276.600     2.63920  
276.700     2.64033  
276.800     2.64145  
276.900     2.64257  
277.000     2.64369  
277.100     2.64481  
277.200     2.64593  
277.300     2.64705  
277.400     2.64817  
277.500     2.64929  
277.600     2.65040  
277.700     2.65152  
277.800     2.65264  
277.900     2.65375  
278.000     2.65487  
278.100     2.65598  
278.200     2.65710  
278.300     2.65821  
278.400     2.65933  
278.500     2.66044  
278.600     2.66155  
278.700     2.66267  
278.800     2.66378  
278.900     2.66489  
279.000     2.66600  
279.100     2.66711  
279.200     2.66822  
279.300     2.66933  
279.400     2.67044  
279.500     2.67154  
279.600     2.67265  
279.700     2.67376  
279.800     2.67487  
279.900     2.67597  
280.000     2.67708  
280.100     2.67818  
280.200     2.67929  
280.300     2.68039  
280.400     2.68149  
280.500     2.68260  
280.600     2.68370  
280.700     2.68480  
280.800     2.68590  
280.900     2.68700  
281.000     2.68810  
281.100     2.68920  
281.200     2.69030  
281.300     2.69140  
281.400     2.69250  
281.500     2.69360  
281.600     2.69469  
281.700     2.69579  
281.800     2.69689  
281.900     2.69798  
282.000     2.69908  
282.100     2.70017  
282.200     2.70127  
282.300     2.70236  
282.400     2.70345  
282.500     2.70455  
282.600     2.70564  
282.700     2.70673  
282.800     2.70782  
282.900     2.70891  
283.000     2.71000  
283.100     2.71109  
283.200     2.71218  
283.300     2.71327  
283.400     2.71435  
283.500     2.71544  
283.600     2.71653  
283.700     2.71761  
283.800     2.71870  
283.900     2.71978  
284.000     2.72087  
284.100     2.72195  
284.200     2.72304  
284.300     2.72412  
284.400     2.72520  
284.500     2.72628  
284.600     2.72736  
284.700     2.72845  
284.800     2.72953  
284.900     2.73060  
285.000     2.73168  
285.100     2.73276  
285.200     2.73384  
285.300     2.73492  
285.400     2.73599  
285.500     2.73707  
285.600     2.73815  
285.700     2.73922  
285.800     2.74030  
285.900     2.74137  
286.000     2.74244  
286.100     2.74352  
286.200     2.74459  
286.300     2.74566  
286.400     2.74673  
286.500     2.74780  
286.600     2.74887  
286.700     2.74994  
286.800     2.75101  
286.900     2.75208  
287.000     2.75315  
287.100     2.75422  
287.200     2.75528  
287.300     2.75635  
287.400     2.75742  
287.500     2.75848  
287.600     2.75955  
287.700     2.76061  
287.800     2.76168  
287.900     2.76274  
288.000     2.76380  
288.100     2.76486  
288.200     2.76592  
288.300     2.76699  
288.400     2.76805  
288.500     2.76911  
288.600     2.77016  
288.700     2.77122  
288.800     2.77228  
288.900     2.77334  
289.000     2.77440  
289.100     2.77545  
289.200     2.77651  
289.300     2.77756  
289.400     2.77862  
289.500     2.77967  
289.600     2.78073  
289.700     2.78178  
289.800     2.78283  
289.900     2.78388  
290.000     2.78493  
290.100     2.78598  
290.200     2.78703  
290.300     2.78808  
290.400     2.78913  
290.500     2.79018  
290.600     2.79123  
290.700     2.79228  
290.800     2.79332  
290.900     2.79437  
291.000     2.79542  
291.100     2.79646  
291.200     2.79751  
291.300     2.79855  
291.400     2.79959  
291.500     2.80064  
291.600     2.80168  
291.700     2.80272  
291.800     2.80376  
291.900     2.80480  
292.000     2.80584  
292.100     2.80688  
292.200     2.80792  
292.300     2.80896  
292.400     2.80999  
292.500     2.81103  
292.600     2.81207  
292.700     2.81310  
292.800     2.81414  
292.900     2.81517  
293.000     2.81621  
293.100     2.81724  
293.200     2.81827  
293.300     2.81931  
293.400     2.82034  
293.500     2.82137  
293.600     2.82240  
293.700     2.82343  
293.800     2.82446  
293.900     2.82549  
294.000     2.82651  
294.100     2.82754  
294.200     2.82857  
294.300     2.82960  
294.400     2.83062  
294.500     2.83165  
294.600     2.83267  
294.700     2.83370  
294.800     2.83472  
294.900     2.83574  
295.000     2.83676  
295.100     2.83779  
295.200     2.83881  
295.300     2.83983  
295.400     2.84085  
295.500     2.84187  
295.600     2.84289  
295.700     2.84390  
295.800     2.84492  
295.900     2.84594  
296.000     2.84695  
296.100     2.84797  
296.200     2.84898  
296.300     2.85000  
296.400     2.85101  
296.500     2.85203  
296.600     2.85304  
296.700     2.85405  
296.800     2.85506  
296.900     2.85607  
297.000     2.85708  
297.100     2.85809  
297.200     2.85910  
297.300     2.86011  
297.400     2.86112  
297.500     2.86213  
297.600     2.86313  
297.700     2.86414  
297.800     2.86514  
297.900     2.86615  
298.000     2.86715  
298.100     2.86816  
298.200     2.86916  
298.300     2.87016  
298.400     2.87116  
298.500     2.87216  
298.600     2.87317  
298.700     2.87417  
298.800     2.87516  
298.900     2.87616  
299.000     2.87716  
299.100     2.87816  
299.200     2.87916  
299.300     2.88015  
299.400     2.88115  
299.500     2.88214  
299.600     2.88314  
299.700     2.88413  
299.800     2.88512  
299.900     2.88612  
300.000     2.88711  
300.100     2.88810  
300.200     2.88909  
300.300     2.89008  
300.400     2.89107  
300.500     2.89206  
300.600     2.89305  
300.700     2.89404  
300.800     2.89502  
300.900     2.89601  
301.000     2.89699  
301.100     2.89798  
301.200     2.89896  
301.300     2.89995  
301.400     2.90093  
301.500     2.90191  
301.600     2.90290  
301.700     2.90388  
301.800     2.90486  
301.900     2.90584  
302.000     2.90682  
302.100     2.90780  
302.200     2.90878  
302.300     2.90975  
302.400     2.91073  
302.500     2.91171  
302.600     2.91268  
302.700     2.91366  
302.800     2.91463  
302.900     2.91561  
303.000     2.91658  
303.100     2.91755  
303.200     2.91852  
303.300     2.91949  
303.400     2.92047  
303.500     2.92144  
303.600     2.92241  
303.700     2.92337  
303.800     2.92434  
303.900     2.92531  
304.000     2.92628  
304.100     2.92724  
304.200     2.92821  
304.300     2.92917  
304.400     2.93014  
304.500     2.93110  
304.600     2.93206  
304.700     2.93303  
304.800     2.93399  
304.900     2.93495  
305.000     2.93591  
305.100     2.93687  
305.200     2.93783  
305.300     2.93879  
305.400     2.93975  
305.500     2.94070  
305.600     2.94166  
305.700     2.94262  
305.800     2.94357  
305.900     2.94453  
306.000     2.94548  
306.100     2.94643  
306.200     2.94739  
306.300     2.94834  
306.400     2.94929  
306.500     2.95024  
306.600     2.95119  
306.700     2.95214  
306.800     2.95309  
306.900     2.95404  
307.000     2.95498  
307.100     2.95593  
307.200     2.95688  
307.300     2.95782  
307.400     2.95877  
307.500     2.95971  
307.600     2.96066  
307.700     2.96160  
307.800     2.96254  
307.900     2.96348  
308.000     2.96442  
308.100     2.96536  
308.200     2.96630  
308.300     2.96724  
308.400     2.96818  
308.500     2.96912  
308.600     2.97005  
308.700     2.97099  
308.800     2.97193  
308.900     2.97286  
309.000     2.97380  
309.100     2.97473  
309.200     2.97566  
309.300     2.97660  
309.400     2.97753  
309.500     2.97846  
309.600     2.97939  
309.700     2.98032  
309.800     2.98125  
309.900     2.98218  
310.000     2.98310  
310.100     2.98403  
310.200     2.98496  
310.300     2.98588  
310.400     2.98681  
310.500     2.98773  
310.600     2.98866  
310.700     2.98958  
310.800     2.99050  
310.900     2.99142  
311.000     2.99234  
311.100     2.99327  
311.200     2.99419  
311.300     2.99510  
311.400     2.99602  
311.500     2.99694  
311.600     2.99786  
311.700     2.99877  
311.800     2.99969  
311.900     3.00060  
312.000     3.00152  
312.100     3.00243  
312.200     3.00335  
312.300     3.00426  
312.400     3.00517  
312.500     3.00608  
312.600     3.00699  
312.700     3.00790  
312.800     3.00881  
312.900     3.00972  
313.000     3.01063  
313.100     3.01153  
313.200     3.01244  
313.300     3.01334  
313.400     3.01425  
313.500     3.01515  
313.600     3.01606  
313.700     3.01696  
313.800     3.01786  
313.900     3.01876  
314.000     3.01966  
314.100     3.02056  
314.200     3.02146  
314.300     3.02236  
314.400     3.02326  
314.500     3.02416  
314.600     3.02505  
314.700     3.02595  
314.800     3.02685  
314.900     3.02774  
315.000     3.02863  
315.100     3.02953  
315.200     3.03042  
315.300     3.03131  
315.400     3.03220  
315.500     3.03309  
315.600     3.03398  
315.700     3.03487  
315.800     3.03576  
315.900     3.03665  
316.000     3.03754  
316.100     3.03842  
316.200     3.03931  
316.300     3.04019  
316.400     3.04108  
316.500     3.04196  
316.600     3.04284  
316.700     3.04372  
316.800     3.04461  
316.900     3.04549  
317.000     3.04637  
317.100     3.04725  
317.200     3.04813  
317.300     3.04900  
317.400     3.04988  
317.500     3.05076  
317.600     3.05163  
317.700     3.05251  
317.800     3.05338  
317.900     3.05426  
318.000     3.05513  
318.100     3.05600  
318.200     3.05687  
318.300     3.05774  
318.400     3.05861  
318.500     3.05948  
318.600     3.06035  
318.700     3.06122  
318.800     3.06209  
318.900     3.06296  
319.000     3.06382  
319.100     3.06469  
319.200     3.06555  
319.300     3.06642  
319.400     3.06728  
319.500     3.06814  
319.600     3.06900  
319.700     3.06986  
319.800     3.07072  
319.900     3.07158  
320.000     3.07244  
320.100     3.07330  
320.200     3.07416  
320.300     3.07502  
320.400     3.07587  
320.500     3.07673  
320.600     3.07758  
320.700     3.07844  
320.800     3.07929  
320.900     3.08014  
321.000     3.08099  
321.100     3.08185  
321.200     3.08270  
321.300     3.08355  
321.400     3.08439  
321.500     3.08524  
321.600     3.08609  
321.700     3.08694  
321.800     3.08778  
321.900     3.08863  
322.000     3.08947  
322.100     3.09032  
322.200     3.09116  
322.300     3.09200  
322.400     3.09285  
322.500     3.09369  
322.600     3.09453  
322.700     3.09537  
322.800     3.09621  
322.900     3.09704  
323.000     3.09788  
323.100     3.09872  
323.200     3.09955  
323.300     3.10039  
323.400     3.10122  
323.500     3.10206  
323.600     3.10289  
323.700     3.10372  
323.800     3.10456  
323.900     3.10539  
324.000     3.10622  
324.100     3.10705  
324.200     3.10788  
324.300     3.10870  
324.400     3.10953  
324.500     3.11036  
324.600     3.11118  
324.700     3.11201  
324.800     3.11283  
324.900     3.11366  
325.000     3.11448  
325.100     3.11530  
325.200     3.11612  
325.300     3.11694  
325.400     3.11776  
325.500     3.11858  
325.600     3.11940  
325.700     3.12022  
325.800     3.12104  
325.900     3.12185  
326.000     3.12267  
326.100     3.12348  
326.200     3.12430  
326.300     3.12511  
326.400     3.12593  
326.500     3.12674  
326.600     3.12755  
326.700     3.12836  
326.800     3.12917  
326.900     3.12998  
327.000     3.13079  
327.100     3.13159  
327.200     3.13240  
327.300     3.13321  
327.400     3.13401  
327.500     3.13482  
327.600     3.13562  
327.700     3.13642  
327.800     3.13723  
327.900     3.13803  
328.000     3.13883  
328.100     3.13963  
328.200     3.14043  
328.300     3.14123  
328.400     3.14203  
328.500     3.14282  
328.600     3.14362  
328.700     3.14442  
328.800     3.14521  
328.900     3.14600  
329.000     3.14680  
329.100     3.14759  
329.200     3.14838  
329.300     3.14917  
329.400     3.14996  
329.500     3.15075  
329.600     3.15154  
329.700     3.15233  
329.800     3.15312  
329.900     3.15391  
330.000     3.15469  
330.100     3.15548  
330.200     3.15626  
330.300     3.15705  
330.400     3.15783  
330.500     3.15861  
330.600     3.15939  
330.700     3.16017  
330.800     3.16095  
330.900     3.16173  
331.000     3.16251  
331.100     3.16329  
331.200     3.16407  
331.300     3.16484  
331.400     3.16562  
331.500     3.16639  
331.600     3.16717  
331.700     3.16794  
331.800     3.16871  
331.900     3.16948  
332.000     3.17026  
332.100     3.17103  
332.200     3.17180  
332.300     3.17256  
332.400     3.17333  
332.500     3.17410  
332.600     3.17487  
332.700     3.17563  
332.800     3.17640  
332.900     3.17716  
333.000     3.17792  
333.100     3.17869  
333.200     3.17945  
333.300     3.18021  
333.400     3.18097  
333.500     3.18173  
333.600     3.18249  
333.700     3.18325  
333.800     3.18400  
333.900     3.18476  
334.000     3.18552  
334.100     3.18627  
334.200     3.18703  
334.300     3.18778  
334.400     3.18853  
334.500     3.18928  
334.600     3.19004  
334.700     3.19079  
334.800     3.19154  
334.900     3.19228  
335.000     3.19303  
335.100     3.19378  
335.200     3.19453  
335.300     3.19527  
335.400     3.19602  
335.500     3.19676  
335.600     3.19751  
335.700     3.19825  
335.800     3.19899  
335.900     3.19973  
336.000     3.20047  
336.100     3.20121  
336.200     3.20195  
336.300     3.20269  
336.400     3.20343  
336.500     3.20416  
336.600     3.20490  
336.700     3.20563  
336.800     3.20637  
336.900     3.20710  
337.000     3.20783  
337.100     3.20857  
337.200     3.20930  
337.300     3.21003  
337.400     3.21076  
337.500     3.21149  
337.600     3.21221  
337.700     3.21294  
337.800     3.21367  
337.900     3.21439  
338.000     3.21512  
338.100     3.21584  
338.200     3.21657  
338.300     3.21729  
338.400     3.21801  
338.500     3.21873  
338.600     3.21945  
338.700     3.22017  
338.800     3.22089  
338.900     3.22161  
339.000     3.22233  
339.100     3.22304  
339.200     3.22376  
339.300     3.22447  
339.400     3.22519  
339.500     3.22590  
339.600     3.22661  
339.700     3.22732  
339.800     3.22803  
339.900     3.22874  
340.000     3.22945  
340.100     3.23016  
340.200     3.23087  
340.300     3.23158  
340.400     3.23228  
340.500     3.23299  
340.600     3.23369  
340.700     3.23440  
340.800     3.23510  
340.900     3.23580  
341.000     3.23650  
341.100     3.23720  
341.200     3.23790  
341.300     3.23860  
341.400     3.23930  
341.500     3.24000  
341.600     3.24070  
341.700     3.24139  
341.800     3.24209  
341.900     3.24278  
342.000     3.24347  
342.100     3.24417  
342.200     3.24486  
342.300     3.24555  
342.400     3.24624  
342.500     3.24693  
342.600     3.24762  
342.700     3.24831  
342.800     3.24899  
342.900     3.24968  
343.000     3.25037  
343.100     3.25105  
343.200     3.25173  
343.300     3.25242  
343.400     3.25310  
343.500     3.25378  
343.600     3.25446  
343.700     3.25514  
343.800     3.25582  
343.900     3.25650  
344.000     3.25718  
344.100     3.25785  
344.200     3.25853  
344.300     3.25920  
344.400     3.25988  
344.500     3.26055  
344.600     3.26122  
344.700     3.26190  
344.800     3.26257  
344.900     3.26324  
345.000     3.26391  
345.100     3.26458  
345.200     3.26524  
345.300     3.26591  
345.400     3.26658  
345.500     3.26724  
345.600     3.26791  
345.700     3.26857  
345.800     3.26923  
345.900     3.26990  
346.000     3.27056  
346.100     3.27122  
346.200     3.27188  
346.300     3.27254  
346.400     3.27319  
346.500     3.27385  
346.600     3.27451  
346.700     3.27516  
346.800     3.27582  
346.900     3.27647  
347.000     3.27713  
347.100     3.27778  
347.200     3.27843  
347.300     3.27908  
347.400     3.27973  
347.500     3.28038  
347.600     3.28103  
347.700     3.28168  
347.800     3.28232  
347.900     3.28297  
348.000     3.28361  
348.100     3.28426  
348.200     3.28490  
348.300     3.28555  
348.400     3.28619  
348.500     3.28683  
348.600     3.28747  
348.700     3.28811  
348.800     3.28875  
348.900     3.28938  
349.000     3.29002  
349.100     3.29066  
349.200     3.29129  
349.300     3.29193  
349.400     3.29256  
349.500     3.29319  
349.600     3.29383  
349.700     3.29446  
349.800     3.29509  
349.900     3.29572  
350.000     3.29635