0.000     0.00000  
  0.100     0.00000  
  0.200     0.00000  
  0.300     0.00000  
  0.400     0.00000  
  0.500     0.00000  
  0.600     0.00000  
  0.700     0.00000  
  0.800     0.00000  
  0.900     0.00000  
  1.000     0.00000  
  1.100     0.00000  
  1.200     0.00000  
  1.300     0.00000  
  1.400     0.00000  
  1.500     0.00000  
  1.600     0.00000  
  1.700     0.00000  
  1.800     0.00000  
  1.900     0.00000  
  2.000     0.00000  
  2.100     0.00000  
  2.200     0.00000  
  2.300     0.00000  
  2.400     0.00000  
  2.500     0.00000  
  2.600     0.00000  
  2.700     0.00000  
  2.800     0.00000  
  2.900     0.00000  
  3.000     0.00000  
  3.100     0.00000  
  3.200     0.00000  
  3.300     0.00000  
  3.400     0.00000  
  3.500     0.00000  
  3.600     0.00000  
  3.700     0.00000  
  3.800     0.00000  
  3.900     0.00000  
  4.000     0.00000  
  4.100     0.00000  
  4.200     0.00000  
  4.300     0.00000  
  4.400     0.00000  
  4.500     0.00000  
  4.600     0.00000  
  4.700     0.00000  
  4.800     0.00000  
  4.900     0.00000  
  5.000     0.00000  
  5.100     0.00000  
  5.200     0.00000  
  5.300     0.00000  
  5.400     0.00000  
  5.500     0.00000  
  5.600     0.00000  
  5.700     0.00000  
  5.800     0.00000  
  5.900     0.00000  
  6.000     0.00000  
  6.100     0.00000  
  6.200     0.00000  
  6.300     0.00000  
  6.400     0.00000  
  6.500     0.00000  
  6.600     0.00000  
  6.700     0.00000  
  6.800     0.00000  
  6.900     0.00000  
  7.000     0.00000  
  7.100     0.00000  
  7.200     0.00000  
  7.300     0.00000  
  7.400     0.00000  
  7.500     0.00000  
  7.600     0.00000  
  7.700     0.00000  
  7.800     0.00000  
  7.900     0.00000  
  8.000     0.00000  
  8.100     0.00000  
  8.200     0.00000  
  8.300     0.00000  
  8.400     0.00000  
  8.500     0.00000  
  8.600     0.00000  
  8.700     0.00000  
  8.800     0.00000  
  8.900     0.00000  
  9.000     0.00000  
  9.100    -0.00001  
  9.200    -0.00001  
  9.300    -0.00001  
  9.400    -0.00001  
  9.500    -0.00001  
  9.600    -0.00001  
  9.700    -0.00001  
  9.800    -0.00001  
  9.900    -0.00001  
 10.000    -0.00001  
 10.100    -0.00001  
 10.200    -0.00001  
 10.300    -0.00001  
 10.400    -0.00001  
 10.500    -0.00001  
 10.600    -0.00001  
 10.700    -0.00001  
 10.800    -0.00001  
 10.900    -0.00001  
 11.000    -0.00001  
 11.100    -0.00002  
 11.200    -0.00002  
 11.300    -0.00002  
 11.400    -0.00002  
 11.500    -0.00002  
 11.600    -0.00002  
 11.700    -0.00002  
 11.800    -0.00002  
 11.900    -0.00002  
 12.000    -0.00002  
 12.100    -0.00002  
 12.200    -0.00003  
 12.300    -0.00003  
 12.400    -0.00003  
 12.500    -0.00003  
 12.600    -0.00003  
 12.700    -0.00003  
 12.800    -0.00003  
 12.900    -0.00003  
 13.000    -0.00003  
 13.100    -0.00004  
 13.200    -0.00004  
 13.300    -0.00004  
 13.400    -0.00004  
 13.500    -0.00004  
 13.600    -0.00004  
 13.700    -0.00005  
 13.800    -0.00005  
 13.900    -0.00005  
 14.000    -0.00005  
 14.100    -0.00005  
 14.200    -0.00005  
 14.300    -0.00006  
 14.400    -0.00006  
 14.500    -0.00006  
 14.600    -0.00006  
 14.700    -0.00006  
 14.800    -0.00007  
 14.900    -0.00007  
 15.000    -0.00007  
 15.100    -0.00007  
 15.200    -0.00008  
 15.300    -0.00008  
 15.400    -0.00008  
 15.500    -0.00008  
 15.600    -0.00009  
 15.700    -0.00009  
 15.800    -0.00009  
 15.900    -0.00009  
 16.000    -0.00010  
 16.100    -0.00010  
 16.200    -0.00010  
 16.300    -0.00011  
 16.400    -0.00011  
 16.500    -0.00011  
 16.600    -0.00012  
 16.700    -0.00012  
 16.800    -0.00012  
 16.900    -0.00013  
 17.000    -0.00013  
 17.100    -0.00013  
 17.200    -0.00014  
 17.300    -0.00014  
 17.400    -0.00014  
 17.500    -0.00015  
 17.600    -0.00015  
 17.700    -0.00016  
 17.800    -0.00016  
 17.900    -0.00016  
 18.000    -0.00017  
 18.100    -0.00017  
 18.200    -0.00018  
 18.300    -0.00018  
 18.400    -0.00019  
 18.500    -0.00019  
 18.600    -0.00020  
 18.700    -0.00020  
 18.800    -0.00021  
 18.900    -0.00021  
 19.000    -0.00022  
 19.100    -0.00022  
 19.200    -0.00023  
 19.300    -0.00023  
 19.400    -0.00024  
 19.500    -0.00024  
 19.600    -0.00025  
 19.700    -0.00026  
 19.800    -0.00026  
 19.900    -0.00027  
 20.000    -0.00027  
 20.100    -0.00028  
 20.200    -0.00029  
 20.300    -0.00029  
 20.400    -0.00030  
 20.500    -0.00030  
 20.600    -0.00031  
 20.700    -0.00032  
 20.800    -0.00032  
 20.900    -0.00033  
 21.000    -0.00034  
 21.100    -0.00035  
 21.200    -0.00035  
 21.300    -0.00036  
 21.400    -0.00037  
 21.500    -0.00038  
 21.600    -0.00038  
 21.700    -0.00039  
 21.800    -0.00040  
 21.900    -0.00041  
 22.000    -0.00042  
 22.100    -0.00042  
 22.200    -0.00043  
 22.300    -0.00044  
 22.400    -0.00045  
 22.500    -0.00046  
 22.600    -0.00047  
 22.700    -0.00047  
 22.800    -0.00048  
 22.900    -0.00049  
 23.000    -0.00050  
 23.100    -0.00051  
 23.200    -0.00052  
 23.300    -0.00053  
 23.400    -0.00054  
 23.500    -0.00055  
 23.600    -0.00056  
 23.700    -0.00057  
 23.800    -0.00058  
 23.900    -0.00059  
 24.000    -0.00060  
 24.100    -0.00061  
 24.200    -0.00062  
 24.300    -0.00063  
 24.400    -0.00064  
 24.500    -0.00065  
 24.600    -0.00066  
 24.700    -0.00068  
 24.800    -0.00069  
 24.900    -0.00070  
 25.000    -0.00071  
 25.100    -0.00072  
 25.200    -0.00073  
 25.300    -0.00075  
 25.400    -0.00076  
 25.500    -0.00077  
 25.600    -0.00078  
 25.700    -0.00080  
 25.800    -0.00081  
 25.900    -0.00082  
 26.000    -0.00083  
 26.100    -0.00085  
 26.200    -0.00086  
 26.300    -0.00087  
 26.400    -0.00089  
 26.500    -0.00090  
 26.600    -0.00091  
 26.700    -0.00093  
 26.800    -0.00094  
 26.900    -0.00096  
 27.000    -0.00097  
 27.100    -0.00099  
 27.200    -0.00100  
 27.300    -0.00101  
 27.400    -0.00103  
 27.500    -0.00104  
 27.600    -0.00106  
 27.700    -0.00107  
 27.800    -0.00109  
 27.900    -0.00111  
 28.000    -0.00112  
 28.100    -0.00114  
 28.200    -0.00115  
 28.300    -0.00117  
 28.400    -0.00119  
 28.500    -0.00120  
 28.600    -0.00122  
 28.700    -0.00124  
 28.800    -0.00125  
 28.900    -0.00127  
 29.000    -0.00129  
 29.100    -0.00130  
 29.200    -0.00132  
 29.300    -0.00134  
 29.400    -0.00136  
 29.500    -0.00138  
 29.600    -0.00139  
 29.700    -0.00141  
 29.800    -0.00143  
 29.900    -0.00145  
 30.000    -0.00147  
 30.100    -0.00149  
 30.200    -0.00150  
 30.300    -0.00152  
 30.400    -0.00154  
 30.500    -0.00156  
 30.600    -0.00158  
 30.700    -0.00160  
 30.800    -0.00162  
 30.900    -0.00164  
 31.000    -0.00166  
 31.100    -0.00168  
 31.200    -0.00170  
 31.300    -0.00172  
 31.400    -0.00175  
 31.500    -0.00177  
 31.600    -0.00179  
 31.700    -0.00181  
 31.800    -0.00183  
 31.900    -0.00185  
 32.000    -0.00187  
 32.100    -0.00190  
 32.200    -0.00192  
 32.300    -0.00194  
 32.400    -0.00196  
 32.500    -0.00199  
 32.600    -0.00201  
 32.700    -0.00203  
 32.800    -0.00205  
 32.900    -0.00208  
 33.000    -0.00210  
 33.100    -0.00212  
 33.200    -0.00215  
 33.300    -0.00217  
 33.400    -0.00220  
 33.500    -0.00222  
 33.600    -0.00225  
 33.700    -0.00227  
 33.800    -0.00229  
 33.900    -0.00232  
 34.000    -0.00235  
 34.100    -0.00237  
 34.200    -0.00240  
 34.300    -0.00242  
 34.400    -0.00245  
 34.500    -0.00247  
 34.600    -0.00250  
 34.700    -0.00253  
 34.800    -0.00255  
 34.900    -0.00258  
 35.000    -0.00261  
 35.100    -0.00263  
 35.200    -0.00266  
 35.300    -0.00269  
 35.400    -0.00272  
 35.500    -0.00274  
 35.600    -0.00277  
 35.700    -0.00280  
 35.800    -0.00283  
 35.900    -0.00286  
 36.000    -0.00288  
 36.100    -0.00291  
 36.200    -0.00294  
 36.300    -0.00297  
 36.400    -0.00300  
 36.500    -0.00303  
 36.600    -0.00306  
 36.700    -0.00309  
 36.800    -0.00312  
 36.900    -0.00315  
 37.000    -0.00318  
 37.100    -0.00321  
 37.200    -0.00324  
 37.300    -0.00327  
 37.400    -0.00330  
 37.500    -0.00333  
 37.600    -0.00336  
 37.700    -0.00340  
 37.800    -0.00343  
 37.900    -0.00346  
 38.000    -0.00349  
 38.100    -0.00352  
 38.200    -0.00356  
 38.300    -0.00359  
 38.400    -0.00362  
 38.500    -0.00365  
 38.600    -0.00369  
 38.700    -0.00372  
 38.800    -0.00375  
 38.900    -0.00379  
 39.000    -0.00382  
 39.100    -0.00386  
 39.200    -0.00389  
 39.300    -0.00392  
 39.400    -0.00396  
 39.500    -0.00399  
 39.600    -0.00403  
 39.700    -0.00406  
 39.800    -0.00410  
 39.900    -0.00413  
 40.000    -0.00417  
 40.100    -0.00421  
 40.200    -0.00424  
 40.300    -0.00428  
 40.400    -0.00431  
 40.500    -0.00435  
 40.600    -0.00439  
 40.700    -0.00442  
 40.800    -0.00446  
 40.900    -0.00450  
 41.000    -0.00454  
 41.100    -0.00457  
 41.200    -0.00461  
 41.300    -0.00465  
 41.400    -0.00469  
 41.500    -0.00473  
 41.600    -0.00476  
 41.700    -0.00480  
 41.800    -0.00484  
 41.900    -0.00488  
 42.000    -0.00492  
 42.100    -0.00496  
 42.200    -0.00500  
 42.300    -0.00504  
 42.400    -0.00508  
 42.500    -0.00512  
 42.600    -0.00516  
 42.700    -0.00520  
 42.800    -0.00524  
 42.900    -0.00528  
 43.000    -0.00532  
 43.100    -0.00536  
 43.200    -0.00540  
 43.300    -0.00545  
 43.400    -0.00549  
 43.500    -0.00553  
 43.600    -0.00557  
 43.700    -0.00561  
 43.800    -0.00566  
 43.900    -0.00570  
 44.000    -0.00574  
 44.100    -0.00579  
 44.200    -0.00583  
 44.300    -0.00587  
 44.400    -0.00592  
 44.500    -0.00596  
 44.600    -0.00600  
 44.700    -0.00605  
 44.800    -0.00609  
 44.900    -0.00614  
 45.000    -0.00618  
 45.100    -0.00623  
 45.200    -0.00627  
 45.300    -0.00632  
 45.400    -0.00636  
 45.500    -0.00641  
 45.600    -0.00645  
 45.700    -0.00650  
 45.800    -0.00655  
 45.900    -0.00659  
 46.000    -0.00664  
 46.100    -0.00669  
 46.200    -0.00673  
 46.300    -0.00678  
 46.400    -0.00683  
 46.500    -0.00687  
 46.600    -0.00692  
 46.700    -0.00697  
 46.800    -0.00702  
 46.900    -0.00707  
 47.000    -0.00711  
 47.100    -0.00716  
 47.200    -0.00721  
 47.300    -0.00726  
 47.400    -0.00731  
 47.500    -0.00736  
 47.600    -0.00741  
 47.700    -0.00746  
 47.800    -0.00751  
 47.900    -0.00756  
 48.000    -0.00761  
 48.100    -0.00766  
 48.200    -0.00771  
 48.300    -0.00776  
 48.400    -0.00781  
 48.500    -0.00786  
 48.600    -0.00791  
 48.700    -0.00796  
 48.800    -0.00802  
 48.900    -0.00807  
 49.000    -0.00812  
 49.100    -0.00817  
 49.200    -0.00822  
 49.300    -0.00828  
 49.400    -0.00833  
 49.500    -0.00838  
 49.600    -0.00843  
 49.700    -0.00849  
 49.800    -0.00854  
 49.900    -0.00860  
 50.000    -0.00865  
 50.100    -0.00870  
 50.200    -0.00876  
 50.300    -0.00881  
 50.400    -0.00887  
 50.500    -0.00892  
 50.600    -0.00898  
 50.700    -0.00903  
 50.800    -0.00909  
 50.900    -0.00914  
 51.000    -0.00920  
 51.100    -0.00925  
 51.200    -0.00931  
 51.300    -0.00937  
 51.400    -0.00942  
 51.500    -0.00948  
 51.600    -0.00954  
 51.700    -0.00959  
 51.800    -0.00965  
 51.900    -0.00971  
 52.000    -0.00976  
 52.100    -0.00982  
 52.200    -0.00988  
 52.300    -0.00994  
 52.400    -0.01000  
 52.500    -0.01005  
 52.600    -0.01011  
 52.700    -0.01017  
 52.800    -0.01023  
 52.900    -0.01029  
 53.000    -0.01035  
 53.100    -0.01041  
 53.200    -0.01047  
 53.300    -0.01053  
 53.400    -0.01059  
 53.500    -0.01065  
 53.600    -0.01071  
 53.700    -0.01077  
 53.800    -0.01083  
 53.900    -0.01089  
 54.000    -0.01095  
 54.100    -0.01101  
 54.200    -0.01107  
 54.300    -0.01114  
 54.400    -0.01120  
 54.500    -0.01126  
 54.600    -0.01132  
 54.700    -0.01138  
 54.800    -0.01145  
 54.900    -0.01151  
 55.000    -0.01157  
 55.100    -0.01164  
 55.200    -0.01170  
 55.300    -0.01176  
 55.400    -0.01183  
 55.500    -0.01189  
 55.600    -0.01195  
 55.700    -0.01202  
 55.800    -0.01208  
 55.900    -0.01215  
 56.000    -0.01221  
 56.100    -0.01227  
 56.200    -0.01234  
 56.300    -0.01240  
 56.400    -0.01247  
 56.500    -0.01254  
 56.600    -0.01260  
 56.700    -0.01267  
 56.800    -0.01273  
 56.900    -0.01280  
 57.000    -0.01287  
 57.100    -0.01293  
 57.200    -0.01300  
 57.300    -0.01307  
 57.400    -0.01313  
 57.500    -0.01320  
 57.600    -0.01327  
 57.700    -0.01334  
 57.800    -0.01340  
 57.900    -0.01347  
 58.000    -0.01354  
 58.100    -0.01361  
 58.200    -0.01368  
 58.300    -0.01374  
 58.400    -0.01381  
 58.500    -0.01388  
 58.600    -0.01395  
 58.700    -0.01402  
 58.800    -0.01409  
 58.900    -0.01416  
 59.000    -0.01423  
 59.100    -0.01430  
 59.200    -0.01437  
 59.300    -0.01444  
 59.400    -0.01451  
 59.500    -0.01458  
 59.600    -0.01465  
 59.700    -0.01472  
 59.800    -0.01480  
 59.900    -0.01487  
 60.000    -0.01494  
 60.100    -0.01501  
 60.200    -0.01508  
 60.300    -0.01515  
 60.400    -0.01523  
 60.500    -0.01530  
 60.600    -0.01537  
 60.700    -0.01544  
 60.800    -0.01552  
 60.900    -0.01559  
 61.000    -0.01566  
 61.100    -0.01574  
 61.200    -0.01581  
 61.300    -0.01588  
 61.400    -0.01596  
 61.500    -0.01603  
 61.600    -0.01611  
 61.700    -0.01618  
 61.800    -0.01626  
 61.900    -0.01633  
 62.000    -0.01641  
 62.100    -0.01648  
 62.200    -0.01656  
 62.300    -0.01663  
 62.400    -0.01671  
 62.500    -0.01678  
 62.600    -0.01686  
 62.700    -0.01693  
 62.800    -0.01701  
 62.900    -0.01709  
 63.000    -0.01716  
 63.100    -0.01724  
 63.200    -0.01732  
 63.300    -0.01740  
 63.400    -0.01747  
 63.500    -0.01755  
 63.600    -0.01763  
 63.700    -0.01771  
 63.800    -0.01778  
 63.900    -0.01786  
 64.000    -0.01794  
 64.100    -0.01802  
 64.200    -0.01810  
 64.300    -0.01818  
 64.400    -0.01825  
 64.500    -0.01833  
 64.600    -0.01841  
 64.700    -0.01849  
 64.800    -0.01857  
 64.900    -0.01865  
 65.000    -0.01873  
 65.100    -0.01881  
 65.200    -0.01889  
 65.300    -0.01897  
 65.400    -0.01905  
 65.500    -0.01913  
 65.600    -0.01922  
 65.700    -0.01930  
 65.800    -0.01938  
 65.900    -0.01946  
 66.000    -0.01954  
 66.100    -0.01962  
 66.200    -0.01970  
 66.300    -0.01979  
 66.400    -0.01987  
 66.500    -0.01995  
 66.600    -0.02003  
 66.700    -0.02012  
 66.800    -0.02020  
 66.900    -0.02028  
 67.000    -0.02037  
 67.100    -0.02045  
 67.200    -0.02053  
 67.300    -0.02062  
 67.400    -0.02070  
 67.500    -0.02078  
 67.600    -0.02087  
 67.700    -0.02095  
 67.800    -0.02104  
 67.900    -0.02112  
 68.000    -0.02121  
 68.100    -0.02129  
 68.200    -0.02138  
 68.300    -0.02146  
 68.400    -0.02155  
 68.500    -0.02163  
 68.600    -0.02172  
 68.700    -0.02181  
 68.800    -0.02189  
 68.900    -0.02198  
 69.000    -0.02206  
 69.100    -0.02215  
 69.200    -0.02224  
 69.300    -0.02232  
 69.400    -0.02241  
 69.500    -0.02250  
 69.600    -0.02259  
 69.700    -0.02267  
 69.800    -0.02276  
 69.900    -0.02285  
 70.000    -0.02294  
 70.100    -0.02302  
 70.200    -0.02311  
 70.300    -0.02320  
 70.400    -0.02329  
 70.500    -0.02338  
 70.600    -0.02347  
 70.700    -0.02356  
 70.800    -0.02365  
 70.900    -0.02373  
 71.000    -0.02382  
 71.100    -0.02391  
 71.200    -0.02400  
 71.300    -0.02409  
 71.400    -0.02418  
 71.500    -0.02427  
 71.600    -0.02436  
 71.700    -0.02445  
 71.800    -0.02455  
 71.900    -0.02464  
 72.000    -0.02473  
 72.100    -0.02482  
 72.200    -0.02491  
 72.300    -0.02500  
 72.400    -0.02509  
 72.500    -0.02518  
 72.600    -0.02528  
 72.700    -0.02537  
 72.800    -0.02546  
 72.900    -0.02555  
 73.000    -0.02565  
 73.100    -0.02574  
 73.200    -0.02583  
 73.300    -0.02592  
 73.400    -0.02602  
 73.500    -0.02611  
 73.600    -0.02620  
 73.700    -0.02630  
 73.800    -0.02639  
 73.900    -0.02649  
 74.000    -0.02658  
 74.100    -0.02667  
 74.200    -0.02677  
 74.300    -0.02686  
 74.400    -0.02696  
 74.500    -0.02705  
 74.600    -0.02715  
 74.700    -0.02724  
 74.800    -0.02734  
 74.900    -0.02743  
 75.000    -0.02753  
 75.100    -0.02762  
 75.200    -0.02772  
 75.300    -0.02782  
 75.400    -0.02791  
 75.500    -0.02801  
 75.600    -0.02810  
 75.700    -0.02820  
 75.800    -0.02830  
 75.900    -0.02839  
 76.000    -0.02849  
 76.100    -0.02859  
 76.200    -0.02869  
 76.300    -0.02878  
 76.400    -0.02888  
 76.500    -0.02898  
 76.600    -0.02908  
 76.700    -0.02917  
 76.800    -0.02927  
 76.900    -0.02937  
 77.000    -0.02947  
 77.100    -0.02957  
 77.200    -0.02967  
 77.300    -0.02976  
 77.400    -0.02986  
 77.500    -0.02996  
 77.600    -0.03006  
 77.700    -0.03016  
 77.800    -0.03026  
 77.900    -0.03036  
 78.000    -0.03046  
 78.100    -0.03056  
 78.200    -0.03066  
 78.300    -0.03076  
 78.400    -0.03086  
 78.500    -0.03096  
 78.600    -0.03106  
 78.700    -0.03116  
 78.800    -0.03126  
 78.900    -0.03136  
 79.000    -0.03146  
 79.100    -0.03157  
 79.200    -0.03167  
 79.300    -0.03177  
 79.400    -0.03187  
 79.500    -0.03197  
 79.600    -0.03208  
 79.700    -0.03218  
 79.800    -0.03228  
 79.900    -0.03238  
 80.000    -0.03248  
 80.100    -0.03259  
 80.200    -0.03269  
 80.300    -0.03279  
 80.400    -0.03290  
 80.500    -0.03300  
 80.600    -0.03310  
 80.700    -0.03321  
 80.800    -0.03331  
 80.900    -0.03341  
 81.000    -0.03352  
 81.100    -0.03362  
 81.200    -0.03373  
 81.300    -0.03383  
 81.400    -0.03394  
 81.500    -0.03404  
 81.600    -0.03414  
 81.700    -0.03425  
 81.800    -0.03435  
 81.900    -0.03446  
 82.000    -0.03456  
 82.100    -0.03467  
 82.200    -0.03478  
 82.300    -0.03488  
 82.400    -0.03499  
 82.500    -0.03509  
 82.600    -0.03520  
 82.700    -0.03531  
 82.800    -0.03541  
 82.900    -0.03552  
 83.000    -0.03562  
 83.100    -0.03573  
 83.200    -0.03584  
 83.300    -0.03595  
 83.400    -0.03605  
 83.500    -0.03616  
 83.600    -0.03627  
 83.700    -0.03637  
 83.800    -0.03648  
 83.900    -0.03659  
 84.000    -0.03670  
 84.100    -0.03681  
 84.200    -0.03691  
 84.300    -0.03702  
 84.400    -0.03713  
 84.500    -0.03724  
 84.600    -0.03735  
 84.700    -0.03746  
 84.800    -0.03757  
 84.900    -0.03768  
 85.000    -0.03778  
 85.100    -0.03789  
 85.200    -0.03800  
 85.300    -0.03811  
 85.400    -0.03822  
 85.500    -0.03833  
 85.600    -0.03844  
 85.700    -0.03855  
 85.800    -0.03866  
 85.900    -0.03877  
 86.000    -0.03888  
 86.100    -0.03899  
 86.200    -0.03911  
 86.300    -0.03922  
 86.400    -0.03933  
 86.500    -0.03944  
 86.600    -0.03955  
 86.700    -0.03966  
 86.800    -0.03977  
 86.900    -0.03988  
 87.000    -0.03999  
 87.100    -0.04011  
 87.200    -0.04022  
 87.300    -0.04033  
 87.400    -0.04044  
 87.500    -0.04056  
 87.600    -0.04067  
 87.700    -0.04078  
 87.800    -0.04089  
 87.900    -0.04101  
 88.000    -0.04112  
 88.100    -0.04123  
 88.200    -0.04135  
 88.300    -0.04146  
 88.400    -0.04157  
 88.500    -0.04169  
 88.600    -0.04180  
 88.700    -0.04191  
 88.800    -0.04203  
 88.900    -0.04214  
 89.000    -0.04225  
 89.100    -0.04237  
 89.200    -0.04248  
 89.300    -0.04260  
 89.400    -0.04271  
 89.500    -0.04283  
 89.600    -0.04294  
 89.700    -0.04306  
 89.800    -0.04317  
 89.900    -0.04329  
 90.000    -0.04340  
 90.100    -0.04352  
 90.200    -0.04364  
 90.300    -0.04375  
 90.400    -0.04387  
 90.500    -0.04398  
 90.600    -0.04410  
 90.700    -0.04421  
 90.800    -0.04433  
 90.900    -0.04445  
 91.000    -0.04456  
 91.100    -0.04468  
 91.200    -0.04480  
 91.300    -0.04491  
 91.400    -0.04503  
 91.500    -0.04515  
 91.600    -0.04527  
 91.700    -0.04538  
 91.800    -0.04550  
 91.900    -0.04562  
 92.000    -0.04574  
 92.100    -0.04585  
 92.200    -0.04597  
 92.300    -0.04609  
 92.400    -0.04621  
 92.500    -0.04633  
 92.600    -0.04644  
 92.700    -0.04656  
 92.800    -0.04668  
 92.900    -0.04680  
 93.000    -0.04692  
 93.100    -0.04704  
 93.200    -0.04716  
 93.300    -0.04728  
 93.400    -0.04740  
 93.500    -0.04752  
 93.600    -0.04763  
 93.700    -0.04775  
 93.800    -0.04787  
 93.900    -0.04799  
 94.000    -0.04811  
 94.100    -0.04823  
 94.200    -0.04835  
 94.300    -0.04847  
 94.400    -0.04860  
 94.500    -0.04872  
 94.600    -0.04884  
 94.700    -0.04896  
 94.800    -0.04908  
 94.900    -0.04920  
 95.000    -0.04932  
 95.100    -0.04944  
 95.200    -0.04956  
 95.300    -0.04968  
 95.400    -0.04981  
 95.500    -0.04993  
 95.600    -0.05005  
 95.700    -0.05017  
 95.800    -0.05029  
 95.900    -0.05041  
 96.000    -0.05054  
 96.100    -0.05066  
 96.200    -0.05078  
 96.300    -0.05090  
 96.400    -0.05103  
 96.500    -0.05115  
 96.600    -0.05127  
 96.700    -0.05140  
 96.800    -0.05152  
 96.900    -0.05164  
 97.000    -0.05176  
 97.100    -0.05189  
 97.200    -0.05201  
 97.300    -0.05214  
 97.400    -0.05226  
 97.500    -0.05238  
 97.600    -0.05251  
 97.700    -0.05263  
 97.800    -0.05276  
 97.900    -0.05288  
 98.000    -0.05300  
 98.100    -0.05313  
 98.200    -0.05325  
 98.300    -0.05338  
 98.400    -0.05350  
 98.500    -0.05363  
 98.600    -0.05375  
 98.700    -0.05388  
 98.800    -0.05400  
 98.900    -0.05413  
 99.000    -0.05425  
 99.100    -0.05438  
 99.200    -0.05450  
 99.300    -0.05463  
 99.400    -0.05476  
 99.500    -0.05488  
 99.600    -0.05501  
 99.700    -0.05513  
 99.800    -0.05526  
 99.900    -0.05539  
100.000    -0.05551  
100.100    -0.05564  
100.200    -0.05577  
100.300    -0.05589  
100.400    -0.05602  
100.500    -0.05615  
100.600    -0.05627  
100.700    -0.05640  
100.800    -0.05653  
100.900    -0.05665  
101.000    -0.05678  
101.100    -0.05691  
101.200    -0.05704  
101.300    -0.05716  
101.400    -0.05729  
101.500    -0.05742  
101.600    -0.05755  
101.700    -0.05768  
101.800    -0.05780  
101.900    -0.05793  
102.000    -0.05806  
102.100    -0.05819  
102.200    -0.05832  
102.300    -0.05845  
102.400    -0.05858  
102.500    -0.05870  
102.600    -0.05883  
102.700    -0.05896  
102.800    -0.05909  
102.900    -0.05922  
103.000    -0.05935  
103.100    -0.05948  
103.200    -0.05961  
103.300    -0.05974  
103.400    -0.05987  
103.500    -0.06000  
103.600    -0.06013  
103.700    -0.06026  
103.800    -0.06039  
103.900    -0.06052  
104.000    -0.06065  
104.100    -0.06078  
104.200    -0.06091  
104.300    -0.06104  
104.400    -0.06117  
104.500    -0.06130  
104.600    -0.06143  
104.700    -0.06157  
104.800    -0.06170  
104.900    -0.06183  
105.000    -0.06196  
105.100    -0.06209  
105.200    -0.06222  
105.300    -0.06235  
105.400    -0.06248  
105.500    -0.06262  
105.600    -0.06275  
105.700    -0.06288  
105.800    -0.06301  
105.900    -0.06314  
106.000    -0.06328  
106.100    -0.06341  
106.200    -0.06354  
106.300    -0.06367  
106.400    -0.06381  
106.500    -0.06394  
106.600    -0.06407  
106.700    -0.06421  
106.800    -0.06434  
106.900    -0.06447  
107.000    -0.06460  
107.100    -0.06474  
107.200    -0.06487  
107.300    -0.06500  
107.400    -0.06514  
107.500    -0.06527  
107.600    -0.06541  
107.700    -0.06554  
107.800    -0.06567  
107.900    -0.06581  
108.000    -0.06594  
108.100    -0.06608  
108.200    -0.06621  
108.300    -0.06634  
108.400    -0.06648  
108.500    -0.06661  
108.600    -0.06675  
108.700    -0.06688  
108.800    -0.06702  
108.900    -0.06715  
109.000    -0.06729  
109.100    -0.06742  
109.200    -0.06756  
109.300    -0.06769  
109.400    -0.06783  
109.500    -0.06796  
109.600    -0.06810  
109.700    -0.06823  
109.800    -0.06837  
109.900    -0.06850  
110.000    -0.06864  
110.100    -0.06878  
110.200    -0.06891  
110.300    -0.06905  
110.400    -0.06918  
110.500    -0.06932  
110.600    -0.06946  
110.700    -0.06959  
110.800    -0.06973  
110.900    -0.06987  
111.000    -0.07000  
111.100    -0.07014  
111.200    -0.07028  
111.300    -0.07041  
111.400    -0.07055  
111.500    -0.07069  
111.600    -0.07082  
111.700    -0.07096  
111.800    -0.07110  
111.900    -0.07124  
112.000    -0.07137  
112.100    -0.07151  
112.200    -0.07165  
112.300    -0.07179  
112.400    -0.07192  
112.500    -0.07206  
112.600    -0.07220  
112.700    -0.07234  
112.800    -0.07248  
112.900    -0.07262  
113.000    -0.07275  
113.100    -0.07289  
113.200    -0.07303  
113.300    -0.07317  
113.400    -0.07331  
113.500    -0.07345  
113.600    -0.07358  
113.700    -0.07372  
113.800    -0.07386  
113.900    -0.07400  
114.000    -0.07414  
114.100    -0.07428  
114.200    -0.07442  
114.300    -0.07456  
114.400    -0.07470  
114.500    -0.07484  
114.600    -0.07498  
114.700    -0.07512  
114.800    -0.07526  
114.900    -0.07540  
115.000    -0.07554  
115.100    -0.07568  
115.200    -0.07582  
115.300    -0.07596  
115.400    -0.07610  
115.500    -0.07624  
115.600    -0.07638  
115.700    -0.07652  
115.800    -0.07666  
115.900    -0.07680  
116.000    -0.07694  
116.100    -0.07708  
116.200    -0.07722  
116.300    -0.07736  
116.400    -0.07750  
116.500    -0.07765  
116.600    -0.07779  
116.700    -0.07793  
116.800    -0.07807  
116.900    -0.07821  
117.000    -0.07835  
117.100    -0.07849  
117.200    -0.07864  
117.300    -0.07878  
117.400    -0.07892  
117.500    -0.07906  
117.600    -0.07920  
117.700    -0.07934  
117.800    -0.07949  
117.900    -0.07963  
118.000    -0.07977  
118.100    -0.07991  
118.200    -0.08006  
118.300    -0.08020  
118.400    -0.08034  
118.500    -0.08048  
118.600    -0.08063  
118.700    -0.08077  
118.800    -0.08091  
118.900    -0.08105  
119.000    -0.08120  
119.100    -0.08134  
119.200    -0.08148  
119.300    -0.08163  
119.400    -0.08177  
119.500    -0.08191  
119.600    -0.08206  
119.700    -0.08220  
119.800    -0.08234  
119.900    -0.08249  
120.000    -0.08263  
120.100    -0.08278  
120.200    -0.08292  
120.300    -0.08306  
120.400    -0.08321  
120.500    -0.08335  
120.600    -0.08350  
120.700    -0.08364  
120.800    -0.08378  
120.900    -0.08393  
121.000    -0.08407  
121.100    -0.08422  
121.200    -0.08436  
121.300    -0.08451  
121.400    -0.08465  
121.500    -0.08480  
121.600    -0.08494  
121.700    -0.08509  
121.800    -0.08523  
121.900    -0.08538  
122.000    -0.08552  
122.100    -0.08567  
122.200    -0.08581  
122.300    -0.08596  
122.400    -0.08610  
122.500    -0.08625  
122.600    -0.08639  
122.700    -0.08654  
122.800    -0.08669  
122.900    -0.08683  
123.000    -0.08698  
123.100    -0.08712  
123.200    -0.08727  
123.300    -0.08741  
123.400    -0.08756  
123.500    -0.08771  
123.600    -0.08785  
123.700    -0.08800  
123.800    -0.08815  
123.900    -0.08829  
124.000    -0.08844  
124.100    -0.08859  
124.200    -0.08873  
124.300    -0.08888  
124.400    -0.08903  
124.500    -0.08917  
124.600    -0.08932  
124.700    -0.08947  
124.800    -0.08961  
124.900    -0.08976  
125.000    -0.08991  
125.100    -0.09006  
125.200    -0.09020  
125.300    -0.09035  
125.400    -0.09050  
125.500    -0.09065  
125.600    -0.09079  
125.700    -0.09094  
125.800    -0.09109  
125.900    -0.09124  
126.000    -0.09138  
126.100    -0.09153  
126.200    -0.09168  
126.300    -0.09183  
126.400    -0.09198  
126.500    -0.09212  
126.600    -0.09227  
126.700    -0.09242  
126.800    -0.09257  
126.900    -0.09272  
127.000    -0.09287  
127.100    -0.09301  
127.200    -0.09316  
127.300    -0.09331  
127.400    -0.09346  
127.500    -0.09361  
127.600    -0.09376  
127.700    -0.09391  
127.800    -0.09406  
127.900    -0.09420  
128.000    -0.09435  
128.100    -0.09450  
128.200    -0.09465  
128.300    -0.09480  
128.400    -0.09495  
128.500    -0.09510  
128.600    -0.09525  
128.700    -0.09540  
128.800    -0.09555  
128.900    -0.09570  
129.000    -0.09585  
129.100    -0.09600  
129.200    -0.09615  
129.300    -0.09630  
129.400    -0.09645  
129.500    -0.09660  
129.600    -0.09675  
129.700    -0.09690  
129.800    -0.09705  
129.900    -0.09720  
130.000    -0.09735  
130.100    -0.09750  
130.200    -0.09765  
130.300    -0.09780  
130.400    -0.09795  
130.500    -0.09810  
130.600    -0.09825  
130.700    -0.09840  
130.800    -0.09855  
130.900    -0.09871  
131.000    -0.09886  
131.100    -0.09901  
131.200    -0.09916  
131.300    -0.09931  
131.400    -0.09946  
131.500    -0.09961  
131.600    -0.09976  
131.700    -0.09991  
131.800    -0.10007  
131.900    -0.10022  
132.000    -0.10037  
132.100    -0.10052  
132.200    -0.10067  
132.300    -0.10082  
132.400    -0.10098  
132.500    -0.10113  
132.600    -0.10128  
132.700    -0.10143  
132.800    -0.10158  
132.900    -0.10174  
133.000    -0.10189  
133.100    -0.10204  
133.200    -0.10219  
133.300    -0.10234  
133.400    -0.10250  
133.500    -0.10265  
133.600    -0.10280  
133.700    -0.10295  
133.800    -0.10311  
133.900    -0.10326  
134.000    -0.10341  
134.100    -0.10356  
134.200    -0.10372  
134.300    -0.10387  
134.400    -0.10402  
134.500    -0.10418  
134.600    -0.10433  
134.700    -0.10448  
134.800    -0.10463  
134.900    -0.10479  
135.000    -0.10494  
135.100    -0.10509  
135.200    -0.10525  
135.300    -0.10540  
135.400    -0.10555  
135.500    -0.10571  
135.600    -0.10586  
135.700    -0.10601  
135.800    -0.10617  
135.900    -0.10632  
136.000    -0.10648  
136.100    -0.10663  
136.200    -0.10678  
136.300    -0.10694  
136.400    -0.10709  
136.500    -0.10725  
136.600    -0.10740  
136.700    -0.10755  
136.800    -0.10771  
136.900    -0.10786  
137.000    -0.10802  
137.100    -0.10817  
137.200    -0.10833  
137.300    -0.10848  
137.400    -0.10863  
137.500    -0.10879  
137.600    -0.10894  
137.700    -0.10910  
137.800    -0.10925  
137.900    -0.10941  
138.000    -0.10956  
138.100    -0.10972  
138.200    -0.10987  
138.300    -0.11003  
138.400    -0.11018  
138.500    -0.11034  
138.600    -0.11049  
138.700    -0.11065  
138.800    -0.11080  
138.900    -0.11096  
139.000    -0.11111  
139.100    -0.11127  
139.200    -0.11142  
139.300    -0.11158  
139.400    -0.11173  
139.500    -0.11189  
139.600    -0.11205  
139.700    -0.11220  
139.800    -0.11236  
139.900    -0.11251  
140.000    -0.11267  
140.100    -0.11282  
140.200    -0.11298  
140.300    -0.11314  
140.400    -0.11329  
140.500    -0.11345  
140.600    -0.11360  
140.700    -0.11376  
140.800    -0.11392  
140.900    -0.11407  
141.000    -0.11423  
141.100    -0.11439  
141.200    -0.11454  
141.300    -0.11470  
141.400    -0.11486  
141.500    -0.11501  
141.600    -0.11517  
141.700    -0.11532  
141.800    -0.11548  
141.900    -0.11564  
142.000    -0.11579  
142.100    -0.11595  
142.200    -0.11611  
142.300    -0.11627  
142.400    -0.11642  
142.500    -0.11658  
142.600    -0.11674  
142.700    -0.11689  
142.800    -0.11705  
142.900    -0.11721  
143.000    -0.11737  
143.100    -0.11752  
143.200    -0.11768  
143.300    -0.11784  
143.400    -0.11800  
143.500    -0.11815  
143.600    -0.11831  
143.700    -0.11847  
143.800    -0.11863  
143.900    -0.11878  
144.000    -0.11894  
144.100    -0.11910  
144.200    -0.11926  
144.300    -0.11941  
144.400    -0.11957  
144.500    -0.11973  
144.600    -0.11989  
144.700    -0.12005  
144.800    -0.12020  
144.900    -0.12036  
145.000    -0.12052  
145.100    -0.12068  
145.200    -0.12084  
145.300    -0.12099  
145.400    -0.12115  
145.500    -0.12131  
145.600    -0.12147  
145.700    -0.12163  
145.800    -0.12179  
145.900    -0.12195  
146.000    -0.12210  
146.100    -0.12226  
146.200    -0.12242  
146.300    -0.12258  
146.400    -0.12274  
146.500    -0.12290  
146.600    -0.12306  
146.700    -0.12322  
146.800    -0.12337  
146.900    -0.12353  
147.000    -0.12369  
147.100    -0.12385  
147.200    -0.12401  
147.300    -0.12417  
147.400    -0.12433  
147.500    -0.12449  
147.600    -0.12465  
147.700    -0.12481  
147.800    -0.12497  
147.900    -0.12513  
148.000    -0.12528  
148.100    -0.12544  
148.200    -0.12560  
148.300    -0.12576  
148.400    -0.12592  
148.500    -0.12608  
148.600    -0.12624  
148.700    -0.12640  
148.800    -0.12656  
148.900    -0.12672  
149.000    -0.12688  
149.100    -0.12704  
149.200    -0.12720  
149.300    -0.12736  
149.400    -0.12752  
149.500    -0.12768  
149.600    -0.12784  
149.700    -0.12800  
149.800    -0.12816  
149.900    -0.12832  
150.000    -0.12848  
150.100    -0.12864  
150.200    -0.12880  
150.300    -0.12896  
150.400    -0.12912  
150.500    -0.12928  
150.600    -0.12944  
150.700    -0.12960  
150.800    -0.12977  
150.900    -0.12993  
151.000    -0.13009  
151.100    -0.13025  
151.200    -0.13041  
151.300    -0.13057  
151.400    -0.13073  
151.500    -0.13089  
151.600    -0.13105  
151.700    -0.13121  
151.800    -0.13137  
151.900    -0.13153  
152.000    -0.13169  
152.100    -0.13186  
152.200    -0.13202  
152.300    -0.13218  
152.400    -0.13234  
152.500    -0.13250  
152.600    -0.13266  
152.700    -0.13282  
152.800    -0.13298  
152.900    -0.13315  
153.000    -0.13331  
153.100    -0.13347  
153.200    -0.13363  
153.300    -0.13379  
153.400    -0.13395  
153.500    -0.13412  
153.600    -0.13428  
153.700    -0.13444  
153.800    -0.13460  
153.900    -0.13476  
154.000    -0.13492  
154.100    -0.13509  
154.200    -0.13525  
154.300    -0.13541  
154.400    -0.13557  
154.500    -0.13573  
154.600    -0.13590  
154.700    -0.13606  
154.800    -0.13622  
154.900    -0.13638  
155.000    -0.13654  
155.100    -0.13671  
155.200    -0.13687  
155.300    -0.13703  
155.400    -0.13719  
155.500    -0.13735  
155.600    -0.13752  
155.700    -0.13768  
155.800    -0.13784  
155.900    -0.13800  
156.000    -0.13817  
156.100    -0.13833  
156.200    -0.13849  
156.300    -0.13865  
156.400    -0.13882  
156.500    -0.13898  
156.600    -0.13914  
156.700    -0.13931  
156.800    -0.13947  
156.900    -0.13963  
157.000    -0.13979  
157.100    -0.13996  
157.200    -0.14012  
157.300    -0.14028  
157.400    -0.14045  
157.500    -0.14061  
157.600    -0.14077  
157.700    -0.14093  
157.800    -0.14110  
157.900    -0.14126  
158.000    -0.14142  
158.100    -0.14159  
158.200    -0.14175  
158.300    -0.14191  
158.400    -0.14208  
158.500    -0.14224  
158.600    -0.14240  
158.700    -0.14257  
158.800    -0.14273  
158.900    -0.14289  
159.000    -0.14306  
159.100    -0.14322  
159.200    -0.14338  
159.300    -0.14355  
159.400    -0.14371  
159.500    -0.14388  
159.600    -0.14404  
159.700    -0.14420  
159.800    -0.14437  
159.900    -0.14453  
160.000    -0.14469  
160.100    -0.14486  
160.200    -0.14502  
160.300    -0.14519  
160.400    -0.14535  
160.500    -0.14551  
160.600    -0.14568  
160.700    -0.14584  
160.800    -0.14601  
160.900    -0.14617  
161.000    -0.14633  
161.100    -0.14650  
161.200    -0.14666  
161.300    -0.14683  
161.400    -0.14699  
161.500    -0.14715  
161.600    -0.14732  
161.700    -0.14748  
161.800    -0.14765  
161.900    -0.14781  
162.000    -0.14798  
162.100    -0.14814  
162.200    -0.14830  
162.300    -0.14847  
162.400    -0.14863  
162.500    -0.14880  
162.600    -0.14896  
162.700    -0.14913  
162.800    -0.14929  
162.900    -0.14946  
163.000    -0.14962  
163.100    -0.14979  
163.200    -0.14995  
163.300    -0.15012  
163.400    -0.15028  
163.500    -0.15045  
163.600    -0.15061  
163.700    -0.15078  
163.800    -0.15094  
163.900    -0.15111  
164.000    -0.15127  
164.100    -0.15144  
164.200    -0.15160  
164.300    -0.15177  
164.400    -0.15193  
164.500    -0.15210  
164.600    -0.15226  
164.700    -0.15243  
164.800    -0.15259  
164.900    -0.15276  
165.000    -0.15292  
165.100    -0.15309  
165.200    -0.15325  
165.300    -0.15342  
165.400    -0.15358  
165.500    -0.15375  
165.600    -0.15391  
165.700    -0.15408  
165.800    -0.15424  
165.900    -0.15441  
166.000    -0.15458  
166.100    -0.15474  
166.200    -0.15491  
166.300    -0.15507  
166.400    -0.15524  
166.500    -0.15540  
166.600    -0.15557  
166.700    -0.15574  
166.800    -0.15590  
166.900    -0.15607  
167.000    -0.15623  
167.100    -0.15640  
167.200    -0.15656  
167.300    -0.15673  
167.400    -0.15690  
167.500    -0.15706  
167.600    -0.15723  
167.700    -0.15739  
167.800    -0.15756  
167.900    -0.15773  
168.000    -0.15789  
168.100    -0.15806  
168.200    -0.15823  
168.300    -0.15839  
168.400    -0.15856  
168.500    -0.15872  
168.600    -0.15889  
168.700    -0.15906  
168.800    -0.15922  
168.900    -0.15939  
169.000    -0.15956  
169.100    -0.15972  
169.200    -0.15989  
169.300    -0.16005  
169.400    -0.16022  
169.500    -0.16039  
169.600    -0.16055  
169.700    -0.16072  
169.800    -0.16089  
169.900    -0.16105  
170.000    -0.16122  
170.100    -0.16139  
170.200    -0.16155  
170.300    -0.16172  
170.400    -0.16189  
170.500    -0.16205  
170.600    -0.16222  
170.700    -0.16239  
170.800    -0.16255  
170.900    -0.16272  
171.000    -0.16289  
171.100    -0.16305  
171.200    -0.16322  
171.300    -0.16339  
171.400    -0.16355  
171.500    -0.16372  
171.600    -0.16389  
171.700    -0.16406  
171.800    -0.16422  
171.900    -0.16439  
172.000    -0.16456  
172.100    -0.16472  
172.200    -0.16489  
172.300    -0.16506  
172.400    -0.16522  
172.500    -0.16539  
172.600    -0.16556  
172.700    -0.16573  
172.800    -0.16589  
172.900    -0.16606  
173.000    -0.16623  
173.100    -0.16639  
173.200    -0.16656  
173.300    -0.16673  
173.400    -0.16690  
173.500    -0.16706  
173.600    -0.16723  
173.700    -0.16740  
173.800    -0.16757  
173.900    -0.16773  
174.000    -0.16790  
174.100    -0.16807  
174.200    -0.16824  
174.300    -0.16840  
174.400    -0.16857  
174.500    -0.16874  
174.600    -0.16891  
174.700    -0.16907  
174.800    -0.16924  
174.900    -0.16941  
175.000    -0.16958  
175.100    -0.16974  
175.200    -0.16991  
175.300    -0.17008  
175.400    -0.17025  
175.500    -0.17042  
175.600    -0.17058  
175.700    -0.17075  
175.800    -0.17092  
175.900    -0.17109  
176.000    -0.17125  
176.100    -0.17142  
176.200    -0.17159  
176.300    -0.17176  
176.400    -0.17193  
176.500    -0.17210  
176.600    -0.17226  
176.700    -0.17243  
176.800    -0.17260  
176.900    -0.17277  
177.000    -0.17294  
177.100    -0.17310  
177.200    -0.17327  
177.300    -0.17344  
177.400    -0.17361  
177.500    -0.17378  
177.600    -0.17394  
177.700    -0.17411  
177.800    -0.17428  
177.900    -0.17445  
178.000    -0.17462  
178.100    -0.17479  
178.200    -0.17495  
178.300    -0.17512  
178.400    -0.17529  
178.500    -0.17546  
178.600    -0.17563  
178.700    -0.17580  
178.800    -0.17596  
178.900    -0.17613  
179.000    -0.17630  
179.100    -0.17647  
179.200    -0.17664  
179.300    -0.17681  
179.400    -0.17698  
179.500    -0.17714  
179.600    -0.17731  
179.700    -0.17748  
179.800    -0.17765  
179.900    -0.17782  
180.000    -0.17799  
180.100    -0.17816  
180.200    -0.17832  
180.300    -0.17849  
180.400    -0.17866  
180.500    -0.17883  
180.600    -0.17900  
180.700    -0.17917  
180.800    -0.17934  
180.900    -0.17951  
181.000    -0.17967  
181.100    -0.17984  
181.200    -0.18001  
181.300    -0.18018  
181.400    -0.18035  
181.500    -0.18052  
181.600    -0.18069  
181.700    -0.18086  
181.800    -0.18103  
181.900    -0.18119  
182.000    -0.18136  
182.100    -0.18153  
182.200    -0.18170  
182.300    -0.18187  
182.400    -0.18204  
182.500    -0.18221  
182.600    -0.18238  
182.700    -0.18255  
182.800    -0.18272  
182.900    -0.18289  
183.000    -0.18305  
183.100    -0.18322  
183.200    -0.18339  
183.300    -0.18356  
183.400    -0.18373  
183.500    -0.18390  
183.600    -0.18407  
183.700    -0.18424  
183.800    -0.18441  
183.900    -0.18458  
184.000    -0.18475  
184.100    -0.18492  
184.200    -0.18509  
184.300    -0.18525  
184.400    -0.18542  
184.500    -0.18559  
184.600    -0.18576  
184.700    -0.18593  
184.800    -0.18610  
184.900    -0.18627  
185.000    -0.18644  
185.100    -0.18661  
185.200    -0.18678  
185.300    -0.18695  
185.400    -0.18712  
185.500    -0.18729  
185.600    -0.18746  
185.700    -0.18763  
185.800    -0.18780  
185.900    -0.18797  
186.000    -0.18814  
186.100    -0.18831  
186.200    -0.18848  
186.300    -0.18864  
186.400    -0.18881  
186.500    -0.18898  
186.600    -0.18915  
186.700    -0.18932  
186.800    -0.18949  
186.900    -0.18966  
187.000    -0.18983  
187.100    -0.19000  
187.200    -0.19017  
187.300    -0.19034  
187.400    -0.19051  
187.500    -0.19068  
187.600    -0.19085  
187.700    -0.19102  
187.800    -0.19119  
187.900    -0.19136  
188.000    -0.19153  
188.100    -0.19170  
188.200    -0.19187  
188.300    -0.19204  
188.400    -0.19221  
188.500    -0.19238  
188.600    -0.19255  
188.700    -0.19272  
188.800    -0.19289  
188.900    -0.19306  
189.000    -0.19323  
189.100    -0.19340  
189.200    -0.19357  
189.300    -0.19374  
189.400    -0.19391  
189.500    -0.19408  
189.600    -0.19425  
189.700    -0.19442  
189.800    -0.19459  
189.900    -0.19476  
190.000    -0.19493  
190.100    -0.19510  
190.200    -0.19527  
190.300    -0.19544  
190.400    -0.19561  
190.500    -0.19578  
190.600    -0.19595  
190.700    -0.19612  
190.800    -0.19629  
190.900    -0.19646  
191.000    -0.19663  
191.100    -0.19680  
191.200    -0.19697  
191.300    -0.19714  
191.400    -0.19732  
191.500    -0.19749  
191.600    -0.19766  
191.700    -0.19783  
191.800    -0.19800  
191.900    -0.19817  
192.000    -0.19834  
192.100    -0.19851  
192.200    -0.19868  
192.300    -0.19885  
192.400    -0.19902  
192.500    -0.19919  
192.600    -0.19936  
192.700    -0.19953  
192.800    -0.19970  
192.900    -0.19987  
193.000    -0.20004  
193.100    -0.20021  
193.200    -0.20038  
193.300    -0.20055  
193.400    -0.20072  
193.500    -0.20089  
193.600    -0.20106  
193.700    -0.20123  
193.800    -0.20140  
193.900    -0.20158  
194.000    -0.20175  
194.100    -0.20192  
194.200    -0.20209  
194.300    -0.20226  
194.400    -0.20243  
194.500    -0.20260  
194.600    -0.20277  
194.700    -0.20294  
194.800    -0.20311  
194.900    -0.20328  
195.000    -0.20345  
195.100    -0.20362  
195.200    -0.20379  
195.300    -0.20396  
195.400    -0.20414  
195.500    -0.20431  
195.600    -0.20448  
195.700    -0.20465  
195.800    -0.20482  
195.900    -0.20499  
196.000    -0.20516  
196.100    -0.20533  
196.200    -0.20550  
196.300    -0.20567  
196.400    -0.20584  
196.500    -0.20601  
196.600    -0.20618  
196.700    -0.20636  
196.800    -0.20653  
196.900    -0.20670  
197.000    -0.20687  
197.100    -0.20704  
197.200    -0.20721  
197.300    -0.20738  
197.400    -0.20755  
197.500    -0.20772  
197.600    -0.20789  
197.700    -0.20806  
197.800    -0.20824  
197.900    -0.20841  
198.000    -0.20858  
198.100    -0.20875  
198.200    -0.20892  
198.300    -0.20909  
198.400    -0.20926  
198.500    -0.20943  
198.600    -0.20960  
198.700    -0.20977  
198.800    -0.20994  
198.900    -0.21012  
199.000    -0.21029  
199.100    -0.21046  
199.200    -0.21063  
199.300    -0.21080  
199.400    -0.21097  
199.500    -0.21114  
199.600    -0.21131  
199.700    -0.21148  
199.800    -0.21165  
199.900    -0.21183  
200.000    -0.21200  
200.100    -0.21217  
200.200    -0.21234  
200.300    -0.21251  
200.400    -0.21268  
200.500    -0.21285  
200.600    -0.21302  
200.700    -0.21319  
200.800    -0.21337  
200.900    -0.21354  
201.000    -0.21371  
201.100    -0.21388  
201.200    -0.21405  
201.300    -0.21422  
201.400    -0.21439  
201.500    -0.21456  
201.600    -0.21474  
201.700    -0.21491  
201.800    -0.21508  
201.900    -0.21525  
202.000    -0.21542  
202.100    -0.21559  
202.200    -0.21576  
202.300    -0.21593  
202.400    -0.21611  
202.500    -0.21628  
202.600    -0.21645  
202.700    -0.21662  
202.800    -0.21679  
202.900    -0.21696  
203.000    -0.21713  
203.100    -0.21730  
203.200    -0.21748  
203.300    -0.21765  
203.400    -0.21782  
203.500    -0.21799  
203.600    -0.21816  
203.700    -0.21833  
203.800    -0.21850  
203.900    -0.21867  
204.000    -0.21885  
204.100    -0.21902  
204.200    -0.21919  
204.300    -0.21936  
204.400    -0.21953  
204.500    -0.21970  
204.600    -0.21987  
204.700    -0.22005  
204.800    -0.22022  
204.900    -0.22039  
205.000    -0.22056  
205.100    -0.22073  
205.200    -0.22090  
205.300    -0.22107  
205.400    -0.22125  
205.500    -0.22142  
205.600    -0.22159  
205.700    -0.22176  
205.800    -0.22193  
205.900    -0.22210  
206.000    -0.22227  
206.100    -0.22245  
206.200    -0.22262  
206.300    -0.22279  
206.400    -0.22296  
206.500    -0.22313  
206.600    -0.22330  
206.700    -0.22347  
206.800    -0.22365  
206.900    -0.22382  
207.000    -0.22399  
207.100    -0.22416  
207.200    -0.22433  
207.300    -0.22450  
207.400    -0.22467  
207.500    -0.22485  
207.600    -0.22502  
207.700    -0.22519  
207.800    -0.22536  
207.900    -0.22553  
208.000    -0.22570  
208.100    -0.22588  
208.200    -0.22605  
208.300    -0.22622  
208.400    -0.22639  
208.500    -0.22656  
208.600    -0.22673  
208.700    -0.22690  
208.800    -0.22708  
208.900    -0.22725  
209.000    -0.22742  
209.100    -0.22759  
209.200    -0.22776  
209.300    -0.22793  
209.400    -0.22811  
209.500    -0.22828  
209.600    -0.22845  
209.700    -0.22862  
209.800    -0.22879  
209.900    -0.22896  
210.000    -0.22913  
210.100    -0.22931  
210.200    -0.22948  
210.300    -0.22965  
210.400    -0.22982  
210.500    -0.22999  
210.600    -0.23016  
210.700    -0.23034  
210.800    -0.23051  
210.900    -0.23068  
211.000    -0.23085  
211.100    -0.23102  
211.200    -0.23119  
211.300    -0.23137  
211.400    -0.23154  
211.500    -0.23171  
211.600    -0.23188  
211.700    -0.23205  
211.800    -0.23222  
211.900    -0.23240  
212.000    -0.23257  
212.100    -0.23274  
212.200    -0.23291  
212.300    -0.23308  
212.400    -0.23325  
212.500    -0.23343  
212.600    -0.23360  
212.700    -0.23377  
212.800    -0.23394  
212.900    -0.23411  
213.000    -0.23428  
213.100    -0.23446  
213.200    -0.23463  
213.300    -0.23480  
213.400    -0.23497  
213.500    -0.23514  
213.600    -0.23531  
213.700    -0.23549  
213.800    -0.23566  
213.900    -0.23583  
214.000    -0.23600  
214.100    -0.23617  
214.200    -0.23634  
214.300    -0.23652  
214.400    -0.23669  
214.500    -0.23686  
214.600    -0.23703  
214.700    -0.23720  
214.800    -0.23737  
214.900    -0.23755  
215.000    -0.23772  
215.100    -0.23789  
215.200    -0.23806  
215.300    -0.23823  
215.400    -0.23840  
215.500    -0.23858  
215.600    -0.23875  
215.700    -0.23892  
215.800    -0.23909  
215.900    -0.23926  
216.000    -0.23944  
216.100    -0.23961  
216.200    -0.23978  
216.300    -0.23995  
216.400    -0.24012  
216.500    -0.24029  
216.600    -0.24047  
216.700    -0.24064  
216.800    -0.24081  
216.900    -0.24098  
217.000    -0.24115  
217.100    -0.24132  
217.200    -0.24150  
217.300    -0.24167  
217.400    -0.24184  
217.500    -0.24201  
217.600    -0.24218  
217.700    -0.24235  
217.800    -0.24253  
217.900    -0.24270  
218.000    -0.24287  
218.100    -0.24304  
218.200    -0.24321  
218.300    -0.24338  
218.400    -0.24356  
218.500    -0.24373  
218.600    -0.24390  
218.700    -0.24407  
218.800    -0.24424  
218.900    -0.24441  
219.000    -0.24459  
219.100    -0.24476  
219.200    -0.24493  
219.300    -0.24510  
219.400    -0.24527  
219.500    -0.24544  
219.600    -0.24562  
219.700    -0.24579  
219.800    -0.24596  
219.900    -0.24613  
220.000    -0.24630  
220.100    -0.24647  
220.200    -0.24665  
220.300    -0.24682  
220.400    -0.24699  
220.500    -0.24716  
220.600    -0.24733  
220.700    -0.24750  
220.800    -0.24768  
220.900    -0.24785  
221.000    -0.24802  
221.100    -0.24819  
221.200    -0.24836  
221.300    -0.24853  
221.400    -0.24871  
221.500    -0.24888  
221.600    -0.24905  
221.700    -0.24922  
221.800    -0.24939  
221.900    -0.24956  
222.000    -0.24974  
222.100    -0.24991  
222.200    -0.25008  
222.300    -0.25025  
222.400    -0.25042  
222.500    -0.25059  
222.600    -0.25077  
222.700    -0.25094  
222.800    -0.25111  
222.900    -0.25128  
223.000    -0.25145  
223.100    -0.25162  
223.200    -0.25180  
223.300    -0.25197  
223.400    -0.25214  
223.500    -0.25231  
223.600    -0.25248  
223.700    -0.25265  
223.800    -0.25283  
223.900    -0.25300  
224.000    -0.25317  
224.100    -0.25334  
224.200    -0.25351  
224.300    -0.25368  
224.400    -0.25386  
224.500    -0.25403  
224.600    -0.25420  
224.700    -0.25437  
224.800    -0.25454  
224.900    -0.25471  
225.000    -0.25488  
225.100    -0.25506  
225.200    -0.25523  
225.300    -0.25540  
225.400    -0.25557  
225.500    -0.25574  
225.600    -0.25591  
225.700    -0.25609  
225.800    -0.25626  
225.900    -0.25643  
226.000    -0.25660  
226.100    -0.25677  
226.200    -0.25694  
226.300    -0.25712  
226.400    -0.25729  
226.500    -0.25746  
226.600    -0.25763  
226.700    -0.25780  
226.800    -0.25797  
226.900    -0.25815  
227.000    -0.25832  
227.100    -0.25849  
227.200    -0.25866  
227.300    -0.25883  
227.400    -0.25900  
227.500    -0.25917  
227.600    -0.25935  
227.700    -0.25952  
227.800    -0.25969  
227.900    -0.25986  
228.000    -0.26003  
228.100    -0.26020  
228.200    -0.26038  
228.300    -0.26055  
228.400    -0.26072  
228.500    -0.26089  
228.600    -0.26106  
228.700    -0.26123  
228.800    -0.26140  
228.900    -0.26158  
229.000    -0.26175  
229.100    -0.26192  
229.200    -0.26209  
229.300    -0.26226  
229.400    -0.26243  
229.500    -0.26260  
229.600    -0.26278  
229.700    -0.26295  
229.800    -0.26312  
229.900    -0.26329  
230.000    -0.26346  
230.100    -0.26363  
230.200    -0.26380  
230.300    -0.26398  
230.400    -0.26415  
230.500    -0.26432  
230.600    -0.26449  
230.700    -0.26466  
230.800    -0.26483  
230.900    -0.26500  
231.000    -0.26518  
231.100    -0.26535  
231.200    -0.26552  
231.300    -0.26569  
231.400    -0.26586  
231.500    -0.26603  
231.600    -0.26620  
231.700    -0.26638  
231.800    -0.26655  
231.900    -0.26672  
232.000    -0.26689  
232.100    -0.26706  
232.200    -0.26723  
232.300    -0.26740  
232.400    -0.26758  
232.500    -0.26775  
232.600    -0.26792  
232.700    -0.26809  
232.800    -0.26826  
232.900    -0.26843  
233.000    -0.26860  
233.100    -0.26877  
233.200    -0.26895  
233.300    -0.26912  
233.400    -0.26929  
233.500    -0.26946  
233.600    -0.26963  
233.700    -0.26980  
233.800    -0.26997  
233.900    -0.27014  
234.000    -0.27032  
234.100    -0.27049  
234.200    -0.27066  
234.300    -0.27083  
234.400    -0.27100  
234.500    -0.27117  
234.600    -0.27134  
234.700    -0.27151  
234.800    -0.27169  
234.900    -0.27186  
235.000    -0.27203  
235.100    -0.27220  
235.200    -0.27237  
235.300    -0.27254  
235.400    -0.27271  
235.500    -0.27288  
235.600    -0.27306  
235.700    -0.27323  
235.800    -0.27340  
235.900    -0.27357  
236.000    -0.27374  
236.100    -0.27391  
236.200    -0.27408  
236.300    -0.27425  
236.400    -0.27442  
236.500    -0.27460  
236.600    -0.27477  
236.700    -0.27494  
236.800    -0.27511  
236.900    -0.27528  
237.000    -0.27545  
237.100    -0.27562  
237.200    -0.27579  
237.300    -0.27596  
237.400    -0.27614  
237.500    -0.27631  
237.600    -0.27648  
237.700    -0.27665  
237.800    -0.27682  
237.900    -0.27699  
238.000    -0.27716  
238.100    -0.27733  
238.200    -0.27750  
238.300    -0.27767  
238.400    -0.27785  
238.500    -0.27802  
238.600    -0.27819  
238.700    -0.27836  
238.800    -0.27853  
238.900    -0.27870  
239.000    -0.27887  
239.100    -0.27904  
239.200    -0.27921  
239.300    -0.27938  
239.400    -0.27956  
239.500    -0.27973  
239.600    -0.27990  
239.700    -0.28007  
239.800    -0.28024  
239.900    -0.28041  
240.000    -0.28058  
240.100    -0.28075  
240.200    -0.28092  
240.300    -0.28109  
240.400    -0.28126  
240.500    -0.28144  
240.600    -0.28161  
240.700    -0.28178  
240.800    -0.28195  
240.900    -0.28212  
241.000    -0.28229  
241.100    -0.28246  
241.200    -0.28263  
241.300    -0.28280  
241.400    -0.28297  
241.500    -0.28314  
241.600    -0.28331  
241.700    -0.28349  
241.800    -0.28366  
241.900    -0.28383  
242.000    -0.28400  
242.100    -0.28417  
242.200    -0.28434  
242.300    -0.28451  
242.400    -0.28468  
242.500    -0.28485  
242.600    -0.28502  
242.700    -0.28519  
242.800    -0.28536  
242.900    -0.28553  
243.000    -0.28570  
243.100    -0.28587  
243.200    -0.28605  
243.300    -0.28622  
243.400    -0.28639  
243.500    -0.28656  
243.600    -0.28673  
243.700    -0.28690  
243.800    -0.28707  
243.900    -0.28724  
244.000    -0.28741  
244.100    -0.28758  
244.200    -0.28775  
244.300    -0.28792  
244.400    -0.28809  
244.500    -0.28826  
244.600    -0.28843  
244.700    -0.28860  
244.800    -0.28877  
244.900    -0.28895  
245.000    -0.28912  
245.100    -0.28929  
245.200    -0.28946  
245.300    -0.28963  
245.400    -0.28980  
245.500    -0.28997  
245.600    -0.29014  
245.700    -0.29031  
245.800    -0.29048  
245.900    -0.29065  
246.000    -0.29082  
246.100    -0.29099  
246.200    -0.29116  
246.300    -0.29133  
246.400    -0.29150  
246.500    -0.29167  
246.600    -0.29184  
246.700    -0.29201  
246.800    -0.29218  
246.900    -0.29235  
247.000    -0.29252  
247.100    -0.29269  
247.200    -0.29287  
247.300    -0.29304  
247.400    -0.29321  
247.500    -0.29338  
247.600    -0.29355  
247.700    -0.29372  
247.800    -0.29389  
247.900    -0.29406  
248.000    -0.29423  
248.100    -0.29440  
248.200    -0.29457  
248.300    -0.29474  
248.400    -0.29491  
248.500    -0.29508  
248.600    -0.29525  
248.700    -0.29542  
248.800    -0.29559  
248.900    -0.29576  
249.000    -0.29593  
249.100    -0.29610  
249.200    -0.29627  
249.300    -0.29644  
249.400    -0.29661  
249.500    -0.29678  
249.600    -0.29695  
249.700    -0.29712  
249.800    -0.29729  
249.900    -0.29746  
250.000    -0.29763  
250.100    -0.29780  
250.200    -0.29797  
250.300    -0.29814  
250.400    -0.29831  
250.500    -0.29848  
250.600    -0.29865  
250.700    -0.29882  
250.800    -0.29899  
250.900    -0.29916  
251.000    -0.29933  
251.100    -0.29950  
251.200    -0.29967  
251.300    -0.29984  
251.400    -0.30001  
251.500    -0.30018  
251.600    -0.30035  
251.700    -0.30052  
251.800    -0.30069  
251.900    -0.30086  
252.000    -0.30103  
252.100    -0.30120  
252.200    -0.30137  
252.300    -0.30154  
252.400    -0.30171  
252.500    -0.30188  
252.600    -0.30205  
252.700    -0.30222  
252.800    -0.30239  
252.900    -0.30256  
253.000    -0.30273  
253.100    -0.30290  
253.200    -0.30307  
253.300    -0.30324  
253.400    -0.30341  
253.500    -0.30358  
253.600    -0.30375  
253.700    -0.30392  
253.800    -0.30409  
253.900    -0.30426  
254.000    -0.30443  
254.100    -0.30460  
254.200    -0.30477  
254.300    -0.30493  
254.400    -0.30510  
254.500    -0.30527  
254.600    -0.30544  
254.700    -0.30561  
254.800    -0.30578  
254.900    -0.30595  
255.000    -0.30612  
255.100    -0.30629  
255.200    -0.30646  
255.300    -0.30663  
255.400    -0.30680  
255.500    -0.30697  
255.600    -0.30714  
255.700    -0.30731  
255.800    -0.30748  
255.900    -0.30765  
256.000    -0.30782  
256.100    -0.30799  
256.200    -0.30816  
256.300    -0.30833  
256.400    -0.30849  
256.500    -0.30866  
256.600    -0.30883  
256.700    -0.30900  
256.800    -0.30917  
256.900    -0.30934  
257.000    -0.30951  
257.100    -0.30968  
257.200    -0.30985  
257.300    -0.31002  
257.400    -0.31019  
257.500    -0.31036  
257.600    -0.31053  
257.700    -0.31070  
257.800    -0.31087  
257.900    -0.31103  
258.000    -0.31120  
258.100    -0.31137  
258.200    -0.31154  
258.300    -0.31171  
258.400    -0.31188  
258.500    -0.31205  
258.600    -0.31222  
258.700    -0.31239  
258.800    -0.31256  
258.900    -0.31273  
259.000    -0.31290  
259.100    -0.31307  
259.200    -0.31323  
259.300    -0.31340  
259.400    -0.31357  
259.500    -0.31374  
259.600    -0.31391  
259.700    -0.31408  
259.800    -0.31425  
259.900    -0.31442  
260.000    -0.31459  
260.100    -0.31476  
260.200    -0.31493  
260.300    -0.31509  
260.400    -0.31526  
260.500    -0.31543  
260.600    -0.31560  
260.700    -0.31577  
260.800    -0.31594  
260.900    -0.31611  
261.000    -0.31628  
261.100    -0.31645  
261.200    -0.31661  
261.300    -0.31678  
261.400    -0.31695  
261.500    -0.31712  
261.600    -0.31729  
261.700    -0.31746  
261.800    -0.31763  
261.900    -0.31780  
262.000    -0.31797  
262.100    -0.31813  
262.200    -0.31830  
262.300    -0.31847  
262.400    -0.31864  
262.500    -0.31881  
262.600    -0.31898  
262.700    -0.31915  
262.800    -0.31932  
262.900    -0.31948  
263.000    -0.31965  
263.100    -0.31982  
263.200    -0.31999  
263.300    -0.32016  
263.400    -0.32033  
263.500    -0.32050  
263.600    -0.32066  
263.700    -0.32083  
263.800    -0.32100  
263.900    -0.32117  
264.000    -0.32134  
264.100    -0.32151  
264.200    -0.32168  
264.300    -0.32184  
264.400    -0.32201  
264.500    -0.32218  
264.600    -0.32235  
264.700    -0.32252  
264.800    -0.32269  
264.900    -0.32286  
265.000    -0.32302  
265.100    -0.32319  
265.200    -0.32336  
265.300    -0.32353  
265.400    -0.32370  
265.500    -0.32387  
265.600    -0.32403  
265.700    -0.32420  
265.800    -0.32437  
265.900    -0.32454  
266.000    -0.32471  
266.100    -0.32488  
266.200    -0.32504  
266.300    -0.32521  
266.400    -0.32538  
266.500    -0.32555  
266.600    -0.32572  
266.700    -0.32589  
266.800    -0.32605  
266.900    -0.32622  
267.000    -0.32639  
267.100    -0.32656  
267.200    -0.32673  
267.300    -0.32689  
267.400    -0.32706  
267.500    -0.32723  
267.600    -0.32740  
267.700    -0.32757  
267.800    -0.32773  
267.900    -0.32790  
268.000    -0.32807  
268.100    -0.32824  
268.200    -0.32841  
268.300    -0.32858  
268.400    -0.32874  
268.500    -0.32891  
268.600    -0.32908  
268.700    -0.32925  
268.800    -0.32941  
268.900    -0.32958  
269.000    -0.32975  
269.100    -0.32992  
269.200    -0.33009  
269.300    -0.33025  
269.400    -0.33042  
269.500    -0.33059  
269.600    -0.33076  
269.700    -0.33093  
269.800    -0.33109  
269.900    -0.33126  
270.000    -0.33143  
270.100    -0.33160  
270.200    -0.33176  
270.300    -0.33193  
270.400    -0.33210  
270.500    -0.33227  
270.600    -0.33244  
270.700    -0.33260  
270.800    -0.33277  
270.900    -0.33294  
271.000    -0.33311  
271.100    -0.33327  
271.200    -0.33344  
271.300    -0.33361  
271.400    -0.33378  
271.500    -0.33394  
271.600    -0.33411  
271.700    -0.33428  
271.800    -0.33445  
271.900    -0.33461  
272.000    -0.33478  
272.100    -0.33495  
272.200    -0.33512  
272.300    -0.33528  
272.400    -0.33545  
272.500    -0.33562  
272.600    -0.33579  
272.700    -0.33595  
272.800    -0.33612  
272.900    -0.33629  
273.000    -0.33646  
273.100    -0.33662  
273.200    -0.33679  
273.300    -0.33696  
273.400    -0.33712  
273.500    -0.33729  
273.600    -0.33746  
273.700    -0.33763  
273.800    -0.33779  
273.900    -0.33796  
274.000    -0.33813  
274.100    -0.33830  
274.200    -0.33846  
274.300    -0.33863  
274.400    -0.33880  
274.500    -0.33896  
274.600    -0.33913  
274.700    -0.33930  
274.800    -0.33947  
274.900    -0.33963  
275.000    -0.33980  
275.100    -0.33997  
275.200    -0.34013  
275.300    -0.34030  
275.400    -0.34047  
275.500    -0.34064  
275.600    -0.34080  
275.700    -0.34097  
275.800    -0.34114  
275.900    -0.34130  
276.000    -0.34147  
276.100    -0.34164  
276.200    -0.34180  
276.300    -0.34197  
276.400    -0.34214  
276.500    -0.34230  
276.600    -0.34247  
276.700    -0.34264  
276.800    -0.34281  
276.900    -0.34297  
277.000    -0.34314  
277.100    -0.34331  
277.200    -0.34347  
277.300    -0.34364  
277.400    -0.34381  
277.500    -0.34397  
277.600    -0.34414  
277.700    -0.34431  
277.800    -0.34447  
277.900    -0.34464  
278.000    -0.34481  
278.100    -0.34497  
278.200    -0.34514  
278.300    -0.34531  
278.400    -0.34547  
278.500    -0.34564  
278.600    -0.34581  
278.700    -0.34597  
278.800    -0.34614  
278.900    -0.34631  
279.000    -0.34647  
279.100    -0.34664  
279.200    -0.34681  
279.300    -0.34697  
279.400    -0.34714  
279.500    -0.34730  
279.600    -0.34747  
279.700    -0.34764  
279.800    -0.34780  
279.900    -0.34797  
280.000    -0.34814  
280.100    -0.34830  
280.200    -0.34847  
280.300    -0.34864  
280.400    -0.34880  
280.500    -0.34897  
280.600    -0.34913  
280.700    -0.34930  
280.800    -0.34947  
280.900    -0.34963  
281.000    -0.34980  
281.100    -0.34997  
281.200    -0.35013  
281.300    -0.35030  
281.400    -0.35046  
281.500    -0.35063  
281.600    -0.35080  
281.700    -0.35096  
281.800    -0.35113  
281.900    -0.35129  
282.000    -0.35146  
282.100    -0.35163  
282.200    -0.35179  
282.300    -0.35196  
282.400    -0.35212  
282.500    -0.35229  
282.600    -0.35246  
282.700    -0.35262  
282.800    -0.35279  
282.900    -0.35295  
283.000    -0.35312  
283.100    -0.35329  
283.200    -0.35345  
283.300    -0.35362  
283.400    -0.35378  
283.500    -0.35395  
283.600    -0.35412  
283.700    -0.35428  
283.800    -0.35445  
283.900    -0.35461  
284.000    -0.35478  
284.100    -0.35494  
284.200    -0.35511  
284.300    -0.35528  
284.400    -0.35544  
284.500    -0.35561  
284.600    -0.35577  
284.700    -0.35594  
284.800    -0.35610  
284.900    -0.35627  
285.000    -0.35644  
285.100    -0.35660  
285.200    -0.35677  
285.300    -0.35693  
285.400    -0.35710  
285.500    -0.35726  
285.600    -0.35743  
285.700    -0.35759  
285.800    -0.35776  
285.900    -0.35792  
286.000    -0.35809  
286.100    -0.35826  
286.200    -0.35842  
286.300    -0.35859  
286.400    -0.35875  
286.500    -0.35892  
286.600    -0.35908  
286.700    -0.35925  
286.800    -0.35941  
286.900    -0.35958  
287.000    -0.35974  
287.100    -0.35991  
287.200    -0.36007  
287.300    -0.36024  
287.400    -0.36040  
287.500    -0.36057  
287.600    -0.36073  
287.700    -0.36090  
287.800    -0.36106  
287.900    -0.36123  
288.000    -0.36140  
288.100    -0.36156  
288.200    -0.36173  
288.300    -0.36189  
288.400    -0.36206  
288.500    -0.36222  
288.600    -0.36239  
288.700    -0.36255  
288.800    -0.36272  
288.900    -0.36288  
289.000    -0.36305  
289.100    -0.36321  
289.200    -0.36338  
289.300    -0.36354  
289.400    -0.36371  
289.500    -0.36387  
289.600    -0.36403  
289.700    -0.36420  
289.800    -0.36436  
289.900    -0.36453  
290.000    -0.36469  
290.100    -0.36486  
290.200    -0.36502  
290.300    -0.36519  
290.400    -0.36535  
290.500    -0.36552  
290.600    -0.36568  
290.700    -0.36585  
290.800    -0.36601  
290.900    -0.36618  
291.000    -0.36634  
291.100    -0.36651  
291.200    -0.36667  
291.300    -0.36683  
291.400    -0.36700  
291.500    -0.36716  
291.600    -0.36733  
291.700    -0.36749  
291.800    -0.36766  
291.900    -0.36782  
292.000    -0.36799  
292.100    -0.36815  
292.200    -0.36832  
292.300    -0.36848  
292.400    -0.36864  
292.500    -0.36881  
292.600    -0.36897  
292.700    -0.36914  
292.800    -0.36930  
292.900    -0.36947  
293.000    -0.36963  
293.100    -0.36979  
293.200    -0.36996  
293.300    -0.37012  
293.400    -0.37029  
293.500    -0.37045  
293.600    -0.37062  
293.700    -0.37078  
293.800    -0.37094  
293.900    -0.37111  
294.000    -0.37127  
294.100    -0.37144  
294.200    -0.37160  
294.300    -0.37176  
294.400    -0.37193  
294.500    -0.37209  
294.600    -0.37226  
294.700    -0.37242  
294.800    -0.37258  
294.900    -0.37275  
295.000    -0.37291  
295.100    -0.37308  
295.200    -0.37324  
295.300    -0.37340  
295.400    -0.37357  
295.500    -0.37373  
295.600    -0.37390  
295.700    -0.37406  
295.800    -0.37422  
295.900    -0.37439  
296.000    -0.37455  
296.100    -0.37471  
296.200    -0.37488  
296.300    -0.37504  
296.400    -0.37521  
296.500    -0.37537  
296.600    -0.37553  
296.700    -0.37570  
296.800    -0.37586  
296.900    -0.37602  
297.000    -0.37619  
297.100    -0.37635  
297.200    -0.37651  
297.300    -0.37668  
297.400    -0.37684  
297.500    -0.37701  
297.600    -0.37717  
297.700    -0.37733  
297.800    -0.37750  
297.900    -0.37766  
298.000    -0.37782  
298.100    -0.37799  
298.200    -0.37815  
298.300    -0.37831  
298.400    -0.37848  
298.500    -0.37864  
298.600    -0.37880  
298.700    -0.37897  
298.800    -0.37913  
298.900    -0.37929  
299.000    -0.37946  
299.100    -0.37962  
299.200    -0.37978  
299.300    -0.37995  
299.400    -0.38011  
299.500    -0.38027  
299.600    -0.38044  
299.700    -0.38060  
299.800    -0.38076  
299.900    -0.38092  
300.000    -0.38109  
300.100    -0.38125  
300.200    -0.38141  
300.300    -0.38158  
300.400    -0.38174  
300.500    -0.38190  
300.600    -0.38207  
300.700    -0.38223  
300.800    -0.38239  
300.900    -0.38255  
301.000    -0.38272  
301.100    -0.38288  
301.200    -0.38304  
301.300    -0.38321  
301.400    -0.38337  
301.500    -0.38353  
301.600    -0.38369  
301.700    -0.38386  
301.800    -0.38402  
301.900    -0.38418  
302.000    -0.38435  
302.100    -0.38451  
302.200    -0.38467  
302.300    -0.38483  
302.400    -0.38500  
302.500    -0.38516  
302.600    -0.38532  
302.700    -0.38548  
302.800    -0.38565  
302.900    -0.38581  
303.000    -0.38597  
303.100    -0.38613  
303.200    -0.38630  
303.300    -0.38646  
303.400    -0.38662  
303.500    -0.38678  
303.600    -0.38695  
303.700    -0.38711  
303.800    -0.38727  
303.900    -0.38743  
304.000    -0.38760  
304.100    -0.38776  
304.200    -0.38792  
304.300    -0.38808  
304.400    -0.38825  
304.500    -0.38841  
304.600    -0.38857  
304.700    -0.38873  
304.800    -0.38889  
304.900    -0.38906  
305.000    -0.38922  
305.100    -0.38938  
305.200    -0.38954  
305.300    -0.38971  
305.400    -0.38987  
305.500    -0.39003  
305.600    -0.39019  
305.700    -0.39035  
305.800    -0.39052  
305.900    -0.39068  
306.000    -0.39084  
306.100    -0.39100  
306.200    -0.39116  
306.300    -0.39133  
306.400    -0.39149  
306.500    -0.39165  
306.600    -0.39181  
306.700    -0.39197  
306.800    -0.39214  
306.900    -0.39230  
307.000    -0.39246  
307.100    -0.39262  
307.200    -0.39278  
307.300    -0.39294  
307.400    -0.39311  
307.500    -0.39327  
307.600    -0.39343  
307.700    -0.39359  
307.800    -0.39375  
307.900    -0.39391  
308.000    -0.39408  
308.100    -0.39424  
308.200    -0.39440  
308.300    -0.39456  
308.400    -0.39472  
308.500    -0.39488  
308.600    -0.39505  
308.700    -0.39521  
308.800    -0.39537  
308.900    -0.39553  
309.000    -0.39569  
309.100    -0.39585  
309.200    -0.39601  
309.300    -0.39618  
309.400    -0.39634  
309.500    -0.39650  
309.600    -0.39666  
309.700    -0.39682  
309.800    -0.39698  
309.900    -0.39714  
310.000    -0.39731  
310.100    -0.39747  
310.200    -0.39763  
310.300    -0.39779  
310.400    -0.39795  
310.500    -0.39811  
310.600    -0.39827  
310.700    -0.39843  
310.800    -0.39859  
310.900    -0.39876  
311.000    -0.39892  
311.100    -0.39908  
311.200    -0.39924  
311.300    -0.39940  
311.400    -0.39956  
311.500    -0.39972  
311.600    -0.39988  
311.700    -0.40004  
311.800    -0.40021  
311.900    -0.40037  
312.000    -0.40053  
312.100    -0.40069  
312.200    -0.40085  
312.300    -0.40101  
312.400    -0.40117  
312.500    -0.40133  
312.600    -0.40149  
312.700    -0.40165  
312.800    -0.40181  
312.900    -0.40197  
313.000    -0.40214  
313.100    -0.40230  
313.200    -0.40246  
313.300    -0.40262  
313.400    -0.40278  
313.500    -0.40294  
313.600    -0.40310  
313.700    -0.40326  
313.800    -0.40342  
313.900    -0.40358  
314.000    -0.40374  
314.100    -0.40390  
314.200    -0.40406  
314.300    -0.40422  
314.400    -0.40438  
314.500    -0.40454  
314.600    -0.40470  
314.700    -0.40486  
314.800    -0.40503  
314.900    -0.40519  
315.000    -0.40535  
315.100    -0.40551  
315.200    -0.40567  
315.300    -0.40583  
315.400    -0.40599  
315.500    -0.40615  
315.600    -0.40631  
315.700    -0.40647  
315.800    -0.40663  
315.900    -0.40679  
316.000    -0.40695  
316.100    -0.40711  
316.200    -0.40727  
316.300    -0.40743  
316.400    -0.40759  
316.500    -0.40775  
316.600    -0.40791  
316.700    -0.40807  
316.800    -0.40823  
316.900    -0.40839  
317.000    -0.40855  
317.100    -0.40871  
317.200    -0.40887  
317.300    -0.40903  
317.400    -0.40919  
317.500    -0.40935  
317.600    -0.40951  
317.700    -0.40967  
317.800    -0.40983  
317.900    -0.40999  
318.000    -0.41015  
318.100    -0.41031  
318.200    -0.41047  
318.300    -0.41063  
318.400    -0.41079  
318.500    -0.41095  
318.600    -0.41111  
318.700    -0.41126  
318.800    -0.41142  
318.900    -0.41158  
319.000    -0.41174  
319.100    -0.41190  
319.200    -0.41206  
319.300    -0.41222  
319.400    -0.41238  
319.500    -0.41254  
319.600    -0.41270  
319.700    -0.41286  
319.800    -0.41302  
319.900    -0.41318  
320.000    -0.41334  
320.100    -0.41350  
320.200    -0.41366  
320.300    -0.41382  
320.400    -0.41398  
320.500    -0.41413  
320.600    -0.41429  
320.700    -0.41445  
320.800    -0.41461  
320.900    -0.41477  
321.000    -0.41493  
321.100    -0.41509  
321.200    -0.41525  
321.300    -0.41541  
321.400    -0.41557  
321.500    -0.41573  
321.600    -0.41589  
321.700    -0.41604  
321.800    -0.41620  
321.900    -0.41636  
322.000    -0.41652  
322.100    -0.41668  
322.200    -0.41684  
322.300    -0.41700  
322.400    -0.41716  
322.500    -0.41732  
322.600    -0.41747  
322.700    -0.41763  
322.800    -0.41779  
322.900    -0.41795  
323.000    -0.41811  
323.100    -0.41827  
323.200    -0.41843  
323.300    -0.41859  
323.400    -0.41875  
323.500    -0.41890  
323.600    -0.41906  
323.700    -0.41922  
323.800    -0.41938  
323.900    -0.41954  
324.000    -0.41970  
324.100    -0.41986  
324.200    -0.42001  
324.300    -0.42017  
324.400    -0.42033  
324.500    -0.42049  
324.600    -0.42065  
324.700    -0.42081  
324.800    -0.42097  
324.900    -0.42112  
325.000    -0.42128  
325.100    -0.42144  
325.200    -0.42160  
325.300    -0.42176  
325.400    -0.42192  
325.500    -0.42207  
325.600    -0.42223  
325.700    -0.42239  
325.800    -0.42255  
325.900    -0.42271  
326.000    -0.42286  
326.100    -0.42302  
326.200    -0.42318  
326.300    -0.42334  
326.400    -0.42350  
326.500    -0.42366  
326.600    -0.42381  
326.700    -0.42397  
326.800    -0.42413  
326.900    -0.42429  
327.000    -0.42445  
327.100    -0.42460  
327.200    -0.42476  
327.300    -0.42492  
327.400    -0.42508  
327.500    -0.42524  
327.600    -0.42539  
327.700    -0.42555  
327.800    -0.42571  
327.900    -0.42587  
328.000    -0.42602  
328.100    -0.42618  
328.200    -0.42634  
328.300    -0.42650  
328.400    -0.42666  
328.500    -0.42681  
328.600    -0.42697  
328.700    -0.42713  
328.800    -0.42729  
328.900    -0.42744  
329.000    -0.42760  
329.100    -0.42776  
329.200    -0.42792  
329.300    -0.42807  
329.400    -0.42823  
329.500    -0.42839  
329.600    -0.42855  
329.700    -0.42870  
329.800    -0.42886  
329.900    -0.42902  
330.000    -0.42918  
330.100    -0.42933  
330.200    -0.42949  
330.300    -0.42965  
330.400    -0.42981  
330.500    -0.42996  
330.600    -0.43012  
330.700    -0.43028  
330.800    -0.43044  
330.900    -0.43059  
331.000    -0.43075  
331.100    -0.43091  
331.200    -0.43106  
331.300    -0.43122  
331.400    -0.43138  
331.500    -0.43154  
331.600    -0.43169  
331.700    -0.43185  
331.800    -0.43201  
331.900    -0.43216  
332.000    -0.43232  
332.100    -0.43248  
332.200    -0.43264  
332.300    -0.43279  
332.400    -0.43295  
332.500    -0.43311  
332.600    -0.43326  
332.700    -0.43342  
332.800    -0.43358  
332.900    -0.43373  
333.000    -0.43389  
333.100    -0.43405  
333.200    -0.43420  
333.300    -0.43436  
333.400    -0.43452  
333.500    -0.43467  
333.600    -0.43483  
333.700    -0.43499  
333.800    -0.43514  
333.900    -0.43530  
334.000    -0.43546  
334.100    -0.43561  
334.200    -0.43577  
334.300    -0.43593  
334.400    -0.43608  
334.500    -0.43624  
334.600    -0.43640  
334.700    -0.43655  
334.800    -0.43671  
334.900    -0.43687  
335.000    -0.43702  
335.100    -0.43718  
335.200    -0.43733  
335.300    -0.43749  
335.400    -0.43765  
335.500    -0.43780  
335.600    -0.43796  
335.700    -0.43812  
335.800    -0.43827  
335.900    -0.43843  
336.000    -0.43858  
336.100    -0.43874  
336.200    -0.43890  
336.300    -0.43905  
336.400    -0.43921  
336.500    -0.43937  
336.600    -0.43952  
336.700    -0.43968  
336.800    -0.43983  
336.900    -0.43999  
337.000    -0.44015  
337.100    -0.44030  
337.200    -0.44046  
337.300    -0.44061  
337.400    -0.44077  
337.500    -0.44093  
337.600    -0.44108  
337.700    -0.44124  
337.800    -0.44139  
337.900    -0.44155  
338.000    -0.44170  
338.100    -0.44186  
338.200    -0.44202  
338.300    -0.44217  
338.400    -0.44233  
338.500    -0.44248  
338.600    -0.44264  
338.700    -0.44279  
338.800    -0.44295  
338.900    -0.44311  
339.000    -0.44326  
339.100    -0.44342  
339.200    -0.44357  
339.300    -0.44373  
339.400    -0.44388  
339.500    -0.44404  
339.600    -0.44419  
339.700    -0.44435  
339.800    -0.44451  
339.900    -0.44466  
340.000    -0.44482  
340.100    -0.44497  
340.200    -0.44513  
340.300    -0.44528  
340.400    -0.44544  
340.500    -0.44559  
340.600    -0.44575  
340.700    -0.44590  
340.800    -0.44606  
340.900    -0.44621  
341.000    -0.44637  
341.100    -0.44652  
341.200    -0.44668  
341.300    -0.44683  
341.400    -0.44699  
341.500    -0.44714  
341.600    -0.44730  
341.700    -0.44745  
341.800    -0.44761  
341.900    -0.44776  
342.000    -0.44792  
342.100    -0.44807  
342.200    -0.44823  
342.300    -0.44838  
342.400    -0.44854  
342.500    -0.44869  
342.600    -0.44885  
342.700    -0.44900  
342.800    -0.44916  
342.900    -0.44931  
343.000    -0.44947  
343.100    -0.44962  
343.200    -0.44978  
343.300    -0.44993  
343.400    -0.45009  
343.500    -0.45024  
343.600    -0.45040  
343.700    -0.45055  
343.800    -0.45070  
343.900    -0.45086  
344.000    -0.45101  
344.100    -0.45117  
344.200    -0.45132  
344.300    -0.45148  
344.400    -0.45163  
344.500    -0.45179  
344.600    -0.45194  
344.700    -0.45209  
344.800    -0.45225  
344.900    -0.45240  
345.000    -0.45256  
345.100    -0.45271  
345.200    -0.45287  
345.300    -0.45302  
345.400    -0.45318  
345.500    -0.45333  
345.600    -0.45348  
345.700    -0.45364  
345.800    -0.45379  
345.900    -0.45395  
346.000    -0.45410  
346.100    -0.45425  
346.200    -0.45441  
346.300    -0.45456  
346.400    -0.45472  
346.500    -0.45487  
346.600    -0.45502  
346.700    -0.45518  
346.800    -0.45533  
346.900    -0.45549  
347.000    -0.45564  
347.100    -0.45579  
347.200    -0.45595  
347.300    -0.45610  
347.400    -0.45626  
347.500    -0.45641  
347.600    -0.45656  
347.700    -0.45672  
347.800    -0.45687  
347.900    -0.45703  
348.000    -0.45718  
348.100    -0.45733  
348.200    -0.45749  
348.300    -0.45764  
348.400    -0.45779  
348.500    -0.45795  
348.600    -0.45810  
348.700    -0.45825  
348.800    -0.45841  
348.900    -0.45856  
349.000    -0.45871  
349.100    -0.45887  
349.200    -0.45902  
349.300    -0.45918  
349.400    -0.45933  
349.500    -0.45948  
349.600    -0.45964  
349.700    -0.45979  
349.800    -0.45994  
349.900    -0.46010  
350.000    -0.46025  