0.000     0.00000  
  0.100     0.00000  
  0.200     0.00000  
  0.300     0.00000  
  0.400     0.00000  
  0.500     0.00000  
  0.600     0.00000  
  0.700     0.00000  
  0.800     0.00000  
  0.900     0.00000  
  1.000     0.00000  
  1.100     0.00000  
  1.200     0.00000  
  1.300     0.00000  
  1.400     0.00000  
  1.500     0.00000  
  1.600     0.00000  
  1.700     0.00000  
  1.800     0.00000  
  1.900     0.00000  
  2.000     0.00000  
  2.100     0.00000  
  2.200     0.00000  
  2.300     0.00000  
  2.400     0.00000  
  2.500     0.00000  
  2.600     0.00000  
  2.700     0.00000  
  2.800     0.00000  
  2.900     0.00000  
  3.000     0.00000  
  3.100     0.00000  
  3.200     0.00000  
  3.300     0.00000  
  3.400     0.00000  
  3.500     0.00000  
  3.600     0.00000  
  3.700     0.00000  
  3.800     0.00000  
  3.900     0.00000  
  4.000     0.00000  
  4.100     0.00000  
  4.200     0.00000  
  4.300     0.00000  
  4.400     0.00000  
  4.500     0.00000  
  4.600     0.00000  
  4.700     0.00000  
  4.800     0.00000  
  4.900     0.00000  
  5.000     0.00000  
  5.100     0.00000  
  5.200     0.00000  
  5.300     0.00000  
  5.400     0.00000  
  5.500     0.00000  
  5.600     0.00000  
  5.700     0.00000  
  5.800     0.00000  
  5.900     0.00000  
  6.000     0.00000  
  6.100     0.00000  
  6.200     0.00000  
  6.300     0.00000  
  6.400     0.00000  
  6.500     0.00000  
  6.600     0.00000  
  6.700     0.00000  
  6.800     0.00000  
  6.900     0.00000  
  7.000     0.00000  
  7.100     0.00000  
  7.200     0.00000  
  7.300     0.00000  
  7.400     0.00000  
  7.500     0.00000  
  7.600     0.00000  
  7.700     0.00000  
  7.800     0.00000  
  7.900     0.00000  
  8.000     0.00000  
  8.100     0.00000  
  8.200     0.00000  
  8.300     0.00000  
  8.400     0.00000  
  8.500     0.00000  
  8.600     0.00001  
  8.700     0.00001  
  8.800     0.00001  
  8.900     0.00001  
  9.000     0.00001  
  9.100     0.00001  
  9.200     0.00001  
  9.300     0.00001  
  9.400     0.00001  
  9.500     0.00001  
  9.600     0.00001  
  9.700     0.00001  
  9.800     0.00001  
  9.900     0.00001  
 10.000     0.00001  
 10.100     0.00001  
 10.200     0.00001  
 10.300     0.00001  
 10.400     0.00001  
 10.500     0.00001  
 10.600     0.00001  
 10.700     0.00001  
 10.800     0.00001  
 10.900     0.00002  
 11.000     0.00002  
 11.100     0.00002  
 11.200     0.00002  
 11.300     0.00002  
 11.400     0.00002  
 11.500     0.00002  
 11.600     0.00002  
 11.700     0.00002  
 11.800     0.00002  
 11.900     0.00002  
 12.000     0.00002  
 12.100     0.00003  
 12.200     0.00003  
 12.300     0.00003  
 12.400     0.00003  
 12.500     0.00003  
 12.600     0.00003  
 12.700     0.00003  
 12.800     0.00003  
 12.900     0.00003  
 13.000     0.00003  
 13.100     0.00004  
 13.200     0.00004  
 13.300     0.00004  
 13.400     0.00004  
 13.500     0.00004  
 13.600     0.00004  
 13.700     0.00004  
 13.800     0.00005  
 13.900     0.00005  
 14.000     0.00005  
 14.100     0.00005  
 14.200     0.00005  
 14.300     0.00005  
 14.400     0.00006  
 14.500     0.00006  
 14.600     0.00006  
 14.700     0.00006  
 14.800     0.00006  
 14.900     0.00007  
 15.000     0.00007  
 15.100     0.00007  
 15.200     0.00007  
 15.300     0.00007  
 15.400     0.00007  
 15.500     0.00008  
 15.600     0.00008  
 15.700     0.00008  
 15.800     0.00008  
 15.900     0.00009  
 16.000     0.00009  
 16.100     0.00009  
 16.200     0.00009  
 16.300     0.00010  
 16.400     0.00010  
 16.500     0.00010  
 16.600     0.00010  
 16.700     0.00011  
 16.800     0.00011  
 16.900     0.00011  
 17.000     0.00011  
 17.100     0.00012  
 17.200     0.00012  
 17.300     0.00012  
 17.400     0.00013  
 17.500     0.00013  
 17.600     0.00013  
 17.700     0.00013  
 17.800     0.00014  
 17.900     0.00014  
 18.000     0.00014  
 18.100     0.00015  
 18.200     0.00015  
 18.300     0.00015  
 18.400     0.00016  
 18.500     0.00016  
 18.600     0.00016  
 18.700     0.00017  
 18.800     0.00017  
 18.900     0.00018  
 19.000     0.00018  
 19.100     0.00018  
 19.200     0.00019  
 19.300     0.00019  
 19.400     0.00020  
 19.500     0.00020  
 19.600     0.00020  
 19.700     0.00021  
 19.800     0.00021  
 19.900     0.00022  
 20.000     0.00022  
 20.100     0.00023  
 20.200     0.00023  
 20.300     0.00024  
 20.400     0.00024  
 20.500     0.00024  
 20.600     0.00025  
 20.700     0.00025  
 20.800     0.00026  
 20.900     0.00026  
 21.000     0.00027  
 21.100     0.00027  
 21.200     0.00028  
 21.300     0.00028  
 21.400     0.00029  
 21.500     0.00030  
 21.600     0.00030  
 21.700     0.00031  
 21.800     0.00031  
 21.900     0.00032  
 22.000     0.00032  
 22.100     0.00033  
 22.200     0.00033  
 22.300     0.00034  
 22.400     0.00035  
 22.500     0.00035  
 22.600     0.00036  
 22.700     0.00036  
 22.800     0.00037  
 22.900     0.00038  
 23.000     0.00038  
 23.100     0.00039  
 23.200     0.00040  
 23.300     0.00040  
 23.400     0.00041  
 23.500     0.00042  
 23.600     0.00042  
 23.700     0.00043  
 23.800     0.00044  
 23.900     0.00044  
 24.000     0.00045  
 24.100     0.00046  
 24.200     0.00047  
 24.300     0.00047  
 24.400     0.00048  
 24.500     0.00049  
 24.600     0.00049  
 24.700     0.00050  
 24.800     0.00051  
 24.900     0.00052  
 25.000     0.00053  
 25.100     0.00053  
 25.200     0.00054  
 25.300     0.00055  
 25.400     0.00056  
 25.500     0.00057  
 25.600     0.00057  
 25.700     0.00058  
 25.800     0.00059  
 25.900     0.00060  
 26.000     0.00061  
 26.100     0.00062  
 26.200     0.00063  
 26.300     0.00063  
 26.400     0.00064  
 26.500     0.00065  
 26.600     0.00066  
 26.700     0.00067  
 26.800     0.00068  
 26.900     0.00069  
 27.000     0.00070  
 27.100     0.00071  
 27.200     0.00072  
 27.300     0.00073  
 27.400     0.00074  
 27.500     0.00075  
 27.600     0.00076  
 27.700     0.00077  
 27.800     0.00078  
 27.900     0.00079  
 28.000     0.00080  
 28.100     0.00081  
 28.200     0.00082  
 28.300     0.00083  
 28.400     0.00084  
 28.500     0.00085  
 28.600     0.00086  
 28.700     0.00087  
 28.800     0.00088  
 28.900     0.00089  
 29.000     0.00090  
 29.100     0.00091  
 29.200     0.00093  
 29.300     0.00094  
 29.400     0.00095  
 29.500     0.00096  
 29.600     0.00097  
 29.700     0.00098  
 29.800     0.00099  
 29.900     0.00101  
 30.000     0.00102  
 30.100     0.00103  
 30.200     0.00104  
 30.300     0.00105  
 30.400     0.00107  
 30.500     0.00108  
 30.600     0.00109  
 30.700     0.00110  
 30.800     0.00112  
 30.900     0.00113  
 31.000     0.00114  
 31.100     0.00115  
 31.200     0.00117  
 31.300     0.00118  
 31.400     0.00119  
 31.500     0.00121  
 31.600     0.00122  
 31.700     0.00123  
 31.800     0.00125  
 31.900     0.00126  
 32.000     0.00127  
 32.100     0.00129  
 32.200     0.00130  
 32.300     0.00132  
 32.400     0.00133  
 32.500     0.00134  
 32.600     0.00136  
 32.700     0.00137  
 32.800     0.00139  
 32.900     0.00140  
 33.000     0.00142  
 33.100     0.00143  
 33.200     0.00145  
 33.300     0.00146  
 33.400     0.00148  
 33.500     0.00149  
 33.600     0.00151  
 33.700     0.00152  
 33.800     0.00154  
 33.900     0.00155  
 34.000     0.00157  
 34.100     0.00158  
 34.200     0.00160  
 34.300     0.00161  
 34.400     0.00163  
 34.500     0.00165  
 34.600     0.00166  
 34.700     0.00168  
 34.800     0.00169  
 34.900     0.00171  
 35.000     0.00173  
 35.100     0.00174  
 35.200     0.00176  
 35.300     0.00178  
 35.400     0.00179  
 35.500     0.00181  
 35.600     0.00183  
 35.700     0.00184  
 35.800     0.00186  
 35.900     0.00188  
 36.000     0.00190  
 36.100     0.00191  
 36.200     0.00193  
 36.300     0.00195  
 36.400     0.00197  
 36.500     0.00199  
 36.600     0.00200  
 36.700     0.00202  
 36.800     0.00204  
 36.900     0.00206  
 37.000     0.00208  
 37.100     0.00210  
 37.200     0.00211  
 37.300     0.00213  
 37.400     0.00215  
 37.500     0.00217  
 37.600     0.00219  
 37.700     0.00221  
 37.800     0.00223  
 37.900     0.00225  
 38.000     0.00227  
 38.100     0.00229  
 38.200     0.00230  
 38.300     0.00232  
 38.400     0.00234  
 38.500     0.00236  
 38.600     0.00238  
 38.700     0.00240  
 38.800     0.00242  
 38.900     0.00244  
 39.000     0.00246  
 39.100     0.00248  
 39.200     0.00250  
 39.300     0.00253  
 39.400     0.00255  
 39.500     0.00257  
 39.600     0.00259  
 39.700     0.00261  
 39.800     0.00263  
 39.900     0.00265  
 40.000     0.00267  
 40.100     0.00269  
 40.200     0.00272  
 40.300     0.00274  
 40.400     0.00276  
 40.500     0.00278  
 40.600     0.00280  
 40.700     0.00283  
 40.800     0.00285  
 40.900     0.00287  
 41.000     0.00289  
 41.100     0.00291  
 41.200     0.00294  
 41.300     0.00296  
 41.400     0.00298  
 41.500     0.00301  
 41.600     0.00303  
 41.700     0.00305  
 41.800     0.00307  
 41.900     0.00310  
 42.000     0.00312  
 42.100     0.00314  
 42.200     0.00317  
 42.300     0.00319  
 42.400     0.00322  
 42.500     0.00324  
 42.600     0.00326  
 42.700     0.00329  
 42.800     0.00331  
 42.900     0.00333  
 43.000     0.00336  
 43.100     0.00338  
 43.200     0.00341  
 43.300     0.00343  
 43.400     0.00346  
 43.500     0.00348  
 43.600     0.00351  
 43.700     0.00353  
 43.800     0.00356  
 43.900     0.00358  
 44.000     0.00361  
 44.100     0.00363  
 44.200     0.00366  
 44.300     0.00368  
 44.400     0.00371  
 44.500     0.00374  
 44.600     0.00376  
 44.700     0.00379  
 44.800     0.00381  
 44.900     0.00384  
 45.000     0.00387  
 45.100     0.00389  
 45.200     0.00392  
 45.300     0.00395  
 45.400     0.00397  
 45.500     0.00400  
 45.600     0.00403  
 45.700     0.00405  
 45.800     0.00408  
 45.900     0.00411  
 46.000     0.00414  
 46.100     0.00416  
 46.200     0.00419  
 46.300     0.00422  
 46.400     0.00425  
 46.500     0.00428  
 46.600     0.00430  
 46.700     0.00433  
 46.800     0.00436  
 46.900     0.00439  
 47.000     0.00442  
 47.100     0.00444  
 47.200     0.00447  
 47.300     0.00450  
 47.400     0.00453  
 47.500     0.00456  
 47.600     0.00459  
 47.700     0.00462  
 47.800     0.00465  
 47.900     0.00468  
 48.000     0.00471  
 48.100     0.00474  
 48.200     0.00477  
 48.300     0.00479  
 48.400     0.00482  
 48.500     0.00485  
 48.600     0.00488  
 48.700     0.00491  
 48.800     0.00495  
 48.900     0.00498  
 49.000     0.00501  
 49.100     0.00504  
 49.200     0.00507  
 49.300     0.00510  
 49.400     0.00513  
 49.500     0.00516  
 49.600     0.00519  
 49.700     0.00522  
 49.800     0.00525  
 49.900     0.00528  
 50.000     0.00532  
 50.100     0.00535  
 50.200     0.00538  
 50.300     0.00541  
 50.400     0.00544  
 50.500     0.00548  
 50.600     0.00551  
 50.700     0.00554  
 50.800     0.00557  
 50.900     0.00560  
 51.000     0.00564  
 51.100     0.00567  
 51.200     0.00570  
 51.300     0.00574  
 51.400     0.00577  
 51.500     0.00580  
 51.600     0.00583  
 51.700     0.00587  
 51.800     0.00590  
 51.900     0.00593  
 52.000     0.00597  
 52.100     0.00600  
 52.200     0.00604  
 52.300     0.00607  
 52.400     0.00610  
 52.500     0.00614  
 52.600     0.00617  
 52.700     0.00621  
 52.800     0.00624  
 52.900     0.00627  
 53.000     0.00631  
 53.100     0.00634  
 53.200     0.00638  
 53.300     0.00641  
 53.400     0.00645  
 53.500     0.00648  
 53.600     0.00652  
 53.700     0.00655  
 53.800     0.00659  
 53.900     0.00663  
 54.000     0.00666  
 54.100     0.00670  
 54.200     0.00673  
 54.300     0.00677  
 54.400     0.00680  
 54.500     0.00684  
 54.600     0.00688  
 54.700     0.00691  
 54.800     0.00695  
 54.900     0.00699  
 55.000     0.00702  
 55.100     0.00706  
 55.200     0.00710  
 55.300     0.00713  
 55.400     0.00717  
 55.500     0.00721  
 55.600     0.00725  
 55.700     0.00728  
 55.800     0.00732  
 55.900     0.00736  
 56.000     0.00740  
 56.100     0.00743  
 56.200     0.00747  
 56.300     0.00751  
 56.400     0.00755  
 56.500     0.00759  
 56.600     0.00762  
 56.700     0.00766  
 56.800     0.00770  
 56.900     0.00774  
 57.000     0.00778  
 57.100     0.00782  
 57.200     0.00786  
 57.300     0.00790  
 57.400     0.00794  
 57.500     0.00797  
 57.600     0.00801  
 57.700     0.00805  
 57.800     0.00809  
 57.900     0.00813  
 58.000     0.00817  
 58.100     0.00821  
 58.200     0.00825  
 58.300     0.00829  
 58.400     0.00833  
 58.500     0.00837  
 58.600     0.00841  
 58.700     0.00845  
 58.800     0.00849  
 58.900     0.00853  
 59.000     0.00858  
 59.100     0.00862  
 59.200     0.00866  
 59.300     0.00870  
 59.400     0.00874  
 59.500     0.00878  
 59.600     0.00882  
 59.700     0.00886  
 59.800     0.00891  
 59.900     0.00895  
 60.000     0.00899  
 60.100     0.00903  
 60.200     0.00907  
 60.300     0.00912  
 60.400     0.00916  
 60.500     0.00920  
 60.600     0.00924  
 60.700     0.00928  
 60.800     0.00933  
 60.900     0.00937  
 61.000     0.00941  
 61.100     0.00946  
 61.200     0.00950  
 61.300     0.00954  
 61.400     0.00959  
 61.500     0.00963  
 61.600     0.00967  
 61.700     0.00972  
 61.800     0.00976  
 61.900     0.00980  
 62.000     0.00985  
 62.100     0.00989  
 62.200     0.00994  
 62.300     0.00998  
 62.400     0.01002  
 62.500     0.01007  
 62.600     0.01011  
 62.700     0.01016  
 62.800     0.01020  
 62.900     0.01025  
 63.000     0.01029  
 63.100     0.01034  
 63.200     0.01038  
 63.300     0.01043  
 63.400     0.01047  
 63.500     0.01052  
 63.600     0.01056  
 63.700     0.01061  
 63.800     0.01066  
 63.900     0.01070  
 64.000     0.01075  
 64.100     0.01079  
 64.200     0.01084  
 64.300     0.01089  
 64.400     0.01093  
 64.500     0.01098  
 64.600     0.01103  
 64.700     0.01107  
 64.800     0.01112  
 64.900     0.01117  
 65.000     0.01121  
 65.100     0.01126  
 65.200     0.01131  
 65.300     0.01135  
 65.400     0.01140  
 65.500     0.01145  
 65.600     0.01150  
 65.700     0.01154  
 65.800     0.01159  
 65.900     0.01164  
 66.000     0.01169  
 66.100     0.01174  
 66.200     0.01178  
 66.300     0.01183  
 66.400     0.01188  
 66.500     0.01193  
 66.600     0.01198  
 66.700     0.01203  
 66.800     0.01208  
 66.900     0.01212  
 67.000     0.01217  
 67.100     0.01222  
 67.200     0.01227  
 67.300     0.01232  
 67.400     0.01237  
 67.500     0.01242  
 67.600     0.01247  
 67.700     0.01252  
 67.800     0.01257  
 67.900     0.01262  
 68.000     0.01267  
 68.100     0.01272  
 68.200     0.01277  
 68.300     0.01282  
 68.400     0.01287  
 68.500     0.01292  
 68.600     0.01297  
 68.700     0.01302  
 68.800     0.01307  
 68.900     0.01312  
 69.000     0.01318  
 69.100     0.01323  
 69.200     0.01328  
 69.300     0.01333  
 69.400     0.01338  
 69.500     0.01343  
 69.600     0.01349  
 69.700     0.01354  
 69.800     0.01359  
 69.900     0.01364  
 70.000     0.01369  
 70.100     0.01375  
 70.200     0.01380  
 70.300     0.01385  
 70.400     0.01390  
 70.500     0.01395  
 70.600     0.01401  
 70.700     0.01406  
 70.800     0.01411  
 70.900     0.01417  
 71.000     0.01422  
 71.100     0.01427  
 71.200     0.01433  
 71.300     0.01438  
 71.400     0.01443  
 71.500     0.01449  
 71.600     0.01454  
 71.700     0.01459  
 71.800     0.01465  
 71.900     0.01470  
 72.000     0.01476  
 72.100     0.01481  
 72.200     0.01486  
 72.300     0.01492  
 72.400     0.01497  
 72.500     0.01503  
 72.600     0.01508  
 72.700     0.01514  
 72.800     0.01519  
 72.900     0.01525  
 73.000     0.01530  
 73.100     0.01536  
 73.200     0.01541  
 73.300     0.01547  
 73.400     0.01552  
 73.500     0.01558  
 73.600     0.01564  
 73.700     0.01569  
 73.800     0.01575  
 73.900     0.01580  
 74.000     0.01586  
 74.100     0.01592  
 74.200     0.01597  
 74.300     0.01603  
 74.400     0.01609  
 74.500     0.01614  
 74.600     0.01620  
 74.700     0.01626  
 74.800     0.01631  
 74.900     0.01637  
 75.000     0.01643  
 75.100     0.01648  
 75.200     0.01654  
 75.300     0.01660  
 75.400     0.01666  
 75.500     0.01671  
 75.600     0.01677  
 75.700     0.01683  
 75.800     0.01689  
 75.900     0.01695  
 76.000     0.01700  
 76.100     0.01706  
 76.200     0.01712  
 76.300     0.01718  
 76.400     0.01724  
 76.500     0.01730  
 76.600     0.01735  
 76.700     0.01741  
 76.800     0.01747  
 76.900     0.01753  
 77.000     0.01759  
 77.100     0.01765  
 77.200     0.01771  
 77.300     0.01777  
 77.400     0.01783  
 77.500     0.01789  
 77.600     0.01795  
 77.700     0.01801  
 77.800     0.01807  
 77.900     0.01813  
 78.000     0.01819  
 78.100     0.01825  
 78.200     0.01831  
 78.300     0.01837  
 78.400     0.01843  
 78.500     0.01849  
 78.600     0.01855  
 78.700     0.01861  
 78.800     0.01867  
 78.900     0.01873  
 79.000     0.01880  
 79.100     0.01886  
 79.200     0.01892  
 79.300     0.01898  
 79.400     0.01904  
 79.500     0.01910  
 79.600     0.01916  
 79.700     0.01923  
 79.800     0.01929  
 79.900     0.01935  
 80.000     0.01941  
 80.100     0.01948  
 80.200     0.01954  
 80.300     0.01960  
 80.400     0.01966  
 80.500     0.01973  
 80.600     0.01979  
 80.700     0.01985  
 80.800     0.01991  
 80.900     0.01998  
 81.000     0.02004  
 81.100     0.02010  
 81.200     0.02017  
 81.300     0.02023  
 81.400     0.02029  
 81.500     0.02036  
 81.600     0.02042  
 81.700     0.02048  
 81.800     0.02055  
 81.900     0.02061  
 82.000     0.02068  
 82.100     0.02074  
 82.200     0.02081  
 82.300     0.02087  
 82.400     0.02093  
 82.500     0.02100  
 82.600     0.02106  
 82.700     0.02113  
 82.800     0.02119  
 82.900     0.02126  
 83.000     0.02132  
 83.100     0.02139  
 83.200     0.02145  
 83.300     0.02152  
 83.400     0.02159  
 83.500     0.02165  
 83.600     0.02172  
 83.700     0.02178  
 83.800     0.02185  
 83.900     0.02191  
 84.000     0.02198  
 84.100     0.02205  
 84.200     0.02211  
 84.300     0.02218  
 84.400     0.02225  
 84.500     0.02231  
 84.600     0.02238  
 84.700     0.02245  
 84.800     0.02251  
 84.900     0.02258  
 85.000     0.02265  
 85.100     0.02272  
 85.200     0.02278  
 85.300     0.02285  
 85.400     0.02292  
 85.500     0.02299  
 85.600     0.02305  
 85.700     0.02312  
 85.800     0.02319  
 85.900     0.02326  
 86.000     0.02332  
 86.100     0.02339  
 86.200     0.02346  
 86.300     0.02353  
 86.400     0.02360  
 86.500     0.02367  
 86.600     0.02374  
 86.700     0.02380  
 86.800     0.02387  
 86.900     0.02394  
 87.000     0.02401  
 87.100     0.02408  
 87.200     0.02415  
 87.300     0.02422  
 87.400     0.02429  
 87.500     0.02436  
 87.600     0.02443  
 87.700     0.02450  
 87.800     0.02457  
 87.900     0.02464  
 88.000     0.02471  
 88.100     0.02478  
 88.200     0.02485  
 88.300     0.02492  
 88.400     0.02499  
 88.500     0.02506  
 88.600     0.02513  
 88.700     0.02520  
 88.800     0.02527  
 88.900     0.02534  
 89.000     0.02541  
 89.100     0.02549  
 89.200     0.02556  
 89.300     0.02563  
 89.400     0.02570  
 89.500     0.02577  
 89.600     0.02584  
 89.700     0.02591  
 89.800     0.02599  
 89.900     0.02606  
 90.000     0.02613  
 90.100     0.02620  
 90.200     0.02627  
 90.300     0.02635  
 90.400     0.02642  
 90.500     0.02649  
 90.600     0.02656  
 90.700     0.02664  
 90.800     0.02671  
 90.900     0.02678  
 91.000     0.02685  
 91.100     0.02693  
 91.200     0.02700  
 91.300     0.02707  
 91.400     0.02715  
 91.500     0.02722  
 91.600     0.02730  
 91.700     0.02737  
 91.800     0.02744  
 91.900     0.02752  
 92.000     0.02759  
 92.100     0.02767  
 92.200     0.02774  
 92.300     0.02781  
 92.400     0.02789  
 92.500     0.02796  
 92.600     0.02804  
 92.700     0.02811  
 92.800     0.02819  
 92.900     0.02826  
 93.000     0.02834  
 93.100     0.02841  
 93.200     0.02849  
 93.300     0.02856  
 93.400     0.02864  
 93.500     0.02871  
 93.600     0.02879  
 93.700     0.02886  
 93.800     0.02894  
 93.900     0.02902  
 94.000     0.02909  
 94.100     0.02917  
 94.200     0.02924  
 94.300     0.02932  
 94.400     0.02940  
 94.500     0.02947  
 94.600     0.02955  
 94.700     0.02963  
 94.800     0.02970  
 94.900     0.02978  
 95.000     0.02986  
 95.100     0.02993  
 95.200     0.03001  
 95.300     0.03009  
 95.400     0.03016  
 95.500     0.03024  
 95.600     0.03032  
 95.700     0.03040  
 95.800     0.03047  
 95.900     0.03055  
 96.000     0.03063  
 96.100     0.03071  
 96.200     0.03079  
 96.300     0.03086  
 96.400     0.03094  
 96.500     0.03102  
 96.600     0.03110  
 96.700     0.03118  
 96.800     0.03126  
 96.900     0.03134  
 97.000     0.03141  
 97.100     0.03149  
 97.200     0.03157  
 97.300     0.03165  
 97.400     0.03173  
 97.500     0.03181  
 97.600     0.03189  
 97.700     0.03197  
 97.800     0.03205  
 97.900     0.03213  
 98.000     0.03221  
 98.100     0.03229  
 98.200     0.03237  
 98.300     0.03245  
 98.400     0.03253  
 98.500     0.03261  
 98.600     0.03269  
 98.700     0.03277  
 98.800     0.03285  
 98.900     0.03293  
 99.000     0.03301  
 99.100     0.03309  
 99.200     0.03317  
 99.300     0.03325  
 99.400     0.03334  
 99.500     0.03342  
 99.600     0.03350  
 99.700     0.03358  
 99.800     0.03366  
 99.900     0.03374  
100.000     0.03382  
100.100     0.03391  
100.200     0.03399  
100.300     0.03407  
100.400     0.03415  
100.500     0.03423  
100.600     0.03432  
100.700     0.03440  
100.800     0.03448  
100.900     0.03456  
101.000     0.03465  
101.100     0.03473  
101.200     0.03481  
101.300     0.03489  
101.400     0.03498  
101.500     0.03506  
101.600     0.03514  
101.700     0.03523  
101.800     0.03531  
101.900     0.03539  
102.000     0.03548  
102.100     0.03556  
102.200     0.03565  
102.300     0.03573  
102.400     0.03581  
102.500     0.03590  
102.600     0.03598  
102.700     0.03607  
102.800     0.03615  
102.900     0.03624  
103.000     0.03632  
103.100     0.03640  
103.200     0.03649  
103.300     0.03657  
103.400     0.03666  
103.500     0.03674  
103.600     0.03683  
103.700     0.03691  
103.800     0.03700  
103.900     0.03709  
104.000     0.03717  
104.100     0.03726  
104.200     0.03734  
104.300     0.03743  
104.400     0.03751  
104.500     0.03760  
104.600     0.03769  
104.700     0.03777  
104.800     0.03786  
104.900     0.03795  
105.000     0.03803  
105.100     0.03812  
105.200     0.03821  
105.300     0.03829  
105.400     0.03838  
105.500     0.03847  
105.600     0.03855  
105.700     0.03864  
105.800     0.03873  
105.900     0.03881  
106.000     0.03890  
106.100     0.03899  
106.200     0.03908  
106.300     0.03916  
106.400     0.03925  
106.500     0.03934  
106.600     0.03943  
106.700     0.03952  
106.800     0.03961  
106.900     0.03969  
107.000     0.03978  
107.100     0.03987  
107.200     0.03996  
107.300     0.04005  
107.400     0.04014  
107.500     0.04023  
107.600     0.04031  
107.700     0.04040  
107.800     0.04049  
107.900     0.04058  
108.000     0.04067  
108.100     0.04076  
108.200     0.04085  
108.300     0.04094  
108.400     0.04103  
108.500     0.04112  
108.600     0.04121  
108.700     0.04130  
108.800     0.04139  
108.900     0.04148  
109.000     0.04157  
109.100     0.04166  
109.200     0.04175  
109.300     0.04184  
109.400     0.04193  
109.500     0.04202  
109.600     0.04211  
109.700     0.04220  
109.800     0.04230  
109.900     0.04239  
110.000     0.04248  
110.100     0.04257  
110.200     0.04266  
110.300     0.04275  
110.400     0.04284  
110.500     0.04294  
110.600     0.04303  
110.700     0.04312  
110.800     0.04321  
110.900     0.04330  
111.000     0.04340  
111.100     0.04349  
111.200     0.04358  
111.300     0.04367  
111.400     0.04376  
111.500     0.04386  
111.600     0.04395  
111.700     0.04404  
111.800     0.04414  
111.900     0.04423  
112.000     0.04432  
112.100     0.04442  
112.200     0.04451  
112.300     0.04460  
112.400     0.04470  
112.500     0.04479  
112.600     0.04488  
112.700     0.04498  
112.800     0.04507  
112.900     0.04516  
113.000     0.04526  
113.100     0.04535  
113.200     0.04545  
113.300     0.04554  
113.400     0.04564  
113.500     0.04573  
113.600     0.04583  
113.700     0.04592  
113.800     0.04602  
113.900     0.04611  
114.000     0.04620  
114.100     0.04630  
114.200     0.04640  
114.300     0.04649  
114.400     0.04659  
114.500     0.04668  
114.600     0.04678  
114.700     0.04687  
114.800     0.04697  
114.900     0.04706  
115.000     0.04716  
115.100     0.04726  
115.200     0.04735  
115.300     0.04745  
115.400     0.04755  
115.500     0.04764  
115.600     0.04774  
115.700     0.04783  
115.800     0.04793  
115.900     0.04803  
116.000     0.04812  
116.100     0.04822  
116.200     0.04832  
116.300     0.04842  
116.400     0.04851  
116.500     0.04861  
116.600     0.04871  
116.700     0.04881  
116.800     0.04890  
116.900     0.04900  
117.000     0.04910  
117.100     0.04920  
117.200     0.04929  
117.300     0.04939  
117.400     0.04949  
117.500     0.04959  
117.600     0.04969  
117.700     0.04979  
117.800     0.04988  
117.900     0.04998  
118.000     0.05008  
118.100     0.05018  
118.200     0.05028  
118.300     0.05038  
118.400     0.05048  
118.500     0.05058  
118.600     0.05068  
118.700     0.05078  
118.800     0.05088  
118.900     0.05098  
119.000     0.05107  
119.100     0.05117  
119.200     0.05127  
119.300     0.05137  
119.400     0.05147  
119.500     0.05157  
119.600     0.05168  
119.700     0.05178  
119.800     0.05188  
119.900     0.05198  
120.000     0.05208  
120.100     0.05218  
120.200     0.05228  
120.300     0.05238  
120.400     0.05248  
120.500     0.05258  
120.600     0.05268  
120.700     0.05278  
120.800     0.05289  
120.900     0.05299  
121.000     0.05309  
121.100     0.05319  
121.200     0.05329  
121.300     0.05339  
121.400     0.05350  
121.500     0.05360  
121.600     0.05370  
121.700     0.05380  
121.800     0.05390  
121.900     0.05401  
122.000     0.05411  
122.100     0.05421  
122.200     0.05431  
122.300     0.05442  
122.400     0.05452  
122.500     0.05462  
122.600     0.05473  
122.700     0.05483  
122.800     0.05493  
122.900     0.05504  
123.000     0.05514  
123.100     0.05524  
123.200     0.05535  
123.300     0.05545  
123.400     0.05555  
123.500     0.05566  
123.600     0.05576  
123.700     0.05587  
123.800     0.05597  
123.900     0.05607  
124.000     0.05618  
124.100     0.05628  
124.200     0.05639  
124.300     0.05649  
124.400     0.05660  
124.500     0.05670  
124.600     0.05681  
124.700     0.05691  
124.800     0.05702  
124.900     0.05712  
125.000     0.05723  
125.100     0.05733  
125.200     0.05744  
125.300     0.05754  
125.400     0.05765  
125.500     0.05775  
125.600     0.05786  
125.700     0.05797  
125.800     0.05807  
125.900     0.05818  
126.000     0.05828  
126.100     0.05839  
126.200     0.05850  
126.300     0.05860  
126.400     0.05871  
126.500     0.05882  
126.600     0.05892  
126.700     0.05903  
126.800     0.05914  
126.900     0.05924  
127.000     0.05935  
127.100     0.05946  
127.200     0.05957  
127.300     0.05967  
127.400     0.05978  
127.500     0.05989  
127.600     0.06000  
127.700     0.06010  
127.800     0.06021  
127.900     0.06032  
128.000     0.06043  
128.100     0.06054  
128.200     0.06064  
128.300     0.06075  
128.400     0.06086  
128.500     0.06097  
128.600     0.06108  
128.700     0.06119  
128.800     0.06129  
128.900     0.06140  
129.000     0.06151  
129.100     0.06162  
129.200     0.06173  
129.300     0.06184  
129.400     0.06195  
129.500     0.06206  
129.600     0.06217  
129.700     0.06228  
129.800     0.06239  
129.900     0.06250  
130.000     0.06261  
130.100     0.06272  
130.200     0.06283  
130.300     0.06294  
130.400     0.06305  
130.500     0.06316  
130.600     0.06327  
130.700     0.06338  
130.800     0.06349  
130.900     0.06360  
131.000     0.06371  
131.100     0.06382  
131.200     0.06393  
131.300     0.06404  
131.400     0.06416  
131.500     0.06427  
131.600     0.06438  
131.700     0.06449  
131.800     0.06460  
131.900     0.06471  
132.000     0.06482  
132.100     0.06494  
132.200     0.06505  
132.300     0.06516  
132.400     0.06527  
132.500     0.06538  
132.600     0.06550  
132.700     0.06561  
132.800     0.06572  
132.900     0.06583  
133.000     0.06595  
133.100     0.06606  
133.200     0.06617  
133.300     0.06628  
133.400     0.06640  
133.500     0.06651  
133.600     0.06662  
133.700     0.06674  
133.800     0.06685  
133.900     0.06696  
134.000     0.06708  
134.100     0.06719  
134.200     0.06730  
134.300     0.06742  
134.400     0.06753  
134.500     0.06765  
134.600     0.06776  
134.700     0.06787  
134.800     0.06799  
134.900     0.06810  
135.000     0.06822  
135.100     0.06833  
135.200     0.06845  
135.300     0.06856  
135.400     0.06868  
135.500     0.06879  
135.600     0.06891  
135.700     0.06902  
135.800     0.06914  
135.900     0.06925  
136.000     0.06937  
136.100     0.06948  
136.200     0.06960  
136.300     0.06971  
136.400     0.06983  
136.500     0.06995  
136.600     0.07006  
136.700     0.07018  
136.800     0.07029  
136.900     0.07041  
137.000     0.07053  
137.100     0.07064  
137.200     0.07076  
137.300     0.07087  
137.400     0.07099  
137.500     0.07111  
137.600     0.07122  
137.700     0.07134  
137.800     0.07146  
137.900     0.07158  
138.000     0.07169  
138.100     0.07181  
138.200     0.07193  
138.300     0.07205  
138.400     0.07216  
138.500     0.07228  
138.600     0.07240  
138.700     0.07252  
138.800     0.07263  
138.900     0.07275  
139.000     0.07287  
139.100     0.07299  
139.200     0.07311  
139.300     0.07322  
139.400     0.07334  
139.500     0.07346  
139.600     0.07358  
139.700     0.07370  
139.800     0.07382  
139.900     0.07394  
140.000     0.07406  
140.100     0.07418  
140.200     0.07429  
140.300     0.07441  
140.400     0.07453  
140.500     0.07465  
140.600     0.07477  
140.700     0.07489  
140.800     0.07501  
140.900     0.07513  
141.000     0.07525  
141.100     0.07537  
141.200     0.07549  
141.300     0.07561  
141.400     0.07573  
141.500     0.07585  
141.600     0.07597  
141.700     0.07609  
141.800     0.07621  
141.900     0.07633  
142.000     0.07645  
142.100     0.07658  
142.200     0.07670  
142.300     0.07682  
142.400     0.07694  
142.500     0.07706  
142.600     0.07718  
142.700     0.07730  
142.800     0.07742  
142.900     0.07755  
143.000     0.07767  
143.100     0.07779  
143.200     0.07791  
143.300     0.07803  
143.400     0.07816  
143.500     0.07828  
143.600     0.07840  
143.700     0.07852  
143.800     0.07864  
143.900     0.07877  
144.000     0.07889  
144.100     0.07901  
144.200     0.07914  
144.300     0.07926  
144.400     0.07938  
144.500     0.07950  
144.600     0.07963  
144.700     0.07975  
144.800     0.07987  
144.900     0.08000  
145.000     0.08012  
145.100     0.08024  
145.200     0.08037  
145.300     0.08049  
145.400     0.08062  
145.500     0.08074  
145.600     0.08086  
145.700     0.08099  
145.800     0.08111  
145.900     0.08124  
146.000     0.08136  
146.100     0.08149  
146.200     0.08161  
146.300     0.08173  
146.400     0.08186  
146.500     0.08198  
146.600     0.08211  
146.700     0.08223  
146.800     0.08236  
146.900     0.08248  
147.000     0.08261  
147.100     0.08274  
147.200     0.08286  
147.300     0.08299  
147.400     0.08311  
147.500     0.08324  
147.600     0.08336  
147.700     0.08349  
147.800     0.08362  
147.900     0.08374  
148.000     0.08387  
148.100     0.08399  
148.200     0.08412  
148.300     0.08425  
148.400     0.08437  
148.500     0.08450  
148.600     0.08463  
148.700     0.08475  
148.800     0.08488  
148.900     0.08501  
149.000     0.08514  
149.100     0.08526  
149.200     0.08539  
149.300     0.08552  
149.400     0.08564  
149.500     0.08577  
149.600     0.08590  
149.700     0.08603  
149.800     0.08616  
149.900     0.08628  
150.000     0.08641  
150.100     0.08654  
150.200     0.08667  
150.300     0.08680  
150.400     0.08692  
150.500     0.08705  
150.600     0.08718  
150.700     0.08731  
150.800     0.08744  
150.900     0.08757  
151.000     0.08770  
151.100     0.08782  
151.200     0.08795  
151.300     0.08808  
151.400     0.08821  
151.500     0.08834  
151.600     0.08847  
151.700     0.08860  
151.800     0.08873  
151.900     0.08886  
152.000     0.08899  
152.100     0.08912  
152.200     0.08925  
152.300     0.08938  
152.400     0.08951  
152.500     0.08964  
152.600     0.08977  
152.700     0.08990  
152.800     0.09003  
152.900     0.09016  
153.000     0.09029  
153.100     0.09042  
153.200     0.09055  
153.300     0.09068  
153.400     0.09082  
153.500     0.09095  
153.600     0.09108  
153.700     0.09121  
153.800     0.09134  
153.900     0.09147  
154.000     0.09160  
154.100     0.09174  
154.200     0.09187  
154.300     0.09200  
154.400     0.09213  
154.500     0.09226  
154.600     0.09240  
154.700     0.09253  
154.800     0.09266  
154.900     0.09279  
155.000     0.09292  
155.100     0.09306  
155.200     0.09319  
155.300     0.09332  
155.400     0.09345  
155.500     0.09359  
155.600     0.09372  
155.700     0.09385  
155.800     0.09399  
155.900     0.09412  
156.000     0.09425  
156.100     0.09439  
156.200     0.09452  
156.300     0.09465  
156.400     0.09479  
156.500     0.09492  
156.600     0.09505  
156.700     0.09519  
156.800     0.09532  
156.900     0.09546  
157.000     0.09559  
157.100     0.09573  
157.200     0.09586  
157.300     0.09599  
157.400     0.09613  
157.500     0.09626  
157.600     0.09640  
157.700     0.09653  
157.800     0.09667  
157.900     0.09680  
158.000     0.09694  
158.100     0.09707  
158.200     0.09721  
158.300     0.09734  
158.400     0.09748  
158.500     0.09762  
158.600     0.09775  
158.700     0.09789  
158.800     0.09802  
158.900     0.09816  
159.000     0.09829  
159.100     0.09843  
159.200     0.09857  
159.300     0.09870  
159.400     0.09884  
159.500     0.09897  
159.600     0.09911  
159.700     0.09925  
159.800     0.09938  
159.900     0.09952  
160.000     0.09966  
160.100     0.09979  
160.200     0.09993  
160.300     0.10007  
160.400     0.10021  
160.500     0.10034  
160.600     0.10048  
160.700     0.10062  
160.800     0.10076  
160.900     0.10089  
161.000     0.10103  
161.100     0.10117  
161.200     0.10131  
161.300     0.10145  
161.400     0.10158  
161.500     0.10172  
161.600     0.10186  
161.700     0.10200  
161.800     0.10214  
161.900     0.10228  
162.000     0.10241  
162.100     0.10255  
162.200     0.10269  
162.300     0.10283  
162.400     0.10297  
162.500     0.10311  
162.600     0.10325  
162.700     0.10339  
162.800     0.10353  
162.900     0.10367  
163.000     0.10380  
163.100     0.10394  
163.200     0.10408  
163.300     0.10422  
163.400     0.10436  
163.500     0.10450  
163.600     0.10464  
163.700     0.10478  
163.800     0.10492  
163.900     0.10506  
164.000     0.10520  
164.100     0.10534  
164.200     0.10548  
164.300     0.10563  
164.400     0.10577  
164.500     0.10591  
164.600     0.10605  
164.700     0.10619  
164.800     0.10633  
164.900     0.10647  
165.000     0.10661  
165.100     0.10675  
165.200     0.10690  
165.300     0.10704  
165.400     0.10718  
165.500     0.10732  
165.600     0.10746  
165.700     0.10760  
165.800     0.10775  
165.900     0.10789  
166.000     0.10803  
166.100     0.10817  
166.200     0.10831  
166.300     0.10846  
166.400     0.10860  
166.500     0.10874  
166.600     0.10888  
166.700     0.10903  
166.800     0.10917  
166.900     0.10931  
167.000     0.10946  
167.100     0.10960  
167.200     0.10974  
167.300     0.10989  
167.400     0.11003  
167.500     0.11017  
167.600     0.11032  
167.700     0.11046  
167.800     0.11060  
167.900     0.11075  
168.000     0.11089  
168.100     0.11103  
168.200     0.11118  
168.300     0.11132  
168.400     0.11147  
168.500     0.11161  
168.600     0.11175  
168.700     0.11190  
168.800     0.11204  
168.900     0.11219  
169.000     0.11233  
169.100     0.11248  
169.200     0.11262  
169.300     0.11277  
169.400     0.11291  
169.500     0.11306  
169.600     0.11320  
169.700     0.11335  
169.800     0.11349  
169.900     0.11364  
170.000     0.11378  
170.100     0.11393  
170.200     0.11408  
170.300     0.11422  
170.400     0.11437  
170.500     0.11451  
170.600     0.11466  
170.700     0.11481  
170.800     0.11495  
170.900     0.11510  
171.000     0.11524  
171.100     0.11539  
171.200     0.11554  
171.300     0.11568  
171.400     0.11583  
171.500     0.11598  
171.600     0.11613  
171.700     0.11627  
171.800     0.11642  
171.900     0.11657  
172.000     0.11671  
172.100     0.11686  
172.200     0.11701  
172.300     0.11716  
172.400     0.11730  
172.500     0.11745  
172.600     0.11760  
172.700     0.11775  
172.800     0.11790  
172.900     0.11804  
173.000     0.11819  
173.100     0.11834  
173.200     0.11849  
173.300     0.11864  
173.400     0.11878  
173.500     0.11893  
173.600     0.11908  
173.700     0.11923  
173.800     0.11938  
173.900     0.11953  
174.000     0.11968  
174.100     0.11983  
174.200     0.11998  
174.300     0.12012  
174.400     0.12027  
174.500     0.12042  
174.600     0.12057  
174.700     0.12072  
174.800     0.12087  
174.900     0.12102  
175.000     0.12117  
175.100     0.12132  
175.200     0.12147  
175.300     0.12162  
175.400     0.12177  
175.500     0.12192  
175.600     0.12207  
175.700     0.12222  
175.800     0.12237  
175.900     0.12252  
176.000     0.12267  
176.100     0.12283  
176.200     0.12298  
176.300     0.12313  
176.400     0.12328  
176.500     0.12343  
176.600     0.12358  
176.700     0.12373  
176.800     0.12388  
176.900     0.12404  
177.000     0.12419  
177.100     0.12434  
177.200     0.12449  
177.300     0.12464  
177.400     0.12479  
177.500     0.12495  
177.600     0.12510  
177.700     0.12525  
177.800     0.12540  
177.900     0.12555  
178.000     0.12571  
178.100     0.12586  
178.200     0.12601  
178.300     0.12616  
178.400     0.12632  
178.500     0.12647  
178.600     0.12662  
178.700     0.12678  
178.800     0.12693  
178.900     0.12708  
179.000     0.12724  
179.100     0.12739  
179.200     0.12754  
179.300     0.12770  
179.400     0.12785  
179.500     0.12800  
179.600     0.12816  
179.700     0.12831  
179.800     0.12846  
179.900     0.12862  
180.000     0.12877  
180.100     0.12893  
180.200     0.12908  
180.300     0.12924  
180.400     0.12939  
180.500     0.12954  
180.600     0.12970  
180.700     0.12985  
180.800     0.13001  
180.900     0.13016  
181.000     0.13032  
181.100     0.13047  
181.200     0.13063  
181.300     0.13078  
181.400     0.13094  
181.500     0.13109  
181.600     0.13125  
181.700     0.13141  
181.800     0.13156  
181.900     0.13172  
182.000     0.13187  
182.100     0.13203  
182.200     0.13218  
182.300     0.13234  
182.400     0.13250  
182.500     0.13265  
182.600     0.13281  
182.700     0.13297  
182.800     0.13312  
182.900     0.13328  
183.000     0.13344  
183.100     0.13359  
183.200     0.13375  
183.300     0.13391  
183.400     0.13406  
183.500     0.13422  
183.600     0.13438  
183.700     0.13453  
183.800     0.13469  
183.900     0.13485  
184.000     0.13501  
184.100     0.13516  
184.200     0.13532  
184.300     0.13548  
184.400     0.13564  
184.500     0.13580  
184.600     0.13595  
184.700     0.13611  
184.800     0.13627  
184.900     0.13643  
185.000     0.13659  
185.100     0.13674  
185.200     0.13690  
185.300     0.13706  
185.400     0.13722  
185.500     0.13738  
185.600     0.13754  
185.700     0.13770  
185.800     0.13786  
185.900     0.13801  
186.000     0.13817  
186.100     0.13833  
186.200     0.13849  
186.300     0.13865  
186.400     0.13881  
186.500     0.13897  
186.600     0.13913  
186.700     0.13929  
186.800     0.13945  
186.900     0.13961  
187.000     0.13977  
187.100     0.13993  
187.200     0.14009  
187.300     0.14025  
187.400     0.14041  
187.500     0.14057  
187.600     0.14073  
187.700     0.14089  
187.800     0.14105  
187.900     0.14121  
188.000     0.14137  
188.100     0.14154  
188.200     0.14170  
188.300     0.14186  
188.400     0.14202  
188.500     0.14218  
188.600     0.14234  
188.700     0.14250  
188.800     0.14266  
188.900     0.14283  
189.000     0.14299  
189.100     0.14315  
189.200     0.14331  
189.300     0.14347  
189.400     0.14364  
189.500     0.14380  
189.600     0.14396  
189.700     0.14412  
189.800     0.14428  
189.900     0.14445  
190.000     0.14461  
190.100     0.14477  
190.200     0.14493  
190.300     0.14510  
190.400     0.14526  
190.500     0.14542  
190.600     0.14559  
190.700     0.14575  
190.800     0.14591  
190.900     0.14608  
191.000     0.14624  
191.100     0.14640  
191.200     0.14657  
191.300     0.14673  
191.400     0.14689  
191.500     0.14706  
191.600     0.14722  
191.700     0.14738  
191.800     0.14755  
191.900     0.14771  
192.000     0.14788  
192.100     0.14804  
192.200     0.14820  
192.300     0.14837  
192.400     0.14853  
192.500     0.14870  
192.600     0.14886  
192.700     0.14903  
192.800     0.14919  
192.900     0.14936  
193.000     0.14952  
193.100     0.14969  
193.200     0.14985  
193.300     0.15002  
193.400     0.15018  
193.500     0.15035  
193.600     0.15051  
193.700     0.15068  
193.800     0.15084  
193.900     0.15101  
194.000     0.15118  
194.100     0.15134  
194.200     0.15151  
194.300     0.15167  
194.400     0.15184  
194.500     0.15201  
194.600     0.15217  
194.700     0.15234  
194.800     0.15250  
194.900     0.15267  
195.000     0.15284  
195.100     0.15300  
195.200     0.15317  
195.300     0.15334  
195.400     0.15350  
195.500     0.15367  
195.600     0.15384  
195.700     0.15401  
195.800     0.15417  
195.900     0.15434  
196.000     0.15451  
196.100     0.15468  
196.200     0.15484  
196.300     0.15501  
196.400     0.15518  
196.500     0.15535  
196.600     0.15551  
196.700     0.15568  
196.800     0.15585  
196.900     0.15602  
197.000     0.15619  
197.100     0.15636  
197.200     0.15652  
197.300     0.15669  
197.400     0.15686  
197.500     0.15703  
197.600     0.15720  
197.700     0.15737  
197.800     0.15754  
197.900     0.15770  
198.000     0.15787  
198.100     0.15804  
198.200     0.15821  
198.300     0.15838  
198.400     0.15855  
198.500     0.15872  
198.600     0.15889  
198.700     0.15906  
198.800     0.15923  
198.900     0.15940  
199.000     0.15957  
199.100     0.15974  
199.200     0.15991  
199.300     0.16008  
199.400     0.16025  
199.500     0.16042  
199.600     0.16059  
199.700     0.16076  
199.800     0.16093  
199.900     0.16110  
200.000     0.16127  
200.100     0.16144  
200.200     0.16161  
200.300     0.16178  
200.400     0.16196  
200.500     0.16213  
200.600     0.16230  
200.700     0.16247  
200.800     0.16264  
200.900     0.16281  
201.000     0.16298  
201.100     0.16315  
201.200     0.16333  
201.300     0.16350  
201.400     0.16367  
201.500     0.16384  
201.600     0.16401  
201.700     0.16419  
201.800     0.16436  
201.900     0.16453  
202.000     0.16470  
202.100     0.16487  
202.200     0.16505  
202.300     0.16522  
202.400     0.16539  
202.500     0.16556  
202.600     0.16574  
202.700     0.16591  
202.800     0.16608  
202.900     0.16626  
203.000     0.16643  
203.100     0.16660  
203.200     0.16678  
203.300     0.16695  
203.400     0.16712  
203.500     0.16730  
203.600     0.16747  
203.700     0.16764  
203.800     0.16782  
203.900     0.16799  
204.000     0.16816  
204.100     0.16834  
204.200     0.16851  
204.300     0.16869  
204.400     0.16886  
204.500     0.16904  
204.600     0.16921  
204.700     0.16938  
204.800     0.16956  
204.900     0.16973  
205.000     0.16991  
205.100     0.17008  
205.200     0.17026  
205.300     0.17043  
205.400     0.17061  
205.500     0.17078  
205.600     0.17096  
205.700     0.17113  
205.800     0.17131  
205.900     0.17148  
206.000     0.17166  
206.100     0.17183  
206.200     0.17201  
206.300     0.17219  
206.400     0.17236  
206.500     0.17254  
206.600     0.17271  
206.700     0.17289  
206.800     0.17307  
206.900     0.17324  
207.000     0.17342  
207.100     0.17359  
207.200     0.17377  
207.300     0.17395  
207.400     0.17412  
207.500     0.17430  
207.600     0.17448  
207.700     0.17465  
207.800     0.17483  
207.900     0.17501  
208.000     0.17519  
208.100     0.17536  
208.200     0.17554  
208.300     0.17572  
208.400     0.17589  
208.500     0.17607  
208.600     0.17625  
208.700     0.17643  
208.800     0.17660  
208.900     0.17678  
209.000     0.17696  
209.100     0.17714  
209.200     0.17732  
209.300     0.17749  
209.400     0.17767  
209.500     0.17785  
209.600     0.17803  
209.700     0.17821  
209.800     0.17839  
209.900     0.17856  
210.000     0.17874  
210.100     0.17892  
210.200     0.17910  
210.300     0.17928  
210.400     0.17946  
210.500     0.17964  
210.600     0.17982  
210.700     0.18000  
210.800     0.18017  
210.900     0.18035  
211.000     0.18053  
211.100     0.18071  
211.200     0.18089  
211.300     0.18107  
211.400     0.18125  
211.500     0.18143  
211.600     0.18161  
211.700     0.18179  
211.800     0.18197  
211.900     0.18215  
212.000     0.18233  
212.100     0.18251  
212.200     0.18269  
212.300     0.18287  
212.400     0.18305  
212.500     0.18323  
212.600     0.18342  
212.700     0.18360  
212.800     0.18378  
212.900     0.18396  
213.000     0.18414  
213.100     0.18432  
213.200     0.18450  
213.300     0.18468  
213.400     0.18486  
213.500     0.18504  
213.600     0.18523  
213.700     0.18541  
213.800     0.18559  
213.900     0.18577  
214.000     0.18595  
214.100     0.18613  
214.200     0.18632  
214.300     0.18650  
214.400     0.18668  
214.500     0.18686  
214.600     0.18705  
214.700     0.18723  
214.800     0.18741  
214.900     0.18759  
215.000     0.18777  
215.100     0.18796  
215.200     0.18814  
215.300     0.18832  
215.400     0.18851  
215.500     0.18869  
215.600     0.18887  
215.700     0.18906  
215.800     0.18924  
215.900     0.18942  
216.000     0.18960  
216.100     0.18979  
216.200     0.18997  
216.300     0.19016  
216.400     0.19034  
216.500     0.19052  
216.600     0.19071  
216.700     0.19089  
216.800     0.19107  
216.900     0.19126  
217.000     0.19144  
217.100     0.19163  
217.200     0.19181  
217.300     0.19200  
217.400     0.19218  
217.500     0.19236  
217.600     0.19255  
217.700     0.19273  
217.800     0.19292  
217.900     0.19310  
218.000     0.19329  
218.100     0.19347  
218.200     0.19366  
218.300     0.19384  
218.400     0.19403  
218.500     0.19421  
218.600     0.19440  
218.700     0.19458  
218.800     0.19477  
218.900     0.19495  
219.000     0.19514  
219.100     0.19533  
219.200     0.19551  
219.300     0.19570  
219.400     0.19588  
219.500     0.19607  
219.600     0.19626  
219.700     0.19644  
219.800     0.19663  
219.900     0.19681  
220.000     0.19700  
220.100     0.19719  
220.200     0.19737  
220.300     0.19756  
220.400     0.19775  
220.500     0.19793  
220.600     0.19812  
220.700     0.19831  
220.800     0.19849  
220.900     0.19868  
221.000     0.19887  
221.100     0.19906  
221.200     0.19924  
221.300     0.19943  
221.400     0.19962  
221.500     0.19981  
221.600     0.19999  
221.700     0.20018  
221.800     0.20037  
221.900     0.20056  
222.000     0.20075  
222.100     0.20093  
222.200     0.20112  
222.300     0.20131  
222.400     0.20150  
222.500     0.20169  
222.600     0.20187  
222.700     0.20206  
222.800     0.20225  
222.900     0.20244  
223.000     0.20263  
223.100     0.20282  
223.200     0.20301  
223.300     0.20319  
223.400     0.20338  
223.500     0.20357  
223.600     0.20376  
223.700     0.20395  
223.800     0.20414  
223.900     0.20433  
224.000     0.20452  
224.100     0.20471  
224.200     0.20490  
224.300     0.20509  
224.400     0.20528  
224.500     0.20547  
224.600     0.20566  
224.700     0.20585  
224.800     0.20604  
224.900     0.20623  
225.000     0.20642  
225.100     0.20661  
225.200     0.20680  
225.300     0.20699  
225.400     0.20718  
225.500     0.20737  
225.600     0.20756  
225.700     0.20775  
225.800     0.20794  
225.900     0.20813  
226.000     0.20832  
226.100     0.20852  
226.200     0.20871  
226.300     0.20890  
226.400     0.20909  
226.500     0.20928  
226.600     0.20947  
226.700     0.20966  
226.800     0.20985  
226.900     0.21005  
227.000     0.21024  
227.100     0.21043  
227.200     0.21062  
227.300     0.21081  
227.400     0.21101  
227.500     0.21120  
227.600     0.21139  
227.700     0.21158  
227.800     0.21177  
227.900     0.21197  
228.000     0.21216  
228.100     0.21235  
228.200     0.21254  
228.300     0.21274  
228.400     0.21293  
228.500     0.21312  
228.600     0.21331  
228.700     0.21351  
228.800     0.21370  
228.900     0.21389  
229.000     0.21409  
229.100     0.21428  
229.200     0.21447  
229.300     0.21467  
229.400     0.21486  
229.500     0.21505  
229.600     0.21525  
229.700     0.21544  
229.800     0.21564  
229.900     0.21583  
230.000     0.21602  
230.100     0.21622  
230.200     0.21641  
230.300     0.21661  
230.400     0.21680  
230.500     0.21699  
230.600     0.21719  
230.700     0.21738  
230.800     0.21758  
230.900     0.21777  
231.000     0.21797  
231.100     0.21816  
231.200     0.21836  
231.300     0.21855  
231.400     0.21875  
231.500     0.21894  
231.600     0.21914  
231.700     0.21933  
231.800     0.21953  
231.900     0.21972  
232.000     0.21992  
232.100     0.22011  
232.200     0.22031  
232.300     0.22050  
232.400     0.22070  
232.500     0.22090  
232.600     0.22109  
232.700     0.22129  
232.800     0.22148  
232.900     0.22168  
233.000     0.22187  
233.100     0.22207  
233.200     0.22227  
233.300     0.22246  
233.400     0.22266  
233.500     0.22286  
233.600     0.22305  
233.700     0.22325  
233.800     0.22345  
233.900     0.22364  
234.000     0.22384  
234.100     0.22404  
234.200     0.22423  
234.300     0.22443  
234.400     0.22463  
234.500     0.22483  
234.600     0.22502  
234.700     0.22522  
234.800     0.22542  
234.900     0.22562  
235.000     0.22581  
235.100     0.22601  
235.200     0.22621  
235.300     0.22641  
235.400     0.22660  
235.500     0.22680  
235.600     0.22700  
235.700     0.22720  
235.800     0.22740  
235.900     0.22759  
236.000     0.22779  
236.100     0.22799  
236.200     0.22819  
236.300     0.22839  
236.400     0.22859  
236.500     0.22879  
236.600     0.22898  
236.700     0.22918  
236.800     0.22938  
236.900     0.22958  
237.000     0.22978  
237.100     0.22998  
237.200     0.23018  
237.300     0.23038  
237.400     0.23058  
237.500     0.23078  
237.600     0.23098  
237.700     0.23118  
237.800     0.23138  
237.900     0.23157  
238.000     0.23177  
238.100     0.23197  
238.200     0.23217  
238.300     0.23237  
238.400     0.23257  
238.500     0.23277  
238.600     0.23297  
238.700     0.23317  
238.800     0.23338  
238.900     0.23358  
239.000     0.23378  
239.100     0.23398  
239.200     0.23418  
239.300     0.23438  
239.400     0.23458  
239.500     0.23478  
239.600     0.23498  
239.700     0.23518  
239.800     0.23538  
239.900     0.23558  
240.000     0.23578  
240.100     0.23599  
240.200     0.23619  
240.300     0.23639  
240.400     0.23659  
240.500     0.23679  
240.600     0.23699  
240.700     0.23720  
240.800     0.23740  
240.900     0.23760  
241.000     0.23780  
241.100     0.23800  
241.200     0.23820  
241.300     0.23841  
241.400     0.23861  
241.500     0.23881  
241.600     0.23901  
241.700     0.23922  
241.800     0.23942  
241.900     0.23962  
242.000     0.23982  
242.100     0.24003  
242.200     0.24023  
242.300     0.24043  
242.400     0.24063  
242.500     0.24084  
242.600     0.24104  
242.700     0.24124  
242.800     0.24145  
242.900     0.24165  
243.000     0.24185  
243.100     0.24206  
243.200     0.24226  
243.300     0.24246  
243.400     0.24267  
243.500     0.24287  
243.600     0.24308  
243.700     0.24328  
243.800     0.24348  
243.900     0.24369  
244.000     0.24389  
244.100     0.24410  
244.200     0.24430  
244.300     0.24450  
244.400     0.24471  
244.500     0.24491  
244.600     0.24512  
244.700     0.24532  
244.800     0.24553  
244.900     0.24573  
245.000     0.24593  
245.100     0.24614  
245.200     0.24634  
245.300     0.24655  
245.400     0.24675  
245.500     0.24696  
245.600     0.24716  
245.700     0.24737  
245.800     0.24758  
245.900     0.24778  
246.000     0.24799  
246.100     0.24819  
246.200     0.24840  
246.300     0.24860  
246.400     0.24881  
246.500     0.24901  
246.600     0.24922  
246.700     0.24943  
246.800     0.24963  
246.900     0.24984  
247.000     0.25004  
247.100     0.25025  
247.200     0.25046  
247.300     0.25066  
247.400     0.25087  
247.500     0.25108  
247.600     0.25128  
247.700     0.25149  
247.800     0.25170  
247.900     0.25190  
248.000     0.25211  
248.100     0.25232  
248.200     0.25252  
248.300     0.25273  
248.400     0.25294  
248.500     0.25314  
248.600     0.25335  
248.700     0.25356  
248.800     0.25377  
248.900     0.25397  
249.000     0.25418  
249.100     0.25439  
249.200     0.25460  
249.300     0.25480  
249.400     0.25501  
249.500     0.25522  
249.600     0.25543  
249.700     0.25564  
249.800     0.25584  
249.900     0.25605  
250.000     0.25626  
250.100     0.25647  
250.200     0.25668  
250.300     0.25689  
250.400     0.25709  
250.500     0.25730  
250.600     0.25751  
250.700     0.25772  
250.800     0.25793  
250.900     0.25814  
251.000     0.25835  
251.100     0.25855  
251.200     0.25876  
251.300     0.25897  
251.400     0.25918  
251.500     0.25939  
251.600     0.25960  
251.700     0.25981  
251.800     0.26002  
251.900     0.26023  
252.000     0.26044  
252.100     0.26065  
252.200     0.26086  
252.300     0.26107  
252.400     0.26128  
252.500     0.26149  
252.600     0.26170  
252.700     0.26191  
252.800     0.26212  
252.900     0.26233  
253.000     0.26254  
253.100     0.26275  
253.200     0.26296  
253.300     0.26317  
253.400     0.26338  
253.500     0.26359  
253.600     0.26380  
253.700     0.26401  
253.800     0.26422  
253.900     0.26443  
254.000     0.26464  
254.100     0.26486  
254.200     0.26507  
254.300     0.26528  
254.400     0.26549  
254.500     0.26570  
254.600     0.26591  
254.700     0.26612  
254.800     0.26633  
254.900     0.26655  
255.000     0.26676  
255.100     0.26697  
255.200     0.26718  
255.300     0.26739  
255.400     0.26760  
255.500     0.26782  
255.600     0.26803  
255.700     0.26824  
255.800     0.26845  
255.900     0.26866  
256.000     0.26888  
256.100     0.26909  
256.200     0.26930  
256.300     0.26951  
256.400     0.26973  
256.500     0.26994  
256.600     0.27015  
256.700     0.27036  
256.800     0.27058  
256.900     0.27079  
257.000     0.27100  
257.100     0.27122  
257.200     0.27143  
257.300     0.27164  
257.400     0.27186  
257.500     0.27207  
257.600     0.27228  
257.700     0.27250  
257.800     0.27271  
257.900     0.27292  
258.000     0.27314  
258.100     0.27335  
258.200     0.27356  
258.300     0.27378  
258.400     0.27399  
258.500     0.27421  
258.600     0.27442  
258.700     0.27463  
258.800     0.27485  
258.900     0.27506  
259.000     0.27528  
259.100     0.27549  
259.200     0.27570  
259.300     0.27592  
259.400     0.27613  
259.500     0.27635  
259.600     0.27656  
259.700     0.27678  
259.800     0.27699  
259.900     0.27721  
260.000     0.27742  
260.100     0.27764  
260.200     0.27785  
260.300     0.27807  
260.400     0.27828  
260.500     0.27850  
260.600     0.27871  
260.700     0.27893  
260.800     0.27914  
260.900     0.27936  
261.000     0.27957  
261.100     0.27979  
261.200     0.28001  
261.300     0.28022  
261.400     0.28044  
261.500     0.28065  
261.600     0.28087  
261.700     0.28109  
261.800     0.28130  
261.900     0.28152  
262.000     0.28173  
262.100     0.28195  
262.200     0.28217  
262.300     0.28238  
262.400     0.28260  
262.500     0.28282  
262.600     0.28303  
262.700     0.28325  
262.800     0.28347  
262.900     0.28368  
263.000     0.28390  
263.100     0.28412  
263.200     0.28433  
263.300     0.28455  
263.400     0.28477  
263.500     0.28499  
263.600     0.28520  
263.700     0.28542  
263.800     0.28564  
263.900     0.28586  
264.000     0.28607  
264.100     0.28629  
264.200     0.28651  
264.300     0.28673  
264.400     0.28694  
264.500     0.28716  
264.600     0.28738  
264.700     0.28760  
264.800     0.28782  
264.900     0.28803  
265.000     0.28825  
265.100     0.28847  
265.200     0.28869  
265.300     0.28891  
265.400     0.28913  
265.500     0.28934  
265.600     0.28956  
265.700     0.28978  
265.800     0.29000  
265.900     0.29022  
266.000     0.29044  
266.100     0.29066  
266.200     0.29088  
266.300     0.29109  
266.400     0.29131  
266.500     0.29153  
266.600     0.29175  
266.700     0.29197  
266.800     0.29219  
266.900     0.29241  
267.000     0.29263  
267.100     0.29285  
267.200     0.29307  
267.300     0.29329  
267.400     0.29351  
267.500     0.29373  
267.600     0.29395  
267.700     0.29417  
267.800     0.29439  
267.900     0.29461  
268.000     0.29483  
268.100     0.29505  
268.200     0.29527  
268.300     0.29549  
268.400     0.29571  
268.500     0.29593  
268.600     0.29615  
268.700     0.29637  
268.800     0.29659  
268.900     0.29681  
269.000     0.29703  
269.100     0.29725  
269.200     0.29747  
269.300     0.29770  
269.400     0.29792  
269.500     0.29814  
269.600     0.29836  
269.700     0.29858  
269.800     0.29880  
269.900     0.29902  
270.000     0.29924  
270.100     0.29947  
270.200     0.29969  
270.300     0.29991  
270.400     0.30013  
270.500     0.30035  
270.600     0.30057  
270.700     0.30080  
270.800     0.30102  
270.900     0.30124  
271.000     0.30146  
271.100     0.30168  
271.200     0.30191  
271.300     0.30213  
271.400     0.30235  
271.500     0.30257  
271.600     0.30279  
271.700     0.30302  
271.800     0.30324  
271.900     0.30346  
272.000     0.30368  
272.100     0.30391  
272.200     0.30413  
272.300     0.30435  
272.400     0.30458  
272.500     0.30480  
272.600     0.30502  
272.700     0.30524  
272.800     0.30547  
272.900     0.30569  
273.000     0.30591  
273.100     0.30614  
273.200     0.30636  
273.300     0.30658  
273.400     0.30681  
273.500     0.30703  
273.600     0.30725  
273.700     0.30748  
273.800     0.30770  
273.900     0.30793  
274.000     0.30815  
274.100     0.30837  
274.200     0.30860  
274.300     0.30882  
274.400     0.30905  
274.500     0.30927  
274.600     0.30949  
274.700     0.30972  
274.800     0.30994  
274.900     0.31017  
275.000     0.31039  
275.100     0.31062  
275.200     0.31084  
275.300     0.31107  
275.400     0.31129  
275.500     0.31152  
275.600     0.31174  
275.700     0.31197  
275.800     0.31219  
275.900     0.31242  
276.000     0.31264  
276.100     0.31287  
276.200     0.31309  
276.300     0.31332  
276.400     0.31354  
276.500     0.31377  
276.600     0.31399  
276.700     0.31422  
276.800     0.31444  
276.900     0.31467  
277.000     0.31489  
277.100     0.31512  
277.200     0.31535  
277.300     0.31557  
277.400     0.31580  
277.500     0.31602  
277.600     0.31625  
277.700     0.31648  
277.800     0.31670  
277.900     0.31693  
278.000     0.31715  
278.100     0.31738  
278.200     0.31761  
278.300     0.31783  
278.400     0.31806  
278.500     0.31829  
278.600     0.31851  
278.700     0.31874  
278.800     0.31897  
278.900     0.31919  
279.000     0.31942  
279.100     0.31965  
279.200     0.31988  
279.300     0.32010  
279.400     0.32033  
279.500     0.32056  
279.600     0.32078  
279.700     0.32101  
279.800     0.32124  
279.900     0.32147  
280.000     0.32169  
280.100     0.32192  
280.200     0.32215  
280.300     0.32238  
280.400     0.32260  
280.500     0.32283  
280.600     0.32306  
280.700     0.32329  
280.800     0.32352  
280.900     0.32374  
281.000     0.32397  
281.100     0.32420  
281.200     0.32443  
281.300     0.32466  
281.400     0.32489  
281.500     0.32511  
281.600     0.32534  
281.700     0.32557  
281.800     0.32580  
281.900     0.32603  
282.000     0.32626  
282.100     0.32649  
282.200     0.32672  
282.300     0.32694  
282.400     0.32717  
282.500     0.32740  
282.600     0.32763  
282.700     0.32786  
282.800     0.32809  
282.900     0.32832  
283.000     0.32855  
283.100     0.32878  
283.200     0.32901  
283.300     0.32924  
283.400     0.32947  
283.500     0.32970  
283.600     0.32993  
283.700     0.33016  
283.800     0.33038  
283.900     0.33061  
284.000     0.33084  
284.100     0.33107  
284.200     0.33130  
284.300     0.33153  
284.400     0.33176  
284.500     0.33200  
284.600     0.33223  
284.700     0.33246  
284.800     0.33269  
284.900     0.33292  
285.000     0.33315  
285.100     0.33338  
285.200     0.33361  
285.300     0.33384  
285.400     0.33407  
285.500     0.33430  
285.600     0.33453  
285.700     0.33476  
285.800     0.33499  
285.900     0.33522  
286.000     0.33546  
286.100     0.33569  
286.200     0.33592  
286.300     0.33615  
286.400     0.33638  
286.500     0.33661  
286.600     0.33684  
286.700     0.33707  
286.800     0.33731  
286.900     0.33754  
287.000     0.33777  
287.100     0.33800  
287.200     0.33823  
287.300     0.33846  
287.400     0.33870  
287.500     0.33893  
287.600     0.33916  
287.700     0.33939  
287.800     0.33962  
287.900     0.33986  
288.000     0.34009  
288.100     0.34032  
288.200     0.34055  
288.300     0.34079  
288.400     0.34102  
288.500     0.34125  
288.600     0.34148  
288.700     0.34172  
288.800     0.34195  
288.900     0.34218  
289.000     0.34241  
289.100     0.34265  
289.200     0.34288  
289.300     0.34311  
289.400     0.34335  
289.500     0.34358  
289.600     0.34381  
289.700     0.34405  
289.800     0.34428  
289.900     0.34451  
290.000     0.34475  
290.100     0.34498  
290.200     0.34521  
290.300     0.34545  
290.400     0.34568  
290.500     0.34591  
290.600     0.34615  
290.700     0.34638  
290.800     0.34661  
290.900     0.34685  
291.000     0.34708  
291.100     0.34732  
291.200     0.34755  
291.300     0.34778  
291.400     0.34802  
291.500     0.34825  
291.600     0.34849  
291.700     0.34872  
291.800     0.34896  
291.900     0.34919  
292.000     0.34942  
292.100     0.34966  
292.200     0.34989  
292.300     0.35013  
292.400     0.35036  
292.500     0.35060  
292.600     0.35083  
292.700     0.35107  
292.800     0.35130  
292.900     0.35154  
293.000     0.35177  
293.100     0.35201  
293.200     0.35224  
293.300     0.35248  
293.400     0.35271  
293.500     0.35295  
293.600     0.35318  
293.700     0.35342  
293.800     0.35366  
293.900     0.35389  
294.000     0.35413  
294.100     0.35436  
294.200     0.35460  
294.300     0.35483  
294.400     0.35507  
294.500     0.35531  
294.600     0.35554  
294.700     0.35578  
294.800     0.35601  
294.900     0.35625  
295.000     0.35649  
295.100     0.35672  
295.200     0.35696  
295.300     0.35719  
295.400     0.35743  
295.500     0.35767  
295.600     0.35790  
295.700     0.35814  
295.800     0.35838  
295.900     0.35861  
296.000     0.35885  
296.100     0.35909  
296.200     0.35932  
296.300     0.35956  
296.400     0.35980  
296.500     0.36004  
296.600     0.36027  
296.700     0.36051  
296.800     0.36075  
296.900     0.36098  
297.000     0.36122  
297.100     0.36146  
297.200     0.36170  
297.300     0.36193  
297.400     0.36217  
297.500     0.36241  
297.600     0.36265  
297.700     0.36288  
297.800     0.36312  
297.900     0.36336  
298.000     0.36360  
298.100     0.36384  
298.200     0.36407  
298.300     0.36431  
298.400     0.36455  
298.500     0.36479  
298.600     0.36503  
298.700     0.36526  
298.800     0.36550  
298.900     0.36574  
299.000     0.36598  
299.100     0.36622  
299.200     0.36646  
299.300     0.36669  
299.400     0.36693  
299.500     0.36717  
299.600     0.36741  
299.700     0.36765  
299.800     0.36789  
299.900     0.36813  
300.000     0.36837  
300.100     0.36860  
300.200     0.36884  
300.300     0.36908  
300.400     0.36932  
300.500     0.36956  
300.600     0.36980  
300.700     0.37004  
300.800     0.37028  
300.900     0.37052  
301.000     0.37076  
301.100     0.37100  
301.200     0.37124  
301.300     0.37148  
301.400     0.37172  
301.500     0.37196  
301.600     0.37220  
301.700     0.37244  
301.800     0.37268  
301.900     0.37292  
302.000     0.37316  
302.100     0.37340  
302.200     0.37364  
302.300     0.37388  
302.400     0.37412  
302.500     0.37436  
302.600     0.37460  
302.700     0.37484  
302.800     0.37508  
302.900     0.37532  
303.000     0.37556  
303.100     0.37580  
303.200     0.37604  
303.300     0.37628  
303.400     0.37652  
303.500     0.37676  
303.600     0.37700  
303.700     0.37724  
303.800     0.37749  
303.900     0.37773  
304.000     0.37797  
304.100     0.37821  
304.200     0.37845  
304.300     0.37869  
304.400     0.37893  
304.500     0.37917  
304.600     0.37941  
304.700     0.37966  
304.800     0.37990  
304.900     0.38014  
305.000     0.38038  
305.100     0.38062  
305.200     0.38086  
305.300     0.38111  
305.400     0.38135  
305.500     0.38159  
305.600     0.38183  
305.700     0.38207  
305.800     0.38232  
305.900     0.38256  
306.000     0.38280  
306.100     0.38304  
306.200     0.38328  
306.300     0.38353  
306.400     0.38377  
306.500     0.38401  
306.600     0.38425  
306.700     0.38450  
306.800     0.38474  
306.900     0.38498  
307.000     0.38522  
307.100     0.38547  
307.200     0.38571  
307.300     0.38595  
307.400     0.38620  
307.500     0.38644  
307.600     0.38668  
307.700     0.38692  
307.800     0.38717  
307.900     0.38741  
308.000     0.38765  
308.100     0.38790  
308.200     0.38814  
308.300     0.38838  
308.400     0.38863  
308.500     0.38887  
308.600     0.38911  
308.700     0.38936  
308.800     0.38960  
308.900     0.38984  
309.000     0.39009  
309.100     0.39033  
309.200     0.39058  
309.300     0.39082  
309.400     0.39106  
309.500     0.39131  
309.600     0.39155  
309.700     0.39179  
309.800     0.39204  
309.900     0.39228  
310.000     0.39253  
310.100     0.39277  
310.200     0.39302  
310.300     0.39326  
310.400     0.39350  
310.500     0.39375  
310.600     0.39399  
310.700     0.39424  
310.800     0.39448  
310.900     0.39473  
311.000     0.39497  
311.100     0.39522  
311.200     0.39546  
311.300     0.39571  
311.400     0.39595  
311.500     0.39620  
311.600     0.39644  
311.700     0.39669  
311.800     0.39693  
311.900     0.39718  
312.000     0.39742  
312.100     0.39767  
312.200     0.39791  
312.300     0.39816  
312.400     0.39840  
312.500     0.39865  
312.600     0.39889  
312.700     0.39914  
312.800     0.39938  
312.900     0.39963  
313.000     0.39988  
313.100     0.40012  
313.200     0.40037  
313.300     0.40061  
313.400     0.40086  
313.500     0.40110  
313.600     0.40135  
313.700     0.40160  
313.800     0.40184  
313.900     0.40209  
314.000     0.40233  
314.100     0.40258  
314.200     0.40283  
314.300     0.40307  
314.400     0.40332  
314.500     0.40357  
314.600     0.40381  
314.700     0.40406  
314.800     0.40431  
314.900     0.40455  
315.000     0.40480  
315.100     0.40505  
315.200     0.40529  
315.300     0.40554  
315.400     0.40579  
315.500     0.40603  
315.600     0.40628  
315.700     0.40653  
315.800     0.40677  
315.900     0.40702  
316.000     0.40727  
316.100     0.40752  
316.200     0.40776  
316.300     0.40801  
316.400     0.40826  
316.500     0.40850  
316.600     0.40875  
316.700     0.40900  
316.800     0.40925  
316.900     0.40949  
317.000     0.40974  
317.100     0.40999  
317.200     0.41024  
317.300     0.41049  
317.400     0.41073  
317.500     0.41098  
317.600     0.41123  
317.700     0.41148  
317.800     0.41173  
317.900     0.41197  
318.000     0.41222  
318.100     0.41247  
318.200     0.41272  
318.300     0.41297  
318.400     0.41321  
318.500     0.41346  
318.600     0.41371  
318.700     0.41396  
318.800     0.41421  
318.900     0.41446  
319.000     0.41471  
319.100     0.41495  
319.200     0.41520  
319.300     0.41545  
319.400     0.41570  
319.500     0.41595  
319.600     0.41620  
319.700     0.41645  
319.800     0.41670  
319.900     0.41694  
320.000     0.41719  
320.100     0.41744  
320.200     0.41769  
320.300     0.41794  
320.400     0.41819  
320.500     0.41844  
320.600     0.41869  
320.700     0.41894  
320.800     0.41919  
320.900     0.41944  
321.000     0.41969  
321.100     0.41994  
321.200     0.42019  
321.300     0.42044  
321.400     0.42069  
321.500     0.42094  
321.600     0.42119  
321.700     0.42144  
321.800     0.42169  
321.900     0.42194  
322.000     0.42219  
322.100     0.42244  
322.200     0.42269  
322.300     0.42294  
322.400     0.42319  
322.500     0.42344  
322.600     0.42369  
322.700     0.42394  
322.800     0.42419  
322.900     0.42444  
323.000     0.42469  
323.100     0.42494  
323.200     0.42519  
323.300     0.42544  
323.400     0.42569  
323.500     0.42594  
323.600     0.42619  
323.700     0.42644  
323.800     0.42669  
323.900     0.42695  
324.000     0.42720  
324.100     0.42745  
324.200     0.42770  
324.300     0.42795  
324.400     0.42820  
324.500     0.42845  
324.600     0.42870  
324.700     0.42895  
324.800     0.42921  
324.900     0.42946  
325.000     0.42971  
325.100     0.42996  
325.200     0.43021  
325.300     0.43046  
325.400     0.43072  
325.500     0.43097  
325.600     0.43122  
325.700     0.43147  
325.800     0.43172  
325.900     0.43197  
326.000     0.43223  
326.100     0.43248  
326.200     0.43273  
326.300     0.43298  
326.400     0.43323  
326.500     0.43349  
326.600     0.43374  
326.700     0.43399  
326.800     0.43424  
326.900     0.43449  
327.000     0.43475  
327.100     0.43500  
327.200     0.43525  
327.300     0.43550  
327.400     0.43576  
327.500     0.43601  
327.600     0.43626  
327.700     0.43651  
327.800     0.43677  
327.900     0.43702  
328.000     0.43727  
328.100     0.43753  
328.200     0.43778  
328.300     0.43803  
328.400     0.43828  
328.500     0.43854  
328.600     0.43879  
328.700     0.43904  
328.800     0.43930  
328.900     0.43955  
329.000     0.43980  
329.100     0.44006  
329.200     0.44031  
329.300     0.44056  
329.400     0.44082  
329.500     0.44107  
329.600     0.44132  
329.700     0.44158  
329.800     0.44183  
329.900     0.44208  
330.000     0.44234  
330.100     0.44259  
330.200     0.44285  
330.300     0.44310  
330.400     0.44335  
330.500     0.44361  
330.600     0.44386  
330.700     0.44412  
330.800     0.44437  
330.900     0.44462  
331.000     0.44488  
331.100     0.44513  
331.200     0.44539  
331.300     0.44564  
331.400     0.44589  
331.500     0.44615  
331.600     0.44640  
331.700     0.44666  
331.800     0.44691  
331.900     0.44717  
332.000     0.44742  
332.100     0.44768  
332.200     0.44793  
332.300     0.44819  
332.400     0.44844  
332.500     0.44869  
332.600     0.44895  
332.700     0.44920  
332.800     0.44946  
332.900     0.44971  
333.000     0.44997  
333.100     0.45022  
333.200     0.45048  
333.300     0.45073  
333.400     0.45099  
333.500     0.45125  
333.600     0.45150  
333.700     0.45176  
333.800     0.45201  
333.900     0.45227  
334.000     0.45252  
334.100     0.45278  
334.200     0.45303  
334.300     0.45329  
334.400     0.45354  
334.500     0.45380  
334.600     0.45406  
334.700     0.45431  
334.800     0.45457  
334.900     0.45482  
335.000     0.45508  
335.100     0.45533  
335.200     0.45559  
335.300     0.45585  
335.400     0.45610  
335.500     0.45636  
335.600     0.45662  
335.700     0.45687  
335.800     0.45713  
335.900     0.45738  
336.000     0.45764  
336.100     0.45790  
336.200     0.45815  
336.300     0.45841  
336.400     0.45867  
336.500     0.45892  
336.600     0.45918  
336.700     0.45944  
336.800     0.45969  
336.900     0.45995  
337.000     0.46021  
337.100     0.46046  
337.200     0.46072  
337.300     0.46098  
337.400     0.46123  
337.500     0.46149  
337.600     0.46175  
337.700     0.46200  
337.800     0.46226  
337.900     0.46252  
338.000     0.46277  
338.100     0.46303  
338.200     0.46329  
338.300     0.46355  
338.400     0.46380  
338.500     0.46406  
338.600     0.46432  
338.700     0.46458  
338.800     0.46483  
338.900     0.46509  
339.000     0.46535  
339.100     0.46561  
339.200     0.46586  
339.300     0.46612  
339.400     0.46638  
339.500     0.46664  
339.600     0.46689  
339.700     0.46715  
339.800     0.46741  
339.900     0.46767  
340.000     0.46793  
340.100     0.46818  
340.200     0.46844  
340.300     0.46870  
340.400     0.46896  
340.500     0.46922  
340.600     0.46947  
340.700     0.46973  
340.800     0.46999  
340.900     0.47025  
341.000     0.47051  
341.100     0.47077  
341.200     0.47102  
341.300     0.47128  
341.400     0.47154  
341.500     0.47180  
341.600     0.47206  
341.700     0.47232  
341.800     0.47258  
341.900     0.47284  
342.000     0.47309  
342.100     0.47335  
342.200     0.47361  
342.300     0.47387  
342.400     0.47413  
342.500     0.47439  
342.600     0.47465  
342.700     0.47491  
342.800     0.47517  
342.900     0.47543  
343.000     0.47568  
343.100     0.47594  
343.200     0.47620  
343.300     0.47646  
343.400     0.47672  
343.500     0.47698  
343.600     0.47724  
343.700     0.47750  
343.800     0.47776  
343.900     0.47802  
344.000     0.47828  
344.100     0.47854  
344.200     0.47880  
344.300     0.47906  
344.400     0.47932  
344.500     0.47958  
344.600     0.47984  
344.700     0.48010  
344.800     0.48036  
344.900     0.48062  
345.000     0.48088  
345.100     0.48114  
345.200     0.48140  
345.300     0.48166  
345.400     0.48192  
345.500     0.48218  
345.600     0.48244  
345.700     0.48270  
345.800     0.48296  
345.900     0.48322  
346.000     0.48348  
346.100     0.48374  
346.200     0.48400  
346.300     0.48426  
346.400     0.48452  
346.500     0.48478  
346.600     0.48504  
346.700     0.48530  
346.800     0.48556  
346.900     0.48582  
347.000     0.48609  
347.100     0.48635  
347.200     0.48661  
347.300     0.48687  
347.400     0.48713  
347.500     0.48739  
347.600     0.48765  
347.700     0.48791  
347.800     0.48817  
347.900     0.48843  
348.000     0.48869  
348.100     0.48896  
348.200     0.48922  
348.300     0.48948  
348.400     0.48974  
348.500     0.49000  
348.600     0.49026  
348.700     0.49052  
348.800     0.49079  
348.900     0.49105  
349.000     0.49131  
349.100     0.49157  
349.200     0.49183  
349.300     0.49209  
349.400     0.49236  
349.500     0.49262  
349.600     0.49288  
349.700     0.49314  
349.800     0.49340  
349.900     0.49366  
350.000     0.49393  