 0.000     0.00000  
  0.100    -0.00651  
  0.200    -0.01821  
  0.300    -0.03310  
  0.400    -0.05043  
  0.500    -0.06974  
  0.600    -0.09073  
  0.700    -0.11316  
  0.800    -0.13686  
  0.900    -0.16166  
  1.000    -0.18745  
  1.100    -0.21413  
  1.200    -0.24159  
  1.300    -0.26976  
  1.400    -0.29857  
  1.500    -0.32797  
  1.600    -0.35788  
  1.700    -0.38826  
  1.800    -0.41907  
  1.900    -0.45027  
  2.000    -0.48182  
  2.100    -0.51368  
  2.200    -0.54583  
  2.300    -0.57823  
  2.400    -0.61086  
  2.500    -0.64369  
  2.600    -0.67671  
  2.700    -0.70989  
  2.800    -0.74321  
  2.900    -0.77666  
  3.000    -0.81022  
  3.100    -0.84387  
  3.200    -0.87760  
  3.300    -0.91139  
  3.400    -0.94524  
  3.500    -0.97913  
  3.600    -1.01305  
  3.700    -1.04700  
  3.800    -1.08095  
  3.900    -1.11491  
  4.000    -1.14886  
  4.100    -1.18280  
  4.200    -1.21672  
  4.300    -1.25062  
  4.400    -1.28448  
  4.500    -1.31830  
  4.600    -1.35207  
  4.700    -1.38580  
  4.800    -1.41947  
  4.900    -1.45309  
  5.000    -1.48664  
  5.100    -1.52012  
  5.200    -1.55354  
  5.300    -1.58687  
  5.400    -1.62013  
  5.500    -1.65331  
  5.600    -1.68641  
  5.700    -1.71942  
  5.800    -1.75235  
  5.900    -1.78518  
  6.000    -1.81792  
  6.100    -1.85056  
  6.200    -1.88311  
  6.300    -1.91555  
  6.400    -1.94790  
  6.500    -1.98015  
  6.600    -2.01229  
  6.700    -2.04433  
  6.800    -2.07627  
  6.900    -2.10810  
  7.000    -2.13982  
  7.100    -2.17143  
  7.200    -2.20293  
  7.300    -2.23433  
  7.400    -2.26561  
  7.500    -2.29678  
  7.600    -2.32784  
  7.700    -2.35879  
  7.800    -2.38963  
  7.900    -2.42035  
  8.000    -2.45096  
  8.100    -2.48146  
  8.200    -2.51185  
  8.300    -2.54212  
  8.400    -2.57228  
  8.500    -2.60232  
  8.600    -2.63225  
  8.700    -2.66207  
  8.800    -2.69177  
  8.900    -2.72136  
  9.000    -2.75083  
  9.100    -2.78019  
  9.200    -2.80944  
  9.300    -2.83858  
  9.400    -2.86760  
  9.500    -2.89651  
  9.600    -2.92531  
  9.700    -2.95399  
  9.800    -2.98257  
  9.900    -3.01103  
 10.000    -3.03938  
 10.100    -3.06762  
 10.200    -3.09575  
 10.300    -3.12377  
 10.400    -3.15168  
 10.500    -3.17948  
 10.600    -3.20717  
 10.700    -3.23475  
 10.800    -3.26223  
 10.900    -3.28960  
 11.000    -3.31686  
 11.100    -3.34401  
 11.200    -3.37106  
 11.300    -3.39800  
 11.400    -3.42483  
 11.500    -3.45156  
 11.600    -3.47819  
 11.700    -3.50471  
 11.800    -3.53113  
 11.900    -3.55745  
 12.000    -3.58366  
 12.100    -3.60978  
 12.200    -3.63579  
 12.300    -3.66170  
 12.400    -3.68751  
 12.500    -3.71322  
 12.600    -3.73883  
 12.700    -3.76435  
 12.800    -3.78976  
 12.900    -3.81508  
 13.000    -3.84030  
 13.100    -3.86543  
 13.200    -3.89045  
 13.300    -3.91539  
 13.400    -3.94022  
 13.500    -3.96497  
 13.600    -3.98962  
 13.700    -4.01418  
 13.800    -4.03864  
 13.900    -4.06301  
 14.000    -4.08729  
 14.100    -4.11148  
 14.200    -4.13558  
 14.300    -4.15959  
 14.400    -4.18351  
 14.500    -4.20734  
 14.600    -4.23109  
 14.700    -4.25474  
 14.800    -4.27831  
 14.900    -4.30179  
 15.000    -4.32519  
 15.100    -4.34850  
 15.200    -4.37172  
 15.300    -4.39486  
 15.400    -4.41792  
 15.500    -4.44089  
 15.600    -4.46378  
 15.700    -4.48659  
 15.800    -4.50931  
 15.900    -4.53196  
 16.000    -4.55452  
 16.100    -4.57700  
 16.200    -4.59940  
 16.300    -4.62173  
 16.400    -4.64397  
 16.500    -4.66614  
 16.600    -4.68822  
 16.700    -4.71023  
 16.800    -4.73217  
 16.900    -4.75403  
 17.000    -4.77581  
 17.100    -4.79751  
 17.200    -4.81914  
 17.300    -4.84070  
 17.400    -4.86218  
 17.500    -4.88359  
 17.600    -4.90493  
 17.700    -4.92619  
 17.800    -4.94738  
 17.900    -4.96850  
 18.000    -4.98955  
 18.100    -5.01053  
 18.200    -5.03144  
 18.300    -5.05228  
 18.400    -5.07304  
 18.500    -5.09374  
 18.600    -5.11438  
 18.700    -5.13494  
 18.800    -5.15543  
 18.900    -5.17586  
 19.000    -5.19623  
 19.100    -5.21652  
 19.200    -5.23675  
 19.300    -5.25691  
 19.400    -5.27701  
 19.500    -5.29705  
 19.600    -5.31702  
 19.700    -5.33693  
 19.800    -5.35677  
 19.900    -5.37655  
 20.000    -5.39627  
 20.100    -5.41593  
 20.200    -5.43552  
 20.300    -5.45505  
 20.400    -5.47453  
 20.500    -5.49394  
 20.600    -5.51329  
 20.700    -5.53258  
 20.800    -5.55182  
 20.900    -5.57099  
 21.000    -5.59011  
 21.100    -5.60916  
 21.200    -5.62816  
 21.300    -5.64710  
 21.400    -5.66599  
 21.500    -5.68482  
 21.600    -5.70359  
 21.700    -5.72230  
 21.800    -5.74096  
 21.900    -5.75957  
 22.000    -5.77812  
 22.100    -5.79662  
 22.200    -5.81506  
 22.300    -5.83345  
 22.400    -5.85178  
 22.500    -5.87006  
 22.600    -5.88829  
 22.700    -5.90646  
 22.800    -5.92459  
 22.900    -5.94266  
 23.000    -5.96068  
 23.100    -5.97865  
 23.200    -5.99657  
 23.300    -6.01444  
 23.400    -6.03226  
 23.500    -6.05002  
 23.600    -6.06774  
 23.700    -6.08541  
 23.800    -6.10303  
 23.900    -6.12060  
 24.000    -6.13813  
 24.100    -6.15560  
 24.200    -6.17303  
 24.300    -6.19041  
 24.400    -6.20775  
 24.500    -6.22503  
 24.600    -6.24227  
 24.700    -6.25947  
 24.800    -6.27662  
 24.900    -6.29372  
 25.000    -6.31078  
 25.100    -6.32779  
 25.200    -6.34476  
 25.300    -6.36168  
 25.400    -6.37856  
 25.500    -6.39540  
 25.600    -6.41219  
 25.700    -6.42894  
 25.800    -6.44564  
 25.900    -6.46231  
 26.000    -6.47893  
 26.100    -6.49551  
 26.200    -6.51204  
 26.300    -6.52854  
 26.400    -6.54499  
 26.500    -6.56140  
 26.600    -6.57777  
 26.700    -6.59410  
 26.800    -6.61039  
 26.900    -6.62664  
 27.000    -6.64285  
 27.100    -6.65902  
 27.200    -6.67515  
 27.300    -6.69125  
 27.400    -6.70730  
 27.500    -6.72331  
 27.600    -6.73929  
 27.700    -6.75523  
 27.800    -6.77112  
 27.900    -6.78699  
 28.000    -6.80281  
 28.100    -6.81860  
 28.200    -6.83435  
 28.300    -6.85006  
 28.400    -6.86574  
 28.500    -6.88138  
 28.600    -6.89698  
 28.700    -6.91255  
 28.800    -6.92808  
 28.900    -6.94358  
 29.000    -6.95904  
 29.100    -6.97446  
 29.200    -6.98986  
 29.300    -7.00521  
 29.400    -7.02054  
 29.500    -7.03582  
 29.600    -7.05108  
 29.700    -7.06630  
 29.800    -7.08149  
 29.900    -7.09664  
 30.000    -7.11176  
 30.100    -7.12685  
 30.200    -7.14190  
 30.300    -7.15692  
 30.400    -7.17191  
 30.500    -7.18687  
 30.600    -7.20180  
 30.700    -7.21669  
 30.800    -7.23155  
 30.900    -7.24638  
 31.000    -7.26118  
 31.100    -7.27595  
 31.200    -7.29069  
 31.300    -7.30540  
 31.400    -7.32007  
 31.500    -7.33472  
 31.600    -7.34934  
 31.700    -7.36392  
 31.800    -7.37848  
 31.900    -7.39301  
 32.000    -7.40750  
 32.100    -7.42197  
 32.200    -7.43641  
 32.300    -7.45082  
 32.400    -7.46520  
 32.500    -7.47956  
 32.600    -7.49388  
 32.700    -7.50818  
 32.800    -7.52245  
 32.900    -7.53669  
 33.000    -7.55090  
 33.100    -7.56509  
 33.200    -7.57925  
 33.300    -7.59338  
 33.400    -7.60748  
 33.500    -7.62156  
 33.600    -7.63561  
 33.700    -7.64963  
 33.800    -7.66363  
 33.900    -7.67760  
 34.000    -7.69155  
 34.100    -7.70546  
 34.200    -7.71936  
 34.300    -7.73323  
 34.400    -7.74707  
 34.500    -7.76088  
 34.600    -7.77468  
 34.700    -7.78844  
 34.800    -7.80218  
 34.900    -7.81590  
 35.000    -7.82959  
 35.100    -7.84326  
 35.200    -7.85690  
 35.300    -7.87052  
 35.400    -7.88412  
 35.500    -7.89769  
 35.600    -7.91124  
 35.700    -7.92476  
 35.800    -7.93826  
 35.900    -7.95174  
 36.000    -7.96519  
 36.100    -7.97862  
 36.200    -7.99203  
 36.300    -8.00542  
 36.400    -8.01878  
 36.500    -8.03212  
 36.600    -8.04543  
 36.700    -8.05873  
 36.800    -8.07200  
 36.900    -8.08525  
 37.000    -8.09848  
 37.100    -8.11169  
 37.200    -8.12487  
 37.300    -8.13804  
 37.400    -8.15118  
 37.500    -8.16430  
 37.600    -8.17740  
 37.700    -8.19048  
 37.800    -8.20354  
 37.900    -8.21657  
 38.000    -8.22959  
 38.100    -8.24258  
 38.200    -8.25556  
 38.300    -8.26851  
 38.400    -8.28145  
 38.500    -8.29436  
 38.600    -8.30726  
 38.700    -8.32013  
 38.800    -8.33298  
 38.900    -8.34582  
 39.000    -8.35863  
 39.100    -8.37143  
 39.200    -8.38421  
 39.300    -8.39696  
 39.400    -8.40970  
 39.500    -8.42242  
 39.600    -8.43512  
 39.700    -8.44780  
 39.800    -8.46046  
 39.900    -8.47311  
 40.000    -8.48573  
 40.100    -8.49834  
 40.200    -8.51093  
 40.300    -8.52350  
 40.400    -8.53605  
 40.500    -8.54858  
 40.600    -8.56110  
 40.700    -8.57360  
 40.800    -8.58608  
 40.900    -8.59854  
 41.000    -8.61099  
 41.100    -8.62342  
 41.200    -8.63583  
 41.300    -8.64822  
 41.400    -8.66060  
 41.500    -8.67296  
 41.600    -8.68530  
 41.700    -8.69762  
 41.800    -8.70993  
 41.900    -8.72223  
 42.000    -8.73450  
 42.100    -8.74676  
 42.200    -8.75900  
 42.300    -8.77123  
 42.400    -8.78344  
 42.500    -8.79563  
 42.600    -8.80781  
 42.700    -8.81997  
 42.800    -8.83212  
 42.900    -8.84425  
 43.000    -8.85636  
 43.100    -8.86846  
 43.200    -8.88055  
 43.300    -8.89261  
 43.400    -8.90467  
 43.500    -8.91670  
 43.600    -8.92873  
 43.700    -8.94073  
 43.800    -8.95273  
 43.900    -8.96470  
 44.000    -8.97666  
 44.100    -8.98861  
 44.200    -9.00054  
 44.300    -9.01246  
 44.400    -9.02436  
 44.500    -9.03625  
 44.600    -9.04813  
 44.700    -9.05999  
 44.800    -9.07183  
 44.900    -9.08367  
 45.000    -9.09548  
 45.100    -9.10729  
 45.200    -9.11908  
 45.300    -9.13085  
 45.400    -9.14261  
 45.500    -9.15436  
 45.600    -9.16610  
 45.700    -9.17782  
 45.800    -9.18952  
 45.900    -9.20122  
 46.000    -9.21290  
 46.100    -9.22457  
 46.200    -9.23622  
 46.300    -9.24786  
 46.400    -9.25949  
 46.500    -9.27110  
 46.600    -9.28270  
 46.700    -9.29429  
 46.800    -9.30587  
 46.900    -9.31743  
 47.000    -9.32898  
 47.100    -9.34052  
 47.200    -9.35204  
 47.300    -9.36356  
 47.400    -9.37506  
 47.500    -9.38654  
 47.600    -9.39802  
 47.700    -9.40948  
 47.800    -9.42093  
 47.900    -9.43237  
 48.000    -9.44380  
 48.100    -9.45521  
 48.200    -9.46662  
 48.300    -9.47801  
 48.400    -9.48939  
 48.500    -9.50075  
 48.600    -9.51211  
 48.700    -9.52345  
 48.800    -9.53478  
 48.900    -9.54611  
 49.000    -9.55742  
 49.100    -9.56871  
 49.200    -9.58000  
 49.300    -9.59127  
 49.400    -9.60254  
 49.500    -9.61379  
 49.600    -9.62503  
 49.700    -9.63626  
 49.800    -9.64748  
 49.900    -9.65869  
 50.000    -9.66989  
 50.100    -9.68108  
 50.200    -9.69225  
 50.300    -9.70342  
 50.400    -9.71457  
 50.500    -9.72572  
 50.600    -9.73685  
 50.700    -9.74797  
 50.800    -9.75909  
 50.900    -9.77019  
 51.000    -9.78128  
 51.100    -9.79236  
 51.200    -9.80343  
 51.300    -9.81449  
 51.400    -9.82554  
 51.500    -9.83658  
 51.600    -9.84761  
 51.700    -9.85864  
 51.800    -9.86965  
 51.900    -9.88065  
 52.000    -9.89164  
 52.100    -9.90262  
 52.200    -9.91359  
 52.300    -9.92455  
 52.400    -9.93550  
 52.500    -9.94644  
 52.600    -9.95738  
 52.700    -9.96830  
 52.800    -9.97921  
 52.900    -9.99012  
 53.000   -10.00101  
 53.100   -10.01190  
 53.200   -10.02277  
 53.300   -10.03364  
 53.400   -10.04450  
 53.500   -10.05534  
 53.600   -10.06618  
 53.700   -10.07701  
 53.800   -10.08783  
 53.900   -10.09865  
 54.000   -10.10945  
 54.100   -10.12024  
 54.200   -10.13103  
 54.300   -10.14180  
 54.400   -10.15257  
 54.500   -10.16333  
 54.600   -10.17408  
 54.700   -10.18482  
 54.800   -10.19555  
 54.900   -10.20628  
 55.000   -10.21699  
 55.100   -10.22770  
 55.200   -10.23840  
 55.300   -10.24909  
 55.400   -10.25977  
 55.500   -10.27044  
 55.600   -10.28111  
 55.700   -10.29177  
 55.800   -10.30242  
 55.900   -10.31306  
 56.000   -10.32369  
 56.100   -10.33431  
 56.200   -10.34493  
 56.300   -10.35554  
 56.400   -10.36614  
 56.500   -10.37673  
 56.600   -10.38731  
 56.700   -10.39789  
 56.800   -10.40846  
 56.900   -10.41902  
 57.000   -10.42957  
 57.100   -10.44011  
 57.200   -10.45065  
 57.300   -10.46118  
 57.400   -10.47170  
 57.500   -10.48222  
 57.600   -10.49272  
 57.700   -10.50322  
 57.800   -10.51371  
 57.900   -10.52420  
 58.000   -10.53468  
 58.100   -10.54514  
 58.200   -10.55561  
 58.300   -10.56606  
 58.400   -10.57651  
 58.500   -10.58695  
 58.600   -10.59738  
 58.700   -10.60781  
 58.800   -10.61822  
 58.900   -10.62864  
 59.000   -10.63904  
 59.100   -10.64944  
 59.200   -10.65983  
 59.300   -10.67021  
 59.400   -10.68058  
 59.500   -10.69095  
 59.600   -10.70132  
 59.700   -10.71167  
 59.800   -10.72202  
 59.900   -10.73236  
 60.000   -10.74269  
 60.100   -10.75302  
 60.200   -10.76334  
 60.300   -10.77366  
 60.400   -10.78396  
 60.500   -10.79427  
 60.600   -10.80456  
 60.700   -10.81485  
 60.800   -10.82513  
 60.900   -10.83540  
 61.000   -10.84567  
 61.100   -10.85593  
 61.200   -10.86619  
 61.300   -10.87643  
 61.400   -10.88668  
 61.500   -10.89691  
 61.600   -10.90714  
 61.700   -10.91736  
 61.800   -10.92758  
 61.900   -10.93779  
 62.000   -10.94800  
 62.100   -10.95819  
 62.200   -10.96839  
 62.300   -10.97857  
 62.400   -10.98875  
 62.500   -10.99892  
 62.600   -11.00909  
 62.700   -11.01925  
 62.800   -11.02941  
 62.900   -11.03956  
 63.000   -11.04970  
 63.100   -11.05984  
 63.200   -11.06997  
 63.300   -11.08009  
 63.400   -11.09021  
 63.500   -11.10032  
 63.600   -11.11043  
 63.700   -11.12053  
 63.800   -11.13063  
 63.900   -11.14072  
 64.000   -11.15080  
 64.100   -11.16088  
 64.200   -11.17096  
 64.300   -11.18102  
 64.400   -11.19108  
 64.500   -11.20114  
 64.600   -11.21119  
 64.700   -11.22123  
 64.800   -11.23127  
 64.900   -11.24131  
 65.000   -11.25134  
 65.100   -11.26136  
 65.200   -11.27137  
 65.300   -11.28139  
 65.400   -11.29139  
 65.500   -11.30139  
 65.600   -11.31139  
 65.700   -11.32138  
 65.800   -11.33136  
 65.900   -11.34134  
 66.000   -11.35132  
 66.100   -11.36128  
 66.200   -11.37125  
 66.300   -11.38120  
 66.400   -11.39116  
 66.500   -11.40110  
 66.600   -11.41105  
 66.700   -11.42098  
 66.800   -11.43092  
 66.900   -11.44084  
 67.000   -11.45077  
 67.100   -11.46068  
 67.200   -11.47059  
 67.300   -11.48050  
 67.400   -11.49040  
 67.500   -11.50030  
 67.600   -11.51019  
 67.700   -11.52008  
 67.800   -11.52996  
 67.900   -11.53983  
 68.000   -11.54971  
 68.100   -11.55957  
 68.200   -11.56943  
 68.300   -11.57929  
 68.400   -11.58914  
 68.500   -11.59899  
 68.600   -11.60883  
 68.700   -11.61867  
 68.800   -11.62850  
 68.900   -11.63833  
 69.000   -11.64815  
 69.100   -11.65797  
 69.200   -11.66779  
 69.300   -11.67759  
 69.400   -11.68740  
 69.500   -11.69720  
 69.600   -11.70699  
 69.700   -11.71678  
 69.800   -11.72657  
 69.900   -11.73635  
 70.000   -11.74613  
 70.100   -11.75590  
 70.200   -11.76567  
 70.300   -11.77543  
 70.400   -11.78519  
 70.500   -11.79494  
 70.600   -11.80469  
 70.700   -11.81444  
 70.800   -11.82418  
 70.900   -11.83391  
 71.000   -11.84365  
 71.100   -11.85337  
 71.200   -11.86310  
 71.300   -11.87281  
 71.400   -11.88253  
 71.500   -11.89224  
 71.600   -11.90194  
 71.700   -11.91164  
 71.800   -11.92134  
 71.900   -11.93103  
 72.000   -11.94072  
 72.100   -11.95041  
 72.200   -11.96009  
 72.300   -11.96976  
 72.400   -11.97943  
 72.500   -11.98910  
 72.600   -11.99876  
 72.700   -12.00842  
 72.800   -12.01807  
 72.900   -12.02772  
 73.000   -12.03737  
 73.100   -12.04701  
 73.200   -12.05665  
 73.300   -12.06628  
 73.400   -12.07591  
 73.500   -12.08554  
 73.600   -12.09516  
 73.700   -12.10478  
 73.800   -12.11439  
 73.900   -12.12400  
 74.000   -12.13361  
 74.100   -12.14321  
 74.200   -12.15281  
 74.300   -12.16240  
 74.400   -12.17199  
 74.500   -12.18158  
 74.600   -12.19116  
 74.700   -12.20073  
 74.800   -12.21031  
 74.900   -12.21988  
 75.000   -12.22944  
 75.100   -12.23901  
 75.200   -12.24856  
 75.300   -12.25812  
 75.400   -12.26767  
 75.500   -12.27722  
 75.600   -12.28676  
 75.700   -12.29630  
 75.800   -12.30583  
 75.900   -12.31537  
 76.000   -12.32489  
 76.100   -12.33442  
 76.200   -12.34394  
 76.300   -12.35345  
 76.400   -12.36297  
 76.500   -12.37248  
 76.600   -12.38198  
 76.700   -12.39148  
 76.800   -12.40098  
 76.900   -12.41047  
 77.000   -12.41996  
 77.100   -12.42945  
 77.200   -12.43894  
 77.300   -12.44841  
 77.400   -12.45789  
 77.500   -12.46736  
 77.600   -12.47683  
 77.700   -12.48630  
 77.800   -12.49576  
 77.900   -12.50522  
 78.000   -12.51467  
 78.100   -12.52412  
 78.200   -12.53357  
 78.300   -12.54301  
 78.400   -12.55245  
 78.500   -12.56189  
 78.600   -12.57132  
 78.700   -12.58075  
 78.800   -12.59018  
 78.900   -12.59960  
 79.000   -12.60902  
 79.100   -12.61844  
 79.200   -12.62785  
 79.300   -12.63726  
 79.400   -12.64667  
 79.500   -12.65607  
 79.600   -12.66547  
 79.700   -12.67486  
 79.800   -12.68426  
 79.900   -12.69364  
 80.000   -12.70303  
 80.100   -12.71241  
 80.200   -12.72179  
 80.300   -12.73116  
 80.400   -12.74054  
 80.500   -12.74990  
 80.600   -12.75927  
 80.700   -12.76863  
 80.800   -12.77799  
 80.900   -12.78735  
 81.000   -12.79670  
 81.100   -12.80605  
 81.200   -12.81539  
 81.300   -12.82473  
 81.400   -12.83407  
 81.500   -12.84341  
 81.600   -12.85274  
 81.700   -12.86207  
 81.800   -12.87139  
 81.900   -12.88072  
 82.000   -12.89004  
 82.100   -12.89935  
 82.200   -12.90867  
 82.300   -12.91798  
 82.400   -12.92728  
 82.500   -12.93659  
 82.600   -12.94589  
 82.700   -12.95518  
 82.800   -12.96448  
 82.900   -12.97377  
 83.000   -12.98306  
 83.100   -12.99234  
 83.200   -13.00162  
 83.300   -13.01090  
 83.400   -13.02018  
 83.500   -13.02945  
 83.600   -13.03872  
 83.700   -13.04798  
 83.800   -13.05725  
 83.900   -13.06651  
 84.000   -13.07576  
 84.100   -13.08502  
 84.200   -13.09427  
 84.300   -13.10351  
 84.400   -13.11276  
 84.500   -13.12200  
 84.600   -13.13124  
 84.700   -13.14047  
 84.800   -13.14971  
 84.900   -13.15893  
 85.000   -13.16816  
 85.100   -13.17738  
 85.200   -13.18660  
 85.300   -13.19582  
 85.400   -13.20504  
 85.500   -13.21425  
 85.600   -13.22346  
 85.700   -13.23266  
 85.800   -13.24186  
 85.900   -13.25106  
 86.000   -13.26026  
 86.100   -13.26945  
 86.200   -13.27864  
 86.300   -13.28783  
 86.400   -13.29702  
 86.500   -13.30620  
 86.600   -13.31538  
 86.700   -13.32455  
 86.800   -13.33373  
 86.900   -13.34290  
 87.000   -13.35206  
 87.100   -13.36123  
 87.200   -13.37039  
 87.300   -13.37955  
 87.400   -13.38871  
 87.500   -13.39786  
 87.600   -13.40701  
 87.700   -13.41616  
 87.800   -13.42530  
 87.900   -13.43444  
 88.000   -13.44358  
 88.100   -13.45272  
 88.200   -13.46185  
 88.300   -13.47098  
 88.400   -13.48011  
 88.500   -13.48923  
 88.600   -13.49835  
 88.700   -13.50747  
 88.800   -13.51659  
 88.900   -13.52570  
 89.000   -13.53481  
 89.100   -13.54392  
 89.200   -13.55303  
 89.300   -13.56213  
 89.400   -13.57123  
 89.500   -13.58033  
 89.600   -13.58942  
 89.700   -13.59851  
 89.800   -13.60760  
 89.900   -13.61668  
 90.000   -13.62577  
 90.100   -13.63485  
 90.200   -13.64393  
 90.300   -13.65300  
 90.400   -13.66207  
 90.500   -13.67114  
 90.600   -13.68021  
 90.700   -13.68927  
 90.800   -13.69833  
 90.900   -13.70739  
 91.000   -13.71645  
 91.100   -13.72550  
 91.200   -13.73455  
 91.300   -13.74360  
 91.400   -13.75265  
 91.500   -13.76169  
 91.600   -13.77073  
 91.700   -13.77977  
 91.800   -13.78880  
 91.900   -13.79783  
 92.000   -13.80686  
 92.100   -13.81589  
 92.200   -13.82491  
 92.300   -13.83393  
 92.400   -13.84295  
 92.500   -13.85197  
 92.600   -13.86098  
 92.700   -13.86999  
 92.800   -13.87900  
 92.900   -13.88800  
 93.000   -13.89701  
 93.100   -13.90601  
 93.200   -13.91500  
 93.300   -13.92400  
 93.400   -13.93299  
 93.500   -13.94198  
 93.600   -13.95097  
 93.700   -13.95995  
 93.800   -13.96894  
 93.900   -13.97791  
 94.000   -13.98689  
 94.100   -13.99587  
 94.200   -14.00484  
 94.300   -14.01381  
 94.400   -14.02277  
 94.500   -14.03174  
 94.600   -14.04070  
 94.700   -14.04966  
 94.800   -14.05861  
 94.900   -14.06757  
 95.000   -14.07652  
 95.100   -14.08546  
 95.200   -14.09441  
 95.300   -14.10335  
 95.400   -14.11229  
 95.500   -14.12123  
 95.600   -14.13017  
 95.700   -14.13910  
 95.800   -14.14803  
 95.900   -14.15696  
 96.000   -14.16589  
 96.100   -14.17481  
 96.200   -14.18373  
 96.300   -14.19265  
 96.400   -14.20156  
 96.500   -14.21048  
 96.600   -14.21939  
 96.700   -14.22829  
 96.800   -14.23720  
 96.900   -14.24610  
 97.000   -14.25500  
 97.100   -14.26390  
 97.200   -14.27280  
 97.300   -14.28169  
 97.400   -14.29058  
 97.500   -14.29947  
 97.600   -14.30835  
 97.700   -14.31724  
 97.800   -14.32612  
 97.900   -14.33500  
 98.000   -14.34387  
 98.100   -14.35275  
 98.200   -14.36162  
 98.300   -14.37048  
 98.400   -14.37935  
 98.500   -14.38821  
 98.600   -14.39707  
 98.700   -14.40593  
 98.800   -14.41479  
 98.900   -14.42364  
 99.000   -14.43249  
 99.100   -14.44134  
 99.200   -14.45019  
 99.300   -14.45903  
 99.400   -14.46787  
 99.500   -14.47671  
 99.600   -14.48555  
 99.700   -14.49438  
 99.800   -14.50321  
 99.900   -14.51204  
100.000   -14.52087  
100.100   -14.52969  
100.200   -14.53852  
100.300   -14.54733  
100.400   -14.55615  
100.500   -14.56497  
100.600   -14.57378  
100.700   -14.58259  
100.800   -14.59140  
100.900   -14.60020  
101.000   -14.60900  
101.100   -14.61780  
101.200   -14.62660  
101.300   -14.63540  
101.400   -14.64419  
101.500   -14.65298  
101.600   -14.66177  
101.700   -14.67055  
101.800   -14.67934  
101.900   -14.68812  
102.000   -14.69690  
102.100   -14.70567  
102.200   -14.71445  
102.300   -14.72322  
102.400   -14.73199  
102.500   -14.74075  
102.600   -14.74952  
102.700   -14.75828  
102.800   -14.76704  
102.900   -14.77580  
103.000   -14.78455  
103.100   -14.79330  
103.200   -14.80205  
103.300   -14.81080  
103.400   -14.81954  
103.500   -14.82829  
103.600   -14.83703  
103.700   -14.84577  
103.800   -14.85450  
103.900   -14.86324  
104.000   -14.87197  
104.100   -14.88069  
104.200   -14.88942  
104.300   -14.89814  
104.400   -14.90687  
104.500   -14.91559  
104.600   -14.92430  
104.700   -14.93302  
104.800   -14.94173  
104.900   -14.95044  
105.000   -14.95915  
105.100   -14.96785  
105.200   -14.97655  
105.300   -14.98525  
105.400   -14.99395  
105.500   -15.00265  
105.600   -15.01134  
105.700   -15.02003  
105.800   -15.02872  
105.900   -15.03741  
106.000   -15.04609  
106.100   -15.05477  
106.200   -15.06345  
106.300   -15.07213  
106.400   -15.08080  
106.500   -15.08948  
106.600   -15.09815  
106.700   -15.10681  
106.800   -15.11548  
106.900   -15.12414  
107.000   -15.13280  
107.100   -15.14146  
107.200   -15.15012  
107.300   -15.15877  
107.400   -15.16742  
107.500   -15.17607  
107.600   -15.18472  
107.700   -15.19336  
107.800   -15.20201  
107.900   -15.21065  
108.000   -15.21928  
108.100   -15.22792  
108.200   -15.23655  
108.300   -15.24518  
108.400   -15.25381  
108.500   -15.26244  
108.600   -15.27106  
108.700   -15.27968  
108.800   -15.28830  
108.900   -15.29692  
109.000   -15.30553  
109.100   -15.31415  
109.200   -15.32276  
109.300   -15.33136  
109.400   -15.33997  
109.500   -15.34857  
109.600   -15.35717  
109.700   -15.36577  
109.800   -15.37437  
109.900   -15.38296  
110.000   -15.39155  
110.100   -15.40014  
110.200   -15.40873  
110.300   -15.41731  
110.400   -15.42590  
110.500   -15.43448  
110.600   -15.44305  
110.700   -15.45163  
110.800   -15.46020  
110.900   -15.46877  
111.000   -15.47734  
111.100   -15.48591  
111.200   -15.49447  
111.300   -15.50303  
111.400   -15.51159  
111.500   -15.52015  
111.600   -15.52870  
111.700   -15.53726  
111.800   -15.54581  
111.900   -15.55435  
112.000   -15.56290  
112.100   -15.57144  
112.200   -15.57998  
112.300   -15.58852  
112.400   -15.59706  
112.500   -15.60559  
112.600   -15.61413  
112.700   -15.62266  
112.800   -15.63118  
112.900   -15.63971  
113.000   -15.64823  
113.100   -15.65675  
113.200   -15.66527  
113.300   -15.67379  
113.400   -15.68230  
113.500   -15.69081  
113.600   -15.69932  
113.700   -15.70783  
113.800   -15.71633  
113.900   -15.72483  
114.000   -15.73333  
114.100   -15.74183  
114.200   -15.75033  
114.300   -15.75882  
114.400   -15.76731  
114.500   -15.77580  
114.600   -15.78429  
114.700   -15.79277  
114.800   -15.80125  
114.900   -15.80973  
115.000   -15.81821  
115.100   -15.82669  
115.200   -15.83516  
115.300   -15.84363  
115.400   -15.85210  
115.500   -15.86056  
115.600   -15.86903  
115.700   -15.87749  
115.800   -15.88595  
115.900   -15.89440  
116.000   -15.90286  
116.100   -15.91131  
116.200   -15.91976  
116.300   -15.92821  
116.400   -15.93665  
116.500   -15.94510  
116.600   -15.95354  
116.700   -15.96198  
116.800   -15.97041  
116.900   -15.97885  
117.000   -15.98728  
117.100   -15.99571  
117.200   -16.00414  
117.300   -16.01256  
117.400   -16.02099  
117.500   -16.02941  
117.600   -16.03782  
117.700   -16.04624  
117.800   -16.05465  
117.900   -16.06307  
118.000   -16.07147  
118.100   -16.07988  
118.200   -16.08829  
118.300   -16.09669  
118.400   -16.10509  
118.500   -16.11349  
118.600   -16.12188  
118.700   -16.13028  
118.800   -16.13867  
118.900   -16.14706  
119.000   -16.15544  
119.100   -16.16383  
119.200   -16.17221  
119.300   -16.18059  
119.400   -16.18897  
119.500   -16.19734  
119.600   -16.20572  
119.700   -16.21409  
119.800   -16.22246  
119.900   -16.23082  
120.000   -16.23919  
120.100   -16.24755  
120.200   -16.25591  
120.300   -16.26426  
120.400   -16.27262  
120.500   -16.28097  
120.600   -16.28932  
120.700   -16.29767  
120.800   -16.30602  
120.900   -16.31436  
121.000   -16.32270  
121.100   -16.33104  
121.200   -16.33938  
121.300   -16.34771  
121.400   -16.35604  
121.500   -16.36437  
121.600   -16.37270  
121.700   -16.38103  
121.800   -16.38935  
121.900   -16.39767  
122.000   -16.40599  
122.100   -16.41431  
122.200   -16.42262  
122.300   -16.43093  
122.400   -16.43924  
122.500   -16.44755  
122.600   -16.45586  
122.700   -16.46416  
122.800   -16.47246  
122.900   -16.48076  
123.000   -16.48905  
123.100   -16.49735  
123.200   -16.50564  
123.300   -16.51393  
123.400   -16.52222  
123.500   -16.53050  
123.600   -16.53878  
123.700   -16.54706  
123.800   -16.55534  
123.900   -16.56362  
124.000   -16.57189  
124.100   -16.58016  
124.200   -16.58843  
124.300   -16.59670  
124.400   -16.60496  
124.500   -16.61322  
124.600   -16.62148  
124.700   -16.62974  
124.800   -16.63800  
124.900   -16.64625  
125.000   -16.65450  
125.100   -16.66275  
125.200   -16.67100  
125.300   -16.67924  
125.400   -16.68748  
125.500   -16.69572  
125.600   -16.70396  
125.700   -16.71219  
125.800   -16.72043  
125.900   -16.72866  
126.000   -16.73688  
126.100   -16.74511  
126.200   -16.75333  
126.300   -16.76155  
126.400   -16.76977  
126.500   -16.77799  
126.600   -16.78621  
126.700   -16.79442  
126.800   -16.80263  
126.900   -16.81083  
127.000   -16.81904  
127.100   -16.82724  
127.200   -16.83544  
127.300   -16.84364  
127.400   -16.85184  
127.500   -16.86003  
127.600   -16.86822  
127.700   -16.87641  
127.800   -16.88460  
127.900   -16.89279  
128.000   -16.90097  
128.100   -16.90915  
128.200   -16.91733  
128.300   -16.92550  
128.400   -16.93368  
128.500   -16.94185  
128.600   -16.95002  
128.700   -16.95818  
128.800   -16.96635  
128.900   -16.97451  
129.000   -16.98267  
129.100   -16.99083  
129.200   -16.99898  
129.300   -17.00714  
129.400   -17.01529  
129.500   -17.02344  
129.600   -17.03158  
129.700   -17.03973  
129.800   -17.04787  
129.900   -17.05601  
130.000   -17.06414  
130.100   -17.07228  
130.200   -17.08041  
130.300   -17.08854  
130.400   -17.09667  
130.500   -17.10480  
130.600   -17.11292  
130.700   -17.12104  
130.800   -17.12916  
130.900   -17.13728  
131.000   -17.14539  
131.100   -17.15350  
131.200   -17.16161  
131.300   -17.16972  
131.400   -17.17783  
131.500   -17.18593  
131.600   -17.19403  
131.700   -17.20213  
131.800   -17.21022  
131.900   -17.21832  
132.000   -17.22641  
132.100   -17.23450  
132.200   -17.24259  
132.300   -17.25067  
132.400   -17.25875  
132.500   -17.26683  
132.600   -17.27491  
132.700   -17.28299  
132.800   -17.29106  
132.900   -17.29913  
133.000   -17.30720  
133.100   -17.31527  
133.200   -17.32333  
133.300   -17.33139  
133.400   -17.33945  
133.500   -17.34751  
133.600   -17.35556  
133.700   -17.36362  
133.800   -17.37167  
133.900   -17.37971  
134.000   -17.38776  
134.100   -17.39580  
134.200   -17.40384  
134.300   -17.41188  
134.400   -17.41992  
134.500   -17.42795  
134.600   -17.43599  
134.700   -17.44402  
134.800   -17.45204  
134.900   -17.46007  
135.000   -17.46809  
135.100   -17.47611  
135.200   -17.48413  
135.300   -17.49215  
135.400   -17.50016  
135.500   -17.50817  
135.600   -17.51618  
135.700   -17.52419  
135.800   -17.53219  
135.900   -17.54019  
136.000   -17.54819  
136.100   -17.55619  
136.200   -17.56419  
136.300   -17.57218  
136.400   -17.58017  
136.500   -17.58816  
136.600   -17.59614  
136.700   -17.60413  
136.800   -17.61211  
136.900   -17.62009  
137.000   -17.62807  
137.100   -17.63604  
137.200   -17.64401  
137.300   -17.65198  
137.400   -17.65995  
137.500   -17.66792  
137.600   -17.67588  
137.700   -17.68384  
137.800   -17.69180  
137.900   -17.69975  
138.000   -17.70771  
138.100   -17.71566  
138.200   -17.72361  
138.300   -17.73156  
138.400   -17.73950  
138.500   -17.74744  
138.600   -17.75538  
138.700   -17.76332  
138.800   -17.77126  
138.900   -17.77919  
139.000   -17.78712  
139.100   -17.79505  
139.200   -17.80297  
139.300   -17.81090  
139.400   -17.81882  
139.500   -17.82674  
139.600   -17.83466  
139.700   -17.84257  
139.800   -17.85048  
139.900   -17.85839  
140.000   -17.86630  
140.100   -17.87421  
140.200   -17.88211  
140.300   -17.89001  
140.400   -17.89791  
140.500   -17.90580  
140.600   -17.91370  
140.700   -17.92159  
140.800   -17.92948  
140.900   -17.93736  
141.000   -17.94525  
141.100   -17.95313  
141.200   -17.96101  
141.300   -17.96889  
141.400   -17.97676  
141.500   -17.98464  
141.600   -17.99251  
141.700   -18.00037  
141.800   -18.00824  
141.900   -18.01610  
142.000   -18.02396  
142.100   -18.03182  
142.200   -18.03968  
142.300   -18.04753  
142.400   -18.05539  
142.500   -18.06324  
142.600   -18.07108  
142.700   -18.07893  
142.800   -18.08677  
142.900   -18.09461  
143.000   -18.10245  
143.100   -18.11029  
143.200   -18.11812  
143.300   -18.12595  
143.400   -18.13378  
143.500   -18.14160  
143.600   -18.14943  
143.700   -18.15725  
143.800   -18.16507  
143.900   -18.17289  
144.000   -18.18070  
144.100   -18.18851  
144.200   -18.19632  
144.300   -18.20413  
144.400   -18.21194  
144.500   -18.21974  
144.600   -18.22754  
144.700   -18.23534  
144.800   -18.24314  
144.900   -18.25093  
145.000   -18.25872  
145.100   -18.26651  
145.200   -18.27430  
145.300   -18.28208  
145.400   -18.28986  
145.500   -18.29764  
145.600   -18.30542  
145.700   -18.31320  
145.800   -18.32097  
145.900   -18.32874  
146.000   -18.33651  
146.100   -18.34427  
146.200   -18.35204  
146.300   -18.35980  
146.400   -18.36756  
146.500   -18.37531  
146.600   -18.38307  
146.700   -18.39082  
146.800   -18.39857  
146.900   -18.40631  
147.000   -18.41406  
147.100   -18.42180  
147.200   -18.42954  
147.300   -18.43728  
147.400   -18.44501  
147.500   -18.45275  
147.600   -18.46048  
147.700   -18.46821  
147.800   -18.47593  
147.900   -18.48366  
148.000   -18.49138  
148.100   -18.49910  
148.200   -18.50681  
148.300   -18.51453  
148.400   -18.52224  
148.500   -18.52995  
148.600   -18.53766  
148.700   -18.54536  
148.800   -18.55306  
148.900   -18.56076  
149.000   -18.56846  
149.100   -18.57616  
149.200   -18.58385  
149.300   -18.59154  
149.400   -18.59923  
149.500   -18.60691  
149.600   -18.61460  
149.700   -18.62228  
149.800   -18.62996  
149.900   -18.63763  
150.000   -18.64531  
150.100   -18.65298  
150.200   -18.66065  
150.300   -18.66832  
150.400   -18.67598  
150.500   -18.68365  
150.600   -18.69131  
150.700   -18.69896  
150.800   -18.70662  
150.900   -18.71427  
151.000   -18.72192  
151.100   -18.72957  
151.200   -18.73722  
151.300   -18.74486  
151.400   -18.75250  
151.500   -18.76014  
151.600   -18.76778  
151.700   -18.77541  
151.800   -18.78304  
151.900   -18.79067  
152.000   -18.79830  
152.100   -18.80592  
152.200   -18.81355  
152.300   -18.82117  
152.400   -18.82879  
152.500   -18.83640  
152.600   -18.84401  
152.700   -18.85162  
152.800   -18.85923  
152.900   -18.86684  
153.000   -18.87444  
153.100   -18.88204  
153.200   -18.88964  
153.300   -18.89724  
153.400   -18.90483  
153.500   -18.91242  
153.600   -18.92001  
153.700   -18.92760  
153.800   -18.93518  
153.900   -18.94277  
154.000   -18.95035  
154.100   -18.95792  
154.200   -18.96550  
154.300   -18.97307  
154.400   -18.98064  
154.500   -18.98821  
154.600   -18.99578  
154.700   -19.00334  
154.800   -19.01090  
154.900   -19.01846  
155.000   -19.02602  
155.100   -19.03357  
155.200   -19.04112  
155.300   -19.04867  
155.400   -19.05622  
155.500   -19.06376  
155.600   -19.07130  
155.700   -19.07884  
155.800   -19.08638  
155.900   -19.09391  
156.000   -19.10145  
156.100   -19.10898  
156.200   -19.11650  
156.300   -19.12403  
156.400   -19.13155  
156.500   -19.13907  
156.600   -19.14659  
156.700   -19.15411  
156.800   -19.16162  
156.900   -19.16913  
157.000   -19.17664  
157.100   -19.18415  
157.200   -19.19165  
157.300   -19.19915  
157.400   -19.20665  
157.500   -19.21415  
157.600   -19.22164  
157.700   -19.22914  
157.800   -19.23662  
157.900   -19.24411  
158.000   -19.25160  
158.100   -19.25908  
158.200   -19.26656  
158.300   -19.27404  
158.400   -19.28151  
158.500   -19.28899  
158.600   -19.29646  
158.700   -19.30393  
158.800   -19.31139  
158.900   -19.31885  
159.000   -19.32632  
159.100   -19.33377  
159.200   -19.34123  
159.300   -19.34869  
159.400   -19.35614  
159.500   -19.36359  
159.600   -19.37103  
159.700   -19.37848  
159.800   -19.38592  
159.900   -19.39336  
160.000   -19.40080  
160.100   -19.40823  
160.200   -19.41566  
160.300   -19.42309  
160.400   -19.43052  
160.500   -19.43795  
160.600   -19.44537  
160.700   -19.45279  
160.800   -19.46021  
160.900   -19.46763  
161.000   -19.47504  
161.100   -19.48245  
161.200   -19.48986  
161.300   -19.49727  
161.400   -19.50467  
161.500   -19.51207  
161.600   -19.51947  
161.700   -19.52687  
161.800   -19.53426  
161.900   -19.54165  
162.000   -19.54904  
162.100   -19.55643  
162.200   -19.56381  
162.300   -19.57120  
162.400   -19.57858  
162.500   -19.58595  
162.600   -19.59333  
162.700   -19.60070  
162.800   -19.60807  
162.900   -19.61544  
163.000   -19.62281  
163.100   -19.63017  
163.200   -19.63753  
163.300   -19.64489  
163.400   -19.65224  
163.500   -19.65960  
163.600   -19.66695  
163.700   -19.67430  
163.800   -19.68165  
163.900   -19.68899  
164.000   -19.69633  
164.100   -19.70367  
164.200   -19.71101  
164.300   -19.71834  
164.400   -19.72567  
164.500   -19.73300  
164.600   -19.74033  
164.700   -19.74766  
164.800   -19.75498  
164.900   -19.76230  
165.000   -19.76962  
165.100   -19.77693  
165.200   -19.78424  
165.300   -19.79156  
165.400   -19.79886  
165.500   -19.80617  
165.600   -19.81347  
165.700   -19.82077  
165.800   -19.82807  
165.900   -19.83537  
166.000   -19.84266  
166.100   -19.84995  
166.200   -19.85724  
166.300   -19.86453  
166.400   -19.87181  
166.500   -19.87909  
166.600   -19.88637  
166.700   -19.89365  
166.800   -19.90093  
166.900   -19.90820  
167.000   -19.91547  
167.100   -19.92273  
167.200   -19.93000  
167.300   -19.93726  
167.400   -19.94452  
167.500   -19.95178  
167.600   -19.95904  
167.700   -19.96629  
167.800   -19.97354  
167.900   -19.98079  
168.000   -19.98803  
168.100   -19.99528  
168.200   -20.00252  
168.300   -20.00976  
168.400   -20.01699  
168.500   -20.02423  
168.600   -20.03146  
168.700   -20.03869  
168.800   -20.04591  
168.900   -20.05314  
169.000   -20.06036  
169.100   -20.06758  
169.200   -20.07479  
169.300   -20.08201  
169.400   -20.08922  
169.500   -20.09643  
169.600   -20.10364  
169.700   -20.11084  
169.800   -20.11805  
169.900   -20.12525  
170.000   -20.13244  
170.100   -20.13964  
170.200   -20.14683  
170.300   -20.15402  
170.400   -20.16121  
170.500   -20.16840  
170.600   -20.17558  
170.700   -20.18276  
170.800   -20.18994  
170.900   -20.19712  
171.000   -20.20429  
171.100   -20.21146  
171.200   -20.21863  
171.300   -20.22580  
171.400   -20.23296  
171.500   -20.24012  
171.600   -20.24728  
171.700   -20.25444  
171.800   -20.26159  
171.900   -20.26874  
172.000   -20.27589  
172.100   -20.28304  
172.200   -20.29018  
172.300   -20.29733  
172.400   -20.30447  
172.500   -20.31160  
172.600   -20.31874  
172.700   -20.32587  
172.800   -20.33300  
172.900   -20.34013  
173.000   -20.34726  
173.100   -20.35438  
173.200   -20.36150  
173.300   -20.36862  
173.400   -20.37573  
173.500   -20.38285  
173.600   -20.38996  
173.700   -20.39707  
173.800   -20.40417  
173.900   -20.41128  
174.000   -20.41838  
174.100   -20.42548  
174.200   -20.43257  
174.300   -20.43967  
174.400   -20.44676  
174.500   -20.45385  
174.600   -20.46094  
174.700   -20.46802  
174.800   -20.47510  
174.900   -20.48218  
175.000   -20.48926  
175.100   -20.49633  
175.200   -20.50341  
175.300   -20.51048  
175.400   -20.51755  
175.500   -20.52461  
175.600   -20.53167  
175.700   -20.53873  
175.800   -20.54579  
175.900   -20.55285  
176.000   -20.55990  
176.100   -20.56695  
176.200   -20.57400  
176.300   -20.58105  
176.400   -20.58809  
176.500   -20.59513  
176.600   -20.60217  
176.700   -20.60921  
176.800   -20.61624  
176.900   -20.62327  
177.000   -20.63030  
177.100   -20.63733  
177.200   -20.64435  
177.300   -20.65137  
177.400   -20.65839  
177.500   -20.66541  
177.600   -20.67242  
177.700   -20.67944  
177.800   -20.68645  
177.900   -20.69345  
178.000   -20.70046  
178.100   -20.70746  
178.200   -20.71446  
178.300   -20.72146  
178.400   -20.72845  
178.500   -20.73545  
178.600   -20.74244  
178.700   -20.74943  
178.800   -20.75641  
178.900   -20.76340  
179.000   -20.77038  
179.100   -20.77735  
179.200   -20.78433  
179.300   -20.79130  
179.400   -20.79828  
179.500   -20.80524  
179.600   -20.81221  
179.700   -20.81917  
179.800   -20.82614  
179.900   -20.83310  
180.000   -20.84005  
180.100   -20.84701  
180.200   -20.85396  
180.300   -20.86091  
180.400   -20.86786  
180.500   -20.87480  
180.600   -20.88174  
180.700   -20.88868  
180.800   -20.89562  
180.900   -20.90255  
181.000   -20.90949  
181.100   -20.91642  
181.200   -20.92335  
181.300   -20.93027  
181.400   -20.93719  
181.500   -20.94411  
181.600   -20.95103  
181.700   -20.95795  
181.800   -20.96486  
181.900   -20.97177  
182.000   -20.97868  
182.100   -20.98559  
182.200   -20.99249  
182.300   -20.99939  
182.400   -21.00629  
182.500   -21.01319  
182.600   -21.02008  
182.700   -21.02697  
182.800   -21.03386  
182.900   -21.04075  
183.000   -21.04764  
183.100   -21.05452  
183.200   -21.06140  
183.300   -21.06827  
183.400   -21.07515  
183.500   -21.08202  
183.600   -21.08889  
183.700   -21.09576  
183.800   -21.10262  
183.900   -21.10949  
184.000   -21.11635  
184.100   -21.12320  
184.200   -21.13006  
184.300   -21.13691  
184.400   -21.14376  
184.500   -21.15061  
184.600   -21.15746  
184.700   -21.16430  
184.800   -21.17114  
184.900   -21.17798  
185.000   -21.18482  
185.100   -21.19165  
185.200   -21.19848  
185.300   -21.20531  
185.400   -21.21214  
185.500   -21.21896  
185.600   -21.22579  
185.700   -21.23261  
185.800   -21.23942  
185.900   -21.24624  
186.000   -21.25305  
186.100   -21.25986  
186.200   -21.26667  
186.300   -21.27347  
186.400   -21.28027  
186.500   -21.28707  
186.600   -21.29387  
186.700   -21.30067  
186.800   -21.30746  
186.900   -21.31425  
187.000   -21.32104  
187.100   -21.32782  
187.200   -21.33461  
187.300   -21.34139  
187.400   -21.34817  
187.500   -21.35494  
187.600   -21.36172  
187.700   -21.36849  
187.800   -21.37526  
187.900   -21.38202  
188.000   -21.38879  
188.100   -21.39555  
188.200   -21.40231  
188.300   -21.40907  
188.400   -21.41582  
188.500   -21.42257  
188.600   -21.42932  
188.700   -21.43607  
188.800   -21.44281  
188.900   -21.44956  
189.000   -21.45630  
189.100   -21.46303  
189.200   -21.46977  
189.300   -21.47650  
189.400   -21.48323  
189.500   -21.48996  
189.600   -21.49669  
189.700   -21.50341  
189.800   -21.51013  
189.900   -21.51685  
190.000   -21.52356  
190.100   -21.53028  
190.200   -21.53699  
190.300   -21.54370  
190.400   -21.55041  
190.500   -21.55711  
190.600   -21.56381  
190.700   -21.57051  
190.800   -21.57721  
190.900   -21.58390  
191.000   -21.59059  
191.100   -21.59728  
191.200   -21.60397  
191.300   -21.61066  
191.400   -21.61734  
191.500   -21.62402  
191.600   -21.63070  
191.700   -21.63737  
191.800   -21.64404  
191.900   -21.65071  
192.000   -21.65738  
192.100   -21.66405  
192.200   -21.67071  
192.300   -21.67737  
192.400   -21.68403  
192.500   -21.69069  
192.600   -21.69734  
192.700   -21.70399  
192.800   -21.71064  
192.900   -21.71729  
193.000   -21.72393  
193.100   -21.73057  
193.200   -21.73721  
193.300   -21.74385  
193.400   -21.75048  
193.500   -21.75712  
193.600   -21.76375  
193.700   -21.77037  
193.800   -21.77700  
193.900   -21.78362  
194.000   -21.79024  
194.100   -21.79686  
194.200   -21.80347  
194.300   -21.81009  
194.400   -21.81670  
194.500   -21.82330  
194.600   -21.82991  
194.700   -21.83651  
194.800   -21.84311  
194.900   -21.84971  
195.000   -21.85631  
195.100   -21.86290  
195.200   -21.86949  
195.300   -21.87608  
195.400   -21.88267  
195.500   -21.88925  
195.600   -21.89584  
195.700   -21.90242  
195.800   -21.90899  
195.900   -21.91557  
196.000   -21.92214  
196.100   -21.92871  
196.200   -21.93528  
196.300   -21.94184  
196.400   -21.94841  
196.500   -21.95497  
196.600   -21.96152  
196.700   -21.96808  
196.800   -21.97463  
196.900   -21.98118  
197.000   -21.98773  
197.100   -21.99428  
197.200   -22.00082  
197.300   -22.00736  
197.400   -22.01390  
197.500   -22.02044  
197.600   -22.02697  
197.700   -22.03350  
197.800   -22.04003  
197.900   -22.04656  
198.000   -22.05308  
198.100   -22.05961  
198.200   -22.06613  
198.300   -22.07264  
198.400   -22.07916  
198.500   -22.08567  
198.600   -22.09218  
198.700   -22.09869  
198.800   -22.10520  
198.900   -22.11170  
199.000   -22.11820  
199.100   -22.12470  
199.200   -22.13119  
199.300   -22.13769  
199.400   -22.14418  
199.500   -22.15067  
199.600   -22.15715  
199.700   -22.16364  
199.800   -22.17012  
199.900   -22.17660  
200.000   -22.18308  
200.100   -22.18955  
200.200   -22.19602  
200.300   -22.20249  
200.400   -22.20896  
200.500   -22.21543  
200.600   -22.22189  
200.700   -22.22835  
200.800   -22.23481  
200.900   -22.24126  
201.000   -22.24772  
201.100   -22.25417  
201.200   -22.26062  
201.300   -22.26706  
201.400   -22.27351  
201.500   -22.27995  
201.600   -22.28639  
201.700   -22.29282  
201.800   -22.29926  
201.900   -22.30569  
202.000   -22.31212  
202.100   -22.31855  
202.200   -22.32497  
202.300   -22.33139  
202.400   -22.33781  
202.500   -22.34423  
202.600   -22.35065  
202.700   -22.35706  
202.800   -22.36347  
202.900   -22.36988  
203.000   -22.37628  
203.100   -22.38269  
203.200   -22.38909  
203.300   -22.39549  
203.400   -22.40188  
203.500   -22.40828  
203.600   -22.41467  
203.700   -22.42106  
203.800   -22.42745  
203.900   -22.43383  
204.000   -22.44021  
204.100   -22.44659  
204.200   -22.45297  
204.300   -22.45934  
204.400   -22.46572  
204.500   -22.47209  
204.600   -22.47846  
204.700   -22.48482  
204.800   -22.49118  
204.900   -22.49755  
205.000   -22.50390  
205.100   -22.51026  
205.200   -22.51661  
205.300   -22.52297  
205.400   -22.52931  
205.500   -22.53566  
205.600   -22.54201  
205.700   -22.54835  
205.800   -22.55469  
205.900   -22.56103  
206.000   -22.56736  
206.100   -22.57369  
206.200   -22.58002  
206.300   -22.58635  
206.400   -22.59268  
206.500   -22.59900  
206.600   -22.60532  
206.700   -22.61164  
206.800   -22.61796  
206.900   -22.62427  
207.000   -22.63058  
207.100   -22.63689  
207.200   -22.64320  
207.300   -22.64950  
207.400   -22.65580  
207.500   -22.66210  
207.600   -22.66840  
207.700   -22.67470  
207.800   -22.68099  
207.900   -22.68728  
208.000   -22.69357  
208.100   -22.69985  
208.200   -22.70614  
208.300   -22.71242  
208.400   -22.71870  
208.500   -22.72497  
208.600   -22.73125  
208.700   -22.73752  
208.800   -22.74379  
208.900   -22.75005  
209.000   -22.75632  
209.100   -22.76258  
209.200   -22.76884  
209.300   -22.77510  
209.400   -22.78135  
209.500   -22.78761  
209.600   -22.79386  
209.700   -22.80010  
209.800   -22.80635  
209.900   -22.81259  
210.000   -22.81883  
210.100   -22.82507  
210.200   -22.83131  
210.300   -22.83754  
210.400   -22.84378  
210.500   -22.85001  
210.600   -22.85623  
210.700   -22.86246  
210.800   -22.86868  
210.900   -22.87490  
211.000   -22.88112  
211.100   -22.88733  
211.200   -22.89355  
211.300   -22.89976  
211.400   -22.90597  
211.500   -22.91217  
211.600   -22.91838  
211.700   -22.92458  
211.800   -22.93078  
211.900   -22.93697  
212.000   -22.94317  
212.100   -22.94936  
212.200   -22.95555  
212.300   -22.96174  
212.400   -22.96792  
212.500   -22.97411  
212.600   -22.98029  
212.700   -22.98647  
212.800   -22.99264  
212.900   -22.99882  
213.000   -23.00499  
213.100   -23.01116  
213.200   -23.01732  
213.300   -23.02349  
213.400   -23.02965  
213.500   -23.03581  
213.600   -23.04197  
213.700   -23.04812  
213.800   -23.05427  
213.900   -23.06042  
214.000   -23.06657  
214.100   -23.07272  
214.200   -23.07886  
214.300   -23.08500  
214.400   -23.09114  
214.500   -23.09728  
214.600   -23.10341  
214.700   -23.10954  
214.800   -23.11567  
214.900   -23.12180  
215.000   -23.12793  
215.100   -23.13405  
215.200   -23.14017  
215.300   -23.14629  
215.400   -23.15240  
215.500   -23.15852  
215.600   -23.16463  
215.700   -23.17074  
215.800   -23.17684  
215.900   -23.18295  
216.000   -23.18905  
216.100   -23.19515  
216.200   -23.20125  
216.300   -23.20734  
216.400   -23.21343  
216.500   -23.21952  
216.600   -23.22561  
216.700   -23.23170  
216.800   -23.23778  
216.900   -23.24386  
217.000   -23.24994  
217.100   -23.25602  
217.200   -23.26209  
217.300   -23.26816  
217.400   -23.27423  
217.500   -23.28030  
217.600   -23.28637  
217.700   -23.29243  
217.800   -23.29849  
217.900   -23.30455  
218.000   -23.31060  
218.100   -23.31666  
218.200   -23.32271  
218.300   -23.32876  
218.400   -23.33480  
218.500   -23.34085  
218.600   -23.34689  
218.700   -23.35293  
218.800   -23.35897  
218.900   -23.36500  
219.000   -23.37103  
219.100   -23.37707  
219.200   -23.38309  
219.300   -23.38912  
219.400   -23.39514  
219.500   -23.40116  
219.600   -23.40718  
219.700   -23.41320  
219.800   -23.41922  
219.900   -23.42523  
220.000   -23.43124  
220.100   -23.43725  
220.200   -23.44325  
220.300   -23.44925  
220.400   -23.45526  
220.500   -23.46125  
220.600   -23.46725  
220.700   -23.47324  
220.800   -23.47924  
220.900   -23.48523  
221.000   -23.49121  
221.100   -23.49720  
221.200   -23.50318  
221.300   -23.50916  
221.400   -23.51514  
221.500   -23.52112  
221.600   -23.52709  
221.700   -23.53306  
221.800   -23.53903  
221.900   -23.54500  
222.000   -23.55096  
222.100   -23.55692  
222.200   -23.56288  
222.300   -23.56884  
222.400   -23.57480  
222.500   -23.58075  
222.600   -23.58670  
222.700   -23.59265  
222.800   -23.59860  
222.900   -23.60454  
223.000   -23.61048  
223.100   -23.61642  
223.200   -23.62236  
223.300   -23.62829  
223.400   -23.63423  
223.500   -23.64016  
223.600   -23.64608  
223.700   -23.65201  
223.800   -23.65793  
223.900   -23.66386  
224.000   -23.66978  
224.100   -23.67569  
224.200   -23.68161  
224.300   -23.68752  
224.400   -23.69343  
224.500   -23.69934  
224.600   -23.70524  
224.700   -23.71115  
224.800   -23.71705  
224.900   -23.72295  
225.000   -23.72884  
225.100   -23.73474  
225.200   -23.74063  
225.300   -23.74652  
225.400   -23.75241  
225.500   -23.75829  
225.600   -23.76418  
225.700   -23.77006  
225.800   -23.77594  
225.900   -23.78181  
226.000   -23.78769  
226.100   -23.79356  
226.200   -23.79943  
226.300   -23.80530  
226.400   -23.81116  
226.500   -23.81702  
226.600   -23.82289  
226.700   -23.82874  
226.800   -23.83460  
226.900   -23.84045  
227.000   -23.84631  
227.100   -23.85216  
227.200   -23.85800  
227.300   -23.86385  
227.400   -23.86969  
227.500   -23.87553  
227.600   -23.88137  
227.700   -23.88721  
227.800   -23.89304  
227.900   -23.89887  
228.000   -23.90470  
228.100   -23.91053  
228.200   -23.91635  
228.300   -23.92218  
228.400   -23.92800  
228.500   -23.93382  
228.600   -23.93963  
228.700   -23.94545  
228.800   -23.95126  
228.900   -23.95707  
229.000   -23.96287  
229.100   -23.96868  
229.200   -23.97448  
229.300   -23.98028  
229.400   -23.98608  
229.500   -23.99188  
229.600   -23.99767  
229.700   -24.00346  
229.800   -24.00925  
229.900   -24.01504  
230.000   -24.02082  
230.100   -24.02661  
230.200   -24.03239  
230.300   -24.03817  
230.400   -24.04394  
230.500   -24.04972  
230.600   -24.05549  
230.700   -24.06126  
230.800   -24.06702  
230.900   -24.07279  
231.000   -24.07855  
231.100   -24.08431  
231.200   -24.09007  
231.300   -24.09583  
231.400   -24.10158  
231.500   -24.10733  
231.600   -24.11308  
231.700   -24.11883  
231.800   -24.12458  
231.900   -24.13032  
232.000   -24.13606  
232.100   -24.14180  
232.200   -24.14753  
232.300   -24.15327  
232.400   -24.15900  
232.500   -24.16473  
232.600   -24.17046  
232.700   -24.17618  
232.800   -24.18191  
232.900   -24.18763  
233.000   -24.19335  
233.100   -24.19906  
233.200   -24.20478  
233.300   -24.21049  
233.400   -24.21620  
233.500   -24.22191  
233.600   -24.22761  
233.700   -24.23332  
233.800   -24.23902  
233.900   -24.24472  
234.000   -24.25041  
234.100   -24.25611  
234.200   -24.26180  
234.300   -24.26749  
234.400   -24.27318  
234.500   -24.27887  
234.600   -24.28455  
234.700   -24.29023  
234.800   -24.29591  
234.900   -24.30159  
235.000   -24.30726  
235.100   -24.31294  
235.200   -24.31861  
235.300   -24.32428  
235.400   -24.32994  
235.500   -24.33561  
235.600   -24.34127  
235.700   -24.34693  
235.800   -24.35259  
235.900   -24.35824  
236.000   -24.36390  
236.100   -24.36955  
236.200   -24.37520  
236.300   -24.38084  
236.400   -24.38649  
236.500   -24.39213  
236.600   -24.39777  
236.700   -24.40341  
236.800   -24.40904  
236.900   -24.41468  
237.000   -24.42031  
237.100   -24.42594  
237.200   -24.43157  
237.300   -24.43719  
237.400   -24.44282  
237.500   -24.44844  
237.600   -24.45405  
237.700   -24.45967  
237.800   -24.46529  
237.900   -24.47090  
238.000   -24.47651  
238.100   -24.48212  
238.200   -24.48772  
238.300   -24.49333  
238.400   -24.49893  
238.500   -24.50453  
238.600   -24.51012  
238.700   -24.51572  
238.800   -24.52131  
238.900   -24.52690  
239.000   -24.53249  
239.100   -24.53808  
239.200   -24.54366  
239.300   -24.54924  
239.400   -24.55482  
239.500   -24.56040  
239.600   -24.56598  
239.700   -24.57155  
239.800   -24.57712  
239.900   -24.58269  
240.000   -24.58826  
240.100   -24.59383  
240.200   -24.59939  
240.300   -24.60495  
240.400   -24.61051  
240.500   -24.61606  
240.600   -24.62162  
240.700   -24.62717  
240.800   -24.63272  
240.900   -24.63827  
241.000   -24.64381  
241.100   -24.64936  
241.200   -24.65490  
241.300   -24.66044  
241.400   -24.66598  
241.500   -24.67151  
241.600   -24.67705  
241.700   -24.68258  
241.800   -24.68811  
241.900   -24.69363  
242.000   -24.69916  
242.100   -24.70468  
242.200   -24.71020  
242.300   -24.71572  
242.400   -24.72123  
242.500   -24.72675  
242.600   -24.73226  
242.700   -24.73777  
242.800   -24.74328  
242.900   -24.74878  
243.000   -24.75429  
243.100   -24.75979  
243.200   -24.76529  
243.300   -24.77078  
243.400   -24.77628  
243.500   -24.78177  
243.600   -24.78726  
243.700   -24.79275  
243.800   -24.79824  
243.900   -24.80372  
244.000   -24.80921  
244.100   -24.81469  
244.200   -24.82016  
244.300   -24.82564  
244.400   -24.83111  
244.500   -24.83659  
244.600   -24.84206  
244.700   -24.84752  
244.800   -24.85299  
244.900   -24.85845  
245.000   -24.86391  
245.100   -24.86937  
245.200   -24.87483  
245.300   -24.88029  
245.400   -24.88574  
245.500   -24.89119  
245.600   -24.89664  
245.700   -24.90209  
245.800   -24.90753  
245.900   -24.91297  
246.000   -24.91841  
246.100   -24.92385  
246.200   -24.92929  
246.300   -24.93472  
246.400   -24.94016  
246.500   -24.94559  
246.600   -24.95101  
246.700   -24.95644  
246.800   -24.96186  
246.900   -24.96729  
247.000   -24.97271  
247.100   -24.97812  
247.200   -24.98354  
247.300   -24.98895  
247.400   -24.99436  
247.500   -24.99977  
247.600   -25.00518  
247.700   -25.01059  
247.800   -25.01599  
247.900   -25.02139  
248.000   -25.02679  
248.100   -25.03219  
248.200   -25.03758  
248.300   -25.04297  
248.400   -25.04837  
248.500   -25.05375  
248.600   -25.05914  
248.700   -25.06453  
248.800   -25.06991  
248.900   -25.07529  
249.000   -25.08067  
249.100   -25.08604  
249.200   -25.09142  
249.300   -25.09679  
249.400   -25.10216  
249.500   -25.10753  
249.600   -25.11289  
249.700   -25.11826  
249.800   -25.12362  
249.900   -25.12898  
250.000   -25.13434  
250.100   -25.13969  
250.200   -25.14505  
250.300   -25.15040  
250.400   -25.15575  
250.500   -25.16110  
250.600   -25.16644  
250.700   -25.17179  
250.800   -25.17713  
250.900   -25.18247  
251.000   -25.18780  
251.100   -25.19314  
251.200   -25.19847  
251.300   -25.20380  
251.400   -25.20913  
251.500   -25.21446  
251.600   -25.21979  
251.700   -25.22511  
251.800   -25.23043  
251.900   -25.23575  
252.000   -25.24107  
252.100   -25.24638  
252.200   -25.25170  
252.300   -25.25701  
252.400   -25.26232  
252.500   -25.26762  
252.600   -25.27293  
252.700   -25.27823  
252.800   -25.28353  
252.900   -25.28883  
253.000   -25.29413  
253.100   -25.29942  
253.200   -25.30472  
253.300   -25.31001  
253.400   -25.31529  
253.500   -25.32058  
253.600   -25.32587  
253.700   -25.33115  
253.800   -25.33643  
253.900   -25.34171  
254.000   -25.34699  
254.100   -25.35226  
254.200   -25.35753  
254.300   -25.36280  
254.400   -25.36807  
254.500   -25.37334  
254.600   -25.37860  
254.700   -25.38387  
254.800   -25.38913  
254.900   -25.39439  
255.000   -25.39964  
255.100   -25.40490  
255.200   -25.41015  
255.300   -25.41540  
255.400   -25.42065  
255.500   -25.42590  
255.600   -25.43114  
255.700   -25.43638  
255.800   -25.44163  
255.900   -25.44686  
256.000   -25.45210  
256.100   -25.45734  
256.200   -25.46257  
256.300   -25.46780  
256.400   -25.47303  
256.500   -25.47825  
256.600   -25.48348  
256.700   -25.48870  
256.800   -25.49392  
256.900   -25.49914  
257.000   -25.50436  
257.100   -25.50957  
257.200   -25.51479  
257.300   -25.52000  
257.400   -25.52521  
257.500   -25.53041  
257.600   -25.53562  
257.700   -25.54082  
257.800   -25.54602  
257.900   -25.55122  
258.000   -25.55642  
258.100   -25.56162  
258.200   -25.56681  
258.300   -25.57200  
258.400   -25.57719  
258.500   -25.58238  
258.600   -25.58756  
258.700   -25.59275  
258.800   -25.59793  
258.900   -25.60311  
259.000   -25.60828  
259.100   -25.61346  
259.200   -25.61863  
259.300   -25.62381  
259.400   -25.62898  
259.500   -25.63414  
259.600   -25.63931  
259.700   -25.64447  
259.800   -25.64963  
259.900   -25.65479  
260.000   -25.65995  
260.100   -25.66511  
260.200   -25.67026  
260.300   -25.67542  
260.400   -25.68057  
260.500   -25.68571  
260.600   -25.69086  
260.700   -25.69600  
260.800   -25.70115  
260.900   -25.70629  
261.000   -25.71143  
261.100   -25.71656  
261.200   -25.72170  
261.300   -25.72683  
261.400   -25.73196  
261.500   -25.73709  
261.600   -25.74222  
261.700   -25.74734  
261.800   -25.75247  
261.900   -25.75759  
262.000   -25.76271  
262.100   -25.76782  
262.200   -25.77294  
262.300   -25.77805  
262.400   -25.78316  
262.500   -25.78827  
262.600   -25.79338  
262.700   -25.79849  
262.800   -25.80359  
262.900   -25.80869  
263.000   -25.81379  
263.100   -25.81889  
263.200   -25.82399  
263.300   -25.82908  
263.400   -25.83417  
263.500   -25.83926  
263.600   -25.84435  
263.700   -25.84944  
263.800   -25.85452  
263.900   -25.85961  
264.000   -25.86469  
264.100   -25.86977  
264.200   -25.87484  
264.300   -25.87992  
264.400   -25.88499  
264.500   -25.89006  
264.600   -25.89513  
264.700   -25.90020  
264.800   -25.90527  
264.900   -25.91033  
265.000   -25.91539  
265.100   -25.92045  
265.200   -25.92551  
265.300   -25.93057  
265.400   -25.93562  
265.500   -25.94067  
265.600   -25.94572  
265.700   -25.95077  
265.800   -25.95582  
265.900   -25.96086  
266.000   -25.96591  
266.100   -25.97095  
266.200   -25.97599  
266.300   -25.98102  
266.400   -25.98606  
266.500   -25.99109  
266.600   -25.99613  
266.700   -26.00116  
266.800   -26.00618  
266.900   -26.01121  
267.000   -26.01623  
267.100   -26.02126  
267.200   -26.02628  
267.300   -26.03130  
267.400   -26.03631  
267.500   -26.04133  
267.600   -26.04634  
267.700   -26.05135  
267.800   -26.05636  
267.900   -26.06137  
268.000   -26.06637  
268.100   -26.07138  
268.200   -26.07638  
268.300   -26.08138  
268.400   -26.08638  
268.500   -26.09137  
268.600   -26.09637  
268.700   -26.10136  
268.800   -26.10635  
268.900   -26.11134  
269.000   -26.11633  
269.100   -26.12131  
269.200   -26.12629  
269.300   -26.13128  
269.400   -26.13626  
269.500   -26.14123  
269.600   -26.14621  
269.700   -26.15118  
269.800   -26.15616  
269.900   -26.16113  
270.000   -26.16609  
270.100   -26.17106  
270.200   -26.17603  
270.300   -26.18099  
270.400   -26.18595  
270.500   -26.19091  
270.600   -26.19587  
270.700   -26.20082  
270.800   -26.20578  
270.900   -26.21073  
271.000   -26.21568  
271.100   -26.22063  
271.200   -26.22557  
271.300   -26.23052  
271.400   -26.23546  
271.500   -26.24040  
271.600   -26.24534  
271.700   -26.25028  
271.800   -26.25521  
271.900   -26.26015  
272.000   -26.26508  
272.100   -26.27001  
272.200   -26.27494  
272.300   -26.27986  
272.400   -26.28479  
272.500   -26.28971  
272.600   -26.29463  
272.700   -26.29955  
272.800   -26.30447  
272.900   -26.30938  
273.000   -26.31430  
273.100   -26.31921  
273.200   -26.32412  
273.300   -26.32903  
273.400   -26.33394  
273.500   -26.33884  
273.600   -26.34374  
273.700   -26.34864  
273.800   -26.35354  
273.900   -26.35844  
274.000   -26.36334  
274.100   -26.36823  
274.200   -26.37312  
274.300   -26.37801  
274.400   -26.38290  
274.500   -26.38779  
274.600   -26.39267  
274.700   -26.39756  
274.800   -26.40244  
274.900   -26.40732  
275.000   -26.41220  
275.100   -26.41707  
275.200   -26.42195  
275.300   -26.42682  
275.400   -26.43169  
275.500   -26.43656  
275.600   -26.44143  
275.700   -26.44629  
275.800   -26.45115  
275.900   -26.45602  
276.000   -26.46088  
276.100   -26.46573  
276.200   -26.47059  
276.300   -26.47545  
276.400   -26.48030  
276.500   -26.48515  
276.600   -26.49000  
276.700   -26.49485  
276.800   -26.49969  
276.900   -26.50454  
277.000   -26.50938  
277.100   -26.51422  
277.200   -26.51906  
277.300   -26.52390  
277.400   -26.52873  
277.500   -26.53357  
277.600   -26.53840  
277.700   -26.54323  
277.800   -26.54806  
277.900   -26.55288  
278.000   -26.55771  
278.100   -26.56253  
278.200   -26.56735  
278.300   -26.57217  
278.400   -26.57699  
278.500   -26.58181  
278.600   -26.58662  
278.700   -26.59143  
278.800   -26.59624  
278.900   -26.60105  
279.000   -26.60586  
279.100   -26.61067  
279.200   -26.61547  
279.300   -26.62027  
279.400   -26.62507  
279.500   -26.62987  
279.600   -26.63467  
279.700   -26.63946  
279.800   -26.64426  
279.900   -26.64905  
280.000   -26.65384  
280.100   -26.65863  
280.200   -26.66341  
280.300   -26.66820  
280.400   -26.67298  
280.500   -26.67776  
280.600   -26.68254  
280.700   -26.68732  
280.800   -26.69210  
280.900   -26.69687  
281.000   -26.70165  
281.100   -26.70642  
281.200   -26.71119  
281.300   -26.71595  
281.400   -26.72072  
281.500   -26.72548  
281.600   -26.73025  
281.700   -26.73501  
281.800   -26.73977  
281.900   -26.74452  
282.000   -26.74928  
282.100   -26.75403  
282.200   -26.75879  
282.300   -26.76354  
282.400   -26.76829  
282.500   -26.77303  
282.600   -26.77778  
282.700   -26.78252  
282.800   -26.78727  
282.900   -26.79201  
283.000   -26.79675  
283.100   -26.80148  
283.200   -26.80622  
283.300   -26.81095  
283.400   -26.81568  
283.500   -26.82041  
283.600   -26.82514  
283.700   -26.82987  
283.800   -26.83460  
283.900   -26.83932  
284.000   -26.84404  
284.100   -26.84876  
284.200   -26.85348  
284.300   -26.85820  
284.400   -26.86291  
284.500   -26.86763  
284.600   -26.87234  
284.700   -26.87705  
284.800   -26.88176  
284.900   -26.88646  
285.000   -26.89117  
285.100   -26.89587  
285.200   -26.90058  
285.300   -26.90528  
285.400   -26.90997  
285.500   -26.91467  
285.600   -26.91937  
285.700   -26.92406  
285.800   -26.92875  
285.900   -26.93344  
286.000   -26.93813  
286.100   -26.94282  
286.200   -26.94750  
286.300   -26.95219  
286.400   -26.95687  
286.500   -26.96155  
286.600   -26.96623  
286.700   -26.97091  
286.800   -26.97558  
286.900   -26.98026  
287.000   -26.98493  
287.100   -26.98960  
287.200   -26.99427  
287.300   -26.99894  
287.400   -27.00360  
287.500   -27.00827  
287.600   -27.01293  
287.700   -27.01759  
287.800   -27.02225  
287.900   -27.02691  
288.000   -27.03156  
288.100   -27.03622  
288.200   -27.04087  
288.300   -27.04552  
288.400   -27.05017  
288.500   -27.05482  
288.600   -27.05946  
288.700   -27.06411  
288.800   -27.06875  
288.900   -27.07339  
289.000   -27.07803  
289.100   -27.08267  
289.200   -27.08731  
289.300   -27.09194  
289.400   -27.09657  
289.500   -27.10121  
289.600   -27.10584  
289.700   -27.11046  
289.800   -27.11509  
289.900   -27.11972  
290.000   -27.12434  
290.100   -27.12896  
290.200   -27.13358  
290.300   -27.13820  
290.400   -27.14282  
290.500   -27.14743  
290.600   -27.15205  
290.700   -27.15666  
290.800   -27.16127  
290.900   -27.16588  
291.000   -27.17049  
291.100   -27.17509  
291.200   -27.17970  
291.300   -27.18430  
291.400   -27.18890  
291.500   -27.19350  
291.600   -27.19810  
291.700   -27.20270  
291.800   -27.20729  
291.900   -27.21189  
292.000   -27.21648  
292.100   -27.22107  
292.200   -27.22566  
292.300   -27.23024  
292.400   -27.23483  
292.500   -27.23941  
292.600   -27.24399  
292.700   -27.24858  
292.800   -27.25315  
292.900   -27.25773  
293.000   -27.26231  
293.100   -27.26688  
293.200   -27.27146  
293.300   -27.27603  
293.400   -27.28060  
293.500   -27.28517  
293.600   -27.28973  
293.700   -27.29430  
293.800   -27.29886  
293.900   -27.30342  
294.000   -27.30798  
294.100   -27.31254  
294.200   -27.31710  
294.300   -27.32165  
294.400   -27.32621  
294.500   -27.33076  
294.600   -27.33531  
294.700   -27.33986  
294.800   -27.34441  
294.900   -27.34896  
295.000   -27.35350  
295.100   -27.35805  
295.200   -27.36259  
295.300   -27.36713  
295.400   -27.37167  
295.500   -27.37620  
295.600   -27.38074  
295.700   -27.38527  
295.800   -27.38981  
295.900   -27.39434  
296.000   -27.39887  
296.100   -27.40340  
296.200   -27.40792  
296.300   -27.41245  
296.400   -27.41697  
296.500   -27.42149  
296.600   -27.42601  
296.700   -27.43053  
296.800   -27.43505  
296.900   -27.43956  
297.000   -27.44408  
297.100   -27.44859  
297.200   -27.45310  
297.300   -27.45761  
297.400   -27.46212  
297.500   -27.46663  
297.600   -27.47113  
297.700   -27.47564  
297.800   -27.48014  
297.900   -27.48464  
298.000   -27.48914  
298.100   -27.49364  
298.200   -27.49813  
298.300   -27.50263  
298.400   -27.50712  
298.500   -27.51161  
298.600   -27.51610  
298.700   -27.52059  
298.800   -27.52508  
298.900   -27.52957  
299.000   -27.53405  
299.100   -27.53853  
299.200   -27.54301  
299.300   -27.54749  
299.400   -27.55197  
299.500   -27.55645  
299.600   -27.56093  
299.700   -27.56540  
299.800   -27.56987  
299.900   -27.57434  
300.000   -27.57881  
300.100   -27.58328  
300.200   -27.58775  
300.300   -27.59221  
300.400   -27.59668  
300.500   -27.60114  
300.600   -27.60560  
300.700   -27.61006  
300.800   -27.61452  
300.900   -27.61897  
301.000   -27.62343  
301.100   -27.62788  
301.200   -27.63233  
301.300   -27.63678  
301.400   -27.64123  
301.500   -27.64568  
301.600   -27.65012  
301.700   -27.65457  
301.800   -27.65901  
301.900   -27.66345  
302.000   -27.66789  
302.100   -27.67233  
302.200   -27.67677  
302.300   -27.68121  
302.400   -27.68564  
302.500   -27.69007  
302.600   -27.69450  
302.700   -27.69893  
302.800   -27.70336  
302.900   -27.70779  
303.000   -27.71222  
303.100   -27.71664  
303.200   -27.72106  
303.300   -27.72549  
303.400   -27.72991  
303.500   -27.73432  
303.600   -27.73874  
303.700   -27.74316  
303.800   -27.74757  
303.900   -27.75198  
304.000   -27.75640  
304.100   -27.76081  
304.200   -27.76521  
304.300   -27.76962  
304.400   -27.77403  
304.500   -27.77843  
304.600   -27.78283  
304.700   -27.78724  
304.800   -27.79164  
304.900   -27.79603  
305.000   -27.80043  
305.100   -27.80483  
305.200   -27.80922  
305.300   -27.81362  
305.400   -27.81801  
305.500   -27.82240  
305.600   -27.82679  
305.700   -27.83117  
305.800   -27.83556  
305.900   -27.83994  
306.000   -27.84433  
306.100   -27.84871  
306.200   -27.85309  
306.300   -27.85747  
306.400   -27.86185  
306.500   -27.86622  
306.600   -27.87060  
306.700   -27.87497  
306.800   -27.87934  
306.900   -27.88371  
307.000   -27.88808  
307.100   -27.89245  
307.200   -27.89682  
307.300   -27.90118  
307.400   -27.90555  
307.500   -27.90991  
307.600   -27.91427  
307.700   -27.91863  
307.800   -27.92299  
307.900   -27.92734  
308.000   -27.93170  
308.100   -27.93605  
308.200   -27.94041  
308.300   -27.94476  
308.400   -27.94911  
308.500   -27.95346  
308.600   -27.95780  
308.700   -27.96215  
308.800   -27.96649  
308.900   -27.97084  
309.000   -27.97518  
309.100   -27.97952  
309.200   -27.98386  
309.300   -27.98820  
309.400   -27.99253  
309.500   -27.99687  
309.600   -28.00120  
309.700   -28.00553  
309.800   -28.00986  
309.900   -28.01419  
310.000   -28.01852  
310.100   -28.02285  
310.200   -28.02717  
310.300   -28.03150  
310.400   -28.03582  
310.500   -28.04014  
310.600   -28.04446  
310.700   -28.04878  
310.800   -28.05310  
310.900   -28.05742  
311.000   -28.06173  
311.100   -28.06604  
311.200   -28.07036  
311.300   -28.07467  
311.400   -28.07898  
311.500   -28.08329  
311.600   -28.08759  
311.700   -28.09190  
311.800   -28.09620  
311.900   -28.10051  
312.000   -28.10481  
312.100   -28.10911  
312.200   -28.11341  
312.300   -28.11770  
312.400   -28.12200  
312.500   -28.12630  
312.600   -28.13059  
312.700   -28.13488  
312.800   -28.13917  
312.900   -28.14346  
313.000   -28.14775  
313.100   -28.15204  
313.200   -28.15632  
313.300   -28.16061  
313.400   -28.16489  
313.500   -28.16917  
313.600   -28.17345  
313.700   -28.17773  
313.800   -28.18201  
313.900   -28.18629  
314.000   -28.19056  
314.100   -28.19484  
314.200   -28.19911  
314.300   -28.20338  
314.400   -28.20765  
314.500   -28.21192  
314.600   -28.21619  
314.700   -28.22046  
314.800   -28.22472  
314.900   -28.22899  
315.000   -28.23325  
315.100   -28.23751  
315.200   -28.24177  
315.300   -28.24603  
315.400   -28.25029  
315.500   -28.25454  
315.600   -28.25880  
315.700   -28.26305  
315.800   -28.26730  
315.900   -28.27156  
316.000   -28.27581  
316.100   -28.28005  
316.200   -28.28430  
316.300   -28.28855  
316.400   -28.29279  
316.500   -28.29704  
316.600   -28.30128  
316.700   -28.30552  
316.800   -28.30976  
316.900   -28.31400  
317.000   -28.31824  
317.100   -28.32247  
317.200   -28.32671  
317.300   -28.33094  
317.400   -28.33517  
317.500   -28.33940  
317.600   -28.34363  
317.700   -28.34786  
317.800   -28.35209  
317.900   -28.35631  
318.000   -28.36054  
318.100   -28.36476  
318.200   -28.36899  
318.300   -28.37321  
318.400   -28.37743  
318.500   -28.38165  
318.600   -28.38586  
318.700   -28.39008  
318.800   -28.39429  
318.900   -28.39851  
319.000   -28.40272  
319.100   -28.40693  
319.200   -28.41114  
319.300   -28.41535  
319.400   -28.41956  
319.500   -28.42377  
319.600   -28.42797  
319.700   -28.43217  
319.800   -28.43638  
319.900   -28.44058  
320.000   -28.44478  
320.100   -28.44898  
320.200   -28.45318  
320.300   -28.45737  
320.400   -28.46157  
320.500   -28.46576  
320.600   -28.46996  
320.700   -28.47415  
320.800   -28.47834  
320.900   -28.48253  
321.000   -28.48672  
321.100   -28.49090  
321.200   -28.49509  
321.300   -28.49927  
321.400   -28.50346  
321.500   -28.50764  
321.600   -28.51182  
321.700   -28.51600  
321.800   -28.52018  
321.900   -28.52436  
322.000   -28.52853  
322.100   -28.53271  
322.200   -28.53688  
322.300   -28.54106  
322.400   -28.54523  
322.500   -28.54940  
322.600   -28.55357  
322.700   -28.55774  
322.800   -28.56190  
322.900   -28.56607  
323.000   -28.57023  
323.100   -28.57440  
323.200   -28.57856  
323.300   -28.58272  
323.400   -28.58688  
323.500   -28.59104  
323.600   -28.59520  
323.700   -28.59935  
323.800   -28.60351  
323.900   -28.60766  
324.000   -28.61182  
324.100   -28.61597  
324.200   -28.62012  
324.300   -28.62427  
324.400   -28.62842  
324.500   -28.63256  
324.600   -28.63671  
324.700   -28.64085  
324.800   -28.64500  
324.900   -28.64914  
325.000   -28.65328  
325.100   -28.65742  
325.200   -28.66156  
325.300   -28.66570  
325.400   -28.66984  
325.500   -28.67397  
325.600   -28.67811  
325.700   -28.68224  
325.800   -28.68637  
325.900   -28.69050  
326.000   -28.69463  
326.100   -28.69876  
326.200   -28.70289  
326.300   -28.70702  
326.400   -28.71114  
326.500   -28.71527  
326.600   -28.71939  
326.700   -28.72351  
326.800   -28.72763  
326.900   -28.73175  
327.000   -28.73587  
327.100   -28.73999  
327.200   -28.74411  
327.300   -28.74822  
327.400   -28.75234  
327.500   -28.75645  
327.600   -28.76056  
327.700   -28.76467  
327.800   -28.76878  
327.900   -28.77289  
328.000   -28.77700  
328.100   -28.78111  
328.200   -28.78521  
328.300   -28.78932  
328.400   -28.79342  
328.500   -28.79752  
328.600   -28.80162  
328.700   -28.80572  
328.800   -28.80982  
328.900   -28.81392  
329.000   -28.81802  
329.100   -28.82211  
329.200   -28.82621  
329.300   -28.83030  
329.400   -28.83439  
329.500   -28.83849  
329.600   -28.84258  
329.700   -28.84666  
329.800   -28.85075  
329.900   -28.85484  
330.000   -28.85893  
330.100   -28.86301  
330.200   -28.86709  
330.300   -28.87118  
330.400   -28.87526  
330.500   -28.87934  
330.600   -28.88342  
330.700   -28.88750  
330.800   -28.89158  
330.900   -28.89565  
331.000   -28.89973  
331.100   -28.90380  
331.200   -28.90787  
331.300   -28.91195  
331.400   -28.91602  
331.500   -28.92009  
331.600   -28.92416  
331.700   -28.92822  
331.800   -28.93229  
331.900   -28.93636  
332.000   -28.94042  
332.100   -28.94449  
332.200   -28.94855  
332.300   -28.95261  
332.400   -28.95667  
332.500   -28.96073  
332.600   -28.96479  
332.700   -28.96885  
332.800   -28.97290  
332.900   -28.97696  
333.000   -28.98101  
333.100   -28.98506  
333.200   -28.98912  
333.300   -28.99317  
333.400   -28.99722  
333.500   -29.00127  
333.600   -29.00532  
333.700   -29.00936  
333.800   -29.01341  
333.900   -29.01745  
334.000   -29.02150  
334.100   -29.02554  
334.200   -29.02958  
334.300   -29.03362  
334.400   -29.03766  
334.500   -29.04170  
334.600   -29.04574  
334.700   -29.04978  
334.800   -29.05381  
334.900   -29.05785  
335.000   -29.06188  
335.100   -29.06592  
335.200   -29.06995  
335.300   -29.07398  
335.400   -29.07801  
335.500   -29.08204  
335.600   -29.08607  
335.700   -29.09009  
335.800   -29.09412  
335.900   -29.09814  
336.000   -29.10217  
336.100   -29.10619  
336.200   -29.11021  
336.300   -29.11423  
336.400   -29.11825  
336.500   -29.12227  
336.600   -29.12629  
336.700   -29.13031  
336.800   -29.13432  
336.900   -29.13834  
337.000   -29.14235  
337.100   -29.14637  
337.200   -29.15038  
337.300   -29.15439  
337.400   -29.15840  
337.500   -29.16241  
337.600   -29.16642  
337.700   -29.17042  
337.800   -29.17443  
337.900   -29.17843  
338.000   -29.18244  
338.100   -29.18644  
338.200   -29.19044  
338.300   -29.19445  
338.400   -29.19845  
338.500   -29.20245  
338.600   -29.20644  
338.700   -29.21044  
338.800   -29.21444  
338.900   -29.21843  
339.000   -29.22243  
339.100   -29.22642  
339.200   -29.23042  
339.300   -29.23441  
339.400   -29.23840  
339.500   -29.24239  
339.600   -29.24638  
339.700   -29.25037  
339.800   -29.25435  
339.900   -29.25834  
340.000   -29.26233  
340.100   -29.26631  
340.200   -29.27029  
340.300   -29.27428  
340.400   -29.27826  
340.500   -29.28224  
340.600   -29.28622  
340.700   -29.29020  
340.800   -29.29417  
340.900   -29.29815  
341.000   -29.30213  
341.100   -29.30610  
341.200   -29.31008  
341.300   -29.31405  
341.400   -29.31802  
341.500   -29.32199  
341.600   -29.32596  
341.700   -29.32993  
341.800   -29.33390  
341.900   -29.33787  
342.000   -29.34184  
342.100   -29.34580  
342.200   -29.34977  
342.300   -29.35373  
342.400   -29.35769  
342.500   -29.36166  
342.600   -29.36562  
342.700   -29.36958  
342.800   -29.37354  
342.900   -29.37750  
343.000   -29.38145  
343.100   -29.38541  
343.200   -29.38937  
343.300   -29.39332  
343.400   -29.39728  
343.500   -29.40123  
343.600   -29.40518  
343.700   -29.40913  
343.800   -29.41308  
343.900   -29.41703  
344.000   -29.42098  
344.100   -29.42493  
344.200   -29.42888  
344.300   -29.43282  
344.400   -29.43677  
344.500   -29.44071  
344.600   -29.44466  
344.700   -29.44860  
344.800   -29.45254  
344.900   -29.45648  
345.000   -29.46042  
345.100   -29.46436  
345.200   -29.46830  
345.300   -29.47224  
345.400   -29.47617  
345.500   -29.48011  
345.600   -29.48405  
345.700   -29.48798  
345.800   -29.49191  
345.900   -29.49585  
346.000   -29.49978  
346.100   -29.50371  
346.200   -29.50764  
346.300   -29.51157  
346.400   -29.51549  
346.500   -29.51942  
346.600   -29.52335  
346.700   -29.52727  
346.800   -29.53120  
346.900   -29.53512  
347.000   -29.53904  
347.100   -29.54297  
347.200   -29.54689  
347.300   -29.55081  
347.400   -29.55473  
347.500   -29.55865  
347.600   -29.56257  
347.700   -29.56648  
347.800   -29.57040  
347.900   -29.57431  
348.000   -29.57823  
348.100   -29.58214  
348.200   -29.58606  
348.300   -29.58997  
348.400   -29.59388  
348.500   -29.59779  
348.600   -29.60170  
348.700   -29.60561  
348.800   -29.60952  
348.900   -29.61342  
349.000   -29.61733  
349.100   -29.62124  
349.200   -29.62514  
349.300   -29.62905  
349.400   -29.63295  
349.500   -29.63685  
349.600   -29.64075  
349.700   -29.64465  
349.800   -29.64855  
349.900   -29.65245  
350.000   -29.65635  