0.000     0.00000  
  0.100     0.00000  
  0.200     0.00000  
  0.300     0.00000  
  0.400     0.00000  
  0.500     0.00000  
  0.600     0.00000  
  0.700     0.00000  
  0.800     0.00000  
  0.900     0.00000  
  1.000     0.00000  
  1.100     0.00000  
  1.200     0.00000  
  1.300     0.00000  
  1.400     0.00000  
  1.500     0.00000  
  1.600     0.00000  
  1.700     0.00000  
  1.800     0.00000  
  1.900     0.00000  
  2.000     0.00000  
  2.100     0.00000  
  2.200     0.00000  
  2.300     0.00000  
  2.400     0.00000  
  2.500     0.00000  
  2.600     0.00000  
  2.700     0.00000  
  2.800     0.00000  
  2.900     0.00000  
  3.000     0.00000  
  3.100     0.00000  
  3.200     0.00000  
  3.300     0.00000  
  3.400     0.00000  
  3.500     0.00000  
  3.600     0.00000  
  3.700     0.00000  
  3.800     0.00000  
  3.900     0.00000  
  4.000     0.00000  
  4.100     0.00000  
  4.200     0.00000  
  4.300     0.00000  
  4.400     0.00000  
  4.500     0.00000  
  4.600     0.00000  
  4.700     0.00000  
  4.800     0.00000  
  4.900     0.00000  
  5.000     0.00000  
  5.100     0.00000  
  5.200     0.00000  
  5.300     0.00000  
  5.400     0.00000  
  5.500     0.00000  
  5.600     0.00000  
  5.700     0.00000  
  5.800     0.00000  
  5.900     0.00000  
  6.000     0.00000  
  6.100     0.00000  
  6.200     0.00000  
  6.300     0.00000  
  6.400     0.00000  
  6.500     0.00000  
  6.600     0.00000  
  6.700     0.00000  
  6.800     0.00000  
  6.900     0.00000  
  7.000     0.00000  
  7.100    -0.00001  
  7.200    -0.00001  
  7.300    -0.00001  
  7.400    -0.00001  
  7.500    -0.00001  
  7.600    -0.00001  
  7.700    -0.00001  
  7.800    -0.00001  
  7.900    -0.00001  
  8.000    -0.00001  
  8.100    -0.00001  
  8.200    -0.00001  
  8.300    -0.00001  
  8.400    -0.00001  
  8.500    -0.00002  
  8.600    -0.00002  
  8.700    -0.00002  
  8.800    -0.00002  
  8.900    -0.00002  
  9.000    -0.00002  
  9.100    -0.00002  
  9.200    -0.00002  
  9.300    -0.00003  
  9.400    -0.00003  
  9.500    -0.00003  
  9.600    -0.00003  
  9.700    -0.00003  
  9.800    -0.00003  
  9.900    -0.00004  
 10.000    -0.00004  
 10.100    -0.00004  
 10.200    -0.00004  
 10.300    -0.00004  
 10.400    -0.00005  
 10.500    -0.00005  
 10.600    -0.00005  
 10.700    -0.00005  
 10.800    -0.00006  
 10.900    -0.00006  
 11.000    -0.00006  
 11.100    -0.00007  
 11.200    -0.00007  
 11.300    -0.00007  
 11.400    -0.00008  
 11.500    -0.00008  
 11.600    -0.00008  
 11.700    -0.00009  
 11.800    -0.00009  
 11.900    -0.00009  
 12.000    -0.00010  
 12.100    -0.00010  
 12.200    -0.00011  
 12.300    -0.00011  
 12.400    -0.00011  
 12.500    -0.00012  
 12.600    -0.00012  
 12.700    -0.00013  
 12.800    -0.00013  
 12.900    -0.00014  
 13.000    -0.00014  
 13.100    -0.00015  
 13.200    -0.00016  
 13.300    -0.00016  
 13.400    -0.00017  
 13.500    -0.00017  
 13.600    -0.00018  
 13.700    -0.00019  
 13.800    -0.00019  
 13.900    -0.00020  
 14.000    -0.00020  
 14.100    -0.00021  
 14.200    -0.00022  
 14.300    -0.00023  
 14.400    -0.00023  
 14.500    -0.00024  
 14.600    -0.00025  
 14.700    -0.00026  
 14.800    -0.00027  
 14.900    -0.00027  
 15.000    -0.00028  
 15.100    -0.00029  
 15.200    -0.00030  
 15.300    -0.00031  
 15.400    -0.00032  
 15.500    -0.00033  
 15.600    -0.00034  
 15.700    -0.00035  
 15.800    -0.00036  
 15.900    -0.00037  
 16.000    -0.00038  
 16.100    -0.00039  
 16.200    -0.00040  
 16.300    -0.00041  
 16.400    -0.00042  
 16.500    -0.00044  
 16.600    -0.00045  
 16.700    -0.00046  
 16.800    -0.00047  
 16.900    -0.00048  
 17.000    -0.00050  
 17.100    -0.00051  
 17.200    -0.00052  
 17.300    -0.00054  
 17.400    -0.00055  
 17.500    -0.00057  
 17.600    -0.00058  
 17.700    -0.00059  
 17.800    -0.00061  
 17.900    -0.00062  
 18.000    -0.00064  
 18.100    -0.00065  
 18.200    -0.00067  
 18.300    -0.00069  
 18.400    -0.00070  
 18.500    -0.00072  
 18.600    -0.00074  
 18.700    -0.00075  
 18.800    -0.00077  
 18.900    -0.00079  
 19.000    -0.00081  
 19.100    -0.00082  
 19.200    -0.00084  
 19.300    -0.00086  
 19.400    -0.00088  
 19.500    -0.00090  
 19.600    -0.00092  
 19.700    -0.00094  
 19.800    -0.00096  
 19.900    -0.00098  
 20.000    -0.00100  
 20.100    -0.00102  
 20.200    -0.00104  
 20.300    -0.00106  
 20.400    -0.00109  
 20.500    -0.00111  
 20.600    -0.00113  
 20.700    -0.00115  
 20.800    -0.00118  
 20.900    -0.00120  
 21.000    -0.00122  
 21.100    -0.00125  
 21.200    -0.00127  
 21.300    -0.00130  
 21.400    -0.00132  
 21.500    -0.00135  
 21.600    -0.00137  
 21.700    -0.00140  
 21.800    -0.00142  
 21.900    -0.00145  
 22.000    -0.00148  
 22.100    -0.00150  
 22.200    -0.00153  
 22.300    -0.00156  
 22.400    -0.00159  
 22.500    -0.00162  
 22.600    -0.00165  
 22.700    -0.00167  
 22.800    -0.00170  
 22.900    -0.00173  
 23.000    -0.00176  
 23.100    -0.00179  
 23.200    -0.00183  
 23.300    -0.00186  
 23.400    -0.00189  
 23.500    -0.00192  
 23.600    -0.00195  
 23.700    -0.00199  
 23.800    -0.00202  
 23.900    -0.00205  
 24.000    -0.00209  
 24.100    -0.00212  
 24.200    -0.00215  
 24.300    -0.00219  
 24.400    -0.00222  
 24.500    -0.00226  
 24.600    -0.00230  
 24.700    -0.00233  
 24.800    -0.00237  
 24.900    -0.00240  
 25.000    -0.00244  
 25.100    -0.00248  
 25.200    -0.00252  
 25.300    -0.00256  
 25.400    -0.00260  
 25.500    -0.00263  
 25.600    -0.00267  
 25.700    -0.00271  
 25.800    -0.00275  
 25.900    -0.00279  
 26.000    -0.00284  
 26.100    -0.00288  
 26.200    -0.00292  
 26.300    -0.00296  
 26.400    -0.00300  
 26.500    -0.00305  
 26.600    -0.00309  
 26.700    -0.00313  
 26.800    -0.00318  
 26.900    -0.00322  
 27.000    -0.00327  
 27.100    -0.00331  
 27.200    -0.00336  
 27.300    -0.00340  
 27.400    -0.00345  
 27.500    -0.00350  
 27.600    -0.00354  
 27.700    -0.00359  
 27.800    -0.00364  
 27.900    -0.00369  
 28.000    -0.00374  
 28.100    -0.00379  
 28.200    -0.00384  
 28.300    -0.00389  
 28.400    -0.00394  
 28.500    -0.00399  
 28.600    -0.00404  
 28.700    -0.00409  
 28.800    -0.00414  
 28.900    -0.00419  
 29.000    -0.00425  
 29.100    -0.00430  
 29.200    -0.00435  
 29.300    -0.00441  
 29.400    -0.00446  
 29.500    -0.00452  
 29.600    -0.00457  
 29.700    -0.00463  
 29.800    -0.00468  
 29.900    -0.00474  
 30.000    -0.00480  
 30.100    -0.00485  
 30.200    -0.00491  
 30.300    -0.00497  
 30.400    -0.00503  
 30.500    -0.00509  
 30.600    -0.00515  
 30.700    -0.00521  
 30.800    -0.00527  
 30.900    -0.00533  
 31.000    -0.00539  
 31.100    -0.00545  
 31.200    -0.00551  
 31.300    -0.00557  
 31.400    -0.00564  
 31.500    -0.00570  
 31.600    -0.00576  
 31.700    -0.00583  
 31.800    -0.00589  
 31.900    -0.00595  
 32.000    -0.00602  
 32.100    -0.00609  
 32.200    -0.00615  
 32.300    -0.00622  
 32.400    -0.00628  
 32.500    -0.00635  
 32.600    -0.00642  
 32.700    -0.00649  
 32.800    -0.00656  
 32.900    -0.00663  
 33.000    -0.00670  
 33.100    -0.00676  
 33.200    -0.00683  
 33.300    -0.00691  
 33.400    -0.00698  
 33.500    -0.00705  
 33.600    -0.00712  
 33.700    -0.00719  
 33.800    -0.00726  
 33.900    -0.00734  
 34.000    -0.00741  
 34.100    -0.00749  
 34.200    -0.00756  
 34.300    -0.00763  
 34.400    -0.00771  
 34.500    -0.00779  
 34.600    -0.00786  
 34.700    -0.00794  
 34.800    -0.00802  
 34.900    -0.00809  
 35.000    -0.00817  
 35.100    -0.00825  
 35.200    -0.00833  
 35.300    -0.00841  
 35.400    -0.00849  
 35.500    -0.00857  
 35.600    -0.00865  
 35.700    -0.00873  
 35.800    -0.00881  
 35.900    -0.00889  
 36.000    -0.00897  
 36.100    -0.00906  
 36.200    -0.00914  
 36.300    -0.00922  
 36.400    -0.00931  
 36.500    -0.00939  
 36.600    -0.00947  
 36.700    -0.00956  
 36.800    -0.00965  
 36.900    -0.00973  
 37.000    -0.00982  
 37.100    -0.00990  
 37.200    -0.00999  
 37.300    -0.01008  
 37.400    -0.01017  
 37.500    -0.01026  
 37.600    -0.01035  
 37.700    -0.01043  
 37.800    -0.01052  
 37.900    -0.01061  
 38.000    -0.01071  
 38.100    -0.01080  
 38.200    -0.01089  
 38.300    -0.01098  
 38.400    -0.01107  
 38.500    -0.01117  
 38.600    -0.01126  
 38.700    -0.01135  
 38.800    -0.01145  
 38.900    -0.01154  
 39.000    -0.01164  
 39.100    -0.01173  
 39.200    -0.01183  
 39.300    -0.01192  
 39.400    -0.01202  
 39.500    -0.01212  
 39.600    -0.01221  
 39.700    -0.01231  
 39.800    -0.01241  
 39.900    -0.01251  
 40.000    -0.01261  
 40.100    -0.01271  
 40.200    -0.01281  
 40.300    -0.01291  
 40.400    -0.01301  
 40.500    -0.01311  
 40.600    -0.01321  
 40.700    -0.01332  
 40.800    -0.01342  
 40.900    -0.01352  
 41.000    -0.01363  
 41.100    -0.01373  
 41.200    -0.01383  
 41.300    -0.01394  
 41.400    -0.01404  
 41.500    -0.01415  
 41.600    -0.01425  
 41.700    -0.01436  
 41.800    -0.01447  
 41.900    -0.01458  
 42.000    -0.01468  
 42.100    -0.01479  
 42.200    -0.01490  
 42.300    -0.01501  
 42.400    -0.01512  
 42.500    -0.01523  
 42.600    -0.01534  
 42.700    -0.01545  
 42.800    -0.01556  
 42.900    -0.01567  
 43.000    -0.01578  
 43.100    -0.01590  
 43.200    -0.01601  
 43.300    -0.01612  
 43.400    -0.01623  
 43.500    -0.01635  
 43.600    -0.01646  
 43.700    -0.01658  
 43.800    -0.01669  
 43.900    -0.01681  
 44.000    -0.01693  
 44.100    -0.01704  
 44.200    -0.01716  
 44.300    -0.01728  
 44.400    -0.01739  
 44.500    -0.01751  
 44.600    -0.01763  
 44.700    -0.01775  
 44.800    -0.01787  
 44.900    -0.01799  
 45.000    -0.01811  
 45.100    -0.01823  
 45.200    -0.01835  
 45.300    -0.01847  
 45.400    -0.01859  
 45.500    -0.01872  
 45.600    -0.01884  
 45.700    -0.01896  
 45.800    -0.01908  
 45.900    -0.01921  
 46.000    -0.01933  
 46.100    -0.01946  
 46.200    -0.01958  
 46.300    -0.01971  
 46.400    -0.01983  
 46.500    -0.01996  
 46.600    -0.02009  
 46.700    -0.02021  
 46.800    -0.02034  
 46.900    -0.02047  
 47.000    -0.02060  
 47.100    -0.02073  
 47.200    -0.02086  
 47.300    -0.02099  
 47.400    -0.02112  
 47.500    -0.02125  
 47.600    -0.02138  
 47.700    -0.02151  
 47.800    -0.02164  
 47.900    -0.02177  
 48.000    -0.02190  
 48.100    -0.02204  
 48.200    -0.02217  
 48.300    -0.02230  
 48.400    -0.02244  
 48.500    -0.02257  
 48.600    -0.02271  
 48.700    -0.02284  
 48.800    -0.02298  
 48.900    -0.02311  
 49.000    -0.02325  
 49.100    -0.02339  
 49.200    -0.02352  
 49.300    -0.02366  
 49.400    -0.02380  
 49.500    -0.02394  
 49.600    -0.02407  
 49.700    -0.02421  
 49.800    -0.02435  
 49.900    -0.02449  
 50.000    -0.02463  
 50.100    -0.02477  
 50.200    -0.02491  
 50.300    -0.02506  
 50.400    -0.02520  
 50.500    -0.02534  
 50.600    -0.02548  
 50.700    -0.02562  
 50.800    -0.02577  
 50.900    -0.02591  
 51.000    -0.02606  
 51.100    -0.02620  
 51.200    -0.02635  
 51.300    -0.02649  
 51.400    -0.02664  
 51.500    -0.02678  
 51.600    -0.02693  
 51.700    -0.02708  
 51.800    -0.02722  
 51.900    -0.02737  
 52.000    -0.02752  
 52.100    -0.02767  
 52.200    -0.02782  
 52.300    -0.02796  
 52.400    -0.02811  
 52.500    -0.02826  
 52.600    -0.02841  
 52.700    -0.02856  
 52.800    -0.02872  
 52.900    -0.02887  
 53.000    -0.02902  
 53.100    -0.02917  
 53.200    -0.02932  
 53.300    -0.02947  
 53.400    -0.02963  
 53.500    -0.02978  
 53.600    -0.02994  
 53.700    -0.03009  
 53.800    -0.03024  
 53.900    -0.03040  
 54.000    -0.03055  
 54.100    -0.03071  
 54.200    -0.03087  
 54.300    -0.03102  
 54.400    -0.03118  
 54.500    -0.03134  
 54.600    -0.03149  
 54.700    -0.03165  
 54.800    -0.03181  
 54.900    -0.03197  
 55.000    -0.03213  
 55.100    -0.03229  
 55.200    -0.03245  
 55.300    -0.03261  
 55.400    -0.03277  
 55.500    -0.03293  
 55.600    -0.03309  
 55.700    -0.03325  
 55.800    -0.03341  
 55.900    -0.03357  
 56.000    -0.03374  
 56.100    -0.03390  
 56.200    -0.03406  
 56.300    -0.03423  
 56.400    -0.03439  
 56.500    -0.03456  
 56.600    -0.03472  
 56.700    -0.03488  
 56.800    -0.03505  
 56.900    -0.03522  
 57.000    -0.03538  
 57.100    -0.03555  
 57.200    -0.03572  
 57.300    -0.03588  
 57.400    -0.03605  
 57.500    -0.03622  
 57.600    -0.03639  
 57.700    -0.03655  
 57.800    -0.03672  
 57.900    -0.03689  
 58.000    -0.03706  
 58.100    -0.03723  
 58.200    -0.03740  
 58.300    -0.03757  
 58.400    -0.03774  
 58.500    -0.03791  
 58.600    -0.03809  
 58.700    -0.03826  
 58.800    -0.03843  
 58.900    -0.03860  
 59.000    -0.03878  
 59.100    -0.03895  
 59.200    -0.03912  
 59.300    -0.03930  
 59.400    -0.03947  
 59.500    -0.03965  
 59.600    -0.03982  
 59.700    -0.04000  
 59.800    -0.04017  
 59.900    -0.04035  
 60.000    -0.04052  
 60.100    -0.04070  
 60.200    -0.04088  
 60.300    -0.04105  
 60.400    -0.04123  
 60.500    -0.04141  
 60.600    -0.04159  
 60.700    -0.04177  
 60.800    -0.04195  
 60.900    -0.04213  
 61.000    -0.04231  
 61.100    -0.04248  
 61.200    -0.04267  
 61.300    -0.04285  
 61.400    -0.04303  
 61.500    -0.04321  
 61.600    -0.04339  
 61.700    -0.04357  
 61.800    -0.04375  
 61.900    -0.04394  
 62.000    -0.04412  
 62.100    -0.04430  
 62.200    -0.04449  
 62.300    -0.04467  
 62.400    -0.04485  
 62.500    -0.04504  
 62.600    -0.04522  
 62.700    -0.04541  
 62.800    -0.04559  
 62.900    -0.04578  
 63.000    -0.04596  
 63.100    -0.04615  
 63.200    -0.04634  
 63.300    -0.04652  
 63.400    -0.04671  
 63.500    -0.04690  
 63.600    -0.04709  
 63.700    -0.04727  
 63.800    -0.04746  
 63.900    -0.04765  
 64.000    -0.04784  
 64.100    -0.04803  
 64.200    -0.04822  
 64.300    -0.04841  
 64.400    -0.04860  
 64.500    -0.04879  
 64.600    -0.04898  
 64.700    -0.04917  
 64.800    -0.04936  
 64.900    -0.04956  
 65.000    -0.04975  
 65.100    -0.04994  
 65.200    -0.05013  
 65.300    -0.05033  
 65.400    -0.05052  
 65.500    -0.05071  
 65.600    -0.05091  
 65.700    -0.05110  
 65.800    -0.05130  
 65.900    -0.05149  
 66.000    -0.05169  
 66.100    -0.05188  
 66.200    -0.05208  
 66.300    -0.05227  
 66.400    -0.05247  
 66.500    -0.05267  
 66.600    -0.05286  
 66.700    -0.05306  
 66.800    -0.05326  
 66.900    -0.05345  
 67.000    -0.05365  
 67.100    -0.05385  
 67.200    -0.05405  
 67.300    -0.05425  
 67.400    -0.05445  
 67.500    -0.05465  
 67.600    -0.05485  
 67.700    -0.05505  
 67.800    -0.05525  
 67.900    -0.05545  
 68.000    -0.05565  
 68.100    -0.05585  
 68.200    -0.05605  
 68.300    -0.05625  
 68.400    -0.05646  
 68.500    -0.05666  
 68.600    -0.05686  
 68.700    -0.05706  
 68.800    -0.05727  
 68.900    -0.05747  
 69.000    -0.05767  
 69.100    -0.05788  
 69.200    -0.05808  
 69.300    -0.05829  
 69.400    -0.05849  
 69.500    -0.05870  
 69.600    -0.05890  
 69.700    -0.05911  
 69.800    -0.05931  
 69.900    -0.05952  
 70.000    -0.05973  
 70.100    -0.05993  
 70.200    -0.06014  
 70.300    -0.06035  
 70.400    -0.06055  
 70.500    -0.06076  
 70.600    -0.06097  
 70.700    -0.06118  
 70.800    -0.06139  
 70.900    -0.06159  
 71.000    -0.06180  
 71.100    -0.06201  
 71.200    -0.06222  
 71.300    -0.06243  
 71.400    -0.06264  
 71.500    -0.06285  
 71.600    -0.06306  
 71.700    -0.06328  
 71.800    -0.06349  
 71.900    -0.06370  
 72.000    -0.06391  
 72.100    -0.06412  
 72.200    -0.06433  
 72.300    -0.06455  
 72.400    -0.06476  
 72.500    -0.06497  
 72.600    -0.06519  
 72.700    -0.06540  
 72.800    -0.06561  
 72.900    -0.06583  
 73.000    -0.06604  
 73.100    -0.06626  
 73.200    -0.06647  
 73.300    -0.06669  
 73.400    -0.06690  
 73.500    -0.06712  
 73.600    -0.06733  
 73.700    -0.06755  
 73.800    -0.06776  
 73.900    -0.06798  
 74.000    -0.06820  
 74.100    -0.06842  
 74.200    -0.06863  
 74.300    -0.06885  
 74.400    -0.06907  
 74.500    -0.06929  
 74.600    -0.06950  
 74.700    -0.06972  
 74.800    -0.06994  
 74.900    -0.07016  
 75.000    -0.07038  
 75.100    -0.07060  
 75.200    -0.07082  
 75.300    -0.07104  
 75.400    -0.07126  
 75.500    -0.07148  
 75.600    -0.07170  
 75.700    -0.07192  
 75.800    -0.07214  
 75.900    -0.07236  
 76.000    -0.07259  
 76.100    -0.07281  
 76.200    -0.07303  
 76.300    -0.07325  
 76.400    -0.07348  
 76.500    -0.07370  
 76.600    -0.07392  
 76.700    -0.07414  
 76.800    -0.07437  
 76.900    -0.07459  
 77.000    -0.07482  
 77.100    -0.07504  
 77.200    -0.07526  
 77.300    -0.07549  
 77.400    -0.07571  
 77.500    -0.07594  
 77.600    -0.07616  
 77.700    -0.07639  
 77.800    -0.07662  
 77.900    -0.07684  
 78.000    -0.07707  
 78.100    -0.07729  
 78.200    -0.07752  
 78.300    -0.07775  
 78.400    -0.07798  
 78.500    -0.07820  
 78.600    -0.07843  
 78.700    -0.07866  
 78.800    -0.07889  
 78.900    -0.07912  
 79.000    -0.07934  
 79.100    -0.07957  
 79.200    -0.07980  
 79.300    -0.08003  
 79.400    -0.08026  
 79.500    -0.08049  
 79.600    -0.08072  
 79.700    -0.08095  
 79.800    -0.08118  
 79.900    -0.08141  
 80.000    -0.08164  
 80.100    -0.08187  
 80.200    -0.08210  
 80.300    -0.08233  
 80.400    -0.08257  
 80.500    -0.08280  
 80.600    -0.08303  
 80.700    -0.08326  
 80.800    -0.08349  
 80.900    -0.08373  
 81.000    -0.08396  
 81.100    -0.08419  
 81.200    -0.08443  
 81.300    -0.08466  
 81.400    -0.08489  
 81.500    -0.08513  
 81.600    -0.08536  
 81.700    -0.08560  
 81.800    -0.08583  
 81.900    -0.08607  
 82.000    -0.08630  
 82.100    -0.08654  
 82.200    -0.08677  
 82.300    -0.08701  
 82.400    -0.08724  
 82.500    -0.08748  
 82.600    -0.08771  
 82.700    -0.08795  
 82.800    -0.08819  
 82.900    -0.08842  
 83.000    -0.08866  
 83.100    -0.08890  
 83.200    -0.08913  
 83.300    -0.08937  
 83.400    -0.08961  
 83.500    -0.08985  
 83.600    -0.09009  
 83.700    -0.09032  
 83.800    -0.09056  
 83.900    -0.09080  
 84.000    -0.09104  
 84.100    -0.09128  
 84.200    -0.09152  
 84.300    -0.09176  
 84.400    -0.09200  
 84.500    -0.09224  
 84.600    -0.09248  
 84.700    -0.09272  
 84.800    -0.09296  
 84.900    -0.09320  
 85.000    -0.09344  
 85.100    -0.09368  
 85.200    -0.09392  
 85.300    -0.09416  
 85.400    -0.09441  
 85.500    -0.09465  
 85.600    -0.09489  
 85.700    -0.09513  
 85.800    -0.09537  
 85.900    -0.09562  
 86.000    -0.09586  
 86.100    -0.09610  
 86.200    -0.09634  
 86.300    -0.09659  
 86.400    -0.09683  
 86.500    -0.09708  
 86.600    -0.09732  
 86.700    -0.09756  
 86.800    -0.09781  
 86.900    -0.09805  
 87.000    -0.09830  
 87.100    -0.09854  
 87.200    -0.09879  
 87.300    -0.09903  
 87.400    -0.09928  
 87.500    -0.09952  
 87.600    -0.09977  
 87.700    -0.10001  
 87.800    -0.10026  
 87.900    -0.10050  
 88.000    -0.10075  
 88.100    -0.10100  
 88.200    -0.10124  
 88.300    -0.10149  
 88.400    -0.10174  
 88.500    -0.10199  
 88.600    -0.10223  
 88.700    -0.10248  
 88.800    -0.10273  
 88.900    -0.10298  
 89.000    -0.10322  
 89.100    -0.10347  
 89.200    -0.10372  
 89.300    -0.10397  
 89.400    -0.10422  
 89.500    -0.10447  
 89.600    -0.10472  
 89.700    -0.10496  
 89.800    -0.10521  
 89.900    -0.10546  
 90.000    -0.10571  
 90.100    -0.10596  
 90.200    -0.10621  
 90.300    -0.10646  
 90.400    -0.10671  
 90.500    -0.10696  
 90.600    -0.10722  
 90.700    -0.10747  
 90.800    -0.10772  
 90.900    -0.10797  
 91.000    -0.10822  
 91.100    -0.10847  
 91.200    -0.10872  
 91.300    -0.10898  
 91.400    -0.10923  
 91.500    -0.10948  
 91.600    -0.10973  
 91.700    -0.10998  
 91.800    -0.11024  
 91.900    -0.11049  
 92.000    -0.11074  
 92.100    -0.11100  
 92.200    -0.11125  
 92.300    -0.11150  
 92.400    -0.11176  
 92.500    -0.11201  
 92.600    -0.11226  
 92.700    -0.11252  
 92.800    -0.11277  
 92.900    -0.11303  
 93.000    -0.11328  
 93.100    -0.11353  
 93.200    -0.11379  
 93.300    -0.11404  
 93.400    -0.11430  
 93.500    -0.11456  
 93.600    -0.11481  
 93.700    -0.11507  
 93.800    -0.11532  
 93.900    -0.11558  
 94.000    -0.11583  
 94.100    -0.11609  
 94.200    -0.11635  
 94.300    -0.11660  
 94.400    -0.11686  
 94.500    -0.11712  
 94.600    -0.11737  
 94.700    -0.11763  
 94.800    -0.11789  
 94.900    -0.11814  
 95.000    -0.11840  
 95.100    -0.11866  
 95.200    -0.11892  
 95.300    -0.11918  
 95.400    -0.11943  
 95.500    -0.11969  
 95.600    -0.11995  
 95.700    -0.12021  
 95.800    -0.12047  
 95.900    -0.12073  
 96.000    -0.12098  
 96.100    -0.12124  
 96.200    -0.12150  
 96.300    -0.12176  
 96.400    -0.12202  
 96.500    -0.12228  
 96.600    -0.12254  
 96.700    -0.12280  
 96.800    -0.12306  
 96.900    -0.12332  
 97.000    -0.12358  
 97.100    -0.12384  
 97.200    -0.12410  
 97.300    -0.12436  
 97.400    -0.12462  
 97.500    -0.12488  
 97.600    -0.12515  
 97.700    -0.12541  
 97.800    -0.12567  
 97.900    -0.12593  
 98.000    -0.12619  
 98.100    -0.12645  
 98.200    -0.12671  
 98.300    -0.12698  
 98.400    -0.12724  
 98.500    -0.12750  
 98.600    -0.12776  
 98.700    -0.12803  
 98.800    -0.12829  
 98.900    -0.12855  
 99.000    -0.12881  
 99.100    -0.12908  
 99.200    -0.12934  
 99.300    -0.12960  
 99.400    -0.12987  
 99.500    -0.13013  
 99.600    -0.13040  
 99.700    -0.13066  
 99.800    -0.13092  
 99.900    -0.13119  
100.000    -0.13145  
100.100    -0.13172  
100.200    -0.13198  
100.300    -0.13224  
100.400    -0.13251  
100.500    -0.13277  
100.600    -0.13304  
100.700    -0.13330  
100.800    -0.13357  
100.900    -0.13383  
101.000    -0.13410  
101.100    -0.13437  
101.200    -0.13463  
101.300    -0.13490  
101.400    -0.13516  
101.500    -0.13543  
101.600    -0.13569  
101.700    -0.13596  
101.800    -0.13623  
101.900    -0.13649  
102.000    -0.13676  
102.100    -0.13703  
102.200    -0.13729  
102.300    -0.13756  
102.400    -0.13783  
102.500    -0.13809  
102.600    -0.13836  
102.700    -0.13863  
102.800    -0.13890  
102.900    -0.13916  
103.000    -0.13943  
103.100    -0.13970  
103.200    -0.13997  
103.300    -0.14024  
103.400    -0.14050  
103.500    -0.14077  
103.600    -0.14104  
103.700    -0.14131  
103.800    -0.14158  
103.900    -0.14185  
104.000    -0.14211  
104.100    -0.14238  
104.200    -0.14265  
104.300    -0.14292  
104.400    -0.14319  
104.500    -0.14346  
104.600    -0.14373  
104.700    -0.14400  
104.800    -0.14427  
104.900    -0.14454  
105.000    -0.14481  
105.100    -0.14508  
105.200    -0.14535  
105.300    -0.14562  
105.400    -0.14589  
105.500    -0.14616  
105.600    -0.14643  
105.700    -0.14670  
105.800    -0.14697  
105.900    -0.14724  
106.000    -0.14751  
106.100    -0.14779  
106.200    -0.14806  
106.300    -0.14833  
106.400    -0.14860  
106.500    -0.14887  
106.600    -0.14914  
106.700    -0.14941  
106.800    -0.14969  
106.900    -0.14996  
107.000    -0.15023  
107.100    -0.15050  
107.200    -0.15077  
107.300    -0.15105  
107.400    -0.15132  
107.500    -0.15159  
107.600    -0.15186  
107.700    -0.15214  
107.800    -0.15241  
107.900    -0.15268  
108.000    -0.15295  
108.100    -0.15323  
108.200    -0.15350  
108.300    -0.15377  
108.400    -0.15405  
108.500    -0.15432  
108.600    -0.15459  
108.700    -0.15487  
108.800    -0.15514  
108.900    -0.15542  
109.000    -0.15569  
109.100    -0.15596  
109.200    -0.15624  
109.300    -0.15651  
109.400    -0.15679  
109.500    -0.15706  
109.600    -0.15733  
109.700    -0.15761  
109.800    -0.15788  
109.900    -0.15816  
110.000    -0.15843  
110.100    -0.15871  
110.200    -0.15898  
110.300    -0.15926  
110.400    -0.15953  
110.500    -0.15981  
110.600    -0.16008  
110.700    -0.16036  
110.800    -0.16063  
110.900    -0.16091  
111.000    -0.16119  
111.100    -0.16146  
111.200    -0.16174  
111.300    -0.16201  
111.400    -0.16229  
111.500    -0.16257  
111.600    -0.16284  
111.700    -0.16312  
111.800    -0.16339  
111.900    -0.16367  
112.000    -0.16395  
112.100    -0.16422  
112.200    -0.16450  
112.300    -0.16478  
112.400    -0.16505  
112.500    -0.16533  
112.600    -0.16561  
112.700    -0.16588  
112.800    -0.16616  
112.900    -0.16644  
113.000    -0.16672  
113.100    -0.16699  
113.200    -0.16727  
113.300    -0.16755  
113.400    -0.16783  
113.500    -0.16810  
113.600    -0.16838  
113.700    -0.16866  
113.800    -0.16894  
113.900    -0.16921  
114.000    -0.16949  
114.100    -0.16977  
114.200    -0.17005  
114.300    -0.17033  
114.400    -0.17061  
114.500    -0.17088  
114.600    -0.17116  
114.700    -0.17144  
114.800    -0.17172  
114.900    -0.17200  
115.000    -0.17228  
115.100    -0.17256  
115.200    -0.17284  
115.300    -0.17312  
115.400    -0.17339  
115.500    -0.17367  
115.600    -0.17395  
115.700    -0.17423  
115.800    -0.17451  
115.900    -0.17479  
116.000    -0.17507  
116.100    -0.17535  
116.200    -0.17563  
116.300    -0.17591  
116.400    -0.17619  
116.500    -0.17647  
116.600    -0.17675  
116.700    -0.17703  
116.800    -0.17731  
116.900    -0.17759  
117.000    -0.17787  
117.100    -0.17815  
117.200    -0.17843  
117.300    -0.17871  
117.400    -0.17899  
117.500    -0.17927  
117.600    -0.17955  
117.700    -0.17983  
117.800    -0.18011  
117.900    -0.18040  
118.000    -0.18068  
118.100    -0.18096  
118.200    -0.18124  
118.300    -0.18152  
118.400    -0.18180  
118.500    -0.18208  
118.600    -0.18236  
118.700    -0.18264  
118.800    -0.18293  
118.900    -0.18321  
119.000    -0.18349  
119.100    -0.18377  
119.200    -0.18405  
119.300    -0.18433  
119.400    -0.18462  
119.500    -0.18490  
119.600    -0.18518  
119.700    -0.18546  
119.800    -0.18574  
119.900    -0.18603  
120.000    -0.18631  
120.100    -0.18659  
120.200    -0.18687  
120.300    -0.18715  
120.400    -0.18744  
120.500    -0.18772  
120.600    -0.18800  
120.700    -0.18829  
120.800    -0.18857  
120.900    -0.18885  
121.000    -0.18913  
121.100    -0.18942  
121.200    -0.18970  
121.300    -0.18998  
121.400    -0.19026  
121.500    -0.19055  
121.600    -0.19083  
121.700    -0.19111  
121.800    -0.19140  
121.900    -0.19168  
122.000    -0.19196  
122.100    -0.19225  
122.200    -0.19253  
122.300    -0.19281  
122.400    -0.19310  
122.500    -0.19338  
122.600    -0.19366  
122.700    -0.19395  
122.800    -0.19423  
122.900    -0.19452  
123.000    -0.19480  
123.100    -0.19508  
123.200    -0.19537  
123.300    -0.19565  
123.400    -0.19594  
123.500    -0.19622  
123.600    -0.19650  
123.700    -0.19679  
123.800    -0.19707  
123.900    -0.19736  
124.000    -0.19764  
124.100    -0.19793  
124.200    -0.19821  
124.300    -0.19849  
124.400    -0.19878  
124.500    -0.19906  
124.600    -0.19935  
124.700    -0.19963  
124.800    -0.19992  
124.900    -0.20020  
125.000    -0.20049  
125.100    -0.20077  
125.200    -0.20106  
125.300    -0.20134  
125.400    -0.20163  
125.500    -0.20191  
125.600    -0.20220  
125.700    -0.20248  
125.800    -0.20277  
125.900    -0.20305  
126.000    -0.20334  
126.100    -0.20362  
126.200    -0.20391  
126.300    -0.20419  
126.400    -0.20448  
126.500    -0.20477  
126.600    -0.20505  
126.700    -0.20534  
126.800    -0.20562  
126.900    -0.20591  
127.000    -0.20619  
127.100    -0.20648  
127.200    -0.20677  
127.300    -0.20705  
127.400    -0.20734  
127.500    -0.20762  
127.600    -0.20791  
127.700    -0.20819  
127.800    -0.20848  
127.900    -0.20877  
128.000    -0.20905  
128.100    -0.20934  
128.200    -0.20963  
128.300    -0.20991  
128.400    -0.21020  
128.500    -0.21048  
128.600    -0.21077  
128.700    -0.21106  
128.800    -0.21134  
128.900    -0.21163  
129.000    -0.21192  
129.100    -0.21220  
129.200    -0.21249  
129.300    -0.21278  
129.400    -0.21306  
129.500    -0.21335  
129.600    -0.21364  
129.700    -0.21392  
129.800    -0.21421  
129.900    -0.21450  
130.000    -0.21478  
130.100    -0.21507  
130.200    -0.21536  
130.300    -0.21565  
130.400    -0.21593  
130.500    -0.21622  
130.600    -0.21651  
130.700    -0.21679  
130.800    -0.21708  
130.900    -0.21737  
131.000    -0.21766  
131.100    -0.21794  
131.200    -0.21823  
131.300    -0.21852  
131.400    -0.21880  
131.500    -0.21909  
131.600    -0.21938  
131.700    -0.21967  
131.800    -0.21995  
131.900    -0.22024  
132.000    -0.22053  
132.100    -0.22082  
132.200    -0.22111  
132.300    -0.22139  
132.400    -0.22168  
132.500    -0.22197  
132.600    -0.22226  
132.700    -0.22254  
132.800    -0.22283  
132.900    -0.22312  
133.000    -0.22341  
133.100    -0.22369  
133.200    -0.22398  
133.300    -0.22427  
133.400    -0.22456  
133.500    -0.22485  
133.600    -0.22513  
133.700    -0.22542  
133.800    -0.22571  
133.900    -0.22600  
134.000    -0.22629  
134.100    -0.22658  
134.200    -0.22686  
134.300    -0.22715  
134.400    -0.22744  
134.500    -0.22773  
134.600    -0.22802  
134.700    -0.22830  
134.800    -0.22859  
134.900    -0.22888  
135.000    -0.22917  
135.100    -0.22946  
135.200    -0.22975  
135.300    -0.23004  
135.400    -0.23032  
135.500    -0.23061  
135.600    -0.23090  
135.700    -0.23119  
135.800    -0.23148  
135.900    -0.23177  
136.000    -0.23206  
136.100    -0.23234  
136.200    -0.23263  
136.300    -0.23292  
136.400    -0.23321  
136.500    -0.23350  
136.600    -0.23379  
136.700    -0.23408  
136.800    -0.23437  
136.900    -0.23466  
137.000    -0.23494  
137.100    -0.23523  
137.200    -0.23552  
137.300    -0.23581  
137.400    -0.23610  
137.500    -0.23639  
137.600    -0.23668  
137.700    -0.23697  
137.800    -0.23726  
137.900    -0.23754  
138.000    -0.23783  
138.100    -0.23812  
138.200    -0.23841  
138.300    -0.23870  
138.400    -0.23899  
138.500    -0.23928  
138.600    -0.23957  
138.700    -0.23986  
138.800    -0.24015  
138.900    -0.24044  
139.000    -0.24073  
139.100    -0.24102  
139.200    -0.24130  
139.300    -0.24159  
139.400    -0.24188  
139.500    -0.24217  
139.600    -0.24246  
139.700    -0.24275  
139.800    -0.24304  
139.900    -0.24333  
140.000    -0.24362  
140.100    -0.24391  
140.200    -0.24420  
140.300    -0.24449  
140.400    -0.24478  
140.500    -0.24507  
140.600    -0.24536  
140.700    -0.24565  
140.800    -0.24594  
140.900    -0.24623  
141.000    -0.24652  
141.100    -0.24681  
141.200    -0.24710  
141.300    -0.24738  
141.400    -0.24767  
141.500    -0.24796  
141.600    -0.24825  
141.700    -0.24854  
141.800    -0.24883  
141.900    -0.24912  
142.000    -0.24941  
142.100    -0.24970  
142.200    -0.24999  
142.300    -0.25028  
142.400    -0.25057  
142.500    -0.25086  
142.600    -0.25115  
142.700    -0.25144  
142.800    -0.25173  
142.900    -0.25202  
143.000    -0.25231  
143.100    -0.25260  
143.200    -0.25289  
143.300    -0.25318  
143.400    -0.25347  
143.500    -0.25376  
143.600    -0.25405  
143.700    -0.25434  
143.800    -0.25463  
143.900    -0.25492  
144.000    -0.25521  
144.100    -0.25550  
144.200    -0.25579  
144.300    -0.25608  
144.400    -0.25637  
144.500    -0.25666  
144.600    -0.25695  
144.700    -0.25724  
144.800    -0.25753  
144.900    -0.25782  
145.000    -0.25811  
145.100    -0.25840  
145.200    -0.25869  
145.300    -0.25898  
145.400    -0.25927  
145.500    -0.25956  
145.600    -0.25985  
145.700    -0.26014  
145.800    -0.26043  
145.900    -0.26072  
146.000    -0.26101  
146.100    -0.26130  
146.200    -0.26159  
146.300    -0.26188  
146.400    -0.26217  
146.500    -0.26246  
146.600    -0.26275  
146.700    -0.26304  
146.800    -0.26333  
146.900    -0.26362  
147.000    -0.26391  
147.100    -0.26420  
147.200    -0.26449  
147.300    -0.26478  
147.400    -0.26507  
147.500    -0.26536  
147.600    -0.26565  
147.700    -0.26594  
147.800    -0.26623  
147.900    -0.26652  
148.000    -0.26681  
148.100    -0.26711  
148.200    -0.26740  
148.300    -0.26769  
148.400    -0.26798  
148.500    -0.26827  
148.600    -0.26856  
148.700    -0.26885  
148.800    -0.26914  
148.900    -0.26943  
149.000    -0.26972  
149.100    -0.27001  
149.200    -0.27030  
149.300    -0.27059  
149.400    -0.27088  
149.500    -0.27117  
149.600    -0.27146  
149.700    -0.27175  
149.800    -0.27204  
149.900    -0.27233  
150.000    -0.27262  
150.100    -0.27291  
150.200    -0.27320  
150.300    -0.27349  
150.400    -0.27378  
150.500    -0.27407  
150.600    -0.27436  
150.700    -0.27465  
150.800    -0.27494  
150.900    -0.27523  
151.000    -0.27552  
151.100    -0.27581  
151.200    -0.27610  
151.300    -0.27639  
151.400    -0.27668  
151.500    -0.27697  
151.600    -0.27726  
151.700    -0.27755  
151.800    -0.27784  
151.900    -0.27813  
152.000    -0.27842  
152.100    -0.27871  
152.200    -0.27900  
152.300    -0.27929  
152.400    -0.27958  
152.500    -0.27987  
152.600    -0.28016  
152.700    -0.28046  
152.800    -0.28075  
152.900    -0.28104  
153.000    -0.28133  
153.100    -0.28162  
153.200    -0.28191  
153.300    -0.28220  
153.400    -0.28249  
153.500    -0.28278  
153.600    -0.28307  
153.700    -0.28336  
153.800    -0.28365  
153.900    -0.28394  
154.000    -0.28423  
154.100    -0.28452  
154.200    -0.28481  
154.300    -0.28510  
154.400    -0.28539  
154.500    -0.28568  
154.600    -0.28597  
154.700    -0.28626  
154.800    -0.28655  
154.900    -0.28684  
155.000    -0.28713  
155.100    -0.28742  
155.200    -0.28771  
155.300    -0.28800  
155.400    -0.28829  
155.500    -0.28858  
155.600    -0.28887  
155.700    -0.28916  
155.800    -0.28945  
155.900    -0.28974  
156.000    -0.29003  
156.100    -0.29032  
156.200    -0.29061  
156.300    -0.29090  
156.400    -0.29119  
156.500    -0.29148  
156.600    -0.29177  
156.700    -0.29206  
156.800    -0.29235  
156.900    -0.29264  
157.000    -0.29293  
157.100    -0.29322  
157.200    -0.29351  
157.300    -0.29380  
157.400    -0.29409  
157.500    -0.29438  
157.600    -0.29467  
157.700    -0.29496  
157.800    -0.29525  
157.900    -0.29554  
158.000    -0.29583  
158.100    -0.29612  
158.200    -0.29641  
158.300    -0.29670  
158.400    -0.29699  
158.500    -0.29728  
158.600    -0.29757  
158.700    -0.29785  
158.800    -0.29814  
158.900    -0.29843  
159.000    -0.29872  
159.100    -0.29901  
159.200    -0.29930  
159.300    -0.29959  
159.400    -0.29988  
159.500    -0.30017  
159.600    -0.30046  
159.700    -0.30075  
159.800    -0.30104  
159.900    -0.30133  
160.000    -0.30162  
160.100    -0.30191  
160.200    -0.30220  
160.300    -0.30249  
160.400    -0.30278  
160.500    -0.30307  
160.600    -0.30336  
160.700    -0.30365  
160.800    -0.30394  
160.900    -0.30423  
161.000    -0.30451  
161.100    -0.30480  
161.200    -0.30509  
161.300    -0.30538  
161.400    -0.30567  
161.500    -0.30596  
161.600    -0.30625  
161.700    -0.30654  
161.800    -0.30683  
161.900    -0.30712  
162.000    -0.30741  
162.100    -0.30770  
162.200    -0.30799  
162.300    -0.30828  
162.400    -0.30856  
162.500    -0.30885  
162.600    -0.30914  
162.700    -0.30943  
162.800    -0.30972  
162.900    -0.31001  
163.000    -0.31030  
163.100    -0.31059  
163.200    -0.31088  
163.300    -0.31117  
163.400    -0.31146  
163.500    -0.31175  
163.600    -0.31203  
163.700    -0.31232  
163.800    -0.31261  
163.900    -0.31290  
164.000    -0.31319  
164.100    -0.31348  
164.200    -0.31377  
164.300    -0.31406  
164.400    -0.31435  
164.500    -0.31463  
164.600    -0.31492  
164.700    -0.31521  
164.800    -0.31550  
164.900    -0.31579  
165.000    -0.31608  
165.100    -0.31637  
165.200    -0.31666  
165.300    -0.31694  
165.400    -0.31723  
165.500    -0.31752  
165.600    -0.31781  
165.700    -0.31810  
165.800    -0.31839  
165.900    -0.31868  
166.000    -0.31896  
166.100    -0.31925  
166.200    -0.31954  
166.300    -0.31983  
166.400    -0.32012  
166.500    -0.32041  
166.600    -0.32070  
166.700    -0.32098  
166.800    -0.32127  
166.900    -0.32156  
167.000    -0.32185  
167.100    -0.32214  
167.200    -0.32243  
167.300    -0.32271  
167.400    -0.32300  
167.500    -0.32329  
167.600    -0.32358  
167.700    -0.32387  
167.800    -0.32416  
167.900    -0.32444  
168.000    -0.32473  
168.100    -0.32502  
168.200    -0.32531  
168.300    -0.32560  
168.400    -0.32588  
168.500    -0.32617  
168.600    -0.32646  
168.700    -0.32675  
168.800    -0.32704  
168.900    -0.32732  
169.000    -0.32761  
169.100    -0.32790  
169.200    -0.32819  
169.300    -0.32848  
169.400    -0.32876  
169.500    -0.32905  
169.600    -0.32934  
169.700    -0.32963  
169.800    -0.32991  
169.900    -0.33020  
170.000    -0.33049  
170.100    -0.33078  
170.200    -0.33107  
170.300    -0.33135  
170.400    -0.33164  
170.500    -0.33193  
170.600    -0.33222  
170.700    -0.33250  
170.800    -0.33279  
170.900    -0.33308  
171.000    -0.33337  
171.100    -0.33365  
171.200    -0.33394  
171.300    -0.33423  
171.400    -0.33451  
171.500    -0.33480  
171.600    -0.33509  
171.700    -0.33538  
171.800    -0.33566  
171.900    -0.33595  
172.000    -0.33624  
172.100    -0.33653  
172.200    -0.33681  
172.300    -0.33710  
172.400    -0.33739  
172.500    -0.33767  
172.600    -0.33796  
172.700    -0.33825  
172.800    -0.33853  
172.900    -0.33882  
173.000    -0.33911  
173.100    -0.33940  
173.200    -0.33968  
173.300    -0.33997  
173.400    -0.34026  
173.500    -0.34054  
173.600    -0.34083  
173.700    -0.34112  
173.800    -0.34140  
173.900    -0.34169  
174.000    -0.34198  
174.100    -0.34226  
174.200    -0.34255  
174.300    -0.34284  
174.400    -0.34312  
174.500    -0.34341  
174.600    -0.34370  
174.700    -0.34398  
174.800    -0.34427  
174.900    -0.34456  
175.000    -0.34484  
175.100    -0.34513  
175.200    -0.34541  
175.300    -0.34570  
175.400    -0.34599  
175.500    -0.34627  
175.600    -0.34656  
175.700    -0.34685  
175.800    -0.34713  
175.900    -0.34742  
176.000    -0.34770  
176.100    -0.34799  
176.200    -0.34828  
176.300    -0.34856  
176.400    -0.34885  
176.500    -0.34913  
176.600    -0.34942  
176.700    -0.34971  
176.800    -0.34999  
176.900    -0.35028  
177.000    -0.35056  
177.100    -0.35085  
177.200    -0.35113  
177.300    -0.35142  
177.400    -0.35171  
177.500    -0.35199  
177.600    -0.35228  
177.700    -0.35256  
177.800    -0.35285  
177.900    -0.35313  
178.000    -0.35342  
178.100    -0.35370  
178.200    -0.35399  
178.300    -0.35428  
178.400    -0.35456  
178.500    -0.35485  
178.600    -0.35513  
178.700    -0.35542  
178.800    -0.35570  
178.900    -0.35599  
179.000    -0.35627  
179.100    -0.35656  
179.200    -0.35684  
179.300    -0.35713  
179.400    -0.35741  
179.500    -0.35770  
179.600    -0.35798  
179.700    -0.35827  
179.800    -0.35855  
179.900    -0.35884  
180.000    -0.35912  
180.100    -0.35941  
180.200    -0.35969  
180.300    -0.35998  
180.400    -0.36026  
180.500    -0.36055  
180.600    -0.36083  
180.700    -0.36112  
180.800    -0.36140  
180.900    -0.36168  
181.000    -0.36197  
181.100    -0.36225  
181.200    -0.36254  
181.300    -0.36282  
181.400    -0.36311  
181.500    -0.36339  
181.600    -0.36368  
181.700    -0.36396  
181.800    -0.36424  
181.900    -0.36453  
182.000    -0.36481  
182.100    -0.36510  
182.200    -0.36538  
182.300    -0.36566  
182.400    -0.36595  
182.500    -0.36623  
182.600    -0.36652  
182.700    -0.36680  
182.800    -0.36708  
182.900    -0.36737  
183.000    -0.36765  
183.100    -0.36794  
183.200    -0.36822  
183.300    -0.36850  
183.400    -0.36879  
183.500    -0.36907  
183.600    -0.36935  
183.700    -0.36964  
183.800    -0.36992  
183.900    -0.37020  
184.000    -0.37049  
184.100    -0.37077  
184.200    -0.37105  
184.300    -0.37134  
184.400    -0.37162  
184.500    -0.37191  
184.600    -0.37219  
184.700    -0.37247  
184.800    -0.37275  
184.900    -0.37304  
185.000    -0.37332  
185.100    -0.37360  
185.200    -0.37389  
185.300    -0.37417  
185.400    -0.37445  
185.500    -0.37474  
185.600    -0.37502  
185.700    -0.37530  
185.800    -0.37559  
185.900    -0.37587  
186.000    -0.37615  
186.100    -0.37643  
186.200    -0.37672  
186.300    -0.37700  
186.400    -0.37728  
186.500    -0.37756  
186.600    -0.37785  
186.700    -0.37813  
186.800    -0.37841  
186.900    -0.37869  
187.000    -0.37898  
187.100    -0.37926  
187.200    -0.37954  
187.300    -0.37982  
187.400    -0.38011  
187.500    -0.38039  
187.600    -0.38067  
187.700    -0.38095  
187.800    -0.38123  
187.900    -0.38152  
188.000    -0.38180  
188.100    -0.38208  
188.200    -0.38236  
188.300    -0.38264  
188.400    -0.38293  
188.500    -0.38321  
188.600    -0.38349  
188.700    -0.38377  
188.800    -0.38405  
188.900    -0.38433  
189.000    -0.38462  
189.100    -0.38490  
189.200    -0.38518  
189.300    -0.38546  
189.400    -0.38574  
189.500    -0.38602  
189.600    -0.38630  
189.700    -0.38659  
189.800    -0.38687  
189.900    -0.38715  
190.000    -0.38743  
190.100    -0.38771  
190.200    -0.38799  
190.300    -0.38827  
190.400    -0.38855  
190.500    -0.38884  
190.600    -0.38912  
190.700    -0.38940  
190.800    -0.38968  
190.900    -0.38996  
191.000    -0.39024  
191.100    -0.39052  
191.200    -0.39080  
191.300    -0.39108  
191.400    -0.39136  
191.500    -0.39164  
191.600    -0.39192  
191.700    -0.39220  
191.800    -0.39249  
191.900    -0.39277  
192.000    -0.39305  
192.100    -0.39333  
192.200    -0.39361  
192.300    -0.39389  
192.400    -0.39417  
192.500    -0.39445  
192.600    -0.39473  
192.700    -0.39501  
192.800    -0.39529  
192.900    -0.39557  
193.000    -0.39585  
193.100    -0.39613  
193.200    -0.39641  
193.300    -0.39669  
193.400    -0.39697  
193.500    -0.39725  
193.600    -0.39753  
193.700    -0.39781  
193.800    -0.39809  
193.900    -0.39837  
194.000    -0.39865  
194.100    -0.39893  
194.200    -0.39921  
194.300    -0.39948  
194.400    -0.39976  
194.500    -0.40004  
194.600    -0.40032  
194.700    -0.40060  
194.800    -0.40088  
194.900    -0.40116  
195.000    -0.40144  
195.100    -0.40172  
195.200    -0.40200  
195.300    -0.40228  
195.400    -0.40256  
195.500    -0.40283  
195.600    -0.40311  
195.700    -0.40339  
195.800    -0.40367  
195.900    -0.40395  
196.000    -0.40423  
196.100    -0.40451  
196.200    -0.40479  
196.300    -0.40506  
196.400    -0.40534  
196.500    -0.40562  
196.600    -0.40590  
196.700    -0.40618  
196.800    -0.40646  
196.900    -0.40674  
197.000    -0.40701  
197.100    -0.40729  
197.200    -0.40757  
197.300    -0.40785  
197.400    -0.40813  
197.500    -0.40841  
197.600    -0.40868  
197.700    -0.40896  
197.800    -0.40924  
197.900    -0.40952  
198.000    -0.40979  
198.100    -0.41007  
198.200    -0.41035  
198.300    -0.41063  
198.400    -0.41091  
198.500    -0.41118  
198.600    -0.41146  
198.700    -0.41174  
198.800    -0.41202  
198.900    -0.41229  
199.000    -0.41257  
199.100    -0.41285  
199.200    -0.41313  
199.300    -0.41340  
199.400    -0.41368  
199.500    -0.41396  
199.600    -0.41424  
199.700    -0.41451  
199.800    -0.41479  
199.900    -0.41507  
200.000    -0.41534  
200.100    -0.41562  
200.200    -0.41590  
200.300    -0.41617  
200.400    -0.41645  
200.500    -0.41673  
200.600    -0.41701  
200.700    -0.41728  
200.800    -0.41756  
200.900    -0.41784  
201.000    -0.41811  
201.100    -0.41839  
201.200    -0.41866  
201.300    -0.41894  
201.400    -0.41922  
201.500    -0.41949  
201.600    -0.41977  
201.700    -0.42005  
201.800    -0.42032  
201.900    -0.42060  
202.000    -0.42087  
202.100    -0.42115  
202.200    -0.42143  
202.300    -0.42170  
202.400    -0.42198  
202.500    -0.42225  
202.600    -0.42253  
202.700    -0.42281  
202.800    -0.42308  
202.900    -0.42336  
203.000    -0.42363  
203.100    -0.42391  
203.200    -0.42418  
203.300    -0.42446  
203.400    -0.42473  
203.500    -0.42501  
203.600    -0.42529  
203.700    -0.42556  
203.800    -0.42584  
203.900    -0.42611  
204.000    -0.42639  
204.100    -0.42666  
204.200    -0.42694  
204.300    -0.42721  
204.400    -0.42749  
204.500    -0.42776  
204.600    -0.42804  
204.700    -0.42831  
204.800    -0.42859  
204.900    -0.42886  
205.000    -0.42913  
205.100    -0.42941  
205.200    -0.42968  
205.300    -0.42996  
205.400    -0.43023  
205.500    -0.43051  
205.600    -0.43078  
205.700    -0.43106  
205.800    -0.43133  
205.900    -0.43160  
206.000    -0.43188  
206.100    -0.43215  
206.200    -0.43243  
206.300    -0.43270  
206.400    -0.43298  
206.500    -0.43325  
206.600    -0.43352  
206.700    -0.43380  
206.800    -0.43407  
206.900    -0.43434  
207.000    -0.43462  
207.100    -0.43489  
207.200    -0.43517  
207.300    -0.43544  
207.400    -0.43571  
207.500    -0.43599  
207.600    -0.43626  
207.700    -0.43653  
207.800    -0.43681  
207.900    -0.43708  
208.000    -0.43735  
208.100    -0.43763  
208.200    -0.43790  
208.300    -0.43817  
208.400    -0.43845  
208.500    -0.43872  
208.600    -0.43899  
208.700    -0.43926  
208.800    -0.43954  
208.900    -0.43981  
209.000    -0.44008  
209.100    -0.44036  
209.200    -0.44063  
209.300    -0.44090  
209.400    -0.44117  
209.500    -0.44145  
209.600    -0.44172  
209.700    -0.44199  
209.800    -0.44226  
209.900    -0.44254  
210.000    -0.44281  
210.100    -0.44308  
210.200    -0.44335  
210.300    -0.44362  
210.400    -0.44390  
210.500    -0.44417  
210.600    -0.44444  
210.700    -0.44471  
210.800    -0.44498  
210.900    -0.44526  
211.000    -0.44553  
211.100    -0.44580  
211.200    -0.44607  
211.300    -0.44634  
211.400    -0.44661  
211.500    -0.44689  
211.600    -0.44716  
211.700    -0.44743  
211.800    -0.44770  
211.900    -0.44797  
212.000    -0.44824  
212.100    -0.44851  
212.200    -0.44879  
212.300    -0.44906  
212.400    -0.44933  
212.500    -0.44960  
212.600    -0.44987  
212.700    -0.45014  
212.800    -0.45041  
212.900    -0.45068  
213.000    -0.45095  
213.100    -0.45122  
213.200    -0.45149  
213.300    -0.45176  
213.400    -0.45204  
213.500    -0.45231  
213.600    -0.45258  
213.700    -0.45285  
213.800    -0.45312  
213.900    -0.45339  
214.000    -0.45366  
214.100    -0.45393  
214.200    -0.45420  
214.300    -0.45447  
214.400    -0.45474  
214.500    -0.45501  
214.600    -0.45528  
214.700    -0.45555  
214.800    -0.45582  
214.900    -0.45609  
215.000    -0.45636  
215.100    -0.45663  
215.200    -0.45690  
215.300    -0.45717  
215.400    -0.45744  
215.500    -0.45770  
215.600    -0.45797  
215.700    -0.45824  
215.800    -0.45851  
215.900    -0.45878  
216.000    -0.45905  
216.100    -0.45932  
216.200    -0.45959  
216.300    -0.45986  
216.400    -0.46013  
216.500    -0.46040  
216.600    -0.46067  
216.700    -0.46093  
216.800    -0.46120  
216.900    -0.46147  
217.000    -0.46174  
217.100    -0.46201  
217.200    -0.46228  
217.300    -0.46255  
217.400    -0.46281  
217.500    -0.46308  
217.600    -0.46335  
217.700    -0.46362  
217.800    -0.46389  
217.900    -0.46416  
218.000    -0.46442  
218.100    -0.46469  
218.200    -0.46496  
218.300    -0.46523  
218.400    -0.46550  
218.500    -0.46576  
218.600    -0.46603  
218.700    -0.46630  
218.800    -0.46657  
218.900    -0.46684  
219.000    -0.46710  
219.100    -0.46737  
219.200    -0.46764  
219.300    -0.46791  
219.400    -0.46817  
219.500    -0.46844  
219.600    -0.46871  
219.700    -0.46898  
219.800    -0.46924  
219.900    -0.46951  
220.000    -0.46978  
220.100    -0.47004  
220.200    -0.47031  
220.300    -0.47058  
220.400    -0.47085  
220.500    -0.47111  
220.600    -0.47138  
220.700    -0.47165  
220.800    -0.47191  
220.900    -0.47218  
221.000    -0.47245  
221.100    -0.47271  
221.200    -0.47298  
221.300    -0.47324  
221.400    -0.47351  
221.500    -0.47378  
221.600    -0.47404  
221.700    -0.47431  
221.800    -0.47458  
221.900    -0.47484  
222.000    -0.47511  
222.100    -0.47537  
222.200    -0.47564  
222.300    -0.47591  
222.400    -0.47617  
222.500    -0.47644  
222.600    -0.47670  
222.700    -0.47697  
222.800    -0.47724  
222.900    -0.47750  
223.000    -0.47777  
223.100    -0.47803  
223.200    -0.47830  
223.300    -0.47856  
223.400    -0.47883  
223.500    -0.47909  
223.600    -0.47936  
223.700    -0.47962  
223.800    -0.47989  
223.900    -0.48015  
224.000    -0.48042  
224.100    -0.48068  
224.200    -0.48095  
224.300    -0.48121  
224.400    -0.48148  
224.500    -0.48174  
224.600    -0.48201  
224.700    -0.48227  
224.800    -0.48254  
224.900    -0.48280  
225.000    -0.48307  
225.100    -0.48333  
225.200    -0.48359  
225.300    -0.48386  
225.400    -0.48412  
225.500    -0.48439  
225.600    -0.48465  
225.700    -0.48492  
225.800    -0.48518  
225.900    -0.48544  
226.000    -0.48571  
226.100    -0.48597  
226.200    -0.48624  
226.300    -0.48650  
226.400    -0.48676  
226.500    -0.48703  
226.600    -0.48729  
226.700    -0.48755  
226.800    -0.48782  
226.900    -0.48808  
227.000    -0.48834  
227.100    -0.48861  
227.200    -0.48887  
227.300    -0.48913  
227.400    -0.48940  
227.500    -0.48966  
227.600    -0.48992  
227.700    -0.49019  
227.800    -0.49045  
227.900    -0.49071  
228.000    -0.49097  
228.100    -0.49124  
228.200    -0.49150  
228.300    -0.49176  
228.400    -0.49202  
228.500    -0.49229  
228.600    -0.49255  
228.700    -0.49281  
228.800    -0.49307  
228.900    -0.49334  
229.000    -0.49360  
229.100    -0.49386  
229.200    -0.49412  
229.300    -0.49439  
229.400    -0.49465  
229.500    -0.49491  
229.600    -0.49517  
229.700    -0.49543  
229.800    -0.49569  
229.900    -0.49596  
230.000    -0.49622  
230.100    -0.49648  
230.200    -0.49674  
230.300    -0.49700  
230.400    -0.49726  
230.500    -0.49753  
230.600    -0.49779  
230.700    -0.49805  
230.800    -0.49831  
230.900    -0.49857  
231.000    -0.49883  
231.100    -0.49909  
231.200    -0.49935  
231.300    -0.49961  
231.400    -0.49988  
231.500    -0.50014  
231.600    -0.50040  
231.700    -0.50066  
231.800    -0.50092  
231.900    -0.50118  
232.000    -0.50144  
232.100    -0.50170  
232.200    -0.50196  
232.300    -0.50222  
232.400    -0.50248  
232.500    -0.50274  
232.600    -0.50300  
232.700    -0.50326  
232.800    -0.50352  
232.900    -0.50378  
233.000    -0.50404  
233.100    -0.50430  
233.200    -0.50456  
233.300    -0.50482  
233.400    -0.50508  
233.500    -0.50534  
233.600    -0.50560  
233.700    -0.50586  
233.800    -0.50612  
233.900    -0.50638  
234.000    -0.50664  
234.100    -0.50690  
234.200    -0.50716  
234.300    -0.50742  
234.400    -0.50768  
234.500    -0.50794  
234.600    -0.50820  
234.700    -0.50846  
234.800    -0.50871  
234.900    -0.50897  
235.000    -0.50923  
235.100    -0.50949  
235.200    -0.50975  
235.300    -0.51001  
235.400    -0.51027  
235.500    -0.51053  
235.600    -0.51078  
235.700    -0.51104  
235.800    -0.51130  
235.900    -0.51156  
236.000    -0.51182  
236.100    -0.51208  
236.200    -0.51233  
236.300    -0.51259  
236.400    -0.51285  
236.500    -0.51311  
236.600    -0.51337  
236.700    -0.51362  
236.800    -0.51388  
236.900    -0.51414  
237.000    -0.51440  
237.100    -0.51466  
237.200    -0.51491  
237.300    -0.51517  
237.400    -0.51543  
237.500    -0.51569  
237.600    -0.51594  
237.700    -0.51620  
237.800    -0.51646  
237.900    -0.51672  
238.000    -0.51697  
238.100    -0.51723  
238.200    -0.51749  
238.300    -0.51774  
238.400    -0.51800  
238.500    -0.51826  
238.600    -0.51851  
238.700    -0.51877  
238.800    -0.51903  
238.900    -0.51929  
239.000    -0.51954  
239.100    -0.51980  
239.200    -0.52005  
239.300    -0.52031  
239.400    -0.52057  
239.500    -0.52082  
239.600    -0.52108  
239.700    -0.52134  
239.800    -0.52159  
239.900    -0.52185  
240.000    -0.52210  
240.100    -0.52236  
240.200    -0.52262  
240.300    -0.52287  
240.400    -0.52313  
240.500    -0.52338  
240.600    -0.52364  
240.700    -0.52390  
240.800    -0.52415  
240.900    -0.52441  
241.000    -0.52466  
241.100    -0.52492  
241.200    -0.52517  
241.300    -0.52543  
241.400    -0.52568  
241.500    -0.52594  
241.600    -0.52619  
241.700    -0.52645  
241.800    -0.52670  
241.900    -0.52696  
242.000    -0.52721  
242.100    -0.52747  
242.200    -0.52772  
242.300    -0.52798  
242.400    -0.52823  
242.500    -0.52849  
242.600    -0.52874  
242.700    -0.52900  
242.800    -0.52925  
242.900    -0.52951  
243.000    -0.52976  
243.100    -0.53001  
243.200    -0.53027  
243.300    -0.53052  
243.400    -0.53078  
243.500    -0.53103  
243.600    -0.53128  
243.700    -0.53154  
243.800    -0.53179  
243.900    -0.53205  
244.000    -0.53230  
244.100    -0.53255  
244.200    -0.53281  
244.300    -0.53306  
244.400    -0.53331  
244.500    -0.53357  
244.600    -0.53382  
244.700    -0.53407  
244.800    -0.53433  
244.900    -0.53458  
245.000    -0.53483  
245.100    -0.53509  
245.200    -0.53534  
245.300    -0.53559  
245.400    -0.53585  
245.500    -0.53610  
245.600    -0.53635  
245.700    -0.53660  
245.800    -0.53686  
245.900    -0.53711  
246.000    -0.53736  
246.100    -0.53761  
246.200    -0.53787  
246.300    -0.53812  
246.400    -0.53837  
246.500    -0.53862  
246.600    -0.53888  
246.700    -0.53913  
246.800    -0.53938  
246.900    -0.53963  
247.000    -0.53988  
247.100    -0.54014  
247.200    -0.54039  
247.300    -0.54064  
247.400    -0.54089  
247.500    -0.54114  
247.600    -0.54140  
247.700    -0.54165  
247.800    -0.54190  
247.900    -0.54215  
248.000    -0.54240  
248.100    -0.54265  
248.200    -0.54290  
248.300    -0.54316  
248.400    -0.54341  
248.500    -0.54366  
248.600    -0.54391  
248.700    -0.54416  
248.800    -0.54441  
248.900    -0.54466  
249.000    -0.54491  
249.100    -0.54516  
249.200    -0.54541  
249.300    -0.54566  
249.400    -0.54591  
249.500    -0.54617  
249.600    -0.54642  
249.700    -0.54667  
249.800    -0.54692  
249.900    -0.54717  
250.000    -0.54742  
250.100    -0.54767  
250.200    -0.54792  
250.300    -0.54817  
250.400    -0.54842  
250.500    -0.54867  
250.600    -0.54892  
250.700    -0.54917  
250.800    -0.54942  
250.900    -0.54967  
251.000    -0.54992  
251.100    -0.55017  
251.200    -0.55042  
251.300    -0.55066  
251.400    -0.55091  
251.500    -0.55116  
251.600    -0.55141  
251.700    -0.55166  
251.800    -0.55191  
251.900    -0.55216  
252.000    -0.55241  
252.100    -0.55266  
252.200    -0.55291  
252.300    -0.55316  
252.400    -0.55340  
252.500    -0.55365  
252.600    -0.55390  
252.700    -0.55415  
252.800    -0.55440  
252.900    -0.55465  
253.000    -0.55490  
253.100    -0.55514  
253.200    -0.55539  
253.300    -0.55564  
253.400    -0.55589  
253.500    -0.55614  
253.600    -0.55639  
253.700    -0.55663  
253.800    -0.55688  
253.900    -0.55713  
254.000    -0.55738  
254.100    -0.55763  
254.200    -0.55787  
254.300    -0.55812  
254.400    -0.55837  
254.500    -0.55862  
254.600    -0.55886  
254.700    -0.55911  
254.800    -0.55936  
254.900    -0.55961  
255.000    -0.55985  
255.100    -0.56010  
255.200    -0.56035  
255.300    -0.56059  
255.400    -0.56084  
255.500    -0.56109  
255.600    -0.56134  
255.700    -0.56158  
255.800    -0.56183  
255.900    -0.56208  
256.000    -0.56232  
256.100    -0.56257  
256.200    -0.56282  
256.300    -0.56306  
256.400    -0.56331  
256.500    -0.56356  
256.600    -0.56380  
256.700    -0.56405  
256.800    -0.56429  
256.900    -0.56454  
257.000    -0.56479  
257.100    -0.56503  
257.200    -0.56528  
257.300    -0.56552  
257.400    -0.56577  
257.500    -0.56602  
257.600    -0.56626  
257.700    -0.56651  
257.800    -0.56675  
257.900    -0.56700  
258.000    -0.56724  
258.100    -0.56749  
258.200    -0.56773  
258.300    -0.56798  
258.400    -0.56823  
258.500    -0.56847  
258.600    -0.56872  
258.700    -0.56896  
258.800    -0.56921  
258.900    -0.56945  
259.000    -0.56970  
259.100    -0.56994  
259.200    -0.57018  
259.300    -0.57043  
259.400    -0.57067  
259.500    -0.57092  
259.600    -0.57116  
259.700    -0.57141  
259.800    -0.57165  
259.900    -0.57190  
260.000    -0.57214  
260.100    -0.57239  
260.200    -0.57263  
260.300    -0.57287  
260.400    -0.57312  
260.500    -0.57336  
260.600    -0.57361  
260.700    -0.57385  
260.800    -0.57409  
260.900    -0.57434  
261.000    -0.57458  
261.100    -0.57482  
261.200    -0.57507  
261.300    -0.57531  
261.400    -0.57555  
261.500    -0.57580  
261.600    -0.57604  
261.700    -0.57628  
261.800    -0.57653  
261.900    -0.57677  
262.000    -0.57701  
262.100    -0.57726  
262.200    -0.57750  
262.300    -0.57774  
262.400    -0.57799  
262.500    -0.57823  
262.600    -0.57847  
262.700    -0.57871  
262.800    -0.57896  
262.900    -0.57920  
263.000    -0.57944  
263.100    -0.57968  
263.200    -0.57993  
263.300    -0.58017  
263.400    -0.58041  
263.500    -0.58065  
263.600    -0.58090  
263.700    -0.58114  
263.800    -0.58138  
263.900    -0.58162  
264.000    -0.58186  
264.100    -0.58211  
264.200    -0.58235  
264.300    -0.58259  
264.400    -0.58283  
264.500    -0.58307  
264.600    -0.58331  
264.700    -0.58355  
264.800    -0.58380  
264.900    -0.58404  
265.000    -0.58428  
265.100    -0.58452  
265.200    -0.58476  
265.300    -0.58500  
265.400    -0.58524  
265.500    -0.58548  
265.600    -0.58573  
265.700    -0.58597  
265.800    -0.58621  
265.900    -0.58645  
266.000    -0.58669  
266.100    -0.58693  
266.200    -0.58717  
266.300    -0.58741  
266.400    -0.58765  
266.500    -0.58789  
266.600    -0.58813  
266.700    -0.58837  
266.800    -0.58861  
266.900    -0.58885  
267.000    -0.58909  
267.100    -0.58933  
267.200    -0.58957  
267.300    -0.58981  
267.400    -0.59005  
267.500    -0.59029  
267.600    -0.59053  
267.700    -0.59077  
267.800    -0.59101  
267.900    -0.59125  
268.000    -0.59149  
268.100    -0.59173  
268.200    -0.59197  
268.300    -0.59221  
268.400    -0.59245  
268.500    -0.59269  
268.600    -0.59293  
268.700    -0.59316  
268.800    -0.59340  
268.900    -0.59364  
269.000    -0.59388  
269.100    -0.59412  
269.200    -0.59436  
269.300    -0.59460  
269.400    -0.59484  
269.500    -0.59508  
269.600    -0.59531  
269.700    -0.59555  
269.800    -0.59579  
269.900    -0.59603  
270.000    -0.59627  
270.100    -0.59651  
270.200    -0.59674  
270.300    -0.59698  
270.400    -0.59722  
270.500    -0.59746  
270.600    -0.59770  
270.700    -0.59793  
270.800    -0.59817  
270.900    -0.59841  
271.000    -0.59865  
271.100    -0.59888  
271.200    -0.59912  
271.300    -0.59936  
271.400    -0.59960  
271.500    -0.59983  
271.600    -0.60007  
271.700    -0.60031  
271.800    -0.60055  
271.900    -0.60078  
272.000    -0.60102  
272.100    -0.60126  
272.200    -0.60149  
272.300    -0.60173  
272.400    -0.60197  
272.500    -0.60220  
272.600    -0.60244  
272.700    -0.60268  
272.800    -0.60291  
272.900    -0.60315  
273.000    -0.60339  
273.100    -0.60362  
273.200    -0.60386  
273.300    -0.60410  
273.400    -0.60433  
273.500    -0.60457  
273.600    -0.60480  
273.700    -0.60504  
273.800    -0.60528  
273.900    -0.60551  
274.000    -0.60575  
274.100    -0.60598  
274.200    -0.60622  
274.300    -0.60646  
274.400    -0.60669  
274.500    -0.60693  
274.600    -0.60716  
274.700    -0.60740  
274.800    -0.60763  
274.900    -0.60787  
275.000    -0.60810  
275.100    -0.60834  
275.200    -0.60857  
275.300    -0.60881  
275.400    -0.60904  
275.500    -0.60928  
275.600    -0.60951  
275.700    -0.60975  
275.800    -0.60998  
275.900    -0.61022  
276.000    -0.61045  
276.100    -0.61069  
276.200    -0.61092  
276.300    -0.61116  
276.400    -0.61139  
276.500    -0.61162  
276.600    -0.61186  
276.700    -0.61209  
276.800    -0.61233  
276.900    -0.61256  
277.000    -0.61280  
277.100    -0.61303  
277.200    -0.61326  
277.300    -0.61350  
277.400    -0.61373  
277.500    -0.61396  
277.600    -0.61420  
277.700    -0.61443  
277.800    -0.61467  
277.900    -0.61490  
278.000    -0.61513  
278.100    -0.61537  
278.200    -0.61560  
278.300    -0.61583  
278.400    -0.61607  
278.500    -0.61630  
278.600    -0.61653  
278.700    -0.61677  
278.800    -0.61700  
278.900    -0.61723  
279.000    -0.61746  
279.100    -0.61770  
279.200    -0.61793  
279.300    -0.61816  
279.400    -0.61839  
279.500    -0.61863  
279.600    -0.61886  
279.700    -0.61909  
279.800    -0.61932  
279.900    -0.61956  
280.000    -0.61979  
280.100    -0.62002  
280.200    -0.62025  
280.300    -0.62049  
280.400    -0.62072  
280.500    -0.62095  
280.600    -0.62118  
280.700    -0.62141  
280.800    -0.62164  
280.900    -0.62188  
281.000    -0.62211  
281.100    -0.62234  
281.200    -0.62257  
281.300    -0.62280  
281.400    -0.62303  
281.500    -0.62327  
281.600    -0.62350  
281.700    -0.62373  
281.800    -0.62396  
281.900    -0.62419  
282.000    -0.62442  
282.100    -0.62465  
282.200    -0.62488  
282.300    -0.62511  
282.400    -0.62534  
282.500    -0.62557  
282.600    -0.62581  
282.700    -0.62604  
282.800    -0.62627  
282.900    -0.62650  
283.000    -0.62673  
283.100    -0.62696  
283.200    -0.62719  
283.300    -0.62742  
283.400    -0.62765  
283.500    -0.62788  
283.600    -0.62811  
283.700    -0.62834  
283.800    -0.62857  
283.900    -0.62880  
284.000    -0.62903  
284.100    -0.62926  
284.200    -0.62949  
284.300    -0.62972  
284.400    -0.62995  
284.500    -0.63018  
284.600    -0.63041  
284.700    -0.63064  
284.800    -0.63086  
284.900    -0.63109  
285.000    -0.63132  
285.100    -0.63155  
285.200    -0.63178  
285.300    -0.63201  
285.400    -0.63224  
285.500    -0.63247  
285.600    -0.63270  
285.700    -0.63293  
285.800    -0.63315  
285.900    -0.63338  
286.000    -0.63361  
286.100    -0.63384  
286.200    -0.63407  
286.300    -0.63430  
286.400    -0.63453  
286.500    -0.63475  
286.600    -0.63498  
286.700    -0.63521  
286.800    -0.63544  
286.900    -0.63567  
287.000    -0.63589  
287.100    -0.63612  
287.200    -0.63635  
287.300    -0.63658  
287.400    -0.63681  
287.500    -0.63703  
287.600    -0.63726  
287.700    -0.63749  
287.800    -0.63772  
287.900    -0.63794  
288.000    -0.63817  
288.100    -0.63840  
288.200    -0.63863  
288.300    -0.63885  
288.400    -0.63908  
288.500    -0.63931  
288.600    -0.63953  
288.700    -0.63976  
288.800    -0.63999  
288.900    -0.64021  
289.000    -0.64044  
289.100    -0.64067  
289.200    -0.64089  
289.300    -0.64112  
289.400    -0.64135  
289.500    -0.64157  
289.600    -0.64180  
289.700    -0.64203  
289.800    -0.64225  
289.900    -0.64248  
290.000    -0.64271  
290.100    -0.64293  
290.200    -0.64316  
290.300    -0.64338  
290.400    -0.64361  
290.500    -0.64384  
290.600    -0.64406  
290.700    -0.64429  
290.800    -0.64451  
290.900    -0.64474  
291.000    -0.64496  
291.100    -0.64519  
291.200    -0.64542  
291.300    -0.64564  
291.400    -0.64587  
291.500    -0.64609  
291.600    -0.64632  
291.700    -0.64654  
291.800    -0.64677  
291.900    -0.64699  
292.000    -0.64722  
292.100    -0.64744  
292.200    -0.64767  
292.300    -0.64789  
292.400    -0.64812  
292.500    -0.64834  
292.600    -0.64857  
292.700    -0.64879  
292.800    -0.64901  
292.900    -0.64924  
293.000    -0.64946  
293.100    -0.64969  
293.200    -0.64991  
293.300    -0.65014  
293.400    -0.65036  
293.500    -0.65058  
293.600    -0.65081  
293.700    -0.65103  
293.800    -0.65126  
293.900    -0.65148  
294.000    -0.65170  
294.100    -0.65193  
294.200    -0.65215  
294.300    -0.65237  
294.400    -0.65260  
294.500    -0.65282  
294.600    -0.65304  
294.700    -0.65327  
294.800    -0.65349  
294.900    -0.65371  
295.000    -0.65394  
295.100    -0.65416  
295.200    -0.65438  
295.300    -0.65461  
295.400    -0.65483  
295.500    -0.65505  
295.600    -0.65527  
295.700    -0.65550  
295.800    -0.65572  
295.900    -0.65594  
296.000    -0.65617  
296.100    -0.65639  
296.200    -0.65661  
296.300    -0.65683  
296.400    -0.65705  
296.500    -0.65728  
296.600    -0.65750  
296.700    -0.65772  
296.800    -0.65794  
296.900    -0.65817  
297.000    -0.65839  
297.100    -0.65861  
297.200    -0.65883  
297.300    -0.65905  
297.400    -0.65927  
297.500    -0.65950  
297.600    -0.65972  
297.700    -0.65994  
297.800    -0.66016  
297.900    -0.66038  
298.000    -0.66060  
298.100    -0.66082  
298.200    -0.66105  
298.300    -0.66127  
298.400    -0.66149  
298.500    -0.66171  
298.600    -0.66193  
298.700    -0.66215  
298.800    -0.66237  
298.900    -0.66259  
299.000    -0.66281  
299.100    -0.66303  
299.200    -0.66325  
299.300    -0.66347  
299.400    -0.66370  
299.500    -0.66392  
299.600    -0.66414  
299.700    -0.66436  
299.800    -0.66458  
299.900    -0.66480  
300.000    -0.66502  
300.100    -0.66524  
300.200    -0.66546  
300.300    -0.66568  
300.400    -0.66590  
300.500    -0.66612  
300.600    -0.66634  
300.700    -0.66656  
300.800    -0.66678  
300.900    -0.66700  
301.000    -0.66721  
301.100    -0.66743  
301.200    -0.66765  
301.300    -0.66787  
301.400    -0.66809  
301.500    -0.66831  
301.600    -0.66853  
301.700    -0.66875  
301.800    -0.66897  
301.900    -0.66919  
302.000    -0.66941  
302.100    -0.66963  
302.200    -0.66984  
302.300    -0.67006  
302.400    -0.67028  
302.500    -0.67050  
302.600    -0.67072  
302.700    -0.67094  
302.800    -0.67116  
302.900    -0.67137  
303.000    -0.67159  
303.100    -0.67181  
303.200    -0.67203  
303.300    -0.67225  
303.400    -0.67246  
303.500    -0.67268  
303.600    -0.67290  
303.700    -0.67312  
303.800    -0.67334  
303.900    -0.67355  
304.000    -0.67377  
304.100    -0.67399  
304.200    -0.67421  
304.300    -0.67442  
304.400    -0.67464  
304.500    -0.67486  
304.600    -0.67508  
304.700    -0.67529  
304.800    -0.67551  
304.900    -0.67573  
305.000    -0.67595  
305.100    -0.67616  
305.200    -0.67638  
305.300    -0.67660  
305.400    -0.67681  
305.500    -0.67703  
305.600    -0.67725  
305.700    -0.67746  
305.800    -0.67768  
305.900    -0.67790  
306.000    -0.67811  
306.100    -0.67833  
306.200    -0.67855  
306.300    -0.67876  
306.400    -0.67898  
306.500    -0.67920  
306.600    -0.67941  
306.700    -0.67963  
306.800    -0.67984  
306.900    -0.68006  
307.000    -0.68028  
307.100    -0.68049  
307.200    -0.68071  
307.300    -0.68092  
307.400    -0.68114  
307.500    -0.68135  
307.600    -0.68157  
307.700    -0.68179  
307.800    -0.68200  
307.900    -0.68222  
308.000    -0.68243  
308.100    -0.68265  
308.200    -0.68286  
308.300    -0.68308  
308.400    -0.68329  
308.500    -0.68351  
308.600    -0.68372  
308.700    -0.68394  
308.800    -0.68415  
308.900    -0.68437  
309.000    -0.68458  
309.100    -0.68480  
309.200    -0.68501  
309.300    -0.68523  
309.400    -0.68544  
309.500    -0.68565  
309.600    -0.68587  
309.700    -0.68608  
309.800    -0.68630  
309.900    -0.68651  
310.000    -0.68673  
310.100    -0.68694  
310.200    -0.68715  
310.300    -0.68737  
310.400    -0.68758  
310.500    -0.68780  
310.600    -0.68801  
310.700    -0.68822  
310.800    -0.68844  
310.900    -0.68865  
311.000    -0.68886  
311.100    -0.68908  
311.200    -0.68929  
311.300    -0.68950  
311.400    -0.68972  
311.500    -0.68993  
311.600    -0.69014  
311.700    -0.69036  
311.800    -0.69057  
311.900    -0.69078  
312.000    -0.69100  
312.100    -0.69121  
312.200    -0.69142  
312.300    -0.69163  
312.400    -0.69185  
312.500    -0.69206  
312.600    -0.69227  
312.700    -0.69248  
312.800    -0.69270  
312.900    -0.69291  
313.000    -0.69312  
313.100    -0.69333  
313.200    -0.69355  
313.300    -0.69376  
313.400    -0.69397  
313.500    -0.69418  
313.600    -0.69439  
313.700    -0.69461  
313.800    -0.69482  
313.900    -0.69503  
314.000    -0.69524  
314.100    -0.69545  
314.200    -0.69567  
314.300    -0.69588  
314.400    -0.69609  
314.500    -0.69630  
314.600    -0.69651  
314.700    -0.69672  
314.800    -0.69693  
314.900    -0.69714  
315.000    -0.69736  
315.100    -0.69757  
315.200    -0.69778  
315.300    -0.69799  
315.400    -0.69820  
315.500    -0.69841  
315.600    -0.69862  
315.700    -0.69883  
315.800    -0.69904  
315.900    -0.69925  
316.000    -0.69946  
316.100    -0.69967  
316.200    -0.69989  
316.300    -0.70010  
316.400    -0.70031  
316.500    -0.70052  
316.600    -0.70073  
316.700    -0.70094  
316.800    -0.70115  
316.900    -0.70136  
317.000    -0.70157  
317.100    -0.70178  
317.200    -0.70199  
317.300    -0.70220  
317.400    -0.70241  
317.500    -0.70262  
317.600    -0.70283  
317.700    -0.70303  
317.800    -0.70324  
317.900    -0.70345  
318.000    -0.70366  
318.100    -0.70387  
318.200    -0.70408  
318.300    -0.70429  
318.400    -0.70450  
318.500    -0.70471  
318.600    -0.70492  
318.700    -0.70513  
318.800    -0.70534  
318.900    -0.70554  
319.000    -0.70575  
319.100    -0.70596  
319.200    -0.70617  
319.300    -0.70638  
319.400    -0.70659  
319.500    -0.70680  
319.600    -0.70700  
319.700    -0.70721  
319.800    -0.70742  
319.900    -0.70763  
320.000    -0.70784  
320.100    -0.70805  
320.200    -0.70825  
320.300    -0.70846  
320.400    -0.70867  
320.500    -0.70888  
320.600    -0.70909  
320.700    -0.70929  
320.800    -0.70950  
320.900    -0.70971  
321.000    -0.70992  
321.100    -0.71012  
321.200    -0.71033  
321.300    -0.71054  
321.400    -0.71075  
321.500    -0.71095  
321.600    -0.71116  
321.700    -0.71137  
321.800    -0.71158  
321.900    -0.71178  
322.000    -0.71199  
322.100    -0.71220  
322.200    -0.71240  
322.300    -0.71261  
322.400    -0.71282  
322.500    -0.71302  
322.600    -0.71323  
322.700    -0.71344  
322.800    -0.71364  
322.900    -0.71385  
323.000    -0.71406  
323.100    -0.71426  
323.200    -0.71447  
323.300    -0.71468  
323.400    -0.71488  
323.500    -0.71509  
323.600    -0.71529  
323.700    -0.71550  
323.800    -0.71571  
323.900    -0.71591  
324.000    -0.71612  
324.100    -0.71632  
324.200    -0.71653  
324.300    -0.71673  
324.400    -0.71694  
324.500    -0.71715  
324.600    -0.71735  
324.700    -0.71756  
324.800    -0.71776  
324.900    -0.71797  
325.000    -0.71817  
325.100    -0.71838  
325.200    -0.71858  
325.300    -0.71879  
325.400    -0.71899  
325.500    -0.71920  
325.600    -0.71940  
325.700    -0.71961  
325.800    -0.71981  
325.900    -0.72002  
326.000    -0.72022  
326.100    -0.72043  
326.200    -0.72063  
326.300    -0.72083  
326.400    -0.72104  
326.500    -0.72124  
326.600    -0.72145  
326.700    -0.72165  
326.800    -0.72186  
326.900    -0.72206  
327.000    -0.72226  
327.100    -0.72247  
327.200    -0.72267  
327.300    -0.72288  
327.400    -0.72308  
327.500    -0.72328  
327.600    -0.72349  
327.700    -0.72369  
327.800    -0.72389  
327.900    -0.72410  
328.000    -0.72430  
328.100    -0.72451  
328.200    -0.72471  
328.300    -0.72491  
328.400    -0.72511  
328.500    -0.72532  
328.600    -0.72552  
328.700    -0.72572  
328.800    -0.72593  
328.900    -0.72613  
329.000    -0.72633  
329.100    -0.72654  
329.200    -0.72674  
329.300    -0.72694  
329.400    -0.72714  
329.500    -0.72735  
329.600    -0.72755  
329.700    -0.72775  
329.800    -0.72795  
329.900    -0.72816  
330.000    -0.72836  
330.100    -0.72856  
330.200    -0.72876  
330.300    -0.72897  
330.400    -0.72917  
330.500    -0.72937  
330.600    -0.72957  
330.700    -0.72977  
330.800    -0.72998  
330.900    -0.73018  
331.000    -0.73038  
331.100    -0.73058  
331.200    -0.73078  
331.300    -0.73098  
331.400    -0.73119  
331.500    -0.73139  
331.600    -0.73159  
331.700    -0.73179  
331.800    -0.73199  
331.900    -0.73219  
332.000    -0.73239  
332.100    -0.73259  
332.200    -0.73280  
332.300    -0.73300  
332.400    -0.73320  
332.500    -0.73340  
332.600    -0.73360  
332.700    -0.73380  
332.800    -0.73400  
332.900    -0.73420  
333.000    -0.73440  
333.100    -0.73460  
333.200    -0.73480  
333.300    -0.73500  
333.400    -0.73520  
333.500    -0.73540  
333.600    -0.73560  
333.700    -0.73580  
333.800    -0.73600  
333.900    -0.73620  
334.000    -0.73640  
334.100    -0.73660  
334.200    -0.73680  
334.300    -0.73700  
334.400    -0.73720  
334.500    -0.73740  
334.600    -0.73760  
334.700    -0.73780  
334.800    -0.73800  
334.900    -0.73820  
335.000    -0.73840  
335.100    -0.73860  
335.200    -0.73880  
335.300    -0.73900  
335.400    -0.73920  
335.500    -0.73940  
335.600    -0.73960  
335.700    -0.73980  
335.800    -0.73999  
335.900    -0.74019  
336.000    -0.74039  
336.100    -0.74059  
336.200    -0.74079  
336.300    -0.74099  
336.400    -0.74119  
336.500    -0.74139  
336.600    -0.74158  
336.700    -0.74178  
336.800    -0.74198  
336.900    -0.74218  
337.000    -0.74238  
337.100    -0.74258  
337.200    -0.74277  
337.300    -0.74297  
337.400    -0.74317  
337.500    -0.74337  
337.600    -0.74357  
337.700    -0.74376  
337.800    -0.74396  
337.900    -0.74416  
338.000    -0.74436  
338.100    -0.74455  
338.200    -0.74475  
338.300    -0.74495  
338.400    -0.74515  
338.500    -0.74534  
338.600    -0.74554  
338.700    -0.74574  
338.800    -0.74594  
338.900    -0.74613  
339.000    -0.74633  
339.100    -0.74653  
339.200    -0.74672  
339.300    -0.74692  
339.400    -0.74712  
339.500    -0.74731  
339.600    -0.74751  
339.700    -0.74771  
339.800    -0.74790  
339.900    -0.74810  
340.000    -0.74830  
340.100    -0.74849  
340.200    -0.74869  
340.300    -0.74889  
340.400    -0.74908  
340.500    -0.74928  
340.600    -0.74948  
340.700    -0.74967  
340.800    -0.74987  
340.900    -0.75006  
341.000    -0.75026  
341.100    -0.75046  
341.200    -0.75065  
341.300    -0.75085  
341.400    -0.75104  
341.500    -0.75124  
341.600    -0.75143  
341.700    -0.75163  
341.800    -0.75183  
341.900    -0.75202  
342.000    -0.75222  
342.100    -0.75241  
342.200    -0.75261  
342.300    -0.75280  
342.400    -0.75300  
342.500    -0.75319  
342.600    -0.75339  
342.700    -0.75358  
342.800    -0.75378  
342.900    -0.75397  
343.000    -0.75417  
343.100    -0.75436  
343.200    -0.75456  
343.300    -0.75475  
343.400    -0.75495  
343.500    -0.75514  
343.600    -0.75534  
343.700    -0.75553  
343.800    -0.75572  
343.900    -0.75592  
344.000    -0.75611  
344.100    -0.75631  
344.200    -0.75650  
344.300    -0.75670  
344.400    -0.75689  
344.500    -0.75708  
344.600    -0.75728  
344.700    -0.75747  
344.800    -0.75766  
344.900    -0.75786  
345.000    -0.75805  
345.100    -0.75825  
345.200    -0.75844  
345.300    -0.75863  
345.400    -0.75883  
345.500    -0.75902  
345.600    -0.75921  
345.700    -0.75941  
345.800    -0.75960  
345.900    -0.75979  
346.000    -0.75999  
346.100    -0.76018  
346.200    -0.76037  
346.300    -0.76056  
346.400    -0.76076  
346.500    -0.76095  
346.600    -0.76114  
346.700    -0.76134  
346.800    -0.76153  
346.900    -0.76172  
347.000    -0.76191  
347.100    -0.76211  
347.200    -0.76230  
347.300    -0.76249  
347.400    -0.76268  
347.500    -0.76288  
347.600    -0.76307  
347.700    -0.76326  
347.800    -0.76345  
347.900    -0.76364  
348.000    -0.76384  
348.100    -0.76403  
348.200    -0.76422  
348.300    -0.76441  
348.400    -0.76460  
348.500    -0.76480  
348.600    -0.76499  
348.700    -0.76518  
348.800    -0.76537  
348.900    -0.76556  
349.000    -0.76575  
349.100    -0.76594  
349.200    -0.76614  
349.300    -0.76633  
349.400    -0.76652  
349.500    -0.76671  
349.600    -0.76690  
349.700    -0.76709  
349.800    -0.76728  
349.900    -0.76747  
350.000    -0.76766  