 0.000     0.00000  
  0.100     0.00000  
  0.200    -0.00001  
  0.300    -0.00004  
  0.400    -0.00009  
  0.500    -0.00017  
  0.600    -0.00029  
  0.700    -0.00044  
  0.800    -0.00063  
  0.900    -0.00086  
  1.000    -0.00113  
  1.100    -0.00145  
  1.200    -0.00182  
  1.300    -0.00224  
  1.400    -0.00270  
  1.500    -0.00321  
  1.600    -0.00378  
  1.700    -0.00439  
  1.800    -0.00506  
  1.900    -0.00577  
  2.000    -0.00654  
  2.100    -0.00736  
  2.200    -0.00824  
  2.300    -0.00916  
  2.400    -0.01014  
  2.500    -0.01117  
  2.600    -0.01224  
  2.700    -0.01337  
  2.800    -0.01455  
  2.900    -0.01578  
  3.000    -0.01707  
  3.100    -0.01840  
  3.200    -0.01977  
  3.300    -0.02120  
  3.400    -0.02268  
  3.500    -0.02420  
  3.600    -0.02577  
  3.700    -0.02739  
  3.800    -0.02906  
  3.900    -0.03077  
  4.000    -0.03252  
  4.100    -0.03432  
  4.200    -0.03616  
  4.300    -0.03805  
  4.400    -0.03998  
  4.500    -0.04195  
  4.600    -0.04397  
  4.700    -0.04602  
  4.800    -0.04812  
  4.900    -0.05026  
  5.000    -0.05243  
  5.100    -0.05465  
  5.200    -0.05690  
  5.300    -0.05919  
  5.400    -0.06152  
  5.500    -0.06389  
  5.600    -0.06629  
  5.700    -0.06873  
  5.800    -0.07120  
  5.900    -0.07370  
  6.000    -0.07625  
  6.100    -0.07882  
  6.200    -0.08143  
  6.300    -0.08407  
  6.400    -0.08674  
  6.500    -0.08944  
  6.600    -0.09218  
  6.700    -0.09494  
  6.800    -0.09774  
  6.900    -0.10057  
  7.000    -0.10342  
  7.100    -0.10630  
  7.200    -0.10921  
  7.300    -0.11215  
  7.400    -0.11511  
  7.500    -0.11811  
  7.600    -0.12113  
  7.700    -0.12417  
  7.800    -0.12724  
  7.900    -0.13033  
  8.000    -0.13345  
  8.100    -0.13660  
  8.200    -0.13976  
  8.300    -0.14295  
  8.400    -0.14617  
  8.500    -0.14940  
  8.600    -0.15266  
  8.700    -0.15594  
  8.800    -0.15924  
  8.900    -0.16257  
  9.000    -0.16591  
  9.100    -0.16927  
  9.200    -0.17265  
  9.300    -0.17606  
  9.400    -0.17948  
  9.500    -0.18292  
  9.600    -0.18638  
  9.700    -0.18986  
  9.800    -0.19335  
  9.900    -0.19686  
 10.000    -0.20039  
 10.100    -0.20394  
 10.200    -0.20750  
 10.300    -0.21108  
 10.400    -0.21468  
 10.500    -0.21829  
 10.600    -0.22192  
 10.700    -0.22556  
 10.800    -0.22921  
 10.900    -0.23288  
 11.000    -0.23657  
 11.100    -0.24027  
 11.200    -0.24398  
 11.300    -0.24771  
 11.400    -0.25145  
 11.500    -0.25520  
 11.600    -0.25896  
 11.700    -0.26274  
 11.800    -0.26653  
 11.900    -0.27033  
 12.000    -0.27415  
 12.100    -0.27797  
 12.200    -0.28181  
 12.300    -0.28565  
 12.400    -0.28951  
 12.500    -0.29338  
 12.600    -0.29726  
 12.700    -0.30115  
 12.800    -0.30504  
 12.900    -0.30895  
 13.000    -0.31287  
 13.100    -0.31680  
 13.200    -0.32073  
 13.300    -0.32468  
 13.400    -0.32863  
 13.500    -0.33259  
 13.600    -0.33656  
 13.700    -0.34054  
 13.800    -0.34452  
 13.900    -0.34852  
 14.000    -0.35252  
 14.100    -0.35653  
 14.200    -0.36054  
 14.300    -0.36457  
 14.400    -0.36860  
 14.500    -0.37263  
 14.600    -0.37667  
 14.700    -0.38072  
 14.800    -0.38478  
 14.900    -0.38884  
 15.000    -0.39291  
 15.100    -0.39698  
 15.200    -0.40106  
 15.300    -0.40514  
 15.400    -0.40923  
 15.500    -0.41332  
 15.600    -0.41742  
 15.700    -0.42153  
 15.800    -0.42564  
 15.900    -0.42975  
 16.000    -0.43387  
 16.100    -0.43799  
 16.200    -0.44212  
 16.300    -0.44625  
 16.400    -0.45038  
 16.500    -0.45452  
 16.600    -0.45866  
 16.700    -0.46280  
 16.800    -0.46695  
 16.900    -0.47110  
 17.000    -0.47526  
 17.100    -0.47942  
 17.200    -0.48358  
 17.300    -0.48774  
 17.400    -0.49191  
 17.500    -0.49608  
 17.600    -0.50025  
 17.700    -0.50442  
 17.800    -0.50860  
 17.900    -0.51278  
 18.000    -0.51696  
 18.100    -0.52114  
 18.200    -0.52532  
 18.300    -0.52951  
 18.400    -0.53370  
 18.500    -0.53789  
 18.600    -0.54208  
 18.700    -0.54627  
 18.800    -0.55046  
 18.900    -0.55466  
 19.000    -0.55885  
 19.100    -0.56305  
 19.200    -0.56725  
 19.300    -0.57145  
 19.400    -0.57565  
 19.500    -0.57985  
 19.600    -0.58405  
 19.700    -0.58825  
 19.800    -0.59245  
 19.900    -0.59665  
 20.000    -0.60085  
 20.100    -0.60506  
 20.200    -0.60926  
 20.300    -0.61346  
 20.400    -0.61767  
 20.500    -0.62187  
 20.600    -0.62607  
 20.700    -0.63027  
 20.800    -0.63448  
 20.900    -0.63868  
 21.000    -0.64288  
 21.100    -0.64708  
 21.200    -0.65128  
 21.300    -0.65548  
 21.400    -0.65968  
 21.500    -0.66388  
 21.600    -0.66807  
 21.700    -0.67227  
 21.800    -0.67647  
 21.900    -0.68066  
 22.000    -0.68485  
 22.100    -0.68905  
 22.200    -0.69324  
 22.300    -0.69743  
 22.400    -0.70162  
 22.500    -0.70580  
 22.600    -0.70999  
 22.700    -0.71417  
 22.800    -0.71836  
 22.900    -0.72254  
 23.000    -0.72672  
 23.100    -0.73090  
 23.200    -0.73507  
 23.300    -0.73925  
 23.400    -0.74342  
 23.500    -0.74759  
 23.600    -0.75176  
 23.700    -0.75593  
 23.800    -0.76009  
 23.900    -0.76425  
 24.000    -0.76842  
 24.100    -0.77257  
 24.200    -0.77673  
 24.300    -0.78088  
 24.400    -0.78504  
 24.500    -0.78919  
 24.600    -0.79333  
 24.700    -0.79748  
 24.800    -0.80162  
 24.900    -0.80576  
 25.000    -0.80990  
 25.100    -0.81403  
 25.200    -0.81817  
 25.300    -0.82229  
 25.400    -0.82642  
 25.500    -0.83055  
 25.600    -0.83467  
 25.700    -0.83879  
 25.800    -0.84290  
 25.900    -0.84702  
 26.000    -0.85113  
 26.100    -0.85523  
 26.200    -0.85934  
 26.300    -0.86344  
 26.400    -0.86753  
 26.500    -0.87163  
 26.600    -0.87572  
 26.700    -0.87981  
 26.800    -0.88390  
 26.900    -0.88798  
 27.000    -0.89206  
 27.100    -0.89613  
 27.200    -0.90021  
 27.300    -0.90427  
 27.400    -0.90834  
 27.500    -0.91240  
 27.600    -0.91646  
 27.700    -0.92052  
 27.800    -0.92457  
 27.900    -0.92862  
 28.000    -0.93266  
 28.100    -0.93671  
 28.200    -0.94074  
 28.300    -0.94478  
 28.400    -0.94881  
 28.500    -0.95284  
 28.600    -0.95686  
 28.700    -0.96088  
 28.800    -0.96490  
 28.900    -0.96891  
 29.000    -0.97292  
 29.100    -0.97692  
 29.200    -0.98092  
 29.300    -0.98492  
 29.400    -0.98891  
 29.500    -0.99290  
 29.600    -0.99689  
 29.700    -1.00087  
 29.800    -1.00485  
 29.900    -1.00882  
 30.000    -1.01279  
 30.100    -1.01676  
 30.200    -1.02072  
 30.300    -1.02468  
 30.400    -1.02863  
 30.500    -1.03258  
 30.600    -1.03653  
 30.700    -1.04047  
 30.800    -1.04440  
 30.900    -1.04834  
 31.000    -1.05227  
 31.100    -1.05619  
 31.200    -1.06011  
 31.300    -1.06403  
 31.400    -1.06794  
 31.500    -1.07185  
 31.600    -1.07575  
 31.700    -1.07965  
 31.800    -1.08354  
 31.900    -1.08743  
 32.000    -1.09132  
 32.100    -1.09520  
 32.200    -1.09908  
 32.300    -1.10295  
 32.400    -1.10682  
 32.500    -1.11068  
 32.600    -1.11454  
 32.700    -1.11840  
 32.800    -1.12225  
 32.900    -1.12610  
 33.000    -1.12994  
 33.100    -1.13378  
 33.200    -1.13761  
 33.300    -1.14144  
 33.400    -1.14526  
 33.500    -1.14908  
 33.600    -1.15290  
 33.700    -1.15671  
 33.800    -1.16051  
 33.900    -1.16431  
 34.000    -1.16811  
 34.100    -1.17190  
 34.200    -1.17569  
 34.300    -1.17947  
 34.400    -1.18325  
 34.500    -1.18702  
 34.600    -1.19079  
 34.700    -1.19455  
 34.800    -1.19831  
 34.900    -1.20207  
 35.000    -1.20582  
 35.100    -1.20956  
 35.200    -1.21330  
 35.300    -1.21704  
 35.400    -1.22077  
 35.500    -1.22449  
 35.600    -1.22821  
 35.700    -1.23193  
 35.800    -1.23564  
 35.900    -1.23935  
 36.000    -1.24305  
 36.100    -1.24675  
 36.200    -1.25044  
 36.300    -1.25413  
 36.400    -1.25781  
 36.500    -1.26149  
 36.600    -1.26516  
 36.700    -1.26883  
 36.800    -1.27249  
 36.900    -1.27615  
 37.000    -1.27980  
 37.100    -1.28345  
 37.200    -1.28710  
 37.300    -1.29074  
 37.400    -1.29437  
 37.500    -1.29800  
 37.600    -1.30162  
 37.700    -1.30524  
 37.800    -1.30886  
 37.900    -1.31247  
 38.000    -1.31607  
 38.100    -1.31967  
 38.200    -1.32326  
 38.300    -1.32685  
 38.400    -1.33044  
 38.500    -1.33402  
 38.600    -1.33759  
 38.700    -1.34116  
 38.800    -1.34473  
 38.900    -1.34829  
 39.000    -1.35184  
 39.100    -1.35539  
 39.200    -1.35894  
 39.300    -1.36247  
 39.400    -1.36601  
 39.500    -1.36954  
 39.600    -1.37306  
 39.700    -1.37658  
 39.800    -1.38010  
 39.900    -1.38361  
 40.000    -1.38711  
 40.100    -1.39061  
 40.200    -1.39411  
 40.300    -1.39760  
 40.400    -1.40108  
 40.500    -1.40456  
 40.600    -1.40803  
 40.700    -1.41150  
 40.800    -1.41497  
 40.900    -1.41843  
 41.000    -1.42188  
 41.100    -1.42533  
 41.200    -1.42877  
 41.300    -1.43221  
 41.400    -1.43564  
 41.500    -1.43907  
 41.600    -1.44250  
 41.700    -1.44591  
 41.800    -1.44933  
 41.900    -1.45274  
 42.000    -1.45614  
 42.100    -1.45954  
 42.200    -1.46293  
 42.300    -1.46632  
 42.400    -1.46970  
 42.500    -1.47308  
 42.600    -1.47645  
 42.700    -1.47982  
 42.800    -1.48318  
 42.900    -1.48654  
 43.000    -1.48989  
 43.100    -1.49324  
 43.200    -1.49658  
 43.300    -1.49991  
 43.400    -1.50325  
 43.500    -1.50657  
 43.600    -1.50989  
 43.700    -1.51321  
 43.800    -1.51652  
 43.900    -1.51983  
 44.000    -1.52313  
 44.100    -1.52642  
 44.200    -1.52972  
 44.300    -1.53300  
 44.400    -1.53628  
 44.500    -1.53956  
 44.600    -1.54283  
 44.700    -1.54609  
 44.800    -1.54935  
 44.900    -1.55261  
 45.000    -1.55586  
 45.100    -1.55910  
 45.200    -1.56234  
 45.300    -1.56558  
 45.400    -1.56880  
 45.500    -1.57203  
 45.600    -1.57525  
 45.700    -1.57846  
 45.800    -1.58167  
 45.900    -1.58487  
 46.000    -1.58807  
 46.100    -1.59127  
 46.200    -1.59445  
 46.300    -1.59764  
 46.400    -1.60082  
 46.500    -1.60399  
 46.600    -1.60716  
 46.700    -1.61032  
 46.800    -1.61348  
 46.900    -1.61663  
 47.000    -1.61978  
 47.100    -1.62292  
 47.200    -1.62606  
 47.300    -1.62919  
 47.400    -1.63232  
 47.500    -1.63544  
 47.600    -1.63855  
 47.700    -1.64167  
 47.800    -1.64477  
 47.900    -1.64787  
 48.000    -1.65097  
 48.100    -1.65406  
 48.200    -1.65715  
 48.300    -1.66023  
 48.400    -1.66330  
 48.500    -1.66638  
 48.600    -1.66944  
 48.700    -1.67250  
 48.800    -1.67556  
 48.900    -1.67861  
 49.000    -1.68165  
 49.100    -1.68469  
 49.200    -1.68773  
 49.300    -1.69076  
 49.400    -1.69379  
 49.500    -1.69681  
 49.600    -1.69982  
 49.700    -1.70283  
 49.800    -1.70583  
 49.900    -1.70883  
 50.000    -1.71183  
 50.100    -1.71482  
 50.200    -1.71780  
 50.300    -1.72078  
 50.400    -1.72376  
 50.500    -1.72673  
 50.600    -1.72969  
 50.700    -1.73265  
 50.800    -1.73560  
 50.900    -1.73855  
 51.000    -1.74150  
 51.100    -1.74444  
 51.200    -1.74737  
 51.300    -1.75030  
 51.400    -1.75322  
 51.500    -1.75614  
 51.600    -1.75906  
 51.700    -1.76197  
 51.800    -1.76487  
 51.900    -1.76777  
 52.000    -1.77066  
 52.100    -1.77355  
 52.200    -1.77643  
 52.300    -1.77931  
 52.400    -1.78219  
 52.500    -1.78506  
 52.600    -1.78792  
 52.700    -1.79078  
 52.800    -1.79363  
 52.900    -1.79648  
 53.000    -1.79933  
 53.100    -1.80216  
 53.200    -1.80500  
 53.300    -1.80783  
 53.400    -1.81065  
 53.500    -1.81347  
 53.600    -1.81628  
 53.700    -1.81909  
 53.800    -1.82190  
 53.900    -1.82470  
 54.000    -1.82749  
 54.100    -1.83028  
 54.200    -1.83306  
 54.300    -1.83584  
 54.400    -1.83862  
 54.500    -1.84139  
 54.600    -1.84415  
 54.700    -1.84691  
 54.800    -1.84967  
 54.900    -1.85242  
 55.000    -1.85516  
 55.100    -1.85790  
 55.200    -1.86063  
 55.300    -1.86336  
 55.400    -1.86609  
 55.500    -1.86881  
 55.600    -1.87153  
 55.700    -1.87424  
 55.800    -1.87694  
 55.900    -1.87964  
 56.000    -1.88234  
 56.100    -1.88503  
 56.200    -1.88771  
 56.300    -1.89040  
 56.400    -1.89307  
 56.500    -1.89574  
 56.600    -1.89841  
 56.700    -1.90107  
 56.800    -1.90373  
 56.900    -1.90638  
 57.000    -1.90903  
 57.100    -1.91167  
 57.200    -1.91431  
 57.300    -1.91694  
 57.400    -1.91957  
 57.500    -1.92219  
 57.600    -1.92481  
 57.700    -1.92742  
 57.800    -1.93003  
 57.900    -1.93263  
 58.000    -1.93523  
 58.100    -1.93782  
 58.200    -1.94041  
 58.300    -1.94300  
 58.400    -1.94558  
 58.500    -1.94815  
 58.600    -1.95072  
 58.700    -1.95329  
 58.800    -1.95585  
 58.900    -1.95840  
 59.000    -1.96096  
 59.100    -1.96350  
 59.200    -1.96604  
 59.300    -1.96858  
 59.400    -1.97111  
 59.500    -1.97364  
 59.600    -1.97616  
 59.700    -1.97868  
 59.800    -1.98119  
 59.900    -1.98370  
 60.000    -1.98620  
 60.100    -1.98870  
 60.200    -1.99119  
 60.300    -1.99368  
 60.400    -1.99617  
 60.500    -1.99865  
 60.600    -2.00112  
 60.700    -2.00359  
 60.800    -2.00606  
 60.900    -2.00852  
 61.000    -2.01098  
 61.100    -2.01343  
 61.200    -2.01587  
 61.300    -2.01832  
 61.400    -2.02075  
 61.500    -2.02319  
 61.600    -2.02562  
 61.700    -2.02804  
 61.800    -2.03046  
 61.900    -2.03287  
 62.000    -2.03528  
 62.100    -2.03769  
 62.200    -2.04009  
 62.300    -2.04248  
 62.400    -2.04487  
 62.500    -2.04726  
 62.600    -2.04964  
 62.700    -2.05202  
 62.800    -2.05439  
 62.900    -2.05676  
 63.000    -2.05912  
 63.100    -2.06148  
 63.200    -2.06384  
 63.300    -2.06619  
 63.400    -2.06853  
 63.500    -2.07087  
 63.600    -2.07321  
 63.700    -2.07554  
 63.800    -2.07787  
 63.900    -2.08019  
 64.000    -2.08251  
 64.100    -2.08482  
 64.200    -2.08713  
 64.300    -2.08943  
 64.400    -2.09173  
 64.500    -2.09403  
 64.600    -2.09632  
 64.700    -2.09860  
 64.800    -2.10088  
 64.900    -2.10316  
 65.000    -2.10543  
 65.100    -2.10770  
 65.200    -2.10997  
 65.300    -2.11222  
 65.400    -2.11448  
 65.500    -2.11673  
 65.600    -2.11897  
 65.700    -2.12121  
 65.800    -2.12345  
 65.900    -2.12568  
 66.000    -2.12791  
 66.100    -2.13013  
 66.200    -2.13235  
 66.300    -2.13457  
 66.400    -2.13678  
 66.500    -2.13898  
 66.600    -2.14118  
 66.700    -2.14338  
 66.800    -2.14557  
 66.900    -2.14776  
 67.000    -2.14994  
 67.100    -2.15212  
 67.200    -2.15430  
 67.300    -2.15647  
 67.400    -2.15863  
 67.500    -2.16079  
 67.600    -2.16295  
 67.700    -2.16510  
 67.800    -2.16725  
 67.900    -2.16939  
 68.000    -2.17153  
 68.100    -2.17367  
 68.200    -2.17580  
 68.300    -2.17792  
 68.400    -2.18005  
 68.500    -2.18216  
 68.600    -2.18428  
 68.700    -2.18639  
 68.800    -2.18849  
 68.900    -2.19059  
 69.000    -2.19269  
 69.100    -2.19478  
 69.200    -2.19687  
 69.300    -2.19895  
 69.400    -2.20103  
 69.500    -2.20310  
 69.600    -2.20517  
 69.700    -2.20724  
 69.800    -2.20930  
 69.900    -2.21136  
 70.000    -2.21341  
 70.100    -2.21546  
 70.200    -2.21750  
 70.300    -2.21954  
 70.400    -2.22158  
 70.500    -2.22361  
 70.600    -2.22564  
 70.700    -2.22766  
 70.800    -2.22968  
 70.900    -2.23170  
 71.000    -2.23371  
 71.100    -2.23571  
 71.200    -2.23772  
 71.300    -2.23971  
 71.400    -2.24171  
 71.500    -2.24370  
 71.600    -2.24568  
 71.700    -2.24767  
 71.800    -2.24964  
 71.900    -2.25162  
 72.000    -2.25358  
 72.100    -2.25555  
 72.200    -2.25751  
 72.300    -2.25946  
 72.400    -2.26142  
 72.500    -2.26336  
 72.600    -2.26531  
 72.700    -2.26725  
 72.800    -2.26918  
 72.900    -2.27111  
 73.000    -2.27304  
 73.100    -2.27497  
 73.200    -2.27688  
 73.300    -2.27880  
 73.400    -2.28071  
 73.500    -2.28262  
 73.600    -2.28452  
 73.700    -2.28642  
 73.800    -2.28831  
 73.900    -2.29020  
 74.000    -2.29209  
 74.100    -2.29397  
 74.200    -2.29585  
 74.300    -2.29772  
 74.400    -2.29959  
 74.500    -2.30146  
 74.600    -2.30332  
 74.700    -2.30518  
 74.800    -2.30703  
 74.900    -2.30888  
 75.000    -2.31073  
 75.100    -2.31257  
 75.200    -2.31441  
 75.300    -2.31624  
 75.400    -2.31807  
 75.500    -2.31990  
 75.600    -2.32172  
 75.700    -2.32354  
 75.800    -2.32535  
 75.900    -2.32716  
 76.000    -2.32897  
 76.100    -2.33077  
 76.200    -2.33257  
 76.300    -2.33436  
 76.400    -2.33615  
 76.500    -2.33794  
 76.600    -2.33972  
 76.700    -2.34150  
 76.800    -2.34327  
 76.900    -2.34504  
 77.000    -2.34681  
 77.100    -2.34857  
 77.200    -2.35033  
 77.300    -2.35208  
 77.400    -2.35384  
 77.500    -2.35558  
 77.600    -2.35733  
 77.700    -2.35906  
 77.800    -2.36080  
 77.900    -2.36253  
 78.000    -2.36426  
 78.100    -2.36598  
 78.200    -2.36770  
 78.300    -2.36942  
 78.400    -2.37113  
 78.500    -2.37284  
 78.600    -2.37454  
 78.700    -2.37624  
 78.800    -2.37794  
 78.900    -2.37963  
 79.000    -2.38132  
 79.100    -2.38301  
 79.200    -2.38469  
 79.300    -2.38636  
 79.400    -2.38804  
 79.500    -2.38971  
 79.600    -2.39137  
 79.700    -2.39304  
 79.800    -2.39469  
 79.900    -2.39635  
 80.000    -2.39800  
 80.100    -2.39965  
 80.200    -2.40129  
 80.300    -2.40293  
 80.400    -2.40457  
 80.500    -2.40620  
 80.600    -2.40783  
 80.700    -2.40945  
 80.800    -2.41107  
 80.900    -2.41269  
 81.000    -2.41430  
 81.100    -2.41591  
 81.200    -2.41752  
 81.300    -2.41912  
 81.400    -2.42072  
 81.500    -2.42231  
 81.600    -2.42390  
 81.700    -2.42549  
 81.800    -2.42708  
 81.900    -2.42866  
 82.000    -2.43023  
 82.100    -2.43180  
 82.200    -2.43337  
 82.300    -2.43494  
 82.400    -2.43650  
 82.500    -2.43806  
 82.600    -2.43961  
 82.700    -2.44116  
 82.800    -2.44271  
 82.900    -2.44425  
 83.000    -2.44579  
 83.100    -2.44733  
 83.200    -2.44886  
 83.300    -2.45039  
 83.400    -2.45192  
 83.500    -2.45344  
 83.600    -2.45496  
 83.700    -2.45647  
 83.800    -2.45798  
 83.900    -2.45949  
 84.000    -2.46099  
 84.100    -2.46249  
 84.200    -2.46399  
 84.300    -2.46548  
 84.400    -2.46697  
 84.500    -2.46846  
 84.600    -2.46994  
 84.700    -2.47142  
 84.800    -2.47289  
 84.900    -2.47437  
 85.000    -2.47583  
 85.100    -2.47730  
 85.200    -2.47876  
 85.300    -2.48022  
 85.400    -2.48167  
 85.500    -2.48312  
 85.600    -2.48457  
 85.700    -2.48601  
 85.800    -2.48745  
 85.900    -2.48889  
 86.000    -2.49032  
 86.100    -2.49175  
 86.200    -2.49318  
 86.300    -2.49460  
 86.400    -2.49602  
 86.500    -2.49743  
 86.600    -2.49885  
 86.700    -2.50026  
 86.800    -2.50166  
 86.900    -2.50306  
 87.000    -2.50446  
 87.100    -2.50586  
 87.200    -2.50725  
 87.300    -2.50864  
 87.400    -2.51002  
 87.500    -2.51140  
 87.600    -2.51278  
 87.700    -2.51415  
 87.800    -2.51552  
 87.900    -2.51689  
 88.000    -2.51826  
 88.100    -2.51962  
 88.200    -2.52097  
 88.300    -2.52233  
 88.400    -2.52368  
 88.500    -2.52503  
 88.600    -2.52637  
 88.700    -2.52771  
 88.800    -2.52905  
 88.900    -2.53038  
 89.000    -2.53171  
 89.100    -2.53304  
 89.200    -2.53436  
 89.300    -2.53568  
 89.400    -2.53700  
 89.500    -2.53832  
 89.600    -2.53963  
 89.700    -2.54093  
 89.800    -2.54224  
 89.900    -2.54354  
 90.000    -2.54483  
 90.100    -2.54613  
 90.200    -2.54742  
 90.300    -2.54871  
 90.400    -2.54999  
 90.500    -2.55127  
 90.600    -2.55255  
 90.700    -2.55382  
 90.800    -2.55509  
 90.900    -2.55636  
 91.000    -2.55763  
 91.100    -2.55889  
 91.200    -2.56015  
 91.300    -2.56140  
 91.400    -2.56265  
 91.500    -2.56390  
 91.600    -2.56515  
 91.700    -2.56639  
 91.800    -2.56763  
 91.900    -2.56886  
 92.000    -2.57009  
 92.100    -2.57132  
 92.200    -2.57255  
 92.300    -2.57377  
 92.400    -2.57499  
 92.500    -2.57621  
 92.600    -2.57742  
 92.700    -2.57863  
 92.800    -2.57984  
 92.900    -2.58104  
 93.000    -2.58224  
 93.100    -2.58344  
 93.200    -2.58463  
 93.300    -2.58582  
 93.400    -2.58701  
 93.500    -2.58819  
 93.600    -2.58937  
 93.700    -2.59055  
 93.800    -2.59173  
 93.900    -2.59290  
 94.000    -2.59407  
 94.100    -2.59523  
 94.200    -2.59640  
 94.300    -2.59756  
 94.400    -2.59871  
 94.500    -2.59987  
 94.600    -2.60102  
 94.700    -2.60216  
 94.800    -2.60331  
 94.900    -2.60445  
 95.000    -2.60559  
 95.100    -2.60672  
 95.200    -2.60785  
 95.300    -2.60898  
 95.400    -2.61011  
 95.500    -2.61123  
 95.600    -2.61235  
 95.700    -2.61347  
 95.800    -2.61458  
 95.900    -2.61569  
 96.000    -2.61680  
 96.100    -2.61790  
 96.200    -2.61900  
 96.300    -2.62010  
 96.400    -2.62120  
 96.500    -2.62229  
 96.600    -2.62338  
 96.700    -2.62446  
 96.800    -2.62555  
 96.900    -2.62663  
 97.000    -2.62770  
 97.100    -2.62878  
 97.200    -2.62985  
 97.300    -2.63092  
 97.400    -2.63198  
 97.500    -2.63305  
 97.600    -2.63411  
 97.700    -2.63516  
 97.800    -2.63622  
 97.900    -2.63727  
 98.000    -2.63831  
 98.100    -2.63936  
 98.200    -2.64040  
 98.300    -2.64144  
 98.400    -2.64248  
 98.500    -2.64351  
 98.600    -2.64454  
 98.700    -2.64557  
 98.800    -2.64659  
 98.900    -2.64761  
 99.000    -2.64863  
 99.100    -2.64965  
 99.200    -2.65066  
 99.300    -2.65167  
 99.400    -2.65267  
 99.500    -2.65368  
 99.600    -2.65468  
 99.700    -2.65568  
 99.800    -2.65667  
 99.900    -2.65767  
100.000    -2.65865  
100.100    -2.65964  
100.200    -2.66063  
100.300    -2.66161  
100.400    -2.66258  
100.500    -2.66356  
100.600    -2.66453  
100.700    -2.66550  
100.800    -2.66647  
100.900    -2.66743  
101.000    -2.66839  
101.100    -2.66935  
101.200    -2.67031  
101.300    -2.67126  
101.400    -2.67221  
101.500    -2.67316  
101.600    -2.67410  
101.700    -2.67504  
101.800    -2.67598  
101.900    -2.67692  
102.000    -2.67785  
102.100    -2.67878  
102.200    -2.67971  
102.300    -2.68064  
102.400    -2.68156  
102.500    -2.68248  
102.600    -2.68339  
102.700    -2.68431  
102.800    -2.68522  
102.900    -2.68613  
103.000    -2.68703  
103.100    -2.68794  
103.200    -2.68884  
103.300    -2.68973  
103.400    -2.69063  
103.500    -2.69152  
103.600    -2.69241  
103.700    -2.69330  
103.800    -2.69418  
103.900    -2.69506  
104.000    -2.69594  
104.100    -2.69682  
104.200    -2.69769  
104.300    -2.69856  
104.400    -2.69943  
104.500    -2.70029  
104.600    -2.70115  
104.700    -2.70201  
104.800    -2.70287  
104.900    -2.70373  
105.000    -2.70458  
105.100    -2.70543  
105.200    -2.70627  
105.300    -2.70712  
105.400    -2.70796  
105.500    -2.70880  
105.600    -2.70963  
105.700    -2.71047  
105.800    -2.71130  
105.900    -2.71213  
106.000    -2.71295  
106.100    -2.71377  
106.200    -2.71459  
106.300    -2.71541  
106.400    -2.71623  
106.500    -2.71704  
106.600    -2.71785  
106.700    -2.71866  
106.800    -2.71946  
106.900    -2.72026  
107.000    -2.72106  
107.100    -2.72186  
107.200    -2.72265  
107.300    -2.72345  
107.400    -2.72424  
107.500    -2.72502  
107.600    -2.72581  
107.700    -2.72659  
107.800    -2.72737  
107.900    -2.72814  
108.000    -2.72892  
108.100    -2.72969  
108.200    -2.73046  
108.300    -2.73122  
108.400    -2.73199  
108.500    -2.73275  
108.600    -2.73351  
108.700    -2.73427  
108.800    -2.73502  
108.900    -2.73577  
109.000    -2.73652  
109.100    -2.73727  
109.200    -2.73801  
109.300    -2.73875  
109.400    -2.73949  
109.500    -2.74023  
109.600    -2.74096  
109.700    -2.74169  
109.800    -2.74242  
109.900    -2.74315  
110.000    -2.74387  
110.100    -2.74459  
110.200    -2.74531  
110.300    -2.74603  
110.400    -2.74674  
110.500    -2.74745  
110.600    -2.74816  
110.700    -2.74887  
110.800    -2.74958  
110.900    -2.75028  
111.000    -2.75098  
111.100    -2.75167  
111.200    -2.75237  
111.300    -2.75306  
111.400    -2.75375  
111.500    -2.75444  
111.600    -2.75512  
111.700    -2.75581  
111.800    -2.75649  
111.900    -2.75717  
112.000    -2.75784  
112.100    -2.75852  
112.200    -2.75919  
112.300    -2.75985  
112.400    -2.76052  
112.500    -2.76118  
112.600    -2.76185  
112.700    -2.76251  
112.800    -2.76316  
112.900    -2.76382  
113.000    -2.76447  
113.100    -2.76512  
113.200    -2.76577  
113.300    -2.76641  
113.400    -2.76705  
113.500    -2.76769  
113.600    -2.76833  
113.700    -2.76897  
113.800    -2.76960  
113.900    -2.77023  
114.000    -2.77086  
114.100    -2.77149  
114.200    -2.77211  
114.300    -2.77273  
114.400    -2.77335  
114.500    -2.77397  
114.600    -2.77458  
114.700    -2.77520  
114.800    -2.77581  
114.900    -2.77642  
115.000    -2.77702  
115.100    -2.77762  
115.200    -2.77823  
115.300    -2.77882  
115.400    -2.77942  
115.500    -2.78002  
115.600    -2.78061  
115.700    -2.78120  
115.800    -2.78179  
115.900    -2.78237  
116.000    -2.78295  
116.100    -2.78354  
116.200    -2.78411  
116.300    -2.78469  
116.400    -2.78527  
116.500    -2.78584  
116.600    -2.78641  
116.700    -2.78698  
116.800    -2.78754  
116.900    -2.78810  
117.000    -2.78867  
117.100    -2.78922  
117.200    -2.78978  
117.300    -2.79034  
117.400    -2.79089  
117.500    -2.79144  
117.600    -2.79199  
117.700    -2.79253  
117.800    -2.79308  
117.900    -2.79362  
118.000    -2.79416  
118.100    -2.79469  
118.200    -2.79523  
118.300    -2.79576  
118.400    -2.79629  
118.500    -2.79682  
118.600    -2.79735  
118.700    -2.79787  
118.800    -2.79839  
118.900    -2.79891  
119.000    -2.79943  
119.100    -2.79995  
119.200    -2.80046  
119.300    -2.80097  
119.400    -2.80148  
119.500    -2.80199  
119.600    -2.80249  
119.700    -2.80299  
119.800    -2.80349  
119.900    -2.80399  
120.000    -2.80449  
120.100    -2.80498  
120.200    -2.80548  
120.300    -2.80597  
120.400    -2.80646  
120.500    -2.80694  
120.600    -2.80743  
120.700    -2.80791  
120.800    -2.80839  
120.900    -2.80886  
121.000    -2.80934  
121.100    -2.80981  
121.200    -2.81029  
121.300    -2.81076  
121.400    -2.81122  
121.500    -2.81169  
121.600    -2.81215  
121.700    -2.81261  
121.800    -2.81307  
121.900    -2.81353  
122.000    -2.81398  
122.100    -2.81444  
122.200    -2.81489  
122.300    -2.81534  
122.400    -2.81579  
122.500    -2.81623  
122.600    -2.81667  
122.700    -2.81712  
122.800    -2.81755  
122.900    -2.81799  
123.000    -2.81843  
123.100    -2.81886  
123.200    -2.81929  
123.300    -2.81972  
123.400    -2.82015  
123.500    -2.82057  
123.600    -2.82100  
123.700    -2.82142  
123.800    -2.82184  
123.900    -2.82225  
124.000    -2.82267  
124.100    -2.82308  
124.200    -2.82349  
124.300    -2.82390  
124.400    -2.82431  
124.500    -2.82471  
124.600    -2.82512  
124.700    -2.82552  
124.800    -2.82592  
124.900    -2.82632  
125.000    -2.82671  
125.100    -2.82711  
125.200    -2.82750  
125.300    -2.82789  
125.400    -2.82828  
125.500    -2.82866  
125.600    -2.82905  
125.700    -2.82943  
125.800    -2.82981  
125.900    -2.83019  
126.000    -2.83056  
126.100    -2.83094  
126.200    -2.83131  
126.300    -2.83168  
126.400    -2.83205  
126.500    -2.83242  
126.600    -2.83278  
126.700    -2.83315  
126.800    -2.83351  
126.900    -2.83387  
127.000    -2.83423  
127.100    -2.83458  
127.200    -2.83494  
127.300    -2.83529  
127.400    -2.83564  
127.500    -2.83599  
127.600    -2.83633  
127.700    -2.83668  
127.800    -2.83702  
127.900    -2.83736  
128.000    -2.83770  
128.100    -2.83804  
128.200    -2.83837  
128.300    -2.83871  
128.400    -2.83904  
128.500    -2.83937  
128.600    -2.83970  
128.700    -2.84002  
128.800    -2.84035  
128.900    -2.84067  
129.000    -2.84099  
129.100    -2.84131  
129.200    -2.84163  
129.300    -2.84194  
129.400    -2.84226  
129.500    -2.84257  
129.600    -2.84288  
129.700    -2.84319  
129.800    -2.84349  
129.900    -2.84380  
130.000    -2.84410  
130.100    -2.84440  
130.200    -2.84470  
130.300    -2.84500  
130.400    -2.84529  
130.500    -2.84559  
130.600    -2.84588  
130.700    -2.84617  
130.800    -2.84646  
130.900    -2.84675  
131.000    -2.84703  
131.100    -2.84732  
131.200    -2.84760  
131.300    -2.84788  
131.400    -2.84816  
131.500    -2.84843  
131.600    -2.84871  
131.700    -2.84898  
131.800    -2.84925  
131.900    -2.84952  
132.000    -2.84979  
132.100    -2.85006  
132.200    -2.85032  
132.300    -2.85058  
132.400    -2.85084  
132.500    -2.85110  
132.600    -2.85136  
132.700    -2.85162  
132.800    -2.85187  
132.900    -2.85212  
133.000    -2.85237  
133.100    -2.85262  
133.200    -2.85287  
133.300    -2.85312  
133.400    -2.85336  
133.500    -2.85360  
133.600    -2.85384  
133.700    -2.85408  
133.800    -2.85432  
133.900    -2.85456  
134.000    -2.85479  
134.100    -2.85502  
134.200    -2.85525  
134.300    -2.85548  
134.400    -2.85571  
134.500    -2.85594  
134.600    -2.85616  
134.700    -2.85638  
134.800    -2.85660  
134.900    -2.85682  
135.000    -2.85704  
135.100    -2.85726  
135.200    -2.85747  
135.300    -2.85768  
135.400    -2.85790  
135.500    -2.85810  
135.600    -2.85831  
135.700    -2.85852  
135.800    -2.85872  
135.900    -2.85893  
136.000    -2.85913  
136.100    -2.85933  
136.200    -2.85953  
136.300    -2.85972  
136.400    -2.85992  
136.500    -2.86011  
136.600    -2.86030  
136.700    -2.86049  
136.800    -2.86068  
136.900    -2.86087  
137.000    -2.86105  
137.100    -2.86124  
137.200    -2.86142  
137.300    -2.86160  
137.400    -2.86178  
137.500    -2.86196  
137.600    -2.86213  
137.700    -2.86231  
137.800    -2.86248  
137.900    -2.86265  
138.000    -2.86282  
138.100    -2.86299  
138.200    -2.86316  
138.300    -2.86332  
138.400    -2.86349  
138.500    -2.86365  
138.600    -2.86381  
138.700    -2.86397  
138.800    -2.86412  
138.900    -2.86428  
139.000    -2.86444  
139.100    -2.86459  
139.200    -2.86474  
139.300    -2.86489  
139.400    -2.86504  
139.500    -2.86518  
139.600    -2.86533  
139.700    -2.86547  
139.800    -2.86562  
139.900    -2.86576  
140.000    -2.86590  
140.100    -2.86603  
140.200    -2.86617  
140.300    -2.86630  
140.400    -2.86644  
140.500    -2.86657  
140.600    -2.86670  
140.700    -2.86683  
140.800    -2.86696  
140.900    -2.86708  
141.000    -2.86721  
141.100    -2.86733  
141.200    -2.86745  
141.300    -2.86757  
141.400    -2.86769  
141.500    -2.86781  
141.600    -2.86792  
141.700    -2.86804  
141.800    -2.86815  
141.900    -2.86826  
142.000    -2.86837  
142.100    -2.86848  
142.200    -2.86859  
142.300    -2.86869  
142.400    -2.86880  
142.500    -2.86890  
142.600    -2.86900  
142.700    -2.86910  
142.800    -2.86920  
142.900    -2.86930  
143.000    -2.86939  
143.100    -2.86949  
143.200    -2.86958  
143.300    -2.86967  
143.400    -2.86976  
143.500    -2.86985  
143.600    -2.86993  
143.700    -2.87002  
143.800    -2.87010  
143.900    -2.87019  
144.000    -2.87027  
144.100    -2.87035  
144.200    -2.87043  
144.300    -2.87051  
144.400    -2.87058  
144.500    -2.87066  
144.600    -2.87073  
144.700    -2.87080  
144.800    -2.87087  
144.900    -2.87094  
145.000    -2.87101  
145.100    -2.87107  
145.200    -2.87114  
145.300    -2.87120  
145.400    -2.87126  
145.500    -2.87133  
145.600    -2.87138  
145.700    -2.87144  
145.800    -2.87150  
145.900    -2.87155  
146.000    -2.87161  
146.100    -2.87166  
146.200    -2.87171  
146.300    -2.87176  
146.400    -2.87181  
146.500    -2.87186  
146.600    -2.87191  
146.700    -2.87195  
146.800    -2.87199  
146.900    -2.87204  
147.000    -2.87208  
147.100    -2.87212  
147.200    -2.87215  
147.300    -2.87219  
147.400    -2.87223  
147.500    -2.87226  
147.600    -2.87229  
147.700    -2.87233  
147.800    -2.87236  
147.900    -2.87238  
148.000    -2.87241  
148.100    -2.87244  
148.200    -2.87246  
148.300    -2.87249  
148.400    -2.87251  
148.500    -2.87253  
148.600    -2.87255  
148.700    -2.87257  
148.800    -2.87259  
148.900    -2.87260  
149.000    -2.87262  
149.100    -2.87263  
149.200    -2.87264  
149.300    -2.87266  
149.400    -2.87266  
149.500    -2.87267  
149.600    -2.87268  
149.700    -2.87269  
149.800    -2.87269  
149.900    -2.87269  
150.000    -2.87270  
150.100    -2.87270  
150.200    -2.87270  
150.300    -2.87270  
150.400    -2.87269  
150.500    -2.87269  
150.600    -2.87268  
150.700    -2.87268  
150.800    -2.87267  
150.900    -2.87266  
151.000    -2.87265  
151.100    -2.87264  
151.200    -2.87263  
151.300    -2.87261  
151.400    -2.87260  
151.500    -2.87258  
151.600    -2.87256  
151.700    -2.87255  
151.800    -2.87253  
151.900    -2.87250  
152.000    -2.87248  
152.100    -2.87246  
152.200    -2.87243  
152.300    -2.87241  
152.400    -2.87238  
152.500    -2.87235  
152.600    -2.87232  
152.700    -2.87229  
152.800    -2.87226  
152.900    -2.87223  
153.000    -2.87219  
153.100    -2.87216  
153.200    -2.87212  
153.300    -2.87208  
153.400    -2.87204  
153.500    -2.87200  
153.600    -2.87196  
153.700    -2.87192  
153.800    -2.87188  
153.900    -2.87183  
154.000    -2.87179  
154.100    -2.87174  
154.200    -2.87169  
154.300    -2.87164  
154.400    -2.87159  
154.500    -2.87154  
154.600    -2.87149  
154.700    -2.87143  
154.800    -2.87138  
154.900    -2.87132  
155.000    -2.87126  
155.100    -2.87121  
155.200    -2.87115  
155.300    -2.87109  
155.400    -2.87102  
155.500    -2.87096  
155.600    -2.87090  
155.700    -2.87083  
155.800    -2.87077  
155.900    -2.87070  
156.000    -2.87063  
156.100    -2.87056  
156.200    -2.87049  
156.300    -2.87042  
156.400    -2.87034  
156.500    -2.87027  
156.600    -2.87019  
156.700    -2.87012  
156.800    -2.87004  
156.900    -2.86996  
157.000    -2.86988  
157.100    -2.86980  
157.200    -2.86972  
157.300    -2.86964  
157.400    -2.86955  
157.500    -2.86947  
157.600    -2.86938  
157.700    -2.86929  
157.800    -2.86921  
157.900    -2.86912  
158.000    -2.86903  
158.100    -2.86893  
158.200    -2.86884  
158.300    -2.86875  
158.400    -2.86865  
158.500    -2.86856  
158.600    -2.86846  
158.700    -2.86836  
158.800    -2.86826  
158.900    -2.86816  
159.000    -2.86806  
159.100    -2.86796  
159.200    -2.86786  
159.300    -2.86775  
159.400    -2.86765  
159.500    -2.86754  
159.600    -2.86743  
159.700    -2.86733  
159.800    -2.86722  
159.900    -2.86711  
160.000    -2.86699  
160.100    -2.86688  
160.200    -2.86677  
160.300    -2.86665  
160.400    -2.86654  
160.500    -2.86642  
160.600    -2.86630  
160.700    -2.86618  
160.800    -2.86607  
160.900    -2.86594  
161.000    -2.86582  
161.100    -2.86570  
161.200    -2.86558  
161.300    -2.86545  
161.400    -2.86533  
161.500    -2.86520  
161.600    -2.86507  
161.700    -2.86494  
161.800    -2.86481  
161.900    -2.86468  
162.000    -2.86455  
162.100    -2.86442  
162.200    -2.86428  
162.300    -2.86415  
162.400    -2.86401  
162.500    -2.86388  
162.600    -2.86374  
162.700    -2.86360  
162.800    -2.86346  
162.900    -2.86332  
163.000    -2.86318  
163.100    -2.86304  
163.200    -2.86289  
163.300    -2.86275  
163.400    -2.86260  
163.500    -2.86246  
163.600    -2.86231  
163.700    -2.86216  
163.800    -2.86201  
163.900    -2.86186  
164.000    -2.86171  
164.100    -2.86156  
164.200    -2.86141  
164.300    -2.86125  
164.400    -2.86110  
164.500    -2.86094  
164.600    -2.86079  
164.700    -2.86063  
164.800    -2.86047  
164.900    -2.86031  
165.000    -2.86015  
165.100    -2.85999  
165.200    -2.85983  
165.300    -2.85966  
165.400    -2.85950  
165.500    -2.85934  
165.600    -2.85917  
165.700    -2.85900  
165.800    -2.85883  
165.900    -2.85867  
166.000    -2.85850  
166.100    -2.85833  
166.200    -2.85815  
166.300    -2.85798  
166.400    -2.85781  
166.500    -2.85763  
166.600    -2.85746  
166.700    -2.85728  
166.800    -2.85711  
166.900    -2.85693  
167.000    -2.85675  
167.100    -2.85657  
167.200    -2.85639  
167.300    -2.85621  
167.400    -2.85603  
167.500    -2.85584  
167.600    -2.85566  
167.700    -2.85547  
167.800    -2.85529  
167.900    -2.85510  
168.000    -2.85491  
168.100    -2.85473  
168.200    -2.85454  
168.300    -2.85435  
168.400    -2.85416  
168.500    -2.85396  
168.600    -2.85377  
168.700    -2.85358  
168.800    -2.85338  
168.900    -2.85319  
169.000    -2.85299  
169.100    -2.85279  
169.200    -2.85260  
169.300    -2.85240  
169.400    -2.85220  
169.500    -2.85200  
169.600    -2.85180  
169.700    -2.85160  
169.800    -2.85139  
169.900    -2.85119  
170.000    -2.85098  
170.100    -2.85078  
170.200    -2.85057  
170.300    -2.85037  
170.400    -2.85016  
170.500    -2.84995  
170.600    -2.84974  
170.700    -2.84953  
170.800    -2.84932  
170.900    -2.84911  
171.000    -2.84889  
171.100    -2.84868  
171.200    -2.84846  
171.300    -2.84825  
171.400    -2.84803  
171.500    -2.84782  
171.600    -2.84760  
171.700    -2.84738  
171.800    -2.84716  
171.900    -2.84694  
172.000    -2.84672  
172.100    -2.84650  
172.200    -2.84627  
172.300    -2.84605  
172.400    -2.84583  
172.500    -2.84560  
172.600    -2.84538  
172.700    -2.84515  
172.800    -2.84492  
172.900    -2.84469  
173.000    -2.84447  
173.100    -2.84424  
173.200    -2.84401  
173.300    -2.84377  
173.400    -2.84354  
173.500    -2.84331  
173.600    -2.84308  
173.700    -2.84284  
173.800    -2.84261  
173.900    -2.84237  
174.000    -2.84214  
174.100    -2.84190  
174.200    -2.84166  
174.300    -2.84142  
174.400    -2.84118  
174.500    -2.84094  
174.600    -2.84070  
174.700    -2.84046  
174.800    -2.84021  
174.900    -2.83997  
175.000    -2.83973  
175.100    -2.83948  
175.200    -2.83924  
175.300    -2.83899  
175.400    -2.83874  
175.500    -2.83849  
175.600    -2.83825  
175.700    -2.83800  
175.800    -2.83775  
175.900    -2.83750  
176.000    -2.83724  
176.100    -2.83699  
176.200    -2.83674  
176.300    -2.83648  
176.400    -2.83623  
176.500    -2.83598  
176.600    -2.83572  
176.700    -2.83546  
176.800    -2.83520  
176.900    -2.83495  
177.000    -2.83469  
177.100    -2.83443  
177.200    -2.83417  
177.300    -2.83391  
177.400    -2.83365  
177.500    -2.83338  
177.600    -2.83312  
177.700    -2.83286  
177.800    -2.83259  
177.900    -2.83233  
178.000    -2.83206  
178.100    -2.83179  
178.200    -2.83153  
178.300    -2.83126  
178.400    -2.83099  
178.500    -2.83072  
178.600    -2.83045  
178.700    -2.83018  
178.800    -2.82991  
178.900    -2.82964  
179.000    -2.82936  
179.100    -2.82909  
179.200    -2.82882  
179.300    -2.82854  
179.400    -2.82827  
179.500    -2.82799  
179.600    -2.82771  
179.700    -2.82744  
179.800    -2.82716  
179.900    -2.82688  
180.000    -2.82660  
180.100    -2.82632  
180.200    -2.82604  
180.300    -2.82576  
180.400    -2.82548  
180.500    -2.82519  
180.600    -2.82491  
180.700    -2.82462  
180.800    -2.82434  
180.900    -2.82405  
181.000    -2.82377  
181.100    -2.82348  
181.200    -2.82319  
181.300    -2.82291  
181.400    -2.82262  
181.500    -2.82233  
181.600    -2.82204  
181.700    -2.82175  
181.800    -2.82146  
181.900    -2.82116  
182.000    -2.82087  
182.100    -2.82058  
182.200    -2.82028  
182.300    -2.81999  
182.400    -2.81970  
182.500    -2.81940  
182.600    -2.81910  
182.700    -2.81881  
182.800    -2.81851  
182.900    -2.81821  
183.000    -2.81791  
183.100    -2.81761  
183.200    -2.81731  
183.300    -2.81701  
183.400    -2.81671  
183.500    -2.81641  
183.600    -2.81611  
183.700    -2.81580  
183.800    -2.81550  
183.900    -2.81519  
184.000    -2.81489  
184.100    -2.81458  
184.200    -2.81428  
184.300    -2.81397  
184.400    -2.81366  
184.500    -2.81336  
184.600    -2.81305  
184.700    -2.81274  
184.800    -2.81243  
184.900    -2.81212  
185.000    -2.81181  
185.100    -2.81150  
185.200    -2.81118  
185.300    -2.81087  
185.400    -2.81056  
185.500    -2.81025  
185.600    -2.80993  
185.700    -2.80962  
185.800    -2.80930  
185.900    -2.80898  
186.000    -2.80867  
186.100    -2.80835  
186.200    -2.80803  
186.300    -2.80771  
186.400    -2.80740  
186.500    -2.80708  
186.600    -2.80676  
186.700    -2.80644  
186.800    -2.80611  
186.900    -2.80579  
187.000    -2.80547  
187.100    -2.80515  
187.200    -2.80482  
187.300    -2.80450  
187.400    -2.80417  
187.500    -2.80385  
187.600    -2.80352  
187.700    -2.80320  
187.800    -2.80287  
187.900    -2.80254  
188.000    -2.80222  
188.100    -2.80189  
188.200    -2.80156  
188.300    -2.80123  
188.400    -2.80090  
188.500    -2.80057  
188.600    -2.80024  
188.700    -2.79991  
188.800    -2.79957  
188.900    -2.79924  
189.000    -2.79891  
189.100    -2.79857  
189.200    -2.79824  
189.300    -2.79791  
189.400    -2.79757  
189.500    -2.79723  
189.600    -2.79690  
189.700    -2.79656  
189.800    -2.79622  
189.900    -2.79589  
190.000    -2.79555  
190.100    -2.79521  
190.200    -2.79487  
190.300    -2.79453  
190.400    -2.79419  
190.500    -2.79385  
190.600    -2.79351  
190.700    -2.79316  
190.800    -2.79282  
190.900    -2.79248  
191.000    -2.79213  
191.100    -2.79179  
191.200    -2.79145  
191.300    -2.79110  
191.400    -2.79075  
191.500    -2.79041  
191.600    -2.79006  
191.700    -2.78972  
191.800    -2.78937  
191.900    -2.78902  
192.000    -2.78867  
192.100    -2.78832  
192.200    -2.78797  
192.300    -2.78762  
192.400    -2.78727  
192.500    -2.78692  
192.600    -2.78657  
192.700    -2.78622  
192.800    -2.78587  
192.900    -2.78551  
193.000    -2.78516  
193.100    -2.78481  
193.200    -2.78445  
193.300    -2.78410  
193.400    -2.78374  
193.500    -2.78339  
193.600    -2.78303  
193.700    -2.78267  
193.800    -2.78232  
193.900    -2.78196  
194.000    -2.78160  
194.100    -2.78124  
194.200    -2.78088  
194.300    -2.78052  
194.400    -2.78016  
194.500    -2.77980  
194.600    -2.77944  
194.700    -2.77908  
194.800    -2.77872  
194.900    -2.77836  
195.000    -2.77800  
195.100    -2.77763  
195.200    -2.77727  
195.300    -2.77691  
195.400    -2.77654  
195.500    -2.77618  
195.600    -2.77581  
195.700    -2.77545  
195.800    -2.77508  
195.900    -2.77471  
196.000    -2.77435  
196.100    -2.77398  
196.200    -2.77361  
196.300    -2.77324  
196.400    -2.77287  
196.500    -2.77250  
196.600    -2.77214  
196.700    -2.77177  
196.800    -2.77139  
196.900    -2.77102  
197.000    -2.77065  
197.100    -2.77028  
197.200    -2.76991  
197.300    -2.76954  
197.400    -2.76916  
197.500    -2.76879  
197.600    -2.76842  
197.700    -2.76804  
197.800    -2.76767  
197.900    -2.76729  
198.000    -2.76692  
198.100    -2.76654  
198.200    -2.76617  
198.300    -2.76579  
198.400    -2.76541  
198.500    -2.76504  
198.600    -2.76466  
198.700    -2.76428  
198.800    -2.76390  
198.900    -2.76352  
199.000    -2.76314  
199.100    -2.76276  
199.200    -2.76238  
199.300    -2.76200  
199.400    -2.76162  
199.500    -2.76124  
199.600    -2.76086  
199.700    -2.76048  
199.800    -2.76009  
199.900    -2.75971  
200.000    -2.75933  
200.100    -2.75894  
200.200    -2.75856  
200.300    -2.75817  
200.400    -2.75779  
200.500    -2.75740  
200.600    -2.75702  
200.700    -2.75663  
200.800    -2.75625  
200.900    -2.75586  
201.000    -2.75547  
201.100    -2.75509  
201.200    -2.75470  
201.300    -2.75431  
201.400    -2.75392  
201.500    -2.75353  
201.600    -2.75314  
201.700    -2.75275  
201.800    -2.75236  
201.900    -2.75197  
202.000    -2.75158  
202.100    -2.75119  
202.200    -2.75080  
202.300    -2.75041  
202.400    -2.75002  
202.500    -2.74962  
202.600    -2.74923  
202.700    -2.74884  
202.800    -2.74844  
202.900    -2.74805  
203.000    -2.74766  
203.100    -2.74726  
203.200    -2.74687  
203.300    -2.74647  
203.400    -2.74607  
203.500    -2.74568  
203.600    -2.74528  
203.700    -2.74489  
203.800    -2.74449  
203.900    -2.74409  
204.000    -2.74369  
204.100    -2.74330  
204.200    -2.74290  
204.300    -2.74250  
204.400    -2.74210  
204.500    -2.74170  
204.600    -2.74130  
204.700    -2.74090  
204.800    -2.74050  
204.900    -2.74010  
205.000    -2.73970  
205.100    -2.73930  
205.200    -2.73890  
205.300    -2.73849  
205.400    -2.73809  
205.500    -2.73769  
205.600    -2.73729  
205.700    -2.73688  
205.800    -2.73648  
205.900    -2.73607  
206.000    -2.73567  
206.100    -2.73527  
206.200    -2.73486  
206.300    -2.73446  
206.400    -2.73405  
206.500    -2.73365  
206.600    -2.73324  
206.700    -2.73283  
206.800    -2.73243  
206.900    -2.73202  
207.000    -2.73161  
207.100    -2.73120  
207.200    -2.73080  
207.300    -2.73039  
207.400    -2.72998  
207.500    -2.72957  
207.600    -2.72916  
207.700    -2.72875  
207.800    -2.72834  
207.900    -2.72793  
208.000    -2.72752  
208.100    -2.72711  
208.200    -2.72670  
208.300    -2.72629  
208.400    -2.72588  
208.500    -2.72547  
208.600    -2.72506  
208.700    -2.72464  
208.800    -2.72423  
208.900    -2.72382  
209.000    -2.72341  
209.100    -2.72299  
209.200    -2.72258  
209.300    -2.72217  
209.400    -2.72175  
209.500    -2.72134  
209.600    -2.72092  
209.700    -2.72051  
209.800    -2.72009  
209.900    -2.71968  
210.000    -2.71926  
210.100    -2.71884  
210.200    -2.71843  
210.300    -2.71801  
210.400    -2.71760  
210.500    -2.71718  
210.600    -2.71676  
210.700    -2.71634  
210.800    -2.71593  
210.900    -2.71551  
211.000    -2.71509  
211.100    -2.71467  
211.200    -2.71425  
211.300    -2.71383  
211.400    -2.71341  
211.500    -2.71299  
211.600    -2.71257  
211.700    -2.71215  
211.800    -2.71173  
211.900    -2.71131  
212.000    -2.71089  
212.100    -2.71047  
212.200    -2.71005  
212.300    -2.70963  
212.400    -2.70921  
212.500    -2.70878  
212.600    -2.70836  
212.700    -2.70794  
212.800    -2.70752  
212.900    -2.70709  
213.000    -2.70667  
213.100    -2.70625  
213.200    -2.70582  
213.300    -2.70540  
213.400    -2.70497  
213.500    -2.70455  
213.600    -2.70413  
213.700    -2.70370  
213.800    -2.70328  
213.900    -2.70285  
214.000    -2.70242  
214.100    -2.70200  
214.200    -2.70157  
214.300    -2.70115  
214.400    -2.70072  
214.500    -2.70029  
214.600    -2.69987  
214.700    -2.69944  
214.800    -2.69901  
214.900    -2.69858  
215.000    -2.69816  
215.100    -2.69773  
215.200    -2.69730  
215.300    -2.69687  
215.400    -2.69644  
215.500    -2.69601  
215.600    -2.69558  
215.700    -2.69516  
215.800    -2.69473  
215.900    -2.69430  
216.000    -2.69387  
216.100    -2.69344  
216.200    -2.69301  
216.300    -2.69258  
216.400    -2.69214  
216.500    -2.69171  
216.600    -2.69128  
216.700    -2.69085  
216.800    -2.69042  
216.900    -2.68999  
217.000    -2.68956  
217.100    -2.68912  
217.200    -2.68869  
217.300    -2.68826  
217.400    -2.68783  
217.500    -2.68739  
217.600    -2.68696  
217.700    -2.68653  
217.800    -2.68609  
217.900    -2.68566  
218.000    -2.68523  
218.100    -2.68479  
218.200    -2.68436  
218.300    -2.68392  
218.400    -2.68349  
218.500    -2.68306  
218.600    -2.68262  
218.700    -2.68219  
218.800    -2.68175  
218.900    -2.68131  
219.000    -2.68088  
219.100    -2.68044  
219.200    -2.68001  
219.300    -2.67957  
219.400    -2.67914  
219.500    -2.67870  
219.600    -2.67826  
219.700    -2.67783  
219.800    -2.67739  
219.900    -2.67695  
220.000    -2.67651  
220.100    -2.67608  
220.200    -2.67564  
220.300    -2.67520  
220.400    -2.67476  
220.500    -2.67433  
220.600    -2.67389  
220.700    -2.67345  
220.800    -2.67301  
220.900    -2.67257  
221.000    -2.67213  
221.100    -2.67169  
221.200    -2.67125  
221.300    -2.67081  
221.400    -2.67038  
221.500    -2.66994  
221.600    -2.66950  
221.700    -2.66906  
221.800    -2.66862  
221.900    -2.66818  
222.000    -2.66774  
222.100    -2.66729  
222.200    -2.66685  
222.300    -2.66641  
222.400    -2.66597  
222.500    -2.66553  
222.600    -2.66509  
222.700    -2.66465  
222.800    -2.66421  
222.900    -2.66377  
223.000    -2.66332  
223.100    -2.66288  
223.200    -2.66244  
223.300    -2.66200  
223.400    -2.66155  
223.500    -2.66111  
223.600    -2.66067  
223.700    -2.66023  
223.800    -2.65978  
223.900    -2.65934  
224.000    -2.65890  
224.100    -2.65845  
224.200    -2.65801  
224.300    -2.65757  
224.400    -2.65712  
224.500    -2.65668  
224.600    -2.65624  
224.700    -2.65579  
224.800    -2.65535  
224.900    -2.65490  
225.000    -2.65446  
225.100    -2.65402  
225.200    -2.65357  
225.300    -2.65313  
225.400    -2.65268  
225.500    -2.65224  
225.600    -2.65179  
225.700    -2.65135  
225.800    -2.65090  
225.900    -2.65046  
226.000    -2.65001  
226.100    -2.64956  
226.200    -2.64912  
226.300    -2.64867  
226.400    -2.64823  
226.500    -2.64778  
226.600    -2.64733  
226.700    -2.64689  
226.800    -2.64644  
226.900    -2.64600  
227.000    -2.64555  
227.100    -2.64510  
227.200    -2.64466  
227.300    -2.64421  
227.400    -2.64376  
227.500    -2.64332  
227.600    -2.64287  
227.700    -2.64242  
227.800    -2.64197  
227.900    -2.64153  
228.000    -2.64108  
228.100    -2.64063  
228.200    -2.64018  
228.300    -2.63974  
228.400    -2.63929  
228.500    -2.63884  
228.600    -2.63839  
228.700    -2.63794  
228.800    -2.63750  
228.900    -2.63705  
229.000    -2.63660  
229.100    -2.63615  
229.200    -2.63570  
229.300    -2.63525  
229.400    -2.63480  
229.500    -2.63436  
229.600    -2.63391  
229.700    -2.63346  
229.800    -2.63301  
229.900    -2.63256  
230.000    -2.63211  
230.100    -2.63166  
230.200    -2.63121  
230.300    -2.63076  
230.400    -2.63031  
230.500    -2.62986  
230.600    -2.62941  
230.700    -2.62896  
230.800    -2.62851  
230.900    -2.62806  
231.000    -2.62761  
231.100    -2.62716  
231.200    -2.62671  
231.300    -2.62626  
231.400    -2.62581  
231.500    -2.62536  
231.600    -2.62491  
231.700    -2.62446  
231.800    -2.62401  
231.900    -2.62356  
232.000    -2.62311  
232.100    -2.62266  
232.200    -2.62221  
232.300    -2.62176  
232.400    -2.62131  
232.500    -2.62086  
232.600    -2.62041  
232.700    -2.61996  
232.800    -2.61950  
232.900    -2.61905  
233.000    -2.61860  
233.100    -2.61815  
233.200    -2.61770  
233.300    -2.61725  
233.400    -2.61680  
233.500    -2.61635  
233.600    -2.61589  
233.700    -2.61544  
233.800    -2.61499  
233.900    -2.61454  
234.000    -2.61409  
234.100    -2.61364  
234.200    -2.61319  
234.300    -2.61273  
234.400    -2.61228  
234.500    -2.61183  
234.600    -2.61138  
234.700    -2.61093  
234.800    -2.61047  
234.900    -2.61002  
235.000    -2.60957  
235.100    -2.60912  
235.200    -2.60867  
235.300    -2.60821  
235.400    -2.60776  
235.500    -2.60731  
235.600    -2.60686  
235.700    -2.60641  
235.800    -2.60595  
235.900    -2.60550  
236.000    -2.60505  
236.100    -2.60460  
236.200    -2.60415  
236.300    -2.60369  
236.400    -2.60324  
236.500    -2.60279  
236.600    -2.60234  
236.700    -2.60188  
236.800    -2.60143  
236.900    -2.60098  
237.000    -2.60053  
237.100    -2.60007  
237.200    -2.59962  
237.300    -2.59917  
237.400    -2.59872  
237.500    -2.59826  
237.600    -2.59781  
237.700    -2.59736  
237.800    -2.59691  
237.900    -2.59645  
238.000    -2.59600  
238.100    -2.59555  
238.200    -2.59510  
238.300    -2.59464  
238.400    -2.59419  
238.500    -2.59374  
238.600    -2.59328  
238.700    -2.59283  
238.800    -2.59238  
238.900    -2.59193  
239.000    -2.59147  
239.100    -2.59102  
239.200    -2.59057  
239.300    -2.59012  
239.400    -2.58966  
239.500    -2.58921  
239.600    -2.58876  
239.700    -2.58831  
239.800    -2.58785  
239.900    -2.58740  
240.000    -2.58695  
240.100    -2.58649  
240.200    -2.58604  
240.300    -2.58559  
240.400    -2.58514  
240.500    -2.58468  
240.600    -2.58423  
240.700    -2.58378  
240.800    -2.58333  
240.900    -2.58287  
241.000    -2.58242  
241.100    -2.58197  
241.200    -2.58151  
241.300    -2.58106  
241.400    -2.58061  
241.500    -2.58016  
241.600    -2.57970  
241.700    -2.57925  
241.800    -2.57880  
241.900    -2.57835  
242.000    -2.57789  
242.100    -2.57744  
242.200    -2.57699  
242.300    -2.57654  
242.400    -2.57608  
242.500    -2.57563  
242.600    -2.57518  
242.700    -2.57473  
242.800    -2.57428  
242.900    -2.57382  
243.000    -2.57337  
243.100    -2.57292  
243.200    -2.57247  
243.300    -2.57201  
243.400    -2.57156  
243.500    -2.57111  
243.600    -2.57066  
243.700    -2.57021  
243.800    -2.56975  
243.900    -2.56930  
244.000    -2.56885  
244.100    -2.56840  
244.200    -2.56795  
244.300    -2.56749  
244.400    -2.56704  
244.500    -2.56659  
244.600    -2.56614  
244.700    -2.56569  
244.800    -2.56523  
244.900    -2.56478  
245.000    -2.56433  
245.100    -2.56388  
245.200    -2.56343  
245.300    -2.56298  
245.400    -2.56252  
245.500    -2.56207  
245.600    -2.56162  
245.700    -2.56117  
245.800    -2.56072  
245.900    -2.56027  
246.000    -2.55982  
246.100    -2.55937  
246.200    -2.55891  
246.300    -2.55846  
246.400    -2.55801  
246.500    -2.55756  
246.600    -2.55711  
246.700    -2.55666  
246.800    -2.55621  
246.900    -2.55576  
247.000    -2.55531  
247.100    -2.55486  
247.200    -2.55441  
247.300    -2.55396  
247.400    -2.55351  
247.500    -2.55305  
247.600    -2.55260  
247.700    -2.55215  
247.800    -2.55170  
247.900    -2.55125  
248.000    -2.55080  
248.100    -2.55035  
248.200    -2.54990  
248.300    -2.54945  
248.400    -2.54900  
248.500    -2.54855  
248.600    -2.54810  
248.700    -2.54765  
248.800    -2.54720  
248.900    -2.54675  
249.000    -2.54631  
249.100    -2.54586  
249.200    -2.54541  
249.300    -2.54496  
249.400    -2.54451  
249.500    -2.54406  
249.600    -2.54361  
249.700    -2.54316  
249.800    -2.54271  
249.900    -2.54226  
250.000    -2.54181  
250.100    -2.54137  
250.200    -2.54092  
250.300    -2.54047  
250.400    -2.54002  
250.500    -2.53957  
250.600    -2.53912  
250.700    -2.53867  
250.800    -2.53823  
250.900    -2.53778  
251.000    -2.53733  
251.100    -2.53688  
251.200    -2.53643  
251.300    -2.53599  
251.400    -2.53554  
251.500    -2.53509  
251.600    -2.53464  
251.700    -2.53420  
251.800    -2.53375  
251.900    -2.53330  
252.000    -2.53285  
252.100    -2.53241  
252.200    -2.53196  
252.300    -2.53151  
252.400    -2.53107  
252.500    -2.53062  
252.600    -2.53017  
252.700    -2.52973  
252.800    -2.52928  
252.900    -2.52883  
253.000    -2.52839  
253.100    -2.52794  
253.200    -2.52749  
253.300    -2.52705  
253.400    -2.52660  
253.500    -2.52616  
253.600    -2.52571  
253.700    -2.52526  
253.800    -2.52482  
253.900    -2.52437  
254.000    -2.52393  
254.100    -2.52348  
254.200    -2.52304  
254.300    -2.52259  
254.400    -2.52215  
254.500    -2.52170  
254.600    -2.52126  
254.700    -2.52081  
254.800    -2.52037  
254.900    -2.51992  
255.000    -2.51948  
255.100    -2.51903  
255.200    -2.51859  
255.300    -2.51815  
255.400    -2.51770  
255.500    -2.51726  
255.600    -2.51681  
255.700    -2.51637  
255.800    -2.51593  
255.900    -2.51548  
256.000    -2.51504  
256.100    -2.51460  
256.200    -2.51415  
256.300    -2.51371  
256.400    -2.51327  
256.500    -2.51282  
256.600    -2.51238  
256.700    -2.51194  
256.800    -2.51150  
256.900    -2.51105  
257.000    -2.51061  
257.100    -2.51017  
257.200    -2.50973  
257.300    -2.50929  
257.400    -2.50884  
257.500    -2.50840  
257.600    -2.50796  
257.700    -2.50752  
257.800    -2.50708  
257.900    -2.50664  
258.000    -2.50620  
258.100    -2.50575  
258.200    -2.50531  
258.300    -2.50487  
258.400    -2.50443  
258.500    -2.50399  
258.600    -2.50355  
258.700    -2.50311  
258.800    -2.50267  
258.900    -2.50223  
259.000    -2.50179  
259.100    -2.50135  
259.200    -2.50091  
259.300    -2.50047  
259.400    -2.50003  
259.500    -2.49959  
259.600    -2.49915  
259.700    -2.49872  
259.800    -2.49828  
259.900    -2.49784  
260.000    -2.49740  
260.100    -2.49696  
260.200    -2.49652  
260.300    -2.49609  
260.400    -2.49565  
260.500    -2.49521  
260.600    -2.49477  
260.700    -2.49433  
260.800    -2.49390  
260.900    -2.49346  
261.000    -2.49302  
261.100    -2.49258  
261.200    -2.49215  
261.300    -2.49171  
261.400    -2.49127  
261.500    -2.49084  
261.600    -2.49040  
261.700    -2.48997  
261.800    -2.48953  
261.900    -2.48909  
262.000    -2.48866  
262.100    -2.48822  
262.200    -2.48779  
262.300    -2.48735  
262.400    -2.48692  
262.500    -2.48648  
262.600    -2.48605  
262.700    -2.48561  
262.800    -2.48518  
262.900    -2.48474  
263.000    -2.48431  
263.100    -2.48387  
263.200    -2.48344  
263.300    -2.48301  
263.400    -2.48257  
263.500    -2.48214  
263.600    -2.48170  
263.700    -2.48127  
263.800    -2.48084  
263.900    -2.48041  
264.000    -2.47997  
264.100    -2.47954  
264.200    -2.47911  
264.300    -2.47868  
264.400    -2.47824  
264.500    -2.47781  
264.600    -2.47738  
264.700    -2.47695  
264.800    -2.47652  
264.900    -2.47608  
265.000    -2.47565  
265.100    -2.47522  
265.200    -2.47479  
265.300    -2.47436  
265.400    -2.47393  
265.500    -2.47350  
265.600    -2.47307  
265.700    -2.47264  
265.800    -2.47221  
265.900    -2.47178  
266.000    -2.47135  
266.100    -2.47092  
266.200    -2.47049  
266.300    -2.47006  
266.400    -2.46963  
266.500    -2.46920  
266.600    -2.46877  
266.700    -2.46835  
266.800    -2.46792  
266.900    -2.46749  
267.000    -2.46706  
267.100    -2.46663  
267.200    -2.46621  
267.300    -2.46578  
267.400    -2.46535  
267.500    -2.46492  
267.600    -2.46450  
267.700    -2.46407  
267.800    -2.46364  
267.900    -2.46322  
268.000    -2.46279  
268.100    -2.46237  
268.200    -2.46194  
268.300    -2.46151  
268.400    -2.46109  
268.500    -2.46066  
268.600    -2.46024  
268.700    -2.45981  
268.800    -2.45939  
268.900    -2.45896  
269.000    -2.45854  
269.100    -2.45811  
269.200    -2.45769  
269.300    -2.45727  
269.400    -2.45684  
269.500    -2.45642  
269.600    -2.45599  
269.700    -2.45557  
269.800    -2.45515  
269.900    -2.45473  
270.000    -2.45430  
270.100    -2.45388  
270.200    -2.45346  
270.300    -2.45304  
270.400    -2.45261  
270.500    -2.45219  
270.600    -2.45177  
270.700    -2.45135  
270.800    -2.45093  
270.900    -2.45051  
271.000    -2.45009  
271.100    -2.44967  
271.200    -2.44924  
271.300    -2.44882  
271.400    -2.44840  
271.500    -2.44798  
271.600    -2.44756  
271.700    -2.44715  
271.800    -2.44673  
271.900    -2.44631  
272.000    -2.44589  
272.100    -2.44547  
272.200    -2.44505  
272.300    -2.44463  
272.400    -2.44421  
272.500    -2.44380  
272.600    -2.44338  
272.700    -2.44296  
272.800    -2.44254  
272.900    -2.44213  
273.000    -2.44171  
273.100    -2.44129  
273.200    -2.44088  
273.300    -2.44046  
273.400    -2.44004  
273.500    -2.43963  
273.600    -2.43921  
273.700    -2.43880  
273.800    -2.43838  
273.900    -2.43797  
274.000    -2.43755  
274.100    -2.43714  
274.200    -2.43672  
274.300    -2.43631  
274.400    -2.43589  
274.500    -2.43548  
274.600    -2.43506  
274.700    -2.43465  
274.800    -2.43424  
274.900    -2.43382  
275.000    -2.43341  
275.100    -2.43300  
275.200    -2.43259  
275.300    -2.43217  
275.400    -2.43176  
275.500    -2.43135  
275.600    -2.43094  
275.700    -2.43053  
275.800    -2.43012  
275.900    -2.42971  
276.000    -2.42929  
276.100    -2.42888  
276.200    -2.42847  
276.300    -2.42806  
276.400    -2.42765  
276.500    -2.42724  
276.600    -2.42683  
276.700    -2.42642  
276.800    -2.42602  
276.900    -2.42561  
277.000    -2.42520  
277.100    -2.42479  
277.200    -2.42438  
277.300    -2.42397  
277.400    -2.42357  
277.500    -2.42316  
277.600    -2.42275  
277.700    -2.42234  
277.800    -2.42194  
277.900    -2.42153  
278.000    -2.42112  
278.100    -2.42072  
278.200    -2.42031  
278.300    -2.41991  
278.400    -2.41950  
278.500    -2.41909  
278.600    -2.41869  
278.700    -2.41828  
278.800    -2.41788  
278.900    -2.41747  
279.000    -2.41707  
279.100    -2.41667  
279.200    -2.41626  
279.300    -2.41586  
279.400    -2.41546  
279.500    -2.41505  
279.600    -2.41465  
279.700    -2.41425  
279.800    -2.41384  
279.900    -2.41344  
280.000    -2.41304  
280.100    -2.41264  
280.200    -2.41224  
280.300    -2.41184  
280.400    -2.41143  
280.500    -2.41103  
280.600    -2.41063  
280.700    -2.41023  
280.800    -2.40983  
280.900    -2.40943  
281.000    -2.40903  
281.100    -2.40863  
281.200    -2.40823  
281.300    -2.40783  
281.400    -2.40744  
281.500    -2.40704  
281.600    -2.40664  
281.700    -2.40624  
281.800    -2.40584  
281.900    -2.40545  
282.000    -2.40505  
282.100    -2.40465  
282.200    -2.40425  
282.300    -2.40386  
282.400    -2.40346  
282.500    -2.40306  
282.600    -2.40267  
282.700    -2.40227  
282.800    -2.40188  
282.900    -2.40148  
283.000    -2.40109  
283.100    -2.40069  
283.200    -2.40030  
283.300    -2.39990  
283.400    -2.39951  
283.500    -2.39912  
283.600    -2.39872  
283.700    -2.39833  
283.800    -2.39794  
283.900    -2.39754  
284.000    -2.39715  
284.100    -2.39676  
284.200    -2.39637  
284.300    -2.39597  
284.400    -2.39558  
284.500    -2.39519  
284.600    -2.39480  
284.700    -2.39441  
284.800    -2.39402  
284.900    -2.39363  
285.000    -2.39324  
285.100    -2.39285  
285.200    -2.39246  
285.300    -2.39207  
285.400    -2.39168  
285.500    -2.39129  
285.600    -2.39090  
285.700    -2.39051  
285.800    -2.39013  
285.900    -2.38974  
286.000    -2.38935  
286.100    -2.38896  
286.200    -2.38858  
286.300    -2.38819  
286.400    -2.38780  
286.500    -2.38742  
286.600    -2.38703  
286.700    -2.38664  
286.800    -2.38626  
286.900    -2.38587  
287.000    -2.38549  
287.100    -2.38510  
287.200    -2.38472  
287.300    -2.38434  
287.400    -2.38395  
287.500    -2.38357  
287.600    -2.38318  
287.700    -2.38280  
287.800    -2.38242  
287.900    -2.38203  
288.000    -2.38165  
288.100    -2.38127  
288.200    -2.38089  
288.300    -2.38051  
288.400    -2.38013  
288.500    -2.37974  
288.600    -2.37936  
288.700    -2.37898  
288.800    -2.37860  
288.900    -2.37822  
289.000    -2.37784  
289.100    -2.37746  
289.200    -2.37708  
289.300    -2.37670  
289.400    -2.37633  
289.500    -2.37595  
289.600    -2.37557  
289.700    -2.37519  
289.800    -2.37481  
289.900    -2.37444  
290.000    -2.37406  
290.100    -2.37368  
290.200    -2.37330  
290.300    -2.37293  
290.400    -2.37255  
290.500    -2.37218  
290.600    -2.37180  
290.700    -2.37142  
290.800    -2.37105  
290.900    -2.37068  
291.000    -2.37030  
291.100    -2.36993  
291.200    -2.36955  
291.300    -2.36918  
291.400    -2.36881  
291.500    -2.36843  
291.600    -2.36806  
291.700    -2.36769  
291.800    -2.36731  
291.900    -2.36694  
292.000    -2.36657  
292.100    -2.36620  
292.200    -2.36583  
292.300    -2.36546  
292.400    -2.36509  
292.500    -2.36472  
292.600    -2.36434  
292.700    -2.36398  
292.800    -2.36361  
292.900    -2.36324  
293.000    -2.36287  
293.100    -2.36250  
293.200    -2.36213  
293.300    -2.36176  
293.400    -2.36139  
293.500    -2.36103  
293.600    -2.36066  
293.700    -2.36029  
293.800    -2.35992  
293.900    -2.35956  
294.000    -2.35919  
294.100    -2.35883  
294.200    -2.35846  
294.300    -2.35809  
294.400    -2.35773  
294.500    -2.35736  
294.600    -2.35700  
294.700    -2.35664  
294.800    -2.35627  
294.900    -2.35591  
295.000    -2.35554  
295.100    -2.35518  
295.200    -2.35482  
295.300    -2.35446  
295.400    -2.35409  
295.500    -2.35373  
295.600    -2.35337  
295.700    -2.35301  
295.800    -2.35265  
295.900    -2.35229  
296.000    -2.35192  
296.100    -2.35156  
296.200    -2.35120  
296.300    -2.35084  
296.400    -2.35049  
296.500    -2.35013  
296.600    -2.34977  
296.700    -2.34941  
296.800    -2.34905  
296.900    -2.34869  
297.000    -2.34833  
297.100    -2.34798  
297.200    -2.34762  
297.300    -2.34726  
297.400    -2.34691  
297.500    -2.34655  
297.600    -2.34619  
297.700    -2.34584  
297.800    -2.34548  
297.900    -2.34513  
298.000    -2.34477  
298.100    -2.34442  
298.200    -2.34406  
298.300    -2.34371  
298.400    -2.34336  
298.500    -2.34300  
298.600    -2.34265  
298.700    -2.34230  
298.800    -2.34194  
298.900    -2.34159  
299.000    -2.34124  
299.100    -2.34089  
299.200    -2.34054  
299.300    -2.34019  
299.400    -2.33984  
299.500    -2.33949  
299.600    -2.33914  
299.700    -2.33879  
299.800    -2.33844  
299.900    -2.33809  
300.000    -2.33774  
300.100    -2.33739  
300.200    -2.33704  
300.300    -2.33669  
300.400    -2.33635  
300.500    -2.33600  
300.600    -2.33565  
300.700    -2.33530  
300.800    -2.33496  
300.900    -2.33461  
301.000    -2.33427  
301.100    -2.33392  
301.200    -2.33357  
301.300    -2.33323  
301.400    -2.33288  
301.500    -2.33254  
301.600    -2.33220  
301.700    -2.33185  
301.800    -2.33151  
301.900    -2.33117  
302.000    -2.33082  
302.100    -2.33048  
302.200    -2.33014  
302.300    -2.32980  
302.400    -2.32945  
302.500    -2.32911  
302.600    -2.32877  
302.700    -2.32843  
302.800    -2.32809  
302.900    -2.32775  
303.000    -2.32741  
303.100    -2.32707  
303.200    -2.32673  
303.300    -2.32639  
303.400    -2.32605  
303.500    -2.32572  
303.600    -2.32538  
303.700    -2.32504  
303.800    -2.32470  
303.900    -2.32437  
304.000    -2.32403  
304.100    -2.32369  
304.200    -2.32336  
304.300    -2.32302  
304.400    -2.32269  
304.500    -2.32235  
304.600    -2.32202  
304.700    -2.32168  
304.800    -2.32135  
304.900    -2.32101  
305.000    -2.32068  
305.100    -2.32035  
305.200    -2.32001  
305.300    -2.31968  
305.400    -2.31935  
305.500    -2.31902  
305.600    -2.31868  
305.700    -2.31835  
305.800    -2.31802  
305.900    -2.31769  
306.000    -2.31736  
306.100    -2.31703  
306.200    -2.31670  
306.300    -2.31637  
306.400    -2.31604  
306.500    -2.31571  
306.600    -2.31538  
306.700    -2.31506  
306.800    -2.31473  
306.900    -2.31440  
307.000    -2.31407  
307.100    -2.31375  
307.200    -2.31342  
307.300    -2.31309  
307.400    -2.31277  
307.500    -2.31244  
307.600    -2.31211  
307.700    -2.31179  
307.800    -2.31146  
307.900    -2.31114  
308.000    -2.31082  
308.100    -2.31049  
308.200    -2.31017  
308.300    -2.30985  
308.400    -2.30952  
308.500    -2.30920  
308.600    -2.30888  
308.700    -2.30856  
308.800    -2.30823  
308.900    -2.30791  
309.000    -2.30759  
309.100    -2.30727  
309.200    -2.30695  
309.300    -2.30663  
309.400    -2.30631  
309.500    -2.30599  
309.600    -2.30567  
309.700    -2.30536  
309.800    -2.30504  
309.900    -2.30472  
310.000    -2.30440  
310.100    -2.30408  
310.200    -2.30377  
310.300    -2.30345  
310.400    -2.30313  
310.500    -2.30282  
310.600    -2.30250  
310.700    -2.30219  
310.800    -2.30187  
310.900    -2.30156  
311.000    -2.30124  
311.100    -2.30093  
311.200    -2.30061  
311.300    -2.30030  
311.400    -2.29999  
311.500    -2.29967  
311.600    -2.29936  
311.700    -2.29905  
311.800    -2.29874  
311.900    -2.29843  
312.000    -2.29812  
312.100    -2.29781  
312.200    -2.29749  
312.300    -2.29718  
312.400    -2.29687  
312.500    -2.29657  
312.600    -2.29626  
312.700    -2.29595  
312.800    -2.29564  
312.900    -2.29533  
313.000    -2.29502  
313.100    -2.29472  
313.200    -2.29441  
313.300    -2.29410  
313.400    -2.29380  
313.500    -2.29349  
313.600    -2.29318  
313.700    -2.29288  
313.800    -2.29257  
313.900    -2.29227  
314.000    -2.29196  
314.100    -2.29166  
314.200    -2.29136  
314.300    -2.29105  
314.400    -2.29075  
314.500    -2.29045  
314.600    -2.29014  
314.700    -2.28984  
314.800    -2.28954  
314.900    -2.28924  
315.000    -2.28894  
315.100    -2.28864  
315.200    -2.28834  
315.300    -2.28804  
315.400    -2.28774  
315.500    -2.28744  
315.600    -2.28714  
315.700    -2.28684  
315.800    -2.28654  
315.900    -2.28624  
316.000    -2.28594  
316.100    -2.28565  
316.200    -2.28535  
316.300    -2.28505  
316.400    -2.28476  
316.500    -2.28446  
316.600    -2.28417  
316.700    -2.28387  
316.800    -2.28357  
316.900    -2.28328  
317.000    -2.28299  
317.100    -2.28269  
317.200    -2.28240  
317.300    -2.28210  
317.400    -2.28181  
317.500    -2.28152  
317.600    -2.28123  
317.700    -2.28093  
317.800    -2.28064  
317.900    -2.28035  
318.000    -2.28006  
318.100    -2.27977  
318.200    -2.27948  
318.300    -2.27919  
318.400    -2.27890  
318.500    -2.27861  
318.600    -2.27832  
318.700    -2.27803  
318.800    -2.27775  
318.900    -2.27746  
319.000    -2.27717  
319.100    -2.27688  
319.200    -2.27660  
319.300    -2.27631  
319.400    -2.27602  
319.500    -2.27574  
319.600    -2.27545  
319.700    -2.27517  
319.800    -2.27488  
319.900    -2.27460  
320.000    -2.27431  
320.100    -2.27403  
320.200    -2.27375  
320.300    -2.27347  
320.400    -2.27318  
320.500    -2.27290  
320.600    -2.27262  
320.700    -2.27234  
320.800    -2.27206  
320.900    -2.27177  
321.000    -2.27149  
321.100    -2.27121  
321.200    -2.27093  
321.300    -2.27065  
321.400    -2.27038  
321.500    -2.27010  
321.600    -2.26982  
321.700    -2.26954  
321.800    -2.26926  
321.900    -2.26899  
322.000    -2.26871  
322.100    -2.26843  
322.200    -2.26816  
322.300    -2.26788  
322.400    -2.26760  
322.500    -2.26733  
322.600    -2.26705  
322.700    -2.26678  
322.800    -2.26650  
322.900    -2.26623  
323.000    -2.26596  
323.100    -2.26568  
323.200    -2.26541  
323.300    -2.26514  
323.400    -2.26487  
323.500    -2.26460  
323.600    -2.26432  
323.700    -2.26405  
323.800    -2.26378  
323.900    -2.26351  
324.000    -2.26324  
324.100    -2.26297  
324.200    -2.26270  
324.300    -2.26243  
324.400    -2.26217  
324.500    -2.26190  
324.600    -2.26163  
324.700    -2.26136  
324.800    -2.26110  
324.900    -2.26083  
325.000    -2.26056  
325.100    -2.26030  
325.200    -2.26003  
325.300    -2.25976  
325.400    -2.25950  
325.500    -2.25924  
325.600    -2.25897  
325.700    -2.25871  
325.800    -2.25844  
325.900    -2.25818  
326.000    -2.25792  
326.100    -2.25766  
326.200    -2.25739  
326.300    -2.25713  
326.400    -2.25687  
326.500    -2.25661  
326.600    -2.25635  
326.700    -2.25609  
326.800    -2.25583  
326.900    -2.25557  
327.000    -2.25531  
327.100    -2.25505  
327.200    -2.25479  
327.300    -2.25453  
327.400    -2.25428  
327.500    -2.25402  
327.600    -2.25376  
327.700    -2.25350  
327.800    -2.25325  
327.900    -2.25299  
328.000    -2.25274  
328.100    -2.25248  
328.200    -2.25223  
328.300    -2.25197  
328.400    -2.25172  
328.500    -2.25146  
328.600    -2.25121  
328.700    -2.25096  
328.800    -2.25070  
328.900    -2.25045  
329.000    -2.25020  
329.100    -2.24995  
329.200    -2.24970  
329.300    -2.24945  
329.400    -2.24920  
329.500    -2.24895  
329.600    -2.24870  
329.700    -2.24845  
329.800    -2.24820  
329.900    -2.24795  
330.000    -2.24770  
330.100    -2.24745  
330.200    -2.24720  
330.300    -2.24696  
330.400    -2.24671  
330.500    -2.24646  
330.600    -2.24622  
330.700    -2.24597  
330.800    -2.24573  
330.900    -2.24548  
331.000    -2.24524  
331.100    -2.24499  
331.200    -2.24475  
331.300    -2.24450  
331.400    -2.24426  
331.500    -2.24402  
331.600    -2.24378  
331.700    -2.24353  
331.800    -2.24329  
331.900    -2.24305  
332.000    -2.24281  
332.100    -2.24257  
332.200    -2.24233  
332.300    -2.24209  
332.400    -2.24185  
332.500    -2.24161  
332.600    -2.24137  
332.700    -2.24113  
332.800    -2.24089  
332.900    -2.24066  
333.000    -2.24042  
333.100    -2.24018  
333.200    -2.23995  
333.300    -2.23971  
333.400    -2.23947  
333.500    -2.23924  
333.600    -2.23900  
333.700    -2.23877  
333.800    -2.23853  
333.900    -2.23830  
334.000    -2.23807  
334.100    -2.23783  
334.200    -2.23760  
334.300    -2.23737  
334.400    -2.23714  
334.500    -2.23690  
334.600    -2.23667  
334.700    -2.23644  
334.800    -2.23621  
334.900    -2.23598  
335.000    -2.23575  
335.100    -2.23552  
335.200    -2.23529  
335.300    -2.23506  
335.400    -2.23483  
335.500    -2.23461  
335.600    -2.23438  
335.700    -2.23415  
335.800    -2.23392  
335.900    -2.23370  
336.000    -2.23347  
336.100    -2.23325  
336.200    -2.23302  
336.300    -2.23279  
336.400    -2.23257  
336.500    -2.23235  
336.600    -2.23212  
336.700    -2.23190  
336.800    -2.23167  
336.900    -2.23145  
337.000    -2.23123  
337.100    -2.23101  
337.200    -2.23079  
337.300    -2.23056  
337.400    -2.23034  
337.500    -2.23012  
337.600    -2.22990  
337.700    -2.22968  
337.800    -2.22946  
337.900    -2.22924  
338.000    -2.22903  
338.100    -2.22881  
338.200    -2.22859  
338.300    -2.22837  
338.400    -2.22815  
338.500    -2.22794  
338.600    -2.22772  
338.700    -2.22750  
338.800    -2.22729  
338.900    -2.22707  
339.000    -2.22686  
339.100    -2.22664  
339.200    -2.22643  
339.300    -2.22622  
339.400    -2.22600  
339.500    -2.22579  
339.600    -2.22558  
339.700    -2.22536  
339.800    -2.22515  
339.900    -2.22494  
340.000    -2.22473  
340.100    -2.22452  
340.200    -2.22431  
340.300    -2.22410  
340.400    -2.22389  
340.500    -2.22368  
340.600    -2.22347  
340.700    -2.22326  
340.800    -2.22305  
340.900    -2.22285  
341.000    -2.22264  
341.100    -2.22243  
341.200    -2.22223  
341.300    -2.22202  
341.400    -2.22181  
341.500    -2.22161  
341.600    -2.22140  
341.700    -2.22120  
341.800    -2.22099  
341.900    -2.22079  
342.000    -2.22059  
342.100    -2.22038  
342.200    -2.22018  
342.300    -2.21998  
342.400    -2.21978  
342.500    -2.21957  
342.600    -2.21937  
342.700    -2.21917  
342.800    -2.21897  
342.900    -2.21877  
343.000    -2.21857  
343.100    -2.21837  
343.200    -2.21817  
343.300    -2.21797  
343.400    -2.21778  
343.500    -2.21758  
343.600    -2.21738  
343.700    -2.21718  
343.800    -2.21699  
343.900    -2.21679  
344.000    -2.21659  
344.100    -2.21640  
344.200    -2.21620  
344.300    -2.21601  
344.400    -2.21581  
344.500    -2.21562  
344.600    -2.21543  
344.700    -2.21523  
344.800    -2.21504  
344.900    -2.21485  
345.000    -2.21466  
345.100    -2.21446  
345.200    -2.21427  
345.300    -2.21408  
345.400    -2.21389  
345.500    -2.21370  
345.600    -2.21351  
345.700    -2.21332  
345.800    -2.21313  
345.900    -2.21294  
346.000    -2.21276  
346.100    -2.21257  
346.200    -2.21238  
346.300    -2.21219  
346.400    -2.21201  
346.500    -2.21182  
346.600    -2.21163  
346.700    -2.21145  
346.800    -2.21126  
346.900    -2.21108  
347.000    -2.21089  
347.100    -2.21071  
347.200    -2.21053  
347.300    -2.21034  
347.400    -2.21016  
347.500    -2.20998  
347.600    -2.20980  
347.700    -2.20961  
347.800    -2.20943  
347.900    -2.20925  
348.000    -2.20907  
348.100    -2.20889  
348.200    -2.20871  
348.300    -2.20853  
348.400    -2.20835  
348.500    -2.20817  
348.600    -2.20800  
348.700    -2.20782  
348.800    -2.20764  
348.900    -2.20746  
349.000    -2.20729  
349.100    -2.20711  
349.200    -2.20693  
349.300    -2.20676  
349.400    -2.20658  
349.500    -2.20641  
349.600    -2.20623  
349.700    -2.20606  
349.800    -2.20589  
349.900    -2.20571  
350.000    -2.20554  