 0.000     0.00000  
  0.100     0.00000  
  0.200     0.00000  
  0.300     0.00000  
  0.400     0.00000  
  0.500     0.00001  
  0.600     0.00002  
  0.700     0.00003  
  0.800     0.00004  
  0.900     0.00006  
  1.000     0.00009  
  1.100     0.00012  
  1.200     0.00016  
  1.300     0.00021  
  1.400     0.00027  
  1.500     0.00034  
  1.600     0.00041  
  1.700     0.00050  
  1.800     0.00060  
  1.900     0.00072  
  2.000     0.00084  
  2.100     0.00099  
  2.200     0.00114  
  2.300     0.00131  
  2.400     0.00150  
  2.500     0.00170  
  2.600     0.00192  
  2.700     0.00216  
  2.800     0.00241  
  2.900     0.00268  
  3.000     0.00297  
  3.100     0.00328  
  3.200     0.00361  
  3.300     0.00396  
  3.400     0.00433  
  3.500     0.00473  
  3.600     0.00514  
  3.700     0.00557  
  3.800     0.00602  
  3.900     0.00650  
  4.000     0.00700  
  4.100     0.00752  
  4.200     0.00806  
  4.300     0.00863  
  4.400     0.00922  
  4.500     0.00983  
  4.600     0.01047  
  4.700     0.01113  
  4.800     0.01181  
  4.900     0.01252  
  5.000     0.01325  
  5.100     0.01401  
  5.200     0.01479  
  5.300     0.01559  
  5.400     0.01642  
  5.500     0.01728  
  5.600     0.01816  
  5.700     0.01906  
  5.800     0.01999  
  5.900     0.02094  
  6.000     0.02192  
  6.100     0.02292  
  6.200     0.02395  
  6.300     0.02500  
  6.400     0.02607  
  6.500     0.02717  
  6.600     0.02830  
  6.700     0.02945  
  6.800     0.03063  
  6.900     0.03183  
  7.000     0.03306  
  7.100     0.03431  
  7.200     0.03558  
  7.300     0.03688  
  7.400     0.03821  
  7.500     0.03955  
  7.600     0.04093  
  7.700     0.04233  
  7.800     0.04375  
  7.900     0.04519  
  8.000     0.04666  
  8.100     0.04816  
  8.200     0.04968  
  8.300     0.05122  
  8.400     0.05279  
  8.500     0.05437  
  8.600     0.05599  
  8.700     0.05763  
  8.800     0.05929  
  8.900     0.06097  
  9.000     0.06268  
  9.100     0.06441  
  9.200     0.06616  
  9.300     0.06794  
  9.400     0.06974  
  9.500     0.07156  
  9.600     0.07340  
  9.700     0.07527  
  9.800     0.07716  
  9.900     0.07907  
 10.000     0.08100  
 10.100     0.08296  
 10.200     0.08494  
 10.300     0.08694  
 10.400     0.08896  
 10.500     0.09100  
 10.600     0.09306  
 10.700     0.09515  
 10.800     0.09725  
 10.900     0.09938  
 11.000     0.10152  
 11.100     0.10369  
 11.200     0.10588  
 11.300     0.10809  
 11.400     0.11032  
 11.500     0.11257  
 11.600     0.11484  
 11.700     0.11713  
 11.800     0.11944  
 11.900     0.12176  
 12.000     0.12411  
 12.100     0.12648  
 12.200     0.12887  
 12.300     0.13127  
 12.400     0.13370  
 12.500     0.13614  
 12.600     0.13860  
 12.700     0.14108  
 12.800     0.14358  
 12.900     0.14610  
 13.000     0.14863  
 13.100     0.15118  
 13.200     0.15375  
 13.300     0.15634  
 13.400     0.15895  
 13.500     0.16157  
 13.600     0.16421  
 13.700     0.16687  
 13.800     0.16955  
 13.900     0.17224  
 14.000     0.17495  
 14.100     0.17767  
 14.200     0.18042  
 14.300     0.18318  
 14.400     0.18595  
 14.500     0.18874  
 14.600     0.19155  
 14.700     0.19437  
 14.800     0.19721  
 14.900     0.20006  
 15.000     0.20293  
 15.100     0.20582  
 15.200     0.20872  
 15.300     0.21163  
 15.400     0.21456  
 15.500     0.21751  
 15.600     0.22047  
 15.700     0.22344  
 15.800     0.22643  
 15.900     0.22944  
 16.000     0.23246  
 16.100     0.23549  
 16.200     0.23853  
 16.300     0.24159  
 16.400     0.24467  
 16.500     0.24776  
 16.600     0.25086  
 16.700     0.25397  
 16.800     0.25710  
 16.900     0.26024  
 17.000     0.26339  
 17.100     0.26656  
 17.200     0.26974  
 17.300     0.27294  
 17.400     0.27614  
 17.500     0.27936  
 17.600     0.28259  
 17.700     0.28583  
 17.800     0.28909  
 17.900     0.29236  
 18.000     0.29564  
 18.100     0.29893  
 18.200     0.30223  
 18.300     0.30555  
 18.400     0.30887  
 18.500     0.31221  
 18.600     0.31556  
 18.700     0.31892  
 18.800     0.32229  
 18.900     0.32567  
 19.000     0.32907  
 19.100     0.33247  
 19.200     0.33589  
 19.300     0.33931  
 19.400     0.34275  
 19.500     0.34620  
 19.600     0.34966  
 19.700     0.35312  
 19.800     0.35660  
 19.900     0.36009  
 20.000     0.36359  
 20.100     0.36710  
 20.200     0.37061  
 20.300     0.37414  
 20.400     0.37768  
 20.500     0.38123  
 20.600     0.38478  
 20.700     0.38835  
 20.800     0.39192  
 20.900     0.39551  
 21.000     0.39910  
 21.100     0.40270  
 21.200     0.40631  
 21.300     0.40993  
 21.400     0.41356  
 21.500     0.41720  
 21.600     0.42085  
 21.700     0.42450  
 21.800     0.42816  
 21.900     0.43184  
 22.000     0.43552  
 22.100     0.43920  
 22.200     0.44290  
 22.300     0.44660  
 22.400     0.45032  
 22.500     0.45404  
 22.600     0.45776  
 22.700     0.46150  
 22.800     0.46524  
 22.900     0.46899  
 23.000     0.47275  
 23.100     0.47652  
 23.200     0.48029  
 23.300     0.48407  
 23.400     0.48786  
 23.500     0.49165  
 23.600     0.49545  
 23.700     0.49926  
 23.800     0.50308  
 23.900     0.50690  
 24.000     0.51073  
 24.100     0.51456  
 24.200     0.51840  
 24.300     0.52225  
 24.400     0.52611  
 24.500     0.52997  
 24.600     0.53384  
 24.700     0.53771  
 24.800     0.54159  
 24.900     0.54548  
 25.000     0.54937  
 25.100     0.55327  
 25.200     0.55718  
 25.300     0.56109  
 25.400     0.56500  
 25.500     0.56893  
 25.600     0.57285  
 25.700     0.57679  
 25.800     0.58073  
 25.900     0.58467  
 26.000     0.58862  
 26.100     0.59258  
 26.200     0.59654  
 26.300     0.60050  
 26.400     0.60447  
 26.500     0.60845  
 26.600     0.61243  
 26.700     0.61642  
 26.800     0.62041  
 26.900     0.62441  
 27.000     0.62841  
 27.100     0.63241  
 27.200     0.63643  
 27.300     0.64044  
 27.400     0.64446  
 27.500     0.64849  
 27.600     0.65252  
 27.700     0.65655  
 27.800     0.66059  
 27.900     0.66463  
 28.000     0.66868  
 28.100     0.67273  
 28.200     0.67679  
 28.300     0.68085  
 28.400     0.68491  
 28.500     0.68898  
 28.600     0.69305  
 28.700     0.69713  
 28.800     0.70121  
 28.900     0.70529  
 29.000     0.70938  
 29.100     0.71347  
 29.200     0.71756  
 29.300     0.72166  
 29.400     0.72577  
 29.500     0.72987  
 29.600     0.73398  
 29.700     0.73810  
 29.800     0.74221  
 29.900     0.74633  
 30.000     0.75046  
 30.100     0.75458  
 30.200     0.75871  
 30.300     0.76285  
 30.400     0.76698  
 30.500     0.77112  
 30.600     0.77527  
 30.700     0.77941  
 30.800     0.78356  
 30.900     0.78771  
 31.000     0.79187  
 31.100     0.79603  
 31.200     0.80019  
 31.300     0.80435  
 31.400     0.80852  
 31.500     0.81269  
 31.600     0.81686  
 31.700     0.82103  
 31.800     0.82521  
 31.900     0.82939  
 32.000     0.83357  
 32.100     0.83776  
 32.200     0.84195  
 32.300     0.84614  
 32.400     0.85033  
 32.500     0.85452  
 32.600     0.85872  
 32.700     0.86292  
 32.800     0.86712  
 32.900     0.87132  
 33.000     0.87553  
 33.100     0.87974  
 33.200     0.88395  
 33.300     0.88816  
 33.400     0.89237  
 33.500     0.89659  
 33.600     0.90081  
 33.700     0.90503  
 33.800     0.90925  
 33.900     0.91348  
 34.000     0.91770  
 34.100     0.92193  
 34.200     0.92616  
 34.300     0.93039  
 34.400     0.93462  
 34.500     0.93886  
 34.600     0.94309  
 34.700     0.94733  
 34.800     0.95157  
 34.900     0.95581  
 35.000     0.96005  
 35.100     0.96430  
 35.200     0.96854  
 35.300     0.97279  
 35.400     0.97704  
 35.500     0.98129  
 35.600     0.98554  
 35.700     0.98979  
 35.800     0.99404  
 35.900     0.99830  
 36.000     1.00256  
 36.100     1.00681  
 36.200     1.01107  
 36.300     1.01533  
 36.400     1.01959  
 36.500     1.02385  
 36.600     1.02812  
 36.700     1.03238  
 36.800     1.03665  
 36.900     1.04091  
 37.000     1.04518  
 37.100     1.04945  
 37.200     1.05372  
 37.300     1.05799  
 37.400     1.06226  
 37.500     1.06653  
 37.600     1.07080  
 37.700     1.07507  
 37.800     1.07935  
 37.900     1.08362  
 38.000     1.08790  
 38.100     1.09217  
 38.200     1.09645  
 38.300     1.10073  
 38.400     1.10500  
 38.500     1.10928  
 38.600     1.11356  
 38.700     1.11784  
 38.800     1.12212  
 38.900     1.12640  
 39.000     1.13068  
 39.100     1.13497  
 39.200     1.13925  
 39.300     1.14353  
 39.400     1.14781  
 39.500     1.15210  
 39.600     1.15638  
 39.700     1.16066  
 39.800     1.16495  
 39.900     1.16923  
 40.000     1.17352  
 40.100     1.17780  
 40.200     1.18209  
 40.300     1.18637  
 40.400     1.19066  
 40.500     1.19494  
 40.600     1.19923  
 40.700     1.20352  
 40.800     1.20780  
 40.900     1.21209  
 41.000     1.21637  
 41.100     1.22066  
 41.200     1.22495  
 41.300     1.22923  
 41.400     1.23352  
 41.500     1.23781  
 41.600     1.24209  
 41.700     1.24638  
 41.800     1.25066  
 41.900     1.25495  
 42.000     1.25924  
 42.100     1.26352  
 42.200     1.26781  
 42.300     1.27209  
 42.400     1.27638  
 42.500     1.28066  
 42.600     1.28495  
 42.700     1.28923  
 42.800     1.29352  
 42.900     1.29780  
 43.000     1.30208  
 43.100     1.30637  
 43.200     1.31065  
 43.300     1.31493  
 43.400     1.31921  
 43.500     1.32350  
 43.600     1.32778  
 43.700     1.33206  
 43.800     1.33634  
 43.900     1.34062  
 44.000     1.34490  
 44.100     1.34918  
 44.200     1.35346  
 44.300     1.35774  
 44.400     1.36201  
 44.500     1.36629  
 44.600     1.37057  
 44.700     1.37484  
 44.800     1.37912  
 44.900     1.38339  
 45.000     1.38767  
 45.100     1.39194  
 45.200     1.39622  
 45.300     1.40049  
 45.400     1.40476  
 45.500     1.40903  
 45.600     1.41330  
 45.700     1.41757  
 45.800     1.42184  
 45.900     1.42611  
 46.000     1.43038  
 46.100     1.43464  
 46.200     1.43891  
 46.300     1.44317  
 46.400     1.44744  
 46.500     1.45170  
 46.600     1.45597  
 46.700     1.46023  
 46.800     1.46449  
 46.900     1.46875  
 47.000     1.47301  
 47.100     1.47727  
 47.200     1.48152  
 47.300     1.48578  
 47.400     1.49004  
 47.500     1.49429  
 47.600     1.49855  
 47.700     1.50280  
 47.800     1.50705  
 47.900     1.51130  
 48.000     1.51555  
 48.100     1.51980  
 48.200     1.52405  
 48.300     1.52830  
 48.400     1.53254  
 48.500     1.53679  
 48.600     1.54103  
 48.700     1.54527  
 48.800     1.54951  
 48.900     1.55376  
 49.000     1.55800  
 49.100     1.56223  
 49.200     1.56647  
 49.300     1.57071  
 49.400     1.57494  
 49.500     1.57918  
 49.600     1.58341  
 49.700     1.58764  
 49.800     1.59187  
 49.900     1.59610  
 50.000     1.60033  
 50.100     1.60455  
 50.200     1.60878  
 50.300     1.61300  
 50.400     1.61723  
 50.500     1.62145  
 50.600     1.62567  
 50.700     1.62989  
 50.800     1.63411  
 50.900     1.63832  
 51.000     1.64254  
 51.100     1.64675  
 51.200     1.65096  
 51.300     1.65518  
 51.400     1.65939  
 51.500     1.66359  
 51.600     1.66780  
 51.700     1.67201  
 51.800     1.67621  
 51.900     1.68042  
 52.000     1.68462  
 52.100     1.68882  
 52.200     1.69302  
 52.300     1.69722  
 52.400     1.70141  
 52.500     1.70561  
 52.600     1.70980  
 52.700     1.71399  
 52.800     1.71818  
 52.900     1.72237  
 53.000     1.72656  
 53.100     1.73075  
 53.200     1.73493  
 53.300     1.73911  
 53.400     1.74329  
 53.500     1.74747  
 53.600     1.75165  
 53.700     1.75583  
 53.800     1.76001  
 53.900     1.76418  
 54.000     1.76835  
 54.100     1.77252  
 54.200     1.77669  
 54.300     1.78086  
 54.400     1.78503  
 54.500     1.78919  
 54.600     1.79335  
 54.700     1.79752  
 54.800     1.80168  
 54.900     1.80583  
 55.000     1.80999  
 55.100     1.81415  
 55.200     1.81830  
 55.300     1.82245  
 55.400     1.82660  
 55.500     1.83075  
 55.600     1.83490  
 55.700     1.83904  
 55.800     1.84319  
 55.900     1.84733  
 56.000     1.85147  
 56.100     1.85561  
 56.200     1.85974  
 56.300     1.86388  
 56.400     1.86801  
 56.500     1.87214  
 56.600     1.87627  
 56.700     1.88040  
 56.800     1.88453  
 56.900     1.88865  
 57.000     1.89278  
 57.100     1.89690  
 57.200     1.90102  
 57.300     1.90513  
 57.400     1.90925  
 57.500     1.91337  
 57.600     1.91748  
 57.700     1.92159  
 57.800     1.92570  
 57.900     1.92980  
 58.000     1.93391  
 58.100     1.93801  
 58.200     1.94212  
 58.300     1.94622  
 58.400     1.95031  
 58.500     1.95441  
 58.600     1.95850  
 58.700     1.96260  
 58.800     1.96669  
 58.900     1.97078  
 59.000     1.97487  
 59.100     1.97895  
 59.200     1.98303  
 59.300     1.98712  
 59.400     1.99120  
 59.500     1.99527  
 59.600     1.99935  
 59.700     2.00342  
 59.800     2.00750  
 59.900     2.01157  
 60.000     2.01564  
 60.100     2.01970  
 60.200     2.02377  
 60.300     2.02783  
 60.400     2.03189  
 60.500     2.03595  
 60.600     2.04001  
 60.700     2.04406  
 60.800     2.04811  
 60.900     2.05217  
 61.000     2.05622  
 61.100     2.06026  
 61.200     2.06431  
 61.300     2.06835  
 61.400     2.07239  
 61.500     2.07643  
 61.600     2.08047  
 61.700     2.08451  
 61.800     2.08854  
 61.900     2.09257  
 62.000     2.09660  
 62.100     2.10063  
 62.200     2.10466  
 62.300     2.10868  
 62.400     2.11270  
 62.500     2.11672  
 62.600     2.12074  
 62.700     2.12476  
 62.800     2.12877  
 62.900     2.13278  
 63.000     2.13679  
 63.100     2.14080  
 63.200     2.14481  
 63.300     2.14881  
 63.400     2.15281  
 63.500     2.15681  
 63.600     2.16081  
 63.700     2.16481  
 63.800     2.16880  
 63.900     2.17279  
 64.000     2.17678  
 64.100     2.18077  
 64.200     2.18475  
 64.300     2.18874  
 64.400     2.19272  
 64.500     2.19670  
 64.600     2.20067  
 64.700     2.20465  
 64.800     2.20862  
 64.900     2.21259  
 65.000     2.21656  
 65.100     2.22053  
 65.200     2.22450  
 65.300     2.22846  
 65.400     2.23242  
 65.500     2.23638  
 65.600     2.24033  
 65.700     2.24429  
 65.800     2.24824  
 65.900     2.25219  
 66.000     2.25614  
 66.100     2.26009  
 66.200     2.26403  
 66.300     2.26797  
 66.400     2.27191  
 66.500     2.27585  
 66.600     2.27979  
 66.700     2.28372  
 66.800     2.28765  
 66.900     2.29158  
 67.000     2.29551  
 67.100     2.29943  
 67.200     2.30335  
 67.300     2.30727  
 67.400     2.31119  
 67.500     2.31511  
 67.600     2.31902  
 67.700     2.32294  
 67.800     2.32685  
 67.900     2.33075  
 68.000     2.33466  
 68.100     2.33856  
 68.200     2.34246  
 68.300     2.34636  
 68.400     2.35026  
 68.500     2.35416  
 68.600     2.35805  
 68.700     2.36194  
 68.800     2.36583  
 68.900     2.36971  
 69.000     2.37360  
 69.100     2.37748  
 69.200     2.38136  
 69.300     2.38524  
 69.400     2.38911  
 69.500     2.39298  
 69.600     2.39686  
 69.700     2.40072  
 69.800     2.40459  
 69.900     2.40846  
 70.000     2.41232  
 70.100     2.41618  
 70.200     2.42004  
 70.300     2.42389  
 70.400     2.42775  
 70.500     2.43160  
 70.600     2.43545  
 70.700     2.43929  
 70.800     2.44314  
 70.900     2.44698  
 71.000     2.45082  
 71.100     2.45466  
 71.200     2.45849  
 71.300     2.46233  
 71.400     2.46616  
 71.500     2.46999  
 71.600     2.47382  
 71.700     2.47764  
 71.800     2.48146  
 71.900     2.48528  
 72.000     2.48910  
 72.100     2.49292  
 72.200     2.49673  
 72.300     2.50054  
 72.400     2.50435  
 72.500     2.50816  
 72.600     2.51196  
 72.700     2.51577  
 72.800     2.51957  
 72.900     2.52336  
 73.000     2.52716  
 73.100     2.53095  
 73.200     2.53475  
 73.300     2.53853  
 73.400     2.54232  
 73.500     2.54611  
 73.600     2.54989  
 73.700     2.55367  
 73.800     2.55745  
 73.900     2.56122  
 74.000     2.56500  
 74.100     2.56877  
 74.200     2.57254  
 74.300     2.57630  
 74.400     2.58007  
 74.500     2.58383  
 74.600     2.58759  
 74.700     2.59135  
 74.800     2.59510  
 74.900     2.59886  
 75.000     2.60261  
 75.100     2.60635  
 75.200     2.61010  
 75.300     2.61385  
 75.400     2.61759  
 75.500     2.62133  
 75.600     2.62506  
 75.700     2.62880  
 75.800     2.63253  
 75.900     2.63626  
 76.000     2.63999  
 76.100     2.64372  
 76.200     2.64744  
 76.300     2.65116  
 76.400     2.65488  
 76.500     2.65860  
 76.600     2.66231  
 76.700     2.66603  
 76.800     2.66974  
 76.900     2.67344  
 77.000     2.67715  
 77.100     2.68085  
 77.200     2.68455  
 77.300     2.68825  
 77.400     2.69195  
 77.500     2.69564  
 77.600     2.69934  
 77.700     2.70303  
 77.800     2.70671  
 77.900     2.71040  
 78.000     2.71408  
 78.100     2.71776  
 78.200     2.72144  
 78.300     2.72512  
 78.400     2.72879  
 78.500     2.73246  
 78.600     2.73613  
 78.700     2.73980  
 78.800     2.74346  
 78.900     2.74712  
 79.000     2.75078  
 79.100     2.75444  
 79.200     2.75810  
 79.300     2.76175  
 79.400     2.76540  
 79.500     2.76905  
 79.600     2.77270  
 79.700     2.77634  
 79.800     2.77998  
 79.900     2.78362  
 80.000     2.78726  
 80.100     2.79089  
 80.200     2.79453  
 80.300     2.79816  
 80.400     2.80179  
 80.500     2.80541  
 80.600     2.80904  
 80.700     2.81266  
 80.800     2.81628  
 80.900     2.81989  
 81.000     2.82351  
 81.100     2.82712  
 81.200     2.83073  
 81.300     2.83434  
 81.400     2.83794  
 81.500     2.84154  
 81.600     2.84514  
 81.700     2.84874  
 81.800     2.85234  
 81.900     2.85593  
 82.000     2.85952  
 82.100     2.86311  
 82.200     2.86670  
 82.300     2.87028  
 82.400     2.87387  
 82.500     2.87745  
 82.600     2.88102  
 82.700     2.88460  
 82.800     2.88817  
 82.900     2.89174  
 83.000     2.89531  
 83.100     2.89888  
 83.200     2.90244  
 83.300     2.90600  
 83.400     2.90956  
 83.500     2.91312  
 83.600     2.91667  
 83.700     2.92022  
 83.800     2.92377  
 83.900     2.92732  
 84.000     2.93087  
 84.100     2.93441  
 84.200     2.93795  
 84.300     2.94149  
 84.400     2.94503  
 84.500     2.94856  
 84.600     2.95209  
 84.700     2.95562  
 84.800     2.95915  
 84.900     2.96267  
 85.000     2.96620  
 85.100     2.96972  
 85.200     2.97324  
 85.300     2.97675  
 85.400     2.98026  
 85.500     2.98378  
 85.600     2.98728  
 85.700     2.99079  
 85.800     2.99429  
 85.900     2.99780  
 86.000     3.00130  
 86.100     3.00479  
 86.200     3.00829  
 86.300     3.01178  
 86.400     3.01527  
 86.500     3.01876  
 86.600     3.02224  
 86.700     3.02573  
 86.800     3.02921  
 86.900     3.03269  
 87.000     3.03616  
 87.100     3.03964  
 87.200     3.04311  
 87.300     3.04658  
 87.400     3.05005  
 87.500     3.05351  
 87.600     3.05698  
 87.700     3.06044  
 87.800     3.06390  
 87.900     3.06735  
 88.000     3.07081  
 88.100     3.07426  
 88.200     3.07771  
 88.300     3.08115  
 88.400     3.08460  
 88.500     3.08804  
 88.600     3.09148  
 88.700     3.09492  
 88.800     3.09835  
 88.900     3.10179  
 89.000     3.10522  
 89.100     3.10865  
 89.200     3.11207  
 89.300     3.11550  
 89.400     3.11892  
 89.500     3.12234  
 89.600     3.12575  
 89.700     3.12917  
 89.800     3.13258  
 89.900     3.13599  
 90.000     3.13940  
 90.100     3.14281  
 90.200     3.14621  
 90.300     3.14961  
 90.400     3.15301  
 90.500     3.15641  
 90.600     3.15980  
 90.700     3.16319  
 90.800     3.16658  
 90.900     3.16997  
 91.000     3.17335  
 91.100     3.17674  
 91.200     3.18012  
 91.300     3.18350  
 91.400     3.18687  
 91.500     3.19025  
 91.600     3.19362  
 91.700     3.19699  
 91.800     3.20035  
 91.900     3.20372  
 92.000     3.20708  
 92.100     3.21044  
 92.200     3.21380  
 92.300     3.21716  
 92.400     3.22051  
 92.500     3.22386  
 92.600     3.22721  
 92.700     3.23056  
 92.800     3.23390  
 92.900     3.23724  
 93.000     3.24058  
 93.100     3.24392  
 93.200     3.24725  
 93.300     3.25059  
 93.400     3.25392  
 93.500     3.25725  
 93.600     3.26057  
 93.700     3.26390  
 93.800     3.26722  
 93.900     3.27054  
 94.000     3.27385  
 94.100     3.27717  
 94.200     3.28048  
 94.300     3.28379  
 94.400     3.28710  
 94.500     3.29041  
 94.600     3.29371  
 94.700     3.29701  
 94.800     3.30031  
 94.900     3.30361  
 95.000     3.30690  
 95.100     3.31019  
 95.200     3.31348  
 95.300     3.31677  
 95.400     3.32006  
 95.500     3.32334  
 95.600     3.32662  
 95.700     3.32990  
 95.800     3.33318  
 95.900     3.33645  
 96.000     3.33972  
 96.100     3.34299  
 96.200     3.34626  
 96.300     3.34953  
 96.400     3.35279  
 96.500     3.35605  
 96.600     3.35931  
 96.700     3.36256  
 96.800     3.36582  
 96.900     3.36907  
 97.000     3.37232  
 97.100     3.37557  
 97.200     3.37881  
 97.300     3.38206  
 97.400     3.38530  
 97.500     3.38853  
 97.600     3.39177  
 97.700     3.39500  
 97.800     3.39824  
 97.900     3.40146  
 98.000     3.40469  
 98.100     3.40792  
 98.200     3.41114  
 98.300     3.41436  
 98.400     3.41758  
 98.500     3.42079  
 98.600     3.42401  
 98.700     3.42722  
 98.800     3.43043  
 98.900     3.43364  
 99.000     3.43684  
 99.100     3.44004  
 99.200     3.44324  
 99.300     3.44644  
 99.400     3.44964  
 99.500     3.45283  
 99.600     3.45602  
 99.700     3.45921  
 99.800     3.46240  
 99.900     3.46558  
100.000     3.46877  
100.100     3.47195  
100.200     3.47513  
100.300     3.47830  
100.400     3.48148  
100.500     3.48465  
100.600     3.48782  
100.700     3.49098  
100.800     3.49415  
100.900     3.49731  
101.000     3.50047  
101.100     3.50363  
101.200     3.50679  
101.300     3.50994  
101.400     3.51309  
101.500     3.51624  
101.600     3.51939  
101.700     3.52253  
101.800     3.52568  
101.900     3.52882  
102.000     3.53195  
102.100     3.53509  
102.200     3.53823  
102.300     3.54136  
102.400     3.54449  
102.500     3.54761  
102.600     3.55074  
102.700     3.55386  
102.800     3.55698  
102.900     3.56010  
103.000     3.56322  
103.100     3.56633  
103.200     3.56944  
103.300     3.57255  
103.400     3.57566  
103.500     3.57877  
103.600     3.58187  
103.700     3.58497  
103.800     3.58807  
103.900     3.59117  
104.000     3.59426  
104.100     3.59735  
104.200     3.60044  
104.300     3.60353  
104.400     3.60662  
104.500     3.60970  
104.600     3.61278  
104.700     3.61586  
104.800     3.61894  
104.900     3.62201  
105.000     3.62509  
105.100     3.62816  
105.200     3.63123  
105.300     3.63429  
105.400     3.63736  
105.500     3.64042  
105.600     3.64348  
105.700     3.64654  
105.800     3.64959  
105.900     3.65264  
106.000     3.65570  
106.100     3.65874  
106.200     3.66179  
106.300     3.66484  
106.400     3.66788  
106.500     3.67092  
106.600     3.67396  
106.700     3.67699  
106.800     3.68003  
106.900     3.68306  
107.000     3.68609  
107.100     3.68911  
107.200     3.69214  
107.300     3.69516  
107.400     3.69818  
107.500     3.70120  
107.600     3.70422  
107.700     3.70723  
107.800     3.71025  
107.900     3.71326  
108.000     3.71626  
108.100     3.71927  
108.200     3.72227  
108.300     3.72528  
108.400     3.72827  
108.500     3.73127  
108.600     3.73427  
108.700     3.73726  
108.800     3.74025  
108.900     3.74324  
109.000     3.74623  
109.100     3.74921  
109.200     3.75219  
109.300     3.75517  
109.400     3.75815  
109.500     3.76113  
109.600     3.76410  
109.700     3.76707  
109.800     3.77004  
109.900     3.77301  
110.000     3.77597  
110.100     3.77894  
110.200     3.78190  
110.300     3.78486  
110.400     3.78781  
110.500     3.79077  
110.600     3.79372  
110.700     3.79667  
110.800     3.79962  
110.900     3.80257  
111.000     3.80551  
111.100     3.80845  
111.200     3.81139  
111.300     3.81433  
111.400     3.81727  
111.500     3.82020  
111.600     3.82313  
111.700     3.82606  
111.800     3.82899  
111.900     3.83191  
112.000     3.83484  
112.100     3.83776  
112.200     3.84068  
112.300     3.84359  
112.400     3.84651  
112.500     3.84942  
112.600     3.85233  
112.700     3.85524  
112.800     3.85814  
112.900     3.86105  
113.000     3.86395  
113.100     3.86685  
113.200     3.86975  
113.300     3.87264  
113.400     3.87554  
113.500     3.87843  
113.600     3.88132  
113.700     3.88421  
113.800     3.88709  
113.900     3.88997  
114.000     3.89286  
114.100     3.89574  
114.200     3.89861  
114.300     3.90149  
114.400     3.90436  
114.500     3.90723  
114.600     3.91010  
114.700     3.91297  
114.800     3.91583  
114.900     3.91869  
115.000     3.92155  
115.100     3.92441  
115.200     3.92727  
115.300     3.93012  
115.400     3.93297  
115.500     3.93582  
115.600     3.93867  
115.700     3.94152  
115.800     3.94436  
115.900     3.94720  
116.000     3.95004  
116.100     3.95288  
116.200     3.95572  
116.300     3.95855  
116.400     3.96138  
116.500     3.96421  
116.600     3.96704  
116.700     3.96986  
116.800     3.97269  
116.900     3.97551  
117.000     3.97833  
117.100     3.98115  
117.200     3.98396  
117.300     3.98677  
117.400     3.98958  
117.500     3.99239  
117.600     3.99520  
117.700     3.99801  
117.800     4.00081  
117.900     4.00361  
118.000     4.00641  
118.100     4.00920  
118.200     4.01200  
118.300     4.01479  
118.400     4.01758  
118.500     4.02037  
118.600     4.02316  
118.700     4.02594  
118.800     4.02872  
118.900     4.03151  
119.000     4.03428  
119.100     4.03706  
119.200     4.03983  
119.300     4.04261  
119.400     4.04538  
119.500     4.04815  
119.600     4.05091  
119.700     4.05368  
119.800     4.05644  
119.900     4.05920  
120.000     4.06196  
120.100     4.06471  
120.200     4.06747  
120.300     4.07022  
120.400     4.07297  
120.500     4.07572  
120.600     4.07846  
120.700     4.08121  
120.800     4.08395  
120.900     4.08669  
121.000     4.08943  
121.100     4.09217  
121.200     4.09490  
121.300     4.09763  
121.400     4.10036  
121.500     4.10309  
121.600     4.10582  
121.700     4.10854  
121.800     4.11126  
121.900     4.11398  
122.000     4.11670  
122.100     4.11942  
122.200     4.12213  
122.300     4.12484  
122.400     4.12755  
122.500     4.13026  
122.600     4.13297  
122.700     4.13567  
122.800     4.13838  
122.900     4.14108  
123.000     4.14377  
123.100     4.14647  
123.200     4.14916  
123.300     4.15186  
123.400     4.15455  
123.500     4.15724  
123.600     4.15992  
123.700     4.16261  
123.800     4.16529  
123.900     4.16797  
124.000     4.17065  
124.100     4.17333  
124.200     4.17600  
124.300     4.17867  
124.400     4.18134  
124.500     4.18401  
124.600     4.18668  
124.700     4.18934  
124.800     4.19201  
124.900     4.19467  
125.000     4.19733  
125.100     4.19998  
125.200     4.20264  
125.300     4.20529  
125.400     4.20794  
125.500     4.21059  
125.600     4.21324  
125.700     4.21589  
125.800     4.21853  
125.900     4.22117  
126.000     4.22381  
126.100     4.22645  
126.200     4.22908  
126.300     4.23172  
126.400     4.23435  
126.500     4.23698  
126.600     4.23961  
126.700     4.24223  
126.800     4.24486  
126.900     4.24748  
127.000     4.25010  
127.100     4.25272  
127.200     4.25533  
127.300     4.25795  
127.400     4.26056  
127.500     4.26317  
127.600     4.26578  
127.700     4.26839  
127.800     4.27099  
127.900     4.27359  
128.000     4.27619  
128.100     4.27879  
128.200     4.28139  
128.300     4.28399  
128.400     4.28658  
128.500     4.28917  
128.600     4.29176  
128.700     4.29435  
128.800     4.29693  
128.900     4.29952  
129.000     4.30210  
129.100     4.30468  
129.200     4.30725  
129.300     4.30983  
129.400     4.31240  
129.500     4.31498  
129.600     4.31755  
129.700     4.32012  
129.800     4.32268  
129.900     4.32525  
130.000     4.32781  
130.100     4.33037  
130.200     4.33293  
130.300     4.33549  
130.400     4.33804  
130.500     4.34059  
130.600     4.34315  
130.700     4.34569  
130.800     4.34824  
130.900     4.35079  
131.000     4.35333  
131.100     4.35587  
131.200     4.35841  
131.300     4.36095  
131.400     4.36349  
131.500     4.36602  
131.600     4.36855  
131.700     4.37109  
131.800     4.37361  
131.900     4.37614  
132.000     4.37867  
132.100     4.38119  
132.200     4.38371  
132.300     4.38623  
132.400     4.38875  
132.500     4.39126  
132.600     4.39378  
132.700     4.39629  
132.800     4.39880  
132.900     4.40131  
133.000     4.40381  
133.100     4.40632  
133.200     4.40882  
133.300     4.41132  
133.400     4.41382  
133.500     4.41632  
133.600     4.41881  
133.700     4.42131  
133.800     4.42380  
133.900     4.42629  
134.000     4.42877  
134.100     4.43126  
134.200     4.43374  
134.300     4.43623  
134.400     4.43871  
134.500     4.44119  
134.600     4.44366  
134.700     4.44614  
134.800     4.44861  
134.900     4.45108  
135.000     4.45355  
135.100     4.45602  
135.200     4.45848  
135.300     4.46095  
135.400     4.46341  
135.500     4.46587  
135.600     4.46833  
135.700     4.47078  
135.800     4.47324  
135.900     4.47569  
136.000     4.47814  
136.100     4.48059  
136.200     4.48304  
136.300     4.48549  
136.400     4.48793  
136.500     4.49037  
136.600     4.49281  
136.700     4.49525  
136.800     4.49769  
136.900     4.50012  
137.000     4.50255  
137.100     4.50498  
137.200     4.50741  
137.300     4.50984  
137.400     4.51227  
137.500     4.51469  
137.600     4.51711  
137.700     4.51953  
137.800     4.52195  
137.900     4.52437  
138.000     4.52678  
138.100     4.52920  
138.200     4.53161  
138.300     4.53402  
138.400     4.53642  
138.500     4.53883  
138.600     4.54123  
138.700     4.54364  
138.800     4.54604  
138.900     4.54844  
139.000     4.55083  
139.100     4.55323  
139.200     4.55562  
139.300     4.55801  
139.400     4.56040  
139.500     4.56279  
139.600     4.56518  
139.700     4.56756  
139.800     4.56994  
139.900     4.57232  
140.000     4.57470  
140.100     4.57708  
140.200     4.57945  
140.300     4.58183  
140.400     4.58420  
140.500     4.58657  
140.600     4.58894  
140.700     4.59131  
140.800     4.59367  
140.900     4.59603  
141.000     4.59839  
141.100     4.60075  
141.200     4.60311  
141.300     4.60547  
141.400     4.60782  
141.500     4.61017  
141.600     4.61252  
141.700     4.61487  
141.800     4.61722  
141.900     4.61957  
142.000     4.62191  
142.100     4.62425  
142.200     4.62659  
142.300     4.62893  
142.400     4.63127  
142.500     4.63360  
142.600     4.63594  
142.700     4.63827  
142.800     4.64060  
142.900     4.64292  
143.000     4.64525  
143.100     4.64758  
143.200     4.64990  
143.300     4.65222  
143.400     4.65454  
143.500     4.65686  
143.600     4.65917  
143.700     4.66149  
143.800     4.66380  
143.900     4.66611  
144.000     4.66842  
144.100     4.67073  
144.200     4.67303  
144.300     4.67533  
144.400     4.67764  
144.500     4.67994  
144.600     4.68224  
144.700     4.68453  
144.800     4.68683  
144.900     4.68912  
145.000     4.69141  
145.100     4.69370  
145.200     4.69599  
145.300     4.69828  
145.400     4.70056  
145.500     4.70284  
145.600     4.70513  
145.700     4.70741  
145.800     4.70968  
145.900     4.71196  
146.000     4.71423  
146.100     4.71651  
146.200     4.71878  
146.300     4.72105  
146.400     4.72332  
146.500     4.72558  
146.600     4.72785  
146.700     4.73011  
146.800     4.73237  
146.900     4.73463  
147.000     4.73689  
147.100     4.73914  
147.200     4.74140  
147.300     4.74365  
147.400     4.74590  
147.500     4.74815  
147.600     4.75040  
147.700     4.75264  
147.800     4.75489  
147.900     4.75713  
148.000     4.75937  
148.100     4.76161  
148.200     4.76384  
148.300     4.76608  
148.400     4.76831  
148.500     4.77055  
148.600     4.77278  
148.700     4.77501  
148.800     4.77723  
148.900     4.77946  
149.000     4.78168  
149.100     4.78390  
149.200     4.78612  
149.300     4.78834  
149.400     4.79056  
149.500     4.79278  
149.600     4.79499  
149.700     4.79720  
149.800     4.79941  
149.900     4.80162  
150.000	    4.80383  
150.100     4.80603  
150.200     4.80824  
150.300     4.81044  
150.400     4.81264  
150.500     4.81484  
150.600     4.81704  
150.700     4.81923  
150.800     4.82143  
150.900     4.82362  
151.000     4.82581  
151.100     4.82800  
151.200     4.83019  
151.300     4.83237  
151.400     4.83456  
151.500     4.83674  
151.600     4.83892  
151.700     4.84110  
151.800     4.84328  
151.900     4.84545  
152.000     4.84763  
152.100     4.84980  
152.200     4.85197  
152.300     4.85414  
152.400     4.85631  
152.500     4.85847  
152.600     4.86064  
152.700     4.86280  
152.800     4.86496  
152.900     4.86712  
153.000     4.86928  
153.100     4.87144  
153.200     4.87359  
153.300     4.87575  
153.400     4.87790  
153.500     4.88005  
153.600     4.88219  
153.700     4.88434  
153.800     4.88649  
153.900     4.88863  
154.000     4.89077  
154.100     4.89291  
154.200     4.89505  
154.300     4.89719  
154.400     4.89932  
154.500     4.90146  
154.600     4.90359  
154.700     4.90572  
154.800     4.90785  
154.900     4.90998  
155.000     4.91210  
155.100     4.91423  
155.200     4.91635  
155.300     4.91847  
155.400     4.92059  
155.500     4.92271  
155.600     4.92482  
155.700     4.92694  
155.800     4.92905  
155.900     4.93116  
156.000     4.93327  
156.100     4.93538  
156.200     4.93749  
156.300     4.93959  
156.400     4.94170  
156.500     4.94380  
156.600     4.94590  
156.700     4.94800  
156.800     4.95009  
156.900     4.95219  
157.000     4.95428  
157.100     4.95638  
157.200     4.95847  
157.300     4.96056  
157.400     4.96264  
157.500     4.96473  
157.600     4.96681  
157.700     4.96890  
157.800     4.97098  
157.900     4.97306  
158.000     4.97514  
158.100     4.97721  
158.200     4.97929  
158.300     4.98136  
158.400     4.98343  
158.500     4.98550  
158.600     4.98757  
158.700     4.98964  
158.800     4.99171  
158.900     4.99377  
159.000     4.99583  
159.100     4.99790  
159.200     4.99995  
159.300     5.00201  
159.400     5.00407  
159.500     5.00612  
159.600     5.00818  
159.700     5.01023  
159.800     5.01228  
159.900     5.01433  
160.000     5.01638  
160.100     5.01842  
160.200     5.02047  
160.300     5.02251  
160.400     5.02455  
160.500     5.02659  
160.600     5.02863  
160.700     5.03066  
160.800     5.03270  
160.900     5.03473  
161.000     5.03676  
161.100     5.03879  
161.200     5.04082  
161.300     5.04285  
161.400     5.04488  
161.500     5.04690  
161.600     5.04892  
161.700     5.05094  
161.800     5.05296  
161.900     5.05498  
162.000     5.05700  
162.100     5.05901  
162.200     5.06103  
162.300     5.06304  
162.400     5.06505  
162.500     5.06706  
162.600     5.06907  
162.700     5.07107  
162.800     5.07308  
162.900     5.07508  
163.000     5.07708  
163.100     5.07908  
163.200     5.08108  
163.300     5.08308  
163.400     5.08507  
163.500     5.08707  
163.600     5.08906  
163.700     5.09105  
163.800     5.09304  
163.900     5.09503  
164.000     5.09701  
164.100     5.09900  
164.200     5.10098  
164.300     5.10296  
164.400     5.10494  
164.500     5.10692  
164.600     5.10890  
164.700     5.11087  
164.800     5.11285  
164.900     5.11482  
165.000     5.11679  
165.100     5.11876  
165.200     5.12073  
165.300     5.12270  
165.400     5.12466  
165.500     5.12663  
165.600     5.12859  
165.700     5.13055  
165.800     5.13251  
165.900     5.13447  
166.000     5.13643  
166.100     5.13838  
166.200     5.14034  
166.300     5.14229  
166.400     5.14424  
166.500     5.14619  
166.600     5.14814  
166.700     5.15008  
166.800     5.15203  
166.900     5.15397  
167.000     5.15591  
167.100     5.15785  
167.200     5.15979  
167.300     5.16173  
167.400     5.16367  
167.500     5.16560  
167.600     5.16753  
167.700     5.16947  
167.800     5.17140  
167.900     5.17333  
168.000     5.17525  
168.100     5.17718  
168.200     5.17910  
168.300     5.18103  
168.400     5.18295  
168.500     5.18487  
168.600     5.18679  
168.700     5.18870  
168.800     5.19062  
168.900     5.19253  
169.000     5.19445  
169.100     5.19636  
169.200     5.19827  
169.300     5.20018  
169.400     5.20209  
169.500     5.20399  
169.600     5.20590  
169.700     5.20780  
169.800     5.20970  
169.900     5.21160  
170.000     5.21350  
170.100     5.21540  
170.200     5.21729  
170.300     5.21919  
170.400     5.22108  
170.500     5.22297  
170.600     5.22486  
170.700     5.22675  
170.800     5.22863  
170.900     5.23052  
171.000     5.23240  
171.100     5.23429  
171.200     5.23617  
171.300     5.23805  
171.400     5.23993  
171.500     5.24181  
171.600     5.24368  
171.700     5.24556  
171.800     5.24743  
171.900     5.24930  
172.000     5.25117  
172.100     5.25304  
172.200     5.25491  
172.300     5.25677  
172.400     5.25864  
172.500     5.26050  
172.600     5.26236  
172.700     5.26422  
172.800     5.26608  
172.900     5.26794  
173.000     5.26979  
173.100     5.27165  
173.200     5.27350  
173.300     5.27535  
173.400     5.27721  
173.500     5.27905  
173.600     5.28090  
173.700     5.28275  
173.800     5.28459  
173.900     5.28644  
174.000     5.28828  
174.100     5.29012  
174.200     5.29196  
174.300     5.29380  
174.400     5.29563  
174.500     5.29747  
174.600     5.29930  
174.700     5.30114  
174.800     5.30297  
174.900     5.30480  
175.000     5.30662  
175.100     5.30845  
175.200     5.31028  
175.300     5.31210  
175.400     5.31392  
175.500     5.31575  
175.600     5.31757  
175.700     5.31938  
175.800     5.32120  
175.900     5.32302  
176.000     5.32483  
176.100     5.32665  
176.200     5.32846  
176.300     5.33027  
176.400     5.33208  
176.500     5.33388  
176.600     5.33569  
176.700     5.33750  
176.800     5.33930  
176.900     5.34110  
177.000     5.34290  
177.100     5.34470  
177.200     5.34650  
177.300     5.34830  
177.400     5.35009  
177.500     5.35189  
177.600     5.35368  
177.700     5.35547  
177.800     5.35726  
177.900     5.35905  
178.000     5.36084  
178.100     5.36263  
178.200     5.36441  
178.300     5.36619  
178.400     5.36798  
178.500     5.36976  
178.600     5.37154  
178.700     5.37331  
178.800     5.37509  
178.900     5.37687  
179.000     5.37864  
179.100     5.38041  
179.200     5.38218  
179.300     5.38395  
179.400     5.38572  
179.500     5.38749  
179.600     5.38926  
179.700     5.39102  
179.800     5.39279  
179.900     5.39455  
180.000     5.39631  
180.100     5.39807  
180.200     5.39983  
180.300     5.40158  
180.400     5.40334  
180.500     5.40509  
180.600     5.40684  
180.700     5.40860  
180.800     5.41035  
180.900     5.41210  
181.000     5.41384  
181.100     5.41559  
181.200     5.41733  
181.300     5.41908  
181.400     5.42082  
181.500     5.42256  
181.600     5.42430  
181.700     5.42604  
181.800     5.42778  
181.900     5.42951  
182.000     5.43125  
182.100     5.43298  
182.200     5.43471  
182.300     5.43644  
182.400     5.43817  
182.500     5.43990  
182.600     5.44163  
182.700     5.44335  
182.800     5.44507  
182.900     5.44680  
183.000     5.44852  
183.100     5.45024  
183.200     5.45196  
183.300     5.45368  
183.400     5.45539  
183.500     5.45711  
183.600     5.45882  
183.700     5.46053  
183.800     5.46224  
183.900     5.46395  
184.000     5.46566  
184.100     5.46737  
184.200     5.46908  
184.300     5.47078  
184.400     5.47248  
184.500     5.47419  
184.600     5.47589  
184.700     5.47759  
184.800     5.47929  
184.900     5.48098  
185.000     5.48268  
185.100     5.48437  
185.200     5.48607  
185.300     5.48776  
185.400     5.48945  
185.500     5.49114  
185.600     5.49283  
185.700     5.49451  
185.800     5.49620  
185.900     5.49788  
186.000     5.49957  
186.100     5.50125  
186.200     5.50293  
186.300     5.50461  
186.400     5.50629  
186.500     5.50796  
186.600     5.50964  
186.700     5.51131  
186.800     5.51299  
186.900     5.51466  
187.000     5.51633  
187.100     5.51800  
187.200     5.51967  
187.300     5.52133  
187.400     5.52300  
187.500     5.52466  
187.600     5.52632  
187.700     5.52799  
187.800     5.52965  
187.900     5.53131  
188.000     5.53296  
188.100     5.53462  
188.200     5.53628  
188.300     5.53793  
188.400     5.53958  
188.500     5.54124  
188.600     5.54289  
188.700     5.54454  
188.800     5.54618  
188.900     5.54783  
189.000     5.54948  
189.100     5.55112  
189.200     5.55276  
189.300     5.55441  
189.400     5.55605  
189.500     5.55769  
189.600     5.55932  
189.700     5.56096  
189.800     5.56260  
189.900     5.56423  
190.000     5.56586  
190.100     5.56750  
190.200     5.56913  
190.300     5.57076  
190.400     5.57239  
190.500     5.57401  
190.600     5.57564  
190.700     5.57726  
190.800     5.57889  
190.900     5.58051  
191.000     5.58213  
191.100     5.58375  
191.200     5.58537  
191.300     5.58699  
191.400     5.58860  
191.500     5.59022  
191.600     5.59183  
191.700     5.59345  
191.800     5.59506  
191.900     5.59667  
192.000     5.59828  
192.100     5.59988  
192.200     5.60149  
192.300     5.60310  
192.400     5.60470  
192.500     5.60630  
192.600     5.60790  
192.700     5.60951  
192.800     5.61110  
192.900     5.61270  
193.000     5.61430  
193.100     5.61590  
193.200     5.61749  
193.300     5.61908  
193.400     5.62068  
193.500     5.62227  
193.600     5.62386  
193.700     5.62545  
193.800     5.62703  
193.900     5.62862  
194.000     5.63020  
194.100     5.63179  
194.200     5.63337  
194.300     5.63495  
194.400     5.63653  
194.500     5.63811  
194.600     5.63969  
194.700     5.64127  
194.800     5.64284  
194.900     5.64442  
195.000     5.64599  
195.100     5.64756  
195.200     5.64913  
195.300     5.65070  
195.400     5.65227  
195.500     5.65384  
195.600     5.65541  
195.700     5.65697  
195.800     5.65853  
195.900     5.66010  
196.000     5.66166  
196.100     5.66322  
196.200     5.66478  
196.300     5.66634  
196.400     5.66789  
196.500     5.66945  
196.600     5.67100  
196.700     5.67256  
196.800     5.67411  
196.900     5.67566  
197.000     5.67721  
197.100     5.67876  
197.200     5.68031  
197.300     5.68185  
197.400     5.68340  
197.500     5.68494  
197.600     5.68649  
197.700     5.68803  
197.800     5.68957  
197.900     5.69111  
198.000     5.69265  
198.100     5.69419  
198.200     5.69572  
198.300     5.69726  
198.400     5.69879  
198.500     5.70032  
198.600     5.70185  
198.700     5.70339  
198.800     5.70491  
198.900     5.70644  
199.000     5.70797  
199.100     5.70950  
199.200     5.71102  
199.300     5.71254  
199.400     5.71407  
199.500     5.71559  
199.600     5.71711  
199.700     5.71863  
199.800     5.72014  
199.900     5.72166  
200.000     5.72318  
200.100     5.72469  
200.200     5.72620  
200.300     5.72772  
200.400     5.72923  
200.500     5.73074  
200.600     5.73225  
200.700     5.73376  
200.800     5.73526  
200.900     5.73677  
201.000     5.73827  
201.100     5.73978  
201.200     5.74128  
201.300     5.74278  
201.400     5.74428  
201.500     5.74578  
201.600     5.74727  
201.700     5.74877  
201.800     5.75027  
201.900     5.75176  
202.000     5.75325  
202.100     5.75475  
202.200     5.75624  
202.300     5.75773  
202.400     5.75922  
202.500     5.76070  
202.600     5.76219  
202.700     5.76368  
202.800     5.76516  
202.900     5.76664  
203.000     5.76813  
203.100     5.76961  
203.200     5.77109  
203.300     5.77257  
203.400     5.77404  
203.500     5.77552  
203.600     5.77700  
203.700     5.77847  
203.800     5.77994  
203.900     5.78142  
204.000     5.78289  
204.100     5.78436  
204.200     5.78583  
204.300     5.78730  
204.400     5.78876  
204.500     5.79023  
204.600     5.79169  
204.700     5.79316  
204.800     5.79462  
204.900     5.79608  
205.000     5.79754  
205.100     5.79900  
205.200     5.80046  
205.300     5.80192  
205.400     5.80337  
205.500     5.80483  
205.600     5.80628  
205.700     5.80773  
205.800     5.80919  
205.900     5.81064  
206.000     5.81209  
206.100     5.81353  
206.200     5.81498  
206.300     5.81643  
206.400     5.81787  
206.500     5.81932  
206.600     5.82076  
206.700     5.82220  
206.800     5.82364  
206.900     5.82508  
207.000     5.82652  
207.100     5.82796  
207.200     5.82940  
207.300     5.83083  
207.400     5.83227  
207.500     5.83370  
207.600     5.83513  
207.700     5.83656  
207.800     5.83800  
207.900     5.83942  
208.000     5.84085  
208.100     5.84228  
208.200     5.84371  
208.300     5.84513  
208.400     5.84656  
208.500     5.84798  
208.600     5.84940  
208.700     5.85082  
208.800     5.85224  
208.900     5.85366  
209.000     5.85508  
209.100     5.85649  
209.200     5.85791  
209.300     5.85932  
209.400     5.86074  
209.500     5.86215  
209.600     5.86356  
209.700     5.86497  
209.800     5.86638  
209.900     5.86779  
210.000     5.86920  
210.100     5.87060  
210.200     5.87201  
210.300     5.87341  
210.400     5.87482  
210.500     5.87622  
210.600     5.87762  
210.700     5.87902  
210.800     5.88042  
210.900     5.88182  
211.000     5.88321  
211.100     5.88461  
211.200     5.88600  
211.300     5.88740  
211.400     5.88879  
211.500     5.89018  
211.600     5.89157  
211.700     5.89296  
211.800     5.89435  
211.900     5.89574  
212.000     5.89712  
212.100     5.89851  
212.200     5.89990  
212.300     5.90128  
212.400     5.90266  
212.500     5.90404  
212.600     5.90542  
212.700     5.90680  
212.800     5.90818  
212.900     5.90956  
213.000     5.91094  
213.100     5.91231  
213.200     5.91368  
213.300     5.91506  
213.400     5.91643  
213.500     5.91780  
213.600     5.91917  
213.700     5.92054  
213.800     5.92191  
213.900     5.92328  
214.000     5.92464  
214.100     5.92601  
214.200     5.92737  
214.300     5.92874  
214.400     5.93010  
214.500     5.93146  
214.600     5.93282  
214.700     5.93418  
214.800     5.93554  
214.900     5.93690  
215.000     5.93825  
215.100     5.93961  
215.200     5.94096  
215.300     5.94231  
215.400     5.94367  
215.500     5.94502  
215.600     5.94637  
215.700     5.94772  
215.800     5.94907  
215.900     5.95041  
216.000     5.95176  
216.100     5.95311  
216.200     5.95445  
216.300     5.95579  
216.400     5.95714  
216.500     5.95848  
216.600     5.95982  
216.700     5.96116  
216.800     5.96250  
216.900     5.96383  
217.000     5.96517  
217.100     5.96651  
217.200     5.96784  
217.300     5.96917  
217.400     5.97051  
217.500     5.97184  
217.600     5.97317  
217.700     5.97450  
217.800     5.97583  
217.900     5.97716  
218.000     5.97848  
218.100     5.97981  
218.200     5.98113  
218.300     5.98246  
218.400     5.98378  
218.500     5.98510  
218.600     5.98642  
218.700     5.98774  
218.800     5.98906  
218.900     5.99038  
219.000     5.99170  
219.100     5.99301  
219.200     5.99433  
219.300     5.99564  
219.400     5.99696  
219.500     5.99827  
219.600     5.99958  
219.700     6.00089  
219.800     6.00220  
219.900     6.00351  
220.000     6.00481  
220.100     6.00612  
220.200     6.00743  
220.300     6.00873  
220.400     6.01004  
220.500     6.01134  
220.600     6.01264  
220.700     6.01394  
220.800     6.01524  
220.900     6.01654  
221.000     6.01784  
221.100     6.01913  
221.200     6.02043  
221.300     6.02173  
221.400     6.02302  
221.500     6.02431  
221.600     6.02561  
221.700     6.02690  
221.800     6.02819  
221.900     6.02948  
222.000     6.03077  
222.100     6.03205  
222.200     6.03334  
222.300     6.03463  
222.400     6.03591  
222.500     6.03719  
222.600     6.03848  
222.700     6.03976  
222.800     6.04104  
222.900     6.04232  
223.000     6.04360  
223.100     6.04488  
223.200     6.04615  
223.300     6.04743  
223.400     6.04871  
223.500     6.04998  
223.600     6.05125  
223.700     6.05253  
223.800     6.05380  
223.900     6.05507  
224.000     6.05634  
224.100     6.05761  
224.200     6.05888  
224.300     6.06014  
224.400     6.06141  
224.500     6.06268  
224.600     6.06394  
224.700     6.06520  
224.800     6.06647  
224.900     6.06773  
225.000     6.06899  
225.100     6.07025  
225.200     6.07151  
225.300     6.07276  
225.400     6.07402  
225.500     6.07528  
225.600     6.07653  
225.700     6.07779  
225.800     6.07904  
225.900     6.08029  
226.000     6.08154  
226.100     6.08280  
226.200     6.08404  
226.300     6.08529  
226.400     6.08654  
226.500     6.08779  
226.600     6.08903  
226.700     6.09028  
226.800     6.09152  
226.900     6.09277  
227.000     6.09401  
227.100     6.09525  
227.200     6.09649  
227.300     6.09773  
227.400     6.09897  
227.500     6.10021  
227.600     6.10145  
227.700     6.10268  
227.800     6.10392  
227.900     6.10515  
228.000     6.10639  
228.100     6.10762  
228.200     6.10885  
228.300     6.11008  
228.400     6.11131  
228.500     6.11254  
228.600     6.11377  
228.700     6.11499  
228.800     6.11622  
228.900     6.11745  
229.000     6.11867  
229.100     6.11990  
229.200     6.12112  
229.300     6.12234  
229.400     6.12356  
229.500     6.12478  
229.600     6.12600  
229.700     6.12722  
229.800     6.12844  
229.900     6.12965  
230.000     6.13087  
230.100     6.13208  
230.200     6.13330  
230.300     6.13451  
230.400     6.13572  
230.500     6.13693  
230.600     6.13815  
230.700     6.13936  
230.800     6.14056  
230.900     6.14177  
231.000     6.14298  
231.100     6.14418  
231.200     6.14539  
231.300     6.14659  
231.400     6.14780  
231.500     6.14900  
231.600     6.15020  
231.700     6.15140  
231.800     6.15260  
231.900     6.15380  
232.000     6.15500  
232.100     6.15620  
232.200     6.15740  
232.300     6.15859  
232.400     6.15979  
232.500     6.16098  
232.600     6.16217  
232.700     6.16337  
232.800     6.16456  
232.900     6.16575  
233.000     6.16694  
233.100     6.16813  
233.200     6.16932  
233.300     6.17050  
233.400     6.17169  
233.500     6.17287  
233.600     6.17406  
233.700     6.17524  
233.800     6.17643  
233.900     6.17761  
234.000     6.17879  
234.100     6.17997  
234.200     6.18115  
234.300     6.18233  
234.400     6.18351  
234.500     6.18468  
234.600     6.18586  
234.700     6.18703  
234.800     6.18821  
234.900     6.18938  
235.000     6.19055  
235.100     6.19173  
235.200     6.19290  
235.300     6.19407  
235.400     6.19524  
235.500     6.19641  
235.600     6.19757  
235.700     6.19874  
235.800     6.19991  
235.900     6.20107  
236.000     6.20224  
236.100     6.20340  
236.200     6.20456  
236.300     6.20573  
236.400     6.20689  
236.500     6.20805  
236.600     6.20921  
236.700     6.21036  
236.800     6.21152  
236.900     6.21268  
237.000     6.21384  
237.100     6.21499  
237.200     6.21615  
237.300     6.21730  
237.400     6.21845  
237.500     6.21960  
237.600     6.22076  
237.700     6.22191  
237.800     6.22305  
237.900     6.22420  
238.000     6.22535  
238.100     6.22650  
238.200     6.22764  
238.300     6.22879  
238.400     6.22993  
238.500     6.23108  
238.600     6.23222  
238.700     6.23336  
238.800     6.23451  
238.900     6.23565  
239.000     6.23679  
239.100     6.23792  
239.200     6.23906  
239.300     6.24020  
239.400     6.24134  
239.500     6.24247  
239.600     6.24361  
239.700     6.24474  
239.800     6.24587  
239.900     6.24701  
240.000     6.24814  
240.100     6.24927  
240.200     6.25040  
240.300     6.25153  
240.400     6.25266  
240.500     6.25378  
240.600     6.25491  
240.700     6.25604  
240.800     6.25716  
240.900     6.25829  
241.000     6.25941  
241.100     6.26053  
241.200     6.26165  
241.300     6.26278  
241.400     6.26390  
241.500     6.26502  
241.600     6.26613  
241.700     6.26725  
241.800     6.26837  
241.900     6.26949  
242.000     6.27060  
242.100     6.27172  
242.200     6.27283  
242.300     6.27394  
242.400     6.27506  
242.500     6.27617  
242.600     6.27728  
242.700     6.27839  
242.800     6.27950  
242.900     6.28061  
243.000     6.28171  
243.100     6.28282  
243.200     6.28393  
243.300     6.28503  
243.400     6.28614  
243.500     6.28724  
243.600     6.28835  
243.700     6.28945  
243.800     6.29055  
243.900     6.29165  
244.000     6.29275  
244.100     6.29385  
244.200     6.29495  
244.300     6.29604  
244.400     6.29714  
244.500     6.29824  
244.600     6.29933  
244.700     6.30043  
244.800     6.30152  
244.900     6.30261  
245.000     6.30371  
245.100     6.30480  
245.200     6.30589  
245.300     6.30698  
245.400     6.30807  
245.500     6.30916  
245.600     6.31024  
245.700     6.31133  
245.800     6.31242  
245.900     6.31350  
246.000     6.31459  
246.100     6.31567  
246.200     6.31675  
246.300     6.31783  
246.400     6.31892  
246.500     6.32000  
246.600     6.32108  
246.700     6.32216  
246.800     6.32323  
246.900     6.32431  
247.000     6.32539  
247.100     6.32646  
247.200     6.32754  
247.300     6.32861  
247.400     6.32969  
247.500     6.33076  
247.600     6.33183  
247.700     6.33291  
247.800     6.33398  
247.900     6.33505  
248.000     6.33612  
248.100     6.33718  
248.200     6.33825  
248.300     6.33932  
248.400     6.34039  
248.500     6.34145  
248.600     6.34252  
248.700     6.34358  
248.800     6.34464  
248.900     6.34571  
249.000     6.34677  
249.100     6.34783  
249.200     6.34889  
249.300     6.34995  
249.400     6.35101  
249.500     6.35207  
249.600     6.35312  
249.700     6.35418  
249.800     6.35524  
249.900     6.35629  
250.000     6.35734  
250.100     6.35840  
250.200     6.35945  
250.300     6.36050  
250.400     6.36156  
250.500     6.36261  
250.600     6.36366  
250.700     6.36471  
250.800     6.36575  
250.900     6.36680  
251.000     6.36785  
251.100     6.36889  
251.200     6.36994  
251.300     6.37099  
251.400     6.37203  
251.500     6.37307  
251.600     6.37412  
251.700     6.37516  
251.800     6.37620  
251.900     6.37724  
252.000     6.37828  
252.100     6.37932  
252.200     6.38036  
252.300     6.38139  
252.400     6.38243  
252.500     6.38347  
252.600     6.38450  
252.700     6.38554  
252.800     6.38657  
252.900     6.38760  
253.000     6.38864  
253.100     6.38967  
253.200     6.39070  
253.300     6.39173  
253.400     6.39276  
253.500     6.39379  
253.600     6.39482  
253.700     6.39584  
253.800     6.39687  
253.900     6.39790  
254.000     6.39892  
254.100     6.39995  
254.200     6.40097  
254.300     6.40199  
254.400     6.40302  
254.500     6.40404  
254.600     6.40506  
254.700     6.40608  
254.800     6.40710  
254.900     6.40812  
255.000     6.40914  
255.100     6.41015  
255.200     6.41117  
255.300     6.41219  
255.400     6.41320  
255.500     6.41422  
255.600     6.41523  
255.700     6.41624  
255.800     6.41726  
255.900     6.41827  
256.000     6.41928  
256.100     6.42029  
256.200     6.42130  
256.300     6.42231  
256.400     6.42332  
256.500     6.42433  
256.600     6.42533  
256.700     6.42634  
256.800     6.42734  
256.900     6.42835  
257.000     6.42935  
257.100     6.43036  
257.200     6.43136  
257.300     6.43236  
257.400     6.43336  
257.500     6.43436  
257.600     6.43536  
257.700     6.43636  
257.800     6.43736  
257.900     6.43836  
258.000     6.43936  
258.100     6.44035  
258.200     6.44135  
258.300     6.44235  
258.400     6.44334  
258.500     6.44433  
258.600     6.44533  
258.700     6.44632  
258.800     6.44731  
258.900     6.44830  
259.000     6.44929  
259.100     6.45028  
259.200     6.45127  
259.300     6.45226  
259.400     6.45325  
259.500     6.45424  
259.600     6.45522  
259.700     6.45621  
259.800     6.45719  
259.900     6.45818  
260.000     6.45916  
260.100     6.46014  
260.200     6.46113  
260.300     6.46211  
260.400     6.46309  
260.500     6.46407  
260.600     6.46505  
260.700     6.46603  
260.800     6.46701  
260.900     6.46798  
261.000     6.46896  
261.100     6.46994  
261.200     6.47091  
261.300     6.47189  
261.400     6.47286  
261.500     6.47384  
261.600     6.47481  
261.700     6.47578  
261.800     6.47675  
261.900     6.47772  
262.000     6.47869  
262.100     6.47966  
262.200     6.48063  
262.300     6.48160  
262.400     6.48257  
262.500     6.48353  
262.600     6.48450  
262.700     6.48547  
262.800     6.48643  
262.900     6.48740  
263.000     6.48836  
263.100     6.48932  
263.200     6.49028  
263.300     6.49125  
263.400     6.49221  
263.500     6.49317  
263.600     6.49413  
263.700     6.49509  
263.800     6.49605  
263.900     6.49700  
264.000     6.49796  
264.100     6.49892  
264.200     6.49987  
264.300     6.50083  
264.400     6.50178  
264.500     6.50274  
264.600     6.50369  
264.700     6.50464  
264.800     6.50559  
264.900     6.50654  
265.000     6.50749  
265.100     6.50844  
265.200     6.50939  
265.300     6.51034  
265.400     6.51129  
265.500     6.51224  
265.600     6.51319  
265.700     6.51413  
265.800     6.51508  
265.900     6.51602  
266.000     6.51697  
266.100     6.51791  
266.200     6.51885  
266.300     6.51979  
266.400     6.52074  
266.500     6.52168  
266.600     6.52262  
266.700     6.52356  
266.800     6.52450  
266.900     6.52543  
267.000     6.52637  
267.100     6.52731  
267.200     6.52825  
267.300     6.52918  
267.400     6.53012  
267.500     6.53105  
267.600     6.53199  
267.700     6.53292  
267.800     6.53385  
267.900     6.53478  
268.000     6.53572  
268.100     6.53665  
268.200     6.53758  
268.300     6.53851  
268.400     6.53943  
268.500     6.54036  
268.600     6.54129  
268.700     6.54222  
268.800     6.54314  
268.900     6.54407  
269.000     6.54500  
269.100     6.54592  
269.200     6.54684  
269.300     6.54777  
269.400     6.54869  
269.500     6.54961  
269.600     6.55053  
269.700     6.55145  
269.800     6.55237  
269.900     6.55329  
270.000     6.55421  
270.100     6.55513  
270.200     6.55605  
270.300     6.55697  
270.400     6.55788  
270.500     6.55880  
270.600     6.55971  
270.700     6.56063  
270.800     6.56154  
270.900     6.56246  
271.000     6.56337  
271.100     6.56428  
271.200     6.56519  
271.300     6.56610  
271.400     6.56701  
271.500     6.56792  
271.600     6.56883  
271.700     6.56974  
271.800     6.57065  
271.900     6.57156  
272.000     6.57246  
272.100     6.57337  
272.200     6.57428  
272.300     6.57518  
272.400     6.57608  
272.500     6.57699  
272.600     6.57789  
272.700     6.57879  
272.800     6.57970  
272.900     6.58060  
273.000     6.58150  
273.100     6.58240  
273.200     6.58330  
273.300     6.58420  
273.400     6.58509  
273.500     6.58599  
273.600     6.58689  
273.700     6.58779  
273.800     6.58868  
273.900     6.58958  
274.000     6.59047  
274.100     6.59137  
274.200     6.59226  
274.300     6.59315  
274.400     6.59404  
274.500     6.59494  
274.600     6.59583  
274.700     6.59672  
274.800     6.59761  
274.900     6.59850  
275.000     6.59939  
275.100     6.60027  
275.200     6.60116  
275.300     6.60205  
275.400     6.60294  
275.500     6.60382  
275.600     6.60471  
275.700     6.60559  
275.800     6.60647  
275.900     6.60736  
276.000     6.60824  
276.100     6.60912  
276.200     6.61001  
276.300     6.61089  
276.400     6.61177  
276.500     6.61265  
276.600     6.61353  
276.700     6.61441  
276.800     6.61528  
276.900     6.61616  
277.000     6.61704  
277.100     6.61791  
277.200     6.61879  
277.300     6.61967  
277.400     6.62054  
277.500     6.62141  
277.600     6.62229  
277.700     6.62316  
277.800     6.62403  
277.900     6.62491  
278.000     6.62578  
278.100     6.62665  
278.200     6.62752  
278.300     6.62839  
278.400     6.62926  
278.500     6.63012  
278.600     6.63099  
278.700     6.63186  
278.800     6.63273  
278.900     6.63359  
279.000     6.63446  
279.100     6.63532  
279.200     6.63619  
279.300     6.63705  
279.400     6.63791  
279.500     6.63878  
279.600     6.63964  
279.700     6.64050  
279.800     6.64136  
279.900     6.64222  
280.000     6.64308  
280.100     6.64394  
280.200     6.64480  
280.300     6.64566  
280.400     6.64652  
280.500     6.64737  
280.600     6.64823  
280.700     6.64909  
280.800     6.64994  
280.900     6.65080  
281.000     6.65165  
281.100     6.65250  
281.200     6.65336  
281.300     6.65421  
281.400     6.65506  
281.500     6.65591  
281.600     6.65676  
281.700     6.65761  
281.800     6.65846  
281.900     6.65931  
282.000     6.66016  
282.100     6.66101  
282.200     6.66186  
282.300     6.66270  
282.400     6.66355  
282.500     6.66440  
282.600     6.66524  
282.700     6.66609  
282.800     6.66693  
282.900     6.66777  
283.000     6.66862  
283.100     6.66946  
283.200     6.67030  
283.300     6.67114  
283.400     6.67198  
283.500     6.67282  
283.600     6.67366  
283.700     6.67450  
283.800     6.67534  
283.900     6.67618  
284.000     6.67702  
284.100     6.67785  
284.200     6.67869  
284.300     6.67953  
284.400     6.68036  
284.500     6.68120  
284.600     6.68203  
284.700     6.68287  
284.800     6.68370  
284.900     6.68453  
285.000     6.68536  
285.100     6.68620  
285.200     6.68703  
285.300     6.68786  
285.400     6.68869  
285.500     6.68952  
285.600     6.69035  
285.700     6.69117  
285.800     6.69200  
285.900     6.69283  
286.000     6.69366  
286.100     6.69448  
286.200     6.69531  
286.300     6.69613  
286.400     6.69696  
286.500     6.69778  
286.600     6.69861  
286.700     6.69943  
286.800     6.70025  
286.900     6.70107  
287.000     6.70190  
287.100     6.70272  
287.200     6.70354  
287.300     6.70436  
287.400     6.70518  
287.500     6.70599  
287.600     6.70681  
287.700     6.70763  
287.800     6.70845  
287.900     6.70927  
288.000     6.71008  
288.100     6.71090  
288.200     6.71171  
288.300     6.71253  
288.400     6.71334  
288.500     6.71415  
288.600     6.71497  
288.700     6.71578  
288.800     6.71659  
288.900     6.71740  
289.000     6.71821  
289.100     6.71903  
289.200     6.71984  
289.300     6.72064  
289.400     6.72145  
289.500     6.72226  
289.600     6.72307  
289.700     6.72388  
289.800     6.72468  
289.900     6.72549  
290.000     6.72630  
290.100     6.72710  
290.200     6.72791  
290.300     6.72871  
290.400     6.72951  
290.500     6.73032  
290.600     6.73112  
290.700     6.73192  
290.800     6.73272  
290.900     6.73353  
291.000     6.73433  
291.100     6.73513  
291.200     6.73593  
291.300     6.73672  
291.400     6.73752  
291.500     6.73832  
291.600     6.73912  
291.700     6.73992  
291.800     6.74071  
291.900     6.74151  
292.000     6.74230  
292.100     6.74310  
292.200     6.74389  
292.300     6.74469  
292.400     6.74548  
292.500     6.74627  
292.600     6.74707  
292.700     6.74786  
292.800     6.74865  
292.900     6.74944  
293.000     6.75023  
293.100     6.75102  
293.200     6.75181  
293.300     6.75260  
293.400     6.75339  
293.500     6.75418  
293.600     6.75496  
293.700     6.75575  
293.800     6.75654  
293.900     6.75732  
294.000     6.75811  
294.100     6.75890  
294.200     6.75968  
294.300     6.76046  
294.400     6.76125  
294.500     6.76203  
294.600     6.76281  
294.700     6.76359  
294.800     6.76438  
294.900     6.76516  
295.000     6.76594  
295.100     6.76672  
295.200     6.76750  
295.300     6.76828  
295.400     6.76906  
295.500     6.76983  
295.600     6.77061  
295.700     6.77139  
295.800     6.77216  
295.900     6.77294  
296.000     6.77372  
296.100     6.77449  
296.200     6.77527  
296.300     6.77604  
296.400     6.77681  
296.500     6.77759  
296.600     6.77836  
296.700     6.77913  
296.800     6.77990  
296.900     6.78068  
297.000     6.78145  
297.100     6.78222  
297.200     6.78299  
297.300     6.78376  
297.400     6.78452  
297.500     6.78529  
297.600     6.78606  
297.700     6.78683  
297.800     6.78760  
297.900     6.78836  
298.000     6.78913  
298.100     6.78989  
298.200     6.79066  
298.300     6.79142  
298.400     6.79219  
298.500     6.79295  
298.600     6.79371  
298.700     6.79448  
298.800     6.79524  
298.900     6.79600  
299.000     6.79676  
299.100     6.79752  
299.200     6.79828  
299.300     6.79904  
299.400     6.79980  
299.500     6.80056  
299.600     6.80132  
299.700     6.80208  
299.800     6.80283  
299.900     6.80359  
300.000     6.80435  
300.100     6.80510  
300.200     6.80586  
300.300     6.80661  
300.400     6.80737  
300.500     6.80812  
300.600     6.80888  
300.700     6.80963  
300.800     6.81038  
300.900     6.81113  
301.000     6.81189  
301.100     6.81264  
301.200     6.81339  
301.300     6.81414  
301.400     6.81489  
301.500     6.81564  
301.600     6.81639  
301.700     6.81714  
301.800     6.81788  
301.900     6.81863  
302.000     6.81938  
302.100     6.82012  
302.200     6.82087  
302.300     6.82162  
302.400     6.82236  
302.500     6.82311  
302.600     6.82385  
302.700     6.82459  
302.800     6.82534  
302.900     6.82608  
303.000     6.82682  
303.100     6.82757  
303.200     6.82831  
303.300     6.82905  
303.400     6.82979  
303.500     6.83053  
303.600     6.83127  
303.700     6.83201  
303.800     6.83275  
303.900     6.83349  
304.000     6.83422  
304.100     6.83496  
304.200     6.83570  
304.300     6.83644  
304.400     6.83717  
304.500     6.83791  
304.600     6.83864  
304.700     6.83938  
304.800     6.84011  
304.900     6.84085  
305.000     6.84158  
305.100     6.84231  
305.200     6.84304  
305.300     6.84378  
305.400     6.84451  
305.500     6.84524  
305.600     6.84597  
305.700     6.84670  
305.800     6.84743  
305.900     6.84816  
306.000     6.84889  
306.100     6.84962  
306.200     6.85035  
306.300     6.85107  
306.400     6.85180  
306.500     6.85253  
306.600     6.85325  
306.700     6.85398  
306.800     6.85471  
306.900     6.85543  
307.000     6.85615  
307.100     6.85688  
307.200     6.85760  
307.300     6.85833  
307.400     6.85905  
307.500     6.85977  
307.600     6.86049  
307.700     6.86121  
307.800     6.86194  
307.900     6.86266  
308.000     6.86338  
308.100     6.86410  
308.200     6.86482  
308.300     6.86553  
308.400     6.86625  
308.500     6.86697  
308.600     6.86769  
308.700     6.86840  
308.800     6.86912  
308.900     6.86984  
309.000     6.87055  
309.100     6.87127  
309.200     6.87198  
309.300     6.87270  
309.400     6.87341  
309.500     6.87413  
309.600     6.87484  
309.700     6.87555  
309.800     6.87626  
309.900     6.87698  
310.000     6.87769  
310.100     6.87840  
310.200     6.87911  
310.300     6.87982  
310.400     6.88053  
310.500     6.88124  
310.600     6.88195  
310.700     6.88266  
310.800     6.88336  
310.900     6.88407  
311.000     6.88478  
311.100     6.88549  
311.200     6.88619  
311.300     6.88690  
311.400     6.88760  
311.500     6.88831  
311.600     6.88901  
311.700     6.88972  
311.800     6.89042  
311.900     6.89113  
312.000     6.89183  
312.100     6.89253  
312.200     6.89323  
312.300     6.89393  
312.400     6.89464  
312.500     6.89534  
312.600     6.89604  
312.700     6.89674  
312.800     6.89744  
312.900     6.89814  
313.000     6.89883  
313.100     6.89953  
313.200     6.90023  
313.300     6.90093  
313.400     6.90163  
313.500     6.90232  
313.600     6.90302  
313.700     6.90371  
313.800     6.90441  
313.900     6.90510  
314.000     6.90580  
314.100     6.90649  
314.200     6.90719  
314.300     6.90788  
314.400     6.90857  
314.500     6.90927  
314.600     6.90996  
314.700     6.91065  
314.800     6.91134  
314.900     6.91203  
315.000     6.91272  
315.100     6.91341  
315.200     6.91410  
315.300     6.91479  
315.400     6.91548  
315.500     6.91617  
315.600     6.91686  
315.700     6.91755  
315.800     6.91823  
315.900     6.91892  
316.000     6.91961  
316.100     6.92029  
316.200     6.92098  
316.300     6.92166  
316.400     6.92235  
316.500     6.92303  
316.600     6.92372  
316.700     6.92440  
316.800     6.92508  
316.900     6.92577  
317.000     6.92645  
317.100     6.92713  
317.200     6.92781  
317.300     6.92849  
317.400     6.92917  
317.500     6.92985  
317.600     6.93053  
317.700     6.93121  
317.800     6.93189  
317.900     6.93257  
318.000     6.93325  
318.100     6.93393  
318.200     6.93460  
318.300     6.93528  
318.400     6.93596  
318.500     6.93664  
318.600     6.93731  
318.700     6.93799  
318.800     6.93866  
318.900     6.93934  
319.000     6.94001  
319.100     6.94069  
319.200     6.94136  
319.300     6.94203  
319.400     6.94271  
319.500     6.94338  
319.600     6.94405  
319.700     6.94472  
319.800     6.94539  
319.900     6.94606  
320.000     6.94673  
320.100     6.94740  
320.200     6.94807  
320.300     6.94874  
320.400     6.94941  
320.500     6.95008  
320.600     6.95075  
320.700     6.95142  
320.800     6.95208  
320.900     6.95275  
321.000     6.95342  
321.100     6.95408  
321.200     6.95475  
321.300     6.95542  
321.400     6.95608  
321.500     6.95674  
321.600     6.95741  
321.700     6.95807  
321.800     6.95874  
321.900     6.95940  
322.000     6.96006  
322.100     6.96072  
322.200     6.96139  
322.300     6.96205  
322.400     6.96271  
322.500     6.96337  
322.600     6.96403  
322.700     6.96469  
322.800     6.96535  
322.900     6.96601  
323.000     6.96667  
323.100     6.96733  
323.200     6.96799  
323.300     6.96864  
323.400     6.96930  
323.500     6.96996  
323.600     6.97061  
323.700     6.97127  
323.800     6.97193  
323.900     6.97258  
324.000     6.97324  
324.100     6.97389  
324.200     6.97455  
324.300     6.97520  
324.400     6.97585  
324.500     6.97651  
324.600     6.97716  
324.700     6.97781  
324.800     6.97846  
324.900     6.97912  
325.000     6.97977  
325.100     6.98042  
325.200     6.98107  
325.300     6.98172  
325.400     6.98237  
325.500     6.98302  
325.600     6.98367  
325.700     6.98432  
325.800     6.98497  
325.900     6.98561  
326.000     6.98626  
326.100     6.98691  
326.200     6.98756  
326.300     6.98820  
326.400     6.98885  
326.500     6.98949  
326.600     6.99014  
326.700     6.99078  
326.800     6.99143  
326.900     6.99207  
327.000     6.99272  
327.100     6.99336  
327.200     6.99400  
327.300     6.99465  
327.400     6.99529  
327.500     6.99593  
327.600     6.99657  
327.700     6.99722  
327.800     6.99786  
327.900     6.99850  
328.000     6.99914  
328.100     6.99978  
328.200     7.00042  
328.300     7.00106  
328.400     7.00169  
328.500     7.00233  
328.600     7.00297  
328.700     7.00361  
328.800     7.00425  
328.900     7.00488  
329.000     7.00552  
329.100     7.00616  
329.200     7.00679  
329.300     7.00743  
329.400     7.00806  
329.500     7.00870  
329.600     7.00933  
329.700     7.00997  
329.800     7.01060  
329.900     7.01123  
330.000     7.01187  
330.100     7.01250  
330.200     7.01313  
330.300     7.01377  
330.400     7.01440  
330.500     7.01503  
330.600     7.01566  
330.700     7.01629  
330.800     7.01692  
330.900     7.01755  
331.000     7.01818  
331.100     7.01881  
331.200     7.01944  
331.300     7.02007  
331.400     7.02069  
331.500     7.02132  
331.600     7.02195  
331.700     7.02258  
331.800     7.02320  
331.900     7.02383  
332.000     7.02446  
332.100     7.02508  
332.200     7.02571  
332.300     7.02633  
332.400     7.02696  
332.500     7.02758  
332.600     7.02821  
332.700     7.02883  
332.800     7.02945  
332.900     7.03008  
333.000     7.03070  
333.100     7.03132  
333.200     7.03194  
333.300     7.03256  
333.400     7.03319  
333.500     7.03381  
333.600     7.03443  
333.700     7.03505  
333.800     7.03567  
333.900     7.03629  
334.000     7.03691  
334.100     7.03752  
334.200     7.03814  
334.300     7.03876  
334.400     7.03938  
334.500     7.04000  
334.600     7.04061  
334.700     7.04123  
334.800     7.04185  
334.900     7.04246  
335.000     7.04308  
335.100     7.04369  
335.200     7.04431  
335.300     7.04492  
335.400     7.04554  
335.500     7.04615  
335.600     7.04677  
335.700     7.04738  
335.800     7.04799  
335.900     7.04861  
336.000     7.04922  
336.100     7.04983  
336.200     7.05044  
336.300     7.05105  
336.400     7.05166  
336.500     7.05228  
336.600     7.05289  
336.700     7.05350  
336.800     7.05411  
336.900     7.05471  
337.000     7.05532  
337.100     7.05593  
337.200     7.05654  
337.300     7.05715  
337.400     7.05776  
337.500     7.05836  
337.600     7.05897  
337.700     7.05958  
337.800     7.06018  
337.900     7.06079  
338.000     7.06140  
338.100     7.06200  
338.200     7.06261  
338.300     7.06321  
338.400     7.06382  
338.500     7.06442  
338.600     7.06502  
338.700     7.06563  
338.800     7.06623  
338.900     7.06683  
339.000     7.06744  
339.100     7.06804  
339.200     7.06864  
339.300     7.06924  
339.400     7.06984  
339.500     7.07044  
339.600     7.07104  
339.700     7.07164  
339.800     7.07224  
339.900     7.07284  
340.000     7.07344  
340.100     7.07404  
340.200     7.07464  
340.300     7.07524  
340.400     7.07584  
340.500     7.07643  
340.600     7.07703  
340.700     7.07763  
340.800     7.07823  
340.900     7.07882  
341.000     7.07942  
341.100     7.08001  
341.200     7.08061  
341.300     7.08120  
341.400     7.08180  
341.500     7.08239  
341.600     7.08299  
341.700     7.08358  
341.800     7.08417  
341.900     7.08477  
342.000     7.08536  
342.100     7.08595  
342.200     7.08654  
342.300     7.08714  
342.400     7.08773  
342.500     7.08832  
342.600     7.08891  
342.700     7.08950  
342.800     7.09009  
342.900     7.09068  
343.000     7.09127  
343.100     7.09186  
343.200     7.09245  
343.300     7.09304  
343.400     7.09363  
343.500     7.09421  
343.600     7.09480  
343.700     7.09539  
343.800     7.09598  
343.900     7.09656  
344.000     7.09715  
344.100     7.09774  
344.200     7.09832  
344.300     7.09891  
344.400     7.09949  
344.500     7.10008  
344.600     7.10066  
344.700     7.10125  
344.800     7.10183  
344.900     7.10242  
345.000     7.10300  
345.100     7.10358  
345.200     7.10416  
345.300     7.10475  
345.400     7.10533  
345.500     7.10591  
345.600     7.10649  
345.700     7.10707  
345.800     7.10766  
345.900     7.10824  
346.000     7.10882  
346.100     7.10940  
346.200     7.10998  
346.300     7.11056  
346.400     7.11114  
346.500     7.11171  
346.600     7.11229  
346.700     7.11287  
346.800     7.11345  
346.900     7.11403  
347.000     7.11460  
347.100     7.11518  
347.200     7.11576  
347.300     7.11633  
347.400     7.11691  
347.500     7.11749  
347.600     7.11806  
347.700     7.11864  
347.800     7.11921  
347.900     7.11979  
348.000     7.12036  
348.100     7.12093  
348.200     7.12151  
348.300     7.12208  
348.400     7.12266  
348.500     7.12323  
348.600     7.12380  
348.700     7.12437  
348.800     7.12495  
348.900     7.12552  
349.000     7.12609  
349.100     7.12666  
349.200     7.12723  
349.300     7.12780  
349.400     7.12837  
349.500     7.12894  
349.600     7.12951  
349.700     7.13008  
349.800     7.13065  
349.900     7.13122  
350.000     7.13179  