 0.000     0.00000  
  0.100     0.00134  
  0.200     0.00644  
  0.300     0.01478  
  0.400     0.02587  
  0.500     0.03932  
  0.600     0.05488  
  0.700     0.07232  
  0.800     0.09146  
  0.900     0.11217  
  1.000     0.13431  
  1.100     0.15778  
  1.200     0.18248  
  1.300     0.20833  
  1.400     0.23525  
  1.500     0.26317  
  1.600     0.29203  
  1.700     0.32177  
  1.800     0.35234  
  1.900     0.38369  
  2.000     0.41578  
  2.100     0.44857  
  2.200     0.48201  
  2.300     0.51608  
  2.400     0.55073  
  2.500     0.58594  
  2.600     0.62167  
  2.700     0.65791  
  2.800     0.69461  
  2.900     0.73176  
  3.000     0.76934  
  3.100     0.80731  
  3.200     0.84567  
  3.300     0.88438  
  3.400     0.92343  
  3.500     0.96281  
  3.600     1.00249  
  3.700     1.04246  
  3.800     1.08270  
  3.900     1.12319  
  4.000     1.16393  
  4.100     1.20489  
  4.200     1.24608  
  4.300     1.28746  
  4.400     1.32903  
  4.500     1.37078  
  4.600     1.41270  
  4.700     1.45478  
  4.800     1.49700  
  4.900     1.53936  
  5.000     1.58184  
  5.100     1.62444  
  5.200     1.66715  
  5.300     1.70996  
  5.400     1.75286  
  5.500     1.79585  
  5.600     1.83891  
  5.700     1.88204  
  5.800     1.92523  
  5.900     1.96848  
  6.000     2.01178  
  6.100     2.05511  
  6.200     2.09849  
  6.300     2.14189  
  6.400     2.18532  
  6.500     2.22877  
  6.600     2.27223  
  6.700     2.31569  
  6.800     2.35917  
  6.900     2.40264  
  7.000     2.44610  
  7.100     2.48955  
  7.200     2.53299  
  7.300     2.57641  
  7.400     2.61980  
  7.500     2.66317  
  7.600     2.70651  
  7.700     2.74981  
  7.800     2.79307  
  7.900     2.83629  
  8.000     2.87947  
  8.100     2.92260  
  8.200     2.96567  
  8.300     3.00869  
  8.400     3.05166  
  8.500     3.09456  
  8.600     3.13740  
  8.700     3.18018  
  8.800     3.22288  
  8.900     3.26552  
  9.000     3.30808  
  9.100     3.35056  
  9.200     3.39297  
  9.300     3.43530  
  9.400     3.47754  
  9.500     3.51970  
  9.600     3.56178  
  9.700     3.60377  
  9.800     3.64566  
  9.900     3.68747  
 10.000     3.72917  
 10.100     3.77079  
 10.200     3.81231  
 10.300     3.85372  
 10.400     3.89504  
 10.500     3.93626  
 10.600     3.97737  
 10.700     4.01838  
 10.800     4.05929  
 10.900     4.10009  
 11.000     4.14077  
 11.100     4.18135  
 11.200     4.22182  
 11.300     4.26218  
 11.400     4.30242  
 11.500     4.34255  
 11.600     4.38256  
 11.700     4.42246  
 11.800     4.46224  
 11.900     4.50191  
 12.000     4.54145  
 12.100     4.58087  
 12.200     4.62018  
 12.300     4.65936  
 12.400     4.69842  
 12.500     4.73736  
 12.600     4.77618  
 12.700     4.81487  
 12.800     4.85344  
 12.900     4.89188  
 13.000     4.93019  
 13.100     4.96838  
 13.200     5.00644  
 13.300     5.04438  
 13.400     5.08218  
 13.500     5.11986  
 13.600     5.15741  
 13.700     5.19483  
 13.800     5.23212  
 13.900     5.26928  
 14.000     5.30631  
 14.100     5.34321  
 14.200     5.37998  
 14.300     5.41661  
 14.400     5.45312  
 14.500     5.48949  
 14.600     5.52573  
 14.700     5.56183  
 14.800     5.59781  
 14.900     5.63365  
 15.000     5.66935  
 15.100     5.70493  
 15.200     5.74037  
 15.300     5.77568  
 15.400     5.81085  
 15.500     5.84589  
 15.600     5.88079  
 15.700     5.91556  
 15.800     5.95020  
 15.900     5.98470  
 16.000     6.01906  
 16.100     6.05329  
 16.200     6.08739  
 16.300     6.12135  
 16.400     6.15518  
 16.500     6.18887  
 16.600     6.22243  
 16.700     6.25586  
 16.800     6.28915  
 16.900     6.32230  
 17.000     6.35532  
 17.100     6.38820  
 17.200     6.42095  
 17.300     6.45357  
 17.400     6.48605  
 17.500     6.51840  
 17.600     6.55061  
 17.700     6.58269  
 17.800     6.61463  
 17.900     6.64644  
 18.000     6.67812  
 18.100     6.70966  
 18.200     6.74107  
 18.300     6.77234  
 18.400     6.80349  
 18.500     6.83449  
 18.600     6.86537  
 18.700     6.89611  
 18.800     6.92672  
 18.900     6.95720  
 19.000     6.98754  
 19.100     7.01776  
 19.200     7.04784  
 19.300     7.07779  
 19.400     7.10760  
 19.500     7.13729  
 19.600     7.16684  
 19.700     7.19626  
 19.800     7.22556  
 19.900     7.25472  
 20.000     7.28375  
 20.100     7.31265  
 20.200     7.34142  
 20.300     7.37006  
 20.400     7.39858  
 20.500     7.42696  
 20.600     7.45521  
 20.700     7.48334  
 20.800     7.51133  
 20.900     7.53920  
 21.000     7.56694  
 21.100     7.59455  
 21.200     7.62204  
 21.300     7.64940  
 21.400     7.67663  
 21.500     7.70373  
 21.600     7.73071  
 21.700     7.75756  
 21.800     7.78429  
 21.900     7.81089  
 22.000     7.83736  
 22.100     7.86371  
 22.200     7.88994  
 22.300     7.91604  
 22.400     7.94201  
 22.500     7.96787  
 22.600     7.99360  
 22.700     8.01920  
 22.800     8.04469  
 22.900     8.07005  
 23.000     8.09529  
 23.100     8.12040  
 23.200     8.14540  
 23.300     8.17027  
 23.400     8.19502  
 23.500     8.21966  
 23.600     8.24417  
 23.700     8.26856  
 23.800     8.29283  
 23.900     8.31698  
 24.000     8.34102  
 24.100     8.36493  
 24.200     8.38872  
 24.300     8.41240  
 24.400     8.43596  
 24.500     8.45940  
 24.600     8.48273  
 24.700     8.50594  
 24.800     8.52903  
 24.900     8.55200  
 25.000     8.57486  
 25.100     8.59760  
 25.200     8.62023  
 25.300     8.64274  
 25.400     8.66514  
 25.500     8.68743  
 25.600     8.70960  
 25.700     8.73165  
 25.800     8.75360  
 25.900     8.77543  
 26.000     8.79715  
 26.100     8.81875  
 26.200     8.84025  
 26.300     8.86163  
 26.400     8.88290  
 26.500     8.90406  
 26.600     8.92511  
 26.700     8.94604  
 26.800     8.96687  
 26.900     8.98759  
 27.000     9.00820  
 27.100     9.02870  
 27.200     9.04910  
 27.300     9.06938  
 27.400     9.08956  
 27.500     9.10963  
 27.600     9.12959  
 27.700     9.14944  
 27.800     9.16919  
 27.900     9.18883  
 28.000     9.20837  
 28.100     9.22780  
 28.200     9.24712  
 28.300     9.26634  
 28.400     9.28546  
 28.500     9.30447  
 28.600     9.32338  
 28.700     9.34218  
 28.800     9.36088  
 28.900     9.37948  
 29.000     9.39797  
 29.100     9.41637  
 29.200     9.43466  
 29.300     9.45285  
 29.400     9.47093  
 29.500     9.48892  
 29.600     9.50681  
 29.700     9.52459  
 29.800     9.54228  
 29.900     9.55986  
 30.000     9.57735  
 30.100     9.59474  
 30.200     9.61203  
 30.300     9.62922  
 30.400     9.64631  
 30.500     9.66331  
 30.600     9.68021  
 30.700     9.69701  
 30.800     9.71371  
 30.900     9.73032  
 31.000     9.74684  
 31.100     9.76325  
 31.200     9.77957  
 31.300     9.79580  
 31.400     9.81193  
 31.500     9.82797  
 31.600     9.84391  
 31.700     9.85976  
 31.800     9.87552  
 31.900     9.89118  
 32.000     9.90675  
 32.100     9.92223  
 32.200     9.93761  
 32.300     9.95290  
 32.400     9.96810  
 32.500     9.98322  
 32.600     9.99823  
 32.700    10.01316  
 32.800    10.02800  
 32.900    10.04275  
 33.000    10.05741  
 33.100    10.07198  
 33.200    10.08646  
 33.300    10.10085  
 33.400    10.11515  
 33.500    10.12937  
 33.600    10.14350  
 33.700    10.15753  
 33.800    10.17149  
 33.900    10.18535  
 34.000    10.19913  
 34.100    10.21282  
 34.200    10.22643  
 34.300    10.23995  
 34.400    10.25339  
 34.500    10.26674  
 34.600    10.28000  
 34.700    10.29318  
 34.800    10.30628  
 34.900    10.31929  
 35.000    10.33222  
 35.100    10.34506  
 35.200    10.35783  
 35.300    10.37051  
 35.400    10.38310  
 35.500    10.39562  
 35.600    10.40805  
 35.700    10.42040  
 35.800    10.43267  
 35.900    10.44486  
 36.000    10.45697  
 36.100    10.46900  
 36.200    10.48095  
 36.300    10.49282  
 36.400    10.50460  
 36.500    10.51631  
 36.600    10.52794  
 36.700    10.53949  
 36.800    10.55097  
 36.900    10.56236  
 37.000    10.57368  
 37.100    10.58492  
 37.200    10.59608  
 37.300    10.60716  
 37.400    10.61817  
 37.500    10.62910  
 37.600    10.63996  
 37.700    10.65073  
 37.800    10.66144  
 37.900    10.67206  
 38.000    10.68262  
 38.100    10.69309  
 38.200    10.70350  
 38.300    10.71383  
 38.400    10.72408  
 38.500    10.73426  
 38.600    10.74437  
 38.700    10.75440  
 38.800    10.76436  
 38.900    10.77425  
 39.000    10.78406  
 39.100    10.79381  
 39.200    10.80348  
 39.300    10.81308  
 39.400    10.82260  
 39.500    10.83206  
 39.600    10.84145  
 39.700    10.85076  
 39.800    10.86000  
 39.900    10.86918  
 40.000    10.87828  
 40.100    10.88732  
 40.200    10.89628  
 40.300    10.90518  
 40.400    10.91400  
 40.500    10.92276  
 40.600    10.93145  
 40.700    10.94007  
 40.800    10.94862  
 40.900    10.95711  
 41.000    10.96553  
 41.100    10.97388  
 41.200    10.98216  
 41.300    10.99038  
 41.400    10.99853  
 41.500    11.00661  
 41.600    11.01463  
 41.700    11.02258  
 41.800    11.03047  
 41.900    11.03829  
 42.000    11.04605  
 42.100    11.05374  
 42.200    11.06137  
 42.300    11.06893  
 42.400    11.07643  
 42.500    11.08386  
 42.600    11.09123  
 42.700    11.09854  
 42.800    11.10578  
 42.900    11.11296  
 43.000    11.12008  
 43.100    11.12714  
 43.200    11.13413  
 43.300    11.14106  
 43.400    11.14793  
 43.500    11.15474  
 43.600    11.16148  
 43.700    11.16817  
 43.800    11.17479  
 43.900    11.18136  
 44.000    11.18786  
 44.100    11.19430  
 44.200    11.20068  
 44.300    11.20701  
 44.400    11.21327  
 44.500    11.21947  
 44.600    11.22562  
 44.700    11.23170  
 44.800    11.23773  
 44.900    11.24370  
 45.000    11.24961  
 45.100    11.25546  
 45.200    11.26125  
 45.300    11.26698  
 45.400    11.27266  
 45.500    11.27828  
 45.600    11.28385  
 45.700    11.28935  
 45.800    11.29480  
 45.900    11.30020  
 46.000    11.30553  
 46.100    11.31081  
 46.200    11.31604  
 46.300    11.32121  
 46.400    11.32632  
 46.500    11.33138  
 46.600    11.33638  
 46.700    11.34133  
 46.800    11.34623  
 46.900    11.35107  
 47.000    11.35585  
 47.100    11.36058  
 47.200    11.36526  
 47.300    11.36988  
 47.400    11.37445  
 47.500    11.37897  
 47.600    11.38343  
 47.700    11.38784  
 47.800    11.39220  
 47.900    11.39651  
 48.000    11.40076  
 48.100    11.40496  
 48.200    11.40911  
 48.300    11.41321  
 48.400    11.41725  
 48.500    11.42124  
 48.600    11.42519  
 48.700    11.42908  
 48.800    11.43292  
 48.900    11.43671  
 49.000    11.44045  
 49.100    11.44414  
 49.200    11.44778  
 49.300    11.45137  
 49.400    11.45491  
 49.500    11.45840  
 49.600    11.46184  
 49.700    11.46523  
 49.800    11.46857  
 49.900    11.47186  
 50.000    11.47511  
 50.100    11.47831  
 50.200    11.48145  
 50.300    11.48455  
 50.400    11.48760  
 50.500    11.49061  
 50.600    11.49356  
 50.700    11.49647  
 50.800    11.49933  
 50.900    11.50215  
 51.000    11.50492  
 51.100    11.50764  
 51.200    11.51031  
 51.300    11.51294  
 51.400    11.51552  
 51.500    11.51805  
 51.600    11.52054  
 51.700    11.52299  
 51.800    11.52538  
 51.900    11.52774  
 52.000    11.53004  
 52.100    11.53230  
 52.200    11.53452  
 52.300    11.53669  
 52.400    11.53882  
 52.500    11.54090  
 52.600    11.54294  
 52.700    11.54494  
 52.800    11.54689  
 52.900    11.54879  
 53.000    11.55066  
 53.100    11.55247  
 53.200    11.55425  
 53.300    11.55598  
 53.400    11.55767  
 53.500    11.55932  
 53.600    11.56092  
 53.700    11.56248  
 53.800    11.56400  
 53.900    11.56548  
 54.000    11.56691  
 54.100    11.56831  
 54.200    11.56966  
 54.300    11.57096  
 54.400    11.57223  
 54.500    11.57346  
 54.600    11.57464  
 54.700    11.57579  
 54.800    11.57689  
 54.900    11.57795  
 55.000    11.57897  
 55.100    11.57995  
 55.200    11.58089  
 55.300    11.58179  
 55.400    11.58265  
 55.500    11.58347  
 55.600    11.58425  
 55.700    11.58499  
 55.800    11.58569  
 55.900    11.58636  
 56.000    11.58698  
 56.100    11.58756  
 56.200    11.58811  
 56.300    11.58861  
 56.400    11.58908  
 56.500    11.58951  
 56.600    11.58990  
 56.700    11.59025  
 56.800    11.59056  
 56.900    11.59084  
 57.000    11.59108  
 57.100    11.59128  
 57.200    11.59144  
 57.300    11.59156  
 57.400    11.59165  
 57.500    11.59170  
 57.600    11.59172  
 57.700    11.59169  
 57.800    11.59163  
 57.900    11.59154  
 58.000    11.59140  
 58.100    11.59123  
 58.200    11.59103  
 58.300    11.59079  
 58.400    11.59051  
 58.500    11.59019  
 58.600    11.58984  
 58.700    11.58946  
 58.800    11.58904  
 58.900    11.58858  
 59.000    11.58809  
 59.100    11.58756  
 59.200    11.58700  
 59.300    11.58641  
 59.400    11.58578  
 59.500    11.58511  
 59.600    11.58441  
 59.700    11.58368  
 59.800    11.58291  
 59.900    11.58210  
 60.000    11.58127  
 60.100    11.58040  
 60.200    11.57949  
 60.300    11.57855  
 60.400    11.57758  
 60.500    11.57658  
 60.600    11.57554  
 60.700    11.57447  
 60.800    11.57336  
 60.900    11.57223  
 61.000    11.57106  
 61.100    11.56985  
 61.200    11.56862  
 61.300    11.56735  
 61.400    11.56605  
 61.500    11.56472  
 61.600    11.56335  
 61.700    11.56196  
 61.800    11.56053  
 61.900    11.55907  
 62.000    11.55758  
 62.100    11.55605  
 62.200    11.55450  
 62.300    11.55291  
 62.400    11.55129  
 62.500    11.54965  
 62.600    11.54797  
 62.700    11.54625  
 62.800    11.54451  
 62.900    11.54274  
 63.000    11.54094  
 63.100    11.53911  
 63.200    11.53724  
 63.300    11.53535  
 63.400    11.53343  
 63.500    11.53147  
 63.600    11.52949  
 63.700    11.52747  
 63.800    11.52543  
 63.900    11.52336  
 64.000    11.52126  
 64.100    11.51912  
 64.200    11.51696  
 64.300    11.51477  
 64.400    11.51255  
 64.500    11.51031  
 64.600    11.50803  
 64.700    11.50572  
 64.800    11.50339  
 64.900    11.50102  
 65.000    11.49863  
 65.100    11.49621  
 65.200    11.49376  
 65.300    11.49129  
 65.400    11.48878  
 65.500    11.48625  
 65.600    11.48369  
 65.700    11.48110  
 65.800    11.47849  
 65.900    11.47584  
 66.000    11.47317  
 66.100    11.47047  
 66.200    11.46775  
 66.300    11.46499  
 66.400    11.46221  
 66.500    11.45941  
 66.600    11.45657  
 66.700    11.45371  
 66.800    11.45082  
 66.900    11.44791  
 67.000    11.44497  
 67.100    11.44200  
 67.200    11.43901  
 67.300    11.43599  
 67.400    11.43294  
 67.500    11.42987  
 67.600    11.42677  
 67.700    11.42365  
 67.800    11.42050  
 67.900    11.41732  
 68.000    11.41412  
 68.100    11.41090  
 68.200    11.40764  
 68.300    11.40437  
 68.400    11.40106  
 68.500    11.39773  
 68.600    11.39438  
 68.700    11.39100  
 68.800    11.38760  
 68.900    11.38417  
 69.000    11.38072  
 69.100    11.37724  
 69.200    11.37374  
 69.300    11.37021  
 69.400    11.36666  
 69.500    11.36309  
 69.600    11.35949  
 69.700    11.35587  
 69.800    11.35222  
 69.900    11.34855  
 70.000    11.34485  
 70.100    11.34113  
 70.200    11.33739  
 70.300    11.33362  
 70.400    11.32983  
 70.500    11.32602  
 70.600    11.32218  
 70.700    11.31832  
 70.800    11.31444  
 70.900    11.31053  
 71.000    11.30660  
 71.100    11.30265  
 71.200    11.29867  
 71.300    11.29467  
 71.400    11.29065  
 71.500    11.28661  
 71.600    11.28254  
 71.700    11.27845  
 71.800    11.27434  
 71.900    11.27021  
 72.000    11.26605  
 72.100    11.26187  
 72.200    11.25767  
 72.300    11.25345  
 72.400    11.24920  
 72.500    11.24494  
 72.600    11.24065  
 72.700    11.23634  
 72.800    11.23201  
 72.900    11.22765  
 73.000    11.22328  
 73.100    11.21888  
 73.200    11.21447  
 73.300    11.21003  
 73.400    11.20557  
 73.500    11.20108  
 73.600    11.19658  
 73.700    11.19206  
 73.800    11.18751  
 73.900    11.18295  
 74.000    11.17836  
 74.100    11.17376  
 74.200    11.16913  
 74.300    11.16448  
 74.400    11.15981  
 74.500    11.15512  
 74.600    11.15041  
 74.700    11.14568  
 74.800    11.14093  
 74.900    11.13616  
 75.000    11.13137  
 75.100    11.12656  
 75.200    11.12173  
 75.300    11.11688  
 75.400    11.11201  
 75.500    11.10712  
 75.600    11.10221  
 75.700    11.09729  
 75.800    11.09234  
 75.900    11.08737  
 76.000    11.08238  
 76.100    11.07738  
 76.200    11.07235  
 76.300    11.06730  
 76.400    11.06224  
 76.500    11.05716  
 76.600    11.05205  
 76.700    11.04693  
 76.800    11.04179  
 76.900    11.03663  
 77.000    11.03146  
 77.100    11.02626  
 77.200    11.02105  
 77.300    11.01581  
 77.400    11.01056  
 77.500    11.00529  
 77.600    11.00000  
 77.700    10.99469  
 77.800    10.98937  
 77.900    10.98403  
 78.000    10.97866  
 78.100    10.97328  
 78.200    10.96789  
 78.300    10.96247  
 78.400    10.95704  
 78.500    10.95159  
 78.600    10.94612  
 78.700    10.94063  
 78.800    10.93513  
 78.900    10.92961  
 79.000    10.92407  
 79.100    10.91851  
 79.200    10.91294  
 79.300    10.90735  
 79.400    10.90174  
 79.500    10.89611  
 79.600    10.89047  
 79.700    10.88481  
 79.800    10.87913  
 79.900    10.87344  
 80.000    10.86773  
 80.100    10.86200  
 80.200    10.85625  
 80.300    10.85049  
 80.400    10.84471  
 80.500    10.83892  
 80.600    10.83311  
 80.700    10.82728  
 80.800    10.82144  
 80.900    10.81558  
 81.000    10.80970  
 81.100    10.80381  
 81.200    10.79790  
 81.300    10.79197  
 81.400    10.78603  
 81.500    10.78007  
 81.600    10.77410  
 81.700    10.76811  
 81.800    10.76211  
 81.900    10.75609  
 82.000    10.75005  
 82.100    10.74400  
 82.200    10.73793  
 82.300    10.73184  
 82.400    10.72575  
 82.500    10.71963  
 82.600    10.71350  
 82.700    10.70735  
 82.800    10.70119  
 82.900    10.69502  
 83.000    10.68883  
 83.100    10.68262  
 83.200    10.67640  
 83.300    10.67016  
 83.400    10.66391  
 83.500    10.65764  
 83.600    10.65136  
 83.700    10.64506  
 83.800    10.63875  
 83.900    10.63242  
 84.000    10.62608  
 84.100    10.61973  
 84.200    10.61335  
 84.300    10.60697  
 84.400    10.60057  
 84.500    10.59416  
 84.600    10.58773  
 84.700    10.58128  
 84.800    10.57483  
 84.900    10.56836  
 85.000    10.56187  
 85.100    10.55537  
 85.200    10.54886  
 85.300    10.54233  
 85.400    10.53579  
 85.500    10.52923  
 85.600    10.52266  
 85.700    10.51608  
 85.800    10.50948  
 85.900    10.50287  
 86.000    10.49624  
 86.100    10.48960  
 86.200    10.48295  
 86.300    10.47628  
 86.400    10.46960  
 86.500    10.46291  
 86.600    10.45620  
 86.700    10.44948  
 86.800    10.44275  
 86.900    10.43600  
 87.000    10.42924  
 87.100    10.42247  
 87.200    10.41568  
 87.300    10.40888  
 87.400    10.40207  
 87.500    10.39524  
 87.600    10.38840  
 87.700    10.38155  
 87.800    10.37468  
 87.900    10.36780  
 88.000    10.36091  
 88.100    10.35401  
 88.200    10.34709  
 88.300    10.34017  
 88.400    10.33322  
 88.500    10.32627  
 88.600    10.31930  
 88.700    10.31232  
 88.800    10.30533  
 88.900    10.29833  
 89.000    10.29131  
 89.100    10.28428  
 89.200    10.27724  
 89.300    10.27019  
 89.400    10.26312  
 89.500    10.25604  
 89.600    10.24895  
 89.700    10.24185  
 89.800    10.23473  
 89.900    10.22761  
 90.000    10.22047  
 90.100    10.21332  
 90.200    10.20616  
 90.300    10.19898  
 90.400    10.19180  
 90.500    10.18460  
 90.600    10.17739  
 90.700    10.17017  
 90.800    10.16293  
 90.900    10.15569  
 91.000    10.14843  
 91.100    10.14117  
 91.200    10.13389  
 91.300    10.12660  
 91.400    10.11929  
 91.500    10.11198  
 91.600    10.10465  
 91.700    10.09732  
 91.800    10.08997  
 91.900    10.08261  
 92.000    10.07524  
 92.100    10.06786  
 92.200    10.06047  
 92.300    10.05307  
 92.400    10.04565  
 92.500    10.03823  
 92.600    10.03079  
 92.700    10.02334  
 92.800    10.01588  
 92.900    10.00842  
 93.000    10.00094  
 93.100     9.99345  
 93.200     9.98594  
 93.300     9.97843  
 93.400     9.97091  
 93.500     9.96338  
 93.600     9.95583  
 93.700     9.94828  
 93.800     9.94071  
 93.900     9.93314  
 94.000     9.92555  
 94.100     9.91795  
 94.200     9.91035  
 94.300     9.90273  
 94.400     9.89510  
 94.500     9.88747  
 94.600     9.87982  
 94.700     9.87216  
 94.800     9.86449  
 94.900     9.85681  
 95.000     9.84913  
 95.100     9.84143  
 95.200     9.83372  
 95.300     9.82600  
 95.400     9.81827  
 95.500     9.81053  
 95.600     9.80278  
 95.700     9.79503  
 95.800     9.78726  
 95.900     9.77948  
 96.000     9.77169  
 96.100     9.76389  
 96.200     9.75609  
 96.300     9.74827  
 96.400     9.74044  
 96.500     9.73261  
 96.600     9.72476  
 96.700     9.71691  
 96.800     9.70904  
 96.900     9.70117  
 97.000     9.69329  
 97.100     9.68539  
 97.200     9.67749  
 97.300     9.66958  
 97.400     9.66166  
 97.500     9.65373  
 97.600     9.64579  
 97.700     9.63784  
 97.800     9.62988  
 97.900     9.62192  
 98.000     9.61394  
 98.100     9.60596  
 98.200     9.59796  
 98.300     9.58996  
 98.400     9.58195  
 98.500     9.57393  
 98.600     9.56590  
 98.700     9.55786  
 98.800     9.54981  
 98.900     9.54175  
 99.000     9.53369  
 99.100     9.52561  
 99.200     9.51753  
 99.300     9.50944  
 99.400     9.50134  
 99.500     9.49323  
 99.600     9.48511  
 99.700     9.47699  
 99.800     9.46885  
 99.900     9.46071  
100.000     9.45256  
100.100     9.44440  
100.200     9.43623  
100.300     9.42805  
100.400     9.41987  
100.500     9.41167  
100.600     9.40347  
100.700     9.39526  
100.800     9.38704  
100.900     9.37882  
101.000     9.37058  
101.100     9.36234  
101.200     9.35409  
101.300     9.34583  
101.400     9.33756  
101.500     9.32929  
101.600     9.32100  
101.700     9.31271  
101.800     9.30441  
101.900     9.29610  
102.000     9.28779  
102.100     9.27946  
102.200     9.27113  
102.300     9.26279  
102.400     9.25445  
102.500     9.24609  
102.600     9.23773  
102.700     9.22936  
102.800     9.22098  
102.900     9.21259  
103.000     9.20420  
103.100     9.19580  
103.200     9.18739  
103.300     9.17897  
103.400     9.17055  
103.500     9.16212  
103.600     9.15368  
103.700     9.14523  
103.800     9.13678  
103.900     9.12832  
104.000     9.11985  
104.100     9.11138  
104.200     9.10289  
104.300     9.09440  
104.400     9.08590  
104.500     9.07740  
104.600     9.06889  
104.700     9.06037  
104.800     9.05184  
104.900     9.04331  
105.000     9.03476  
105.100     9.02622  
105.200     9.01766  
105.300     9.00910  
105.400     9.00053  
105.500     8.99195  
105.600     8.98337  
105.700     8.97478  
105.800     8.96618  
105.900     8.95758  
106.000     8.94897  
106.100     8.94035  
106.200     8.93172  
106.300     8.92309  
106.400     8.91445  
106.500     8.90581  
106.600     8.89715  
106.700     8.88849  
106.800     8.87983  
106.900     8.87116  
107.000     8.86248  
107.100     8.85379  
107.200     8.84510  
107.300     8.83640  
107.400     8.82770  
107.500     8.81898  
107.600     8.81026  
107.700     8.80154  
107.800     8.79281  
107.900     8.78407  
108.000     8.77533  
108.100     8.76658  
108.200     8.75782  
108.300     8.74905  
108.400     8.74028  
108.500     8.73151  
108.600     8.72273  
108.700     8.71394  
108.800     8.70514  
108.900     8.69634  
109.000     8.68753  
109.100     8.67872  
109.200     8.66990  
109.300     8.66107  
109.400     8.65224  
109.500     8.64340  
109.600     8.63456  
109.700     8.62571  
109.800     8.61685  
109.900     8.60799  
110.000     8.59912  
110.100     8.59025  
110.200     8.58137  
110.300     8.57248  
110.400     8.56359  
110.500     8.55469  
110.600     8.54579  
110.700     8.53688  
110.800     8.52796  
110.900     8.51904  
111.000     8.51011  
111.100     8.50118  
111.200     8.49224  
111.300     8.48330  
111.400     8.47435  
111.500     8.46539  
111.600     8.45643  
111.700     8.44746  
111.800     8.43849  
111.900     8.42951  
112.000     8.42053  
112.100     8.41154  
112.200     8.40254  
112.300     8.39354  
112.400     8.38454  
112.500     8.37553  
112.600     8.36651  
112.700     8.35749  
112.800     8.34846  
112.900     8.33942  
113.000     8.33039  
113.100     8.32134  
113.200     8.31229  
113.300     8.30324  
113.400     8.29418  
113.500     8.28511  
113.600     8.27604  
113.700     8.26697  
113.800     8.25788  
113.900     8.24880  
114.000     8.23971  
114.100     8.23061  
114.200     8.22151  
114.300     8.21240  
114.400     8.20329  
114.500     8.19417  
114.600     8.18505  
114.700     8.17592  
114.800     8.16679  
114.900     8.15765  
115.000     8.14851  
115.100     8.13936  
115.200     8.13021  
115.300     8.12105  
115.400     8.11189  
115.500     8.10272  
115.600     8.09355  
115.700     8.08437  
115.800     8.07519  
115.900     8.06600  
116.000     8.05681  
116.100     8.04762  
116.200     8.03841  
116.300     8.02921  
116.400     8.02000  
116.500     8.01078  
116.600     8.00156  
116.700     7.99234  
116.800     7.98311  
116.900     7.97387  
117.000     7.96463  
117.100     7.95539  
117.200     7.94614  
117.300     7.93689  
117.400     7.92763  
117.500     7.91837  
117.600     7.90910  
117.700     7.89983  
117.800     7.89055  
117.900     7.88127  
118.000     7.87199  
118.100     7.86270  
118.200     7.85340  
118.300     7.84411  
118.400     7.83480  
118.500     7.82550  
118.600     7.81618  
118.700     7.80687  
118.800     7.79755  
118.900     7.78822  
119.000     7.77890  
119.100     7.76956  
119.200     7.76022  
119.300     7.75088  
119.400     7.74154  
119.500     7.73219  
119.600     7.72283  
119.700     7.71347  
119.800     7.70411  
119.900     7.69474  
120.000     7.68537  
120.100     7.67599  
120.200     7.66661  
120.300     7.65723  
120.400     7.64784  
120.500     7.63845  
120.600     7.62905  
120.700     7.61965  
120.800     7.61025  
120.900     7.60084  
121.000     7.59143  
121.100     7.58201  
121.200     7.57259  
121.300     7.56317  
121.400     7.55374  
121.500     7.54431  
121.600     7.53487  
121.700     7.52543  
121.800     7.51599  
121.900     7.50654  
122.000     7.49709  
122.100     7.48763  
122.200     7.47817  
122.300     7.46871  
122.400     7.45924  
122.500     7.44977  
122.600     7.44029  
122.700     7.43082  
122.800     7.42133  
122.900     7.41185  
123.000     7.40236  
123.100     7.39286  
123.200     7.38337  
123.300     7.37386  
123.400     7.36436  
123.500     7.35485  
123.600     7.34534  
123.700     7.33582  
123.800     7.32630  
123.900     7.31678  
124.000     7.30726  
124.100     7.29772  
124.200     7.28819  
124.300     7.27865  
124.400     7.26911  
124.500     7.25957  
124.600     7.25002  
124.700     7.24047  
124.800     7.23091  
124.900     7.22136  
125.000     7.21179  
125.100     7.20223  
125.200     7.19266  
125.300     7.18309  
125.400     7.17351  
125.500     7.16393  
125.600     7.15435  
125.700     7.14477  
125.800     7.13518  
125.900     7.12558  
126.000     7.11599  
126.100     7.10639  
126.200     7.09679  
126.300     7.08718  
126.400     7.07757  
126.500     7.06796  
126.600     7.05834  
126.700     7.04873  
126.800     7.03910  
126.900     7.02948  
127.000     7.01985  
127.100     7.01022  
127.200     7.00058  
127.300     6.99095  
127.400     6.98130  
127.500     6.97166  
127.600     6.96201  
127.700     6.95236  
127.800     6.94271  
127.900     6.93305  
128.000     6.92339  
128.100     6.91373  
128.200     6.90406  
128.300     6.89439  
128.400     6.88472  
128.500     6.87505  
128.600     6.86537  
128.700     6.85569  
128.800     6.84600  
128.900     6.83632  
129.000     6.82663  
129.100     6.81693  
129.200     6.80724  
129.300     6.79754  
129.400     6.78784  
129.500     6.77813  
129.600     6.76842  
129.700     6.75871  
129.800     6.74900  
129.900     6.73928  
130.000     6.72956  
130.100     6.71984  
130.200     6.71012  
130.300     6.70039  
130.400     6.69066  
130.500     6.68093  
130.600     6.67119  
130.700     6.66145  
130.800     6.65171  
130.900     6.64197  
131.000     6.63222  
131.100     6.62247  
131.200     6.61272  
131.300     6.60296  
131.400     6.59320  
131.500     6.58344  
131.600     6.57368  
131.700     6.56391  
131.800     6.55414  
131.900     6.54437  
132.000     6.53460  
132.100     6.52482  
132.200     6.51504  
132.300     6.50526  
132.400     6.49548  
132.500     6.48569  
132.600     6.47590  
132.700     6.46611  
132.800     6.45631  
132.900     6.44652  
133.000     6.43672  
133.100     6.42691  
133.200     6.41711  
133.300     6.40730  
133.400     6.39749  
133.500     6.38768  
133.600     6.37787  
133.700     6.36805  
133.800     6.35823  
133.900     6.34841  
134.000     6.33858  
134.100     6.32876  
134.200     6.31893  
134.300     6.30909  
134.400     6.29926  
134.500     6.28942  
134.600     6.27958  
134.700     6.26974  
134.800     6.25990  
134.900     6.25005  
135.000     6.24021  
135.100     6.23035  
135.200     6.22050  
135.300     6.21065  
135.400     6.20079  
135.500     6.19093  
135.600     6.18107  
135.700     6.17120  
135.800     6.16134  
135.900     6.15147  
136.000     6.14160  
136.100     6.13172  
136.200     6.12185  
136.300     6.11197  
136.400     6.10209  
136.500     6.09221  
136.600     6.08232  
136.700     6.07244  
136.800     6.06255  
136.900     6.05266  
137.000     6.04277  
137.100     6.03287  
137.200     6.02297  
137.300     6.01307  
137.400     6.00317  
137.500     5.99327  
137.600     5.98336  
137.700     5.97346  
137.800     5.96355  
137.900     5.95363  
138.000     5.94372  
138.100     5.93381  
138.200     5.92389  
138.300     5.91397  
138.400     5.90405  
138.500     5.89412  
138.600     5.88420  
138.700     5.87427  
138.800     5.86434  
138.900     5.85441  
139.000     5.84447  
139.100     5.83454  
139.200     5.82460  
139.300     5.81466  
139.400     5.80472  
139.500     5.79477  
139.600     5.78483  
139.700     5.77488  
139.800     5.76493  
139.900     5.75498  
140.000     5.74503  
140.100     5.73507  
140.200     5.72511  
140.300     5.71515  
140.400     5.70519  
140.500     5.69523  
140.600     5.68527  
140.700     5.67530  
140.800     5.66533  
140.900     5.65536  
141.000     5.64539  
141.100     5.63542  
141.200     5.62544  
141.300     5.61547  
141.400     5.60549  
141.500     5.59551  
141.600     5.58552  
141.700     5.57554  
141.800     5.56555  
141.900     5.55557  
142.000     5.54558  
142.100     5.53559  
142.200     5.52559  
142.300     5.51560  
142.400     5.50560  
142.500     5.49561  
142.600     5.48561  
142.700     5.47561  
142.800     5.46560  
142.900     5.45560  
143.000     5.44559  
143.100     5.43559  
143.200     5.42558  
143.300     5.41557  
143.400     5.40555  
143.500     5.39554  
143.600     5.38552  
143.700     5.37551  
143.800     5.36549  
143.900     5.35547  
144.000     5.34544  
144.100     5.33542  
144.200     5.32540  
144.300     5.31537  
144.400     5.30534  
144.500     5.29531  
144.600     5.28528  
144.700     5.27525  
144.800     5.26521  
144.900     5.25518  
145.000     5.24514  
145.100     5.23510  
145.200     5.22506  
145.300     5.21502  
145.400     5.20497  
145.500     5.19493  
145.600     5.18488  
145.700     5.17484  
145.800     5.16479  
145.900     5.15474  
146.000     5.14468  
146.100     5.13463  
146.200     5.12458  
146.300     5.11452  
146.400     5.10446  
146.500     5.09440  
146.600     5.08434  
146.700     5.07428  
146.800     5.06422  
146.900     5.05415  
147.000     5.04409  
147.100     5.03402  
147.200     5.02395  
147.300     5.01388  
147.400     5.00381  
147.500     4.99374  
147.600     4.98366  
147.700     4.97359  
147.800     4.96351  
147.900     4.95343  
148.000     4.94335  
148.100     4.93327  
148.200     4.92319  
148.300     4.91311  
148.400     4.90302  
148.500     4.89294  
148.600     4.88285  
148.700     4.87276  
148.800     4.86267  
148.900     4.85258  
149.000     4.84249  
149.100     4.83240  
149.200     4.82230  
149.300     4.81221  
149.400     4.80211  
149.500     4.79201  
149.600     4.78191  
149.700     4.77181  
149.800     4.76171  
149.900     4.75161 
150.000     4.74151  
150.100     4.73140  
150.200     4.72129  
150.300     4.71119  
150.400     4.70108  
150.500     4.69097  
150.600     4.68086  
150.700     4.67075  
150.800     4.66063  
150.900     4.65052  
151.000     4.64040  
151.100     4.63029  
151.200     4.62017  
151.300     4.61005  
151.400     4.59993  
151.500     4.58981  
151.600     4.57969  
151.700     4.56957  
151.800     4.55944  
151.900     4.54932  
152.000     4.53919  
152.100     4.52906  
152.200     4.51894  
152.300     4.50881  
152.400     4.49868  
152.500     4.48854  
152.600     4.47841  
152.700     4.46828  
152.800     4.45814  
152.900     4.44801  
153.000     4.43787  
153.100     4.42774  
153.200     4.41760  
153.300     4.40746  
153.400     4.39732  
153.500     4.38718  
153.600     4.37703  
153.700     4.36689  
153.800     4.35675  
153.900     4.34660  
154.000     4.33646  
154.100     4.32631  
154.200     4.31616  
154.300     4.30601  
154.400     4.29586  
154.500     4.28571  
154.600     4.27556  
154.700     4.26541  
154.800     4.25525  
154.900     4.24510  
155.000     4.23494  
155.100     4.22479  
155.200     4.21463  
155.300     4.20447  
155.400     4.19431  
155.500     4.18415  
155.600     4.17399  
155.700     4.16383  
155.800     4.15367  
155.900     4.14351  
156.000     4.13334  
156.100     4.12318  
156.200     4.11301  
156.300     4.10285  
156.400     4.09268  
156.500     4.08251  
156.600     4.07234  
156.700     4.06217  
156.800     4.05200  
156.900     4.04183  
157.000     4.03166  
157.100     4.02149  
157.200     4.01131  
157.300     4.00114  
157.400     3.99096  
157.500     3.98079  
157.600     3.97061  
157.700     3.96043  
157.800     3.95026  
157.900     3.94008  
158.000     3.92990  
158.100     3.91972  
158.200     3.90954  
158.300     3.89935  
158.400     3.88917  
158.500     3.87899  
158.600     3.86880  
158.700     3.85862  
158.800     3.84843  
158.900     3.83825  
159.000     3.82806  
159.100     3.81787  
159.200     3.80769  
159.300     3.79750  
159.400     3.78731  
159.500     3.77712  
159.600     3.76693  
159.700     3.75674  
159.800     3.74654  
159.900     3.73635  
160.000     3.72616  
160.100     3.71596  
160.200     3.70577  
160.300     3.69557  
160.400     3.68538  
160.500     3.67518  
160.600     3.66498  
160.700     3.65478  
160.800     3.64459  
160.900     3.63439  
161.000     3.62419  
161.100     3.61399  
161.200     3.60378  
161.300     3.59358  
161.400     3.58338  
161.500     3.57318  
161.600     3.56297  
161.700     3.55277  
161.800     3.54257  
161.900     3.53236  
162.000     3.52216  
162.100     3.51195  
162.200     3.50174  
162.300     3.49153  
162.400     3.48133  
162.500     3.47112  
162.600     3.46091  
162.700     3.45070  
162.800     3.44049  
162.900     3.43028  
163.000     3.42007  
163.100     3.40986  
163.200     3.39964  
163.300     3.38943  
163.400     3.37922  
163.500     3.36900  
163.600     3.35879  
163.700     3.34858  
163.800     3.33836  
163.900     3.32814  
164.000     3.31793  
164.100     3.30771  
164.200     3.29749  
164.300     3.28728  
164.400     3.27706  
164.500     3.26684  
164.600     3.25662  
164.700     3.24640  
164.800     3.23618  
164.900     3.22596  
165.000     3.21574  
165.100     3.20552  
165.200     3.19530  
165.300     3.18507  
165.400     3.17485  
165.500     3.16463  
165.600     3.15441  
165.700     3.14418  
165.800     3.13396  
165.900     3.12373  
166.000     3.11351  
166.100     3.10328  
166.200     3.09306  
166.300     3.08283  
166.400     3.07260  
166.500     3.06238  
166.600     3.05215  
166.700     3.04192  
166.800     3.03169  
166.900     3.02146  
167.000     3.01123  
167.100     3.00100  
167.200     2.99077  
167.300     2.98054  
167.400     2.97031  
167.500     2.96008  
167.600     2.94985  
167.700     2.93962  
167.800     2.92939  
167.900     2.91916  
168.000     2.90892  
168.100     2.89869  
168.200     2.88846  
168.300     2.87822  
168.400     2.86799  
168.500     2.85775  
168.600     2.84752  
168.700     2.83729  
168.800     2.82705  
168.900     2.81681  
169.000     2.80658  
169.100     2.79634  
169.200     2.78611  
169.300     2.77587  
169.400     2.76563  
169.500     2.75539  
169.600     2.74516  
169.700     2.73492  
169.800     2.72468  
169.900     2.71444  
170.000     2.70420  
170.100     2.69396  
170.200     2.68372  
170.300     2.67348  
170.400     2.66325  
170.500     2.65301  
170.600     2.64276  
170.700     2.63252  
170.800     2.62228  
170.900     2.61204  
171.000     2.60180  
171.100     2.59156  
171.200     2.58132  
171.300     2.57108  
171.400     2.56083  
171.500     2.55059  
171.600     2.54035  
171.700     2.53010  
171.800     2.51986  
171.900     2.50962  
172.000     2.49937  
172.100     2.48913  
172.200     2.47889  
172.300     2.46864  
172.400     2.45840  
172.500     2.44815  
172.600     2.43791  
172.700     2.42766  
172.800     2.41742  
172.900     2.40717  
173.000     2.39693  
173.100     2.38668  
173.200     2.37643  
173.300     2.36619  
173.400     2.35594  
173.500     2.34570  
173.600     2.33545  
173.700     2.32520  
173.800     2.31495  
173.900     2.30471  
174.000     2.29446  
174.100     2.28421  
174.200     2.27396  
174.300     2.26372  
174.400     2.25347  
174.500     2.24322  
174.600     2.23297  
174.700     2.22272  
174.800     2.21248  
174.900     2.20223  
175.000     2.19198  
175.100     2.18173  
175.200     2.17148  
175.300     2.16123  
175.400     2.15098  
175.500     2.14073  
175.600     2.13048  
175.700     2.12023  
175.800     2.10998  
175.900     2.09973  
176.000     2.08949  
176.100     2.07923  
176.200     2.06898  
176.300     2.05873  
176.400     2.04848  
176.500     2.03823  
176.600     2.02798  
176.700     2.01773  
176.800     2.00748  
176.900     1.99723  
177.000     1.98698  
177.100     1.97673  
177.200     1.96648  
177.300     1.95623  
177.400     1.94598  
177.500     1.93572  
177.600     1.92547  
177.700     1.91522  
177.800     1.90497  
177.900     1.89472  
178.000     1.88447  
178.100     1.87422  
178.200     1.86396  
178.300     1.85371  
178.400     1.84346  
178.500     1.83321  
178.600     1.82296  
178.700     1.81271  
178.800     1.80245  
178.900     1.79220  
179.000     1.78195  
179.100     1.77170  
179.200     1.76145  
179.300     1.75120  
179.400     1.74094  
179.500     1.73069  
179.600     1.72044  
179.700     1.71019  
179.800     1.69994  
179.900     1.68968  
180.000     1.67943  
180.100     1.66918  
180.200     1.65893  
180.300     1.64868  
180.400     1.63842  
180.500     1.62817  
180.600     1.61792  
180.700     1.60767  
180.800     1.59742  
180.900     1.58716  
181.000     1.57691  
181.100     1.56666  
181.200     1.55641  
181.300     1.54616  
181.400     1.53590  
181.500     1.52565  
181.600     1.51540  
181.700     1.50515  
181.800     1.49490  
181.900     1.48464  
182.000     1.47439  
182.100     1.46414  
182.200     1.45389  
182.300     1.44364  
182.400     1.43339  
182.500     1.42314  
182.600     1.41288  
182.700     1.40263  
182.800     1.39238  
182.900     1.38213  
183.000     1.37188  
183.100     1.36163  
183.200     1.35138  
183.300     1.34113  
183.400     1.33087  
183.500     1.32062  
183.600     1.31037  
183.700     1.30012  
183.800     1.28987  
183.900     1.27962  
184.000     1.26937  
184.100     1.25912  
184.200     1.24887  
184.300     1.23862  
184.400     1.22837  
184.500     1.21812  
184.600     1.20787  
184.700     1.19762  
184.800     1.18737  
184.900     1.17712  
185.000     1.16687  
185.100     1.15662  
185.200     1.14637  
185.300     1.13612  
185.400     1.12587  
185.500     1.11562  
185.600     1.10537  
185.700     1.09513  
185.800     1.08488  
185.900     1.07463  
186.000     1.06438  
186.100     1.05413  
186.200     1.04388  
186.300     1.03363  
186.400     1.02339  
186.500     1.01314  
186.600     1.00289  
186.700     0.99264  
186.800     0.98239  
186.900     0.97215  
187.000     0.96190  
187.100     0.95165  
187.200     0.94141  
187.300     0.93116  
187.400     0.92091  
187.500     0.91067  
187.600     0.90042  
187.700     0.89017  
187.800     0.87993  
187.900     0.86968  
188.000     0.85943  
188.100     0.84919  
188.200     0.83894  
188.300     0.82870  
188.400     0.81845  
188.500     0.80821  
188.600     0.79796  
188.700     0.78772  
188.800     0.77747  
188.900     0.76723  
189.000     0.75698  
189.100     0.74674  
189.200     0.73650  
189.300     0.72625  
189.400     0.71601  
189.500     0.70576  
189.600     0.69552  
189.700     0.68528  
189.800     0.67504  
189.900     0.66479  
190.000     0.65455  
190.100     0.64431  
190.200     0.63407  
190.300     0.62382  
190.400     0.61358  
190.500     0.60334  
190.600     0.59310  
190.700     0.58286  
190.800     0.57262  
190.900     0.56238  
191.000     0.55214  
191.100     0.54189  
191.200     0.53165  
191.300     0.52141  
191.400     0.51117  
191.500     0.50094  
191.600     0.49070  
191.700     0.48046  
191.800     0.47022  
191.900     0.45998  
192.000     0.44974  
192.100     0.43950  
192.200     0.42926  
192.300     0.41903  
192.400     0.40879  
192.500     0.39855  
192.600     0.38831  
192.700     0.37808  
192.800     0.36784  
192.900     0.35760  
193.000     0.34737  
193.100     0.33713  
193.200     0.32689  
193.300     0.31666  
193.400     0.30642  
193.500     0.29619  
193.600     0.28595  
193.700     0.27572  
193.800     0.26548  
193.900     0.25525  
194.000     0.24501  
194.100     0.23478  
194.200     0.22455  
194.300     0.21431  
194.400     0.20408  
194.500     0.19385  
194.600     0.18361  
194.700     0.17338  
194.800     0.16315  
194.900     0.15292  
195.000     0.14269  
195.100     0.13246  
195.200     0.12222  
195.300     0.11199  
195.400     0.10176  
195.500     0.09153  
195.600     0.08130  
195.700     0.07107  
195.800     0.06084  
195.900     0.05061  
196.000     0.04039  
196.100     0.03016  
196.200     0.01993  
196.300     0.00970  
196.400    -0.00053  
196.500    -0.01076  
196.600    -0.02098  
196.700    -0.03121  
196.800    -0.04144  
196.900    -0.05166  
197.000    -0.06189  
197.100    -0.07212  
197.200    -0.08234  
197.300    -0.09257  
197.400    -0.10279  
197.500    -0.11302  
197.600    -0.12324  
197.700    -0.13347  
197.800    -0.14369  
197.900    -0.15391  
198.000    -0.16414  
198.100    -0.17436  
198.200    -0.18458  
198.300    -0.19481  
198.400    -0.20503  
198.500    -0.21525  
198.600    -0.22547  
198.700    -0.23569  
198.800    -0.24592  
198.900    -0.25614  
199.000    -0.26636  
199.100    -0.27658  
199.200    -0.28680  
199.300    -0.29702  
199.400    -0.30724  
199.500    -0.31746  
199.600    -0.32767  
199.700    -0.33789  
199.800    -0.34811  
199.900    -0.35833  
200.000    -0.36855  
200.100    -0.37876  
200.200    -0.38898  
200.300    -0.39920  
200.400    -0.40941  
200.500    -0.41963  
200.600    -0.42984  
200.700    -0.44006  
200.800    -0.45027  
200.900    -0.46049  
201.000    -0.47070  
201.100    -0.48092  
201.200    -0.49113  
201.300    -0.50135  
201.400    -0.51156  
201.500    -0.52177  
201.600    -0.53198  
201.700    -0.54220  
201.800    -0.55241  
201.900    -0.56262  
202.000    -0.57283  
202.100    -0.58304  
202.200    -0.59325  
202.300    -0.60346  
202.400    -0.61367  
202.500    -0.62388  
202.600    -0.63409  
202.700    -0.64430  
202.800    -0.65451  
202.900    -0.66472  
203.000    -0.67492  
203.100    -0.68513  
203.200    -0.69534  
203.300    -0.70554  
203.400    -0.71575  
203.500    -0.72596  
203.600    -0.73616  
203.700    -0.74637  
203.800    -0.75657  
203.900    -0.76678  
204.000    -0.77698  
204.100    -0.78719  
204.200    -0.79739  
204.300    -0.80759  
204.400    -0.81780  
204.500    -0.82800  
204.600    -0.83820  
204.700    -0.84840  
204.800    -0.85860  
204.900    -0.86881  
205.000    -0.87901  
205.100    -0.88921  
205.200    -0.89941  
205.300    -0.90961  
205.400    -0.91981  
205.500    -0.93001  
205.600    -0.94020  
205.700    -0.95040  
205.800    -0.96060  
205.900    -0.97080  
206.000    -0.98100  
206.100    -0.99119  
206.200    -1.00139  
206.300    -1.01159  
206.400    -1.02178  
206.500    -1.03198  
206.600    -1.04217  
206.700    -1.05237  
206.800    -1.06256  
206.900    -1.07276  
207.000    -1.08295  
207.100    -1.09314  
207.200    -1.10334  
207.300    -1.11353  
207.400    -1.12372  
207.500    -1.13391  
207.600    -1.14410  
207.700    -1.15429  
207.800    -1.16449  
207.900    -1.17468  
208.000    -1.18487  
208.100    -1.19506  
208.200    -1.20524  
208.300    -1.21543  
208.400    -1.22562  
208.500    -1.23581  
208.600    -1.24600  
208.700    -1.25618  
208.800    -1.26637  
208.900    -1.27656  
209.000    -1.28674  
209.100    -1.29693  
209.200    -1.30712  
209.300    -1.31730  
209.400    -1.32749  
209.500    -1.33767  
209.600    -1.34785  
209.700    -1.35804  
209.800    -1.36822  
209.900    -1.37840  
210.000    -1.38858  
210.100    -1.39877  
210.200    -1.40895  
210.300    -1.41913  
210.400    -1.42931  
210.500    -1.43949  
210.600    -1.44967  
210.700    -1.45985  
210.800    -1.47003  
210.900    -1.48021  
211.000    -1.49039  
211.100    -1.50056  
211.200    -1.51074  
211.300    -1.52092  
211.400    -1.53110  
211.500    -1.54127  
211.600    -1.55145  
211.700    -1.56162  
211.800    -1.57180  
211.900    -1.58197  
212.000    -1.59215  
212.100    -1.60232  
212.200    -1.61250  
212.300    -1.62267  
212.400    -1.63284  
212.500    -1.64302  
212.600    -1.65319  
212.700    -1.66336  
212.800    -1.67353  
212.900    -1.68370  
213.000    -1.69387  
213.100    -1.70404  
213.200    -1.71421  
213.300    -1.72438  
213.400    -1.73455  
213.500    -1.74472  
213.600    -1.75489  
213.700    -1.76505  
213.800    -1.77522  
213.900    -1.78539  
214.000    -1.79555  
214.100    -1.80572  
214.200    -1.81589  
214.300    -1.82605  
214.400    -1.83622  
214.500    -1.84638  
214.600    -1.85654  
214.700    -1.86671  
214.800    -1.87687  
214.900    -1.88703  
215.000    -1.89719  
215.100    -1.90736  
215.200    -1.91752  
215.300    -1.92768  
215.400    -1.93784  
215.500    -1.94800  
215.600    -1.95816  
215.700    -1.96832  
215.800    -1.97848  
215.900    -1.98864  
216.000    -1.99879  
216.100    -2.00895  
216.200    -2.01911  
216.300    -2.02927  
216.400    -2.03942  
216.500    -2.04958  
216.600    -2.05973  
216.700    -2.06989  
216.800    -2.08004  
216.900    -2.09020  
217.000    -2.10035  
217.100    -2.11051  
217.200    -2.12066  
217.300    -2.13081  
217.400    -2.14096  
217.500    -2.15112  
217.600    -2.16127  
217.700    -2.17142  
217.800    -2.18157  
217.900    -2.19172  
218.000    -2.20187  
218.100    -2.21202  
218.200    -2.22217  
218.300    -2.23231  
218.400    -2.24246  
218.500    -2.25261  
218.600    -2.26276  
218.700    -2.27290  
218.800    -2.28305  
218.900    -2.29320  
219.000    -2.30334  
219.100    -2.31349  
219.200    -2.32363  
219.300    -2.33378  
219.400    -2.34392  
219.500    -2.35406  
219.600    -2.36421  
219.700    -2.37435  
219.800    -2.38449  
219.900    -2.39463  
220.000    -2.40477  
220.100    -2.41491  
220.200    -2.42505  
220.300    -2.43519  
220.400    -2.44533  
220.500    -2.45547  
220.600    -2.46561  
220.700    -2.47575  
220.800    -2.48589  
220.900    -2.49602  
221.000    -2.50616  
221.100    -2.51630  
221.200    -2.52643  
221.300    -2.53657  
221.400    -2.54670  
221.500    -2.55684  
221.600    -2.56697  
221.700    -2.57710  
221.800    -2.58724  
221.900    -2.59737  
222.000    -2.60750  
222.100    -2.61763  
222.200    -2.62777  
222.300    -2.63790  
222.400    -2.64803  
222.500    -2.65816  
222.600    -2.66829  
222.700    -2.67842  
222.800    -2.68855  
222.900    -2.69868  
223.000    -2.70880  
223.100    -2.71893  
223.200    -2.72906  
223.300    -2.73918  
223.400    -2.74931  
223.500    -2.75944  
223.600    -2.76956  
223.700    -2.77969  
223.800    -2.78981  
223.900    -2.79994  
224.000    -2.81006  
224.100    -2.82018  
224.200    -2.83031  
224.300    -2.84043  
224.400    -2.85055  
224.500    -2.86067  
224.600    -2.87079  
224.700    -2.88091  
224.800    -2.89103  
224.900    -2.90115  
225.000    -2.91127  
225.100    -2.92139  
225.200    -2.93151  
225.300    -2.94163  
225.400    -2.95174  
225.500    -2.96186  
225.600    -2.97198  
225.700    -2.98209  
225.800    -2.99221  
225.900    -3.00233  
226.000    -3.01244  
226.100    -3.02255  
226.200    -3.03267  
226.300    -3.04278  
226.400    -3.05290  
226.500    -3.06301  
226.600    -3.07312  
226.700    -3.08323  
226.800    -3.09334  
226.900    -3.10345  
227.000    -3.11356  
227.100    -3.12367  
227.200    -3.13378  
227.300    -3.14389  
227.400    -3.15400  
227.500    -3.16411  
227.600    -3.17422  
227.700    -3.18432  
227.800    -3.19443  
227.900    -3.20454  
228.000    -3.21464  
228.100    -3.22475  
228.200    -3.23485  
228.300    -3.24496  
228.400    -3.25506  
228.500    -3.26517  
228.600    -3.27527  
228.700    -3.28537  
228.800    -3.29548  
228.900    -3.30558  
229.000    -3.31568  
229.100    -3.32578  
229.200    -3.33588  
229.300    -3.34598  
229.400    -3.35608  
229.500    -3.36618  
229.600    -3.37628  
229.700    -3.38638  
229.800    -3.39647  
229.900    -3.40657  
230.000    -3.41667  
230.100    -3.42677  
230.200    -3.43686  
230.300    -3.44696  
230.400    -3.45705  
230.500    -3.46715  
230.600    -3.47724  
230.700    -3.48734  
230.800    -3.49743  
230.900    -3.50752  
231.000    -3.51761  
231.100    -3.52771  
231.200    -3.53780  
231.300    -3.54789  
231.400    -3.55798  
231.500    -3.56807  
231.600    -3.57816  
231.700    -3.58825  
231.800    -3.59834  
231.900    -3.60843  
232.000    -3.61852  
232.100    -3.62860  
232.200    -3.63869  
232.300    -3.64878  
232.400    -3.65886  
232.500    -3.66895  
232.600    -3.67903  
232.700    -3.68912  
232.800    -3.69920  
232.900    -3.70929  
233.000    -3.71937  
233.100    -3.72945  
233.200    -3.73954  
233.300    -3.74962  
233.400    -3.75970  
233.500    -3.76978  
233.600    -3.77986  
233.700    -3.78994  
233.800    -3.80002  
233.900    -3.81010  
234.000    -3.82018  
234.100    -3.83026  
234.200    -3.84034  
234.300    -3.85042  
234.400    -3.86050  
234.500    -3.87057  
234.600    -3.88065  
234.700    -3.89072  
234.800    -3.90080  
234.900    -3.91088  
235.000    -3.92095  
235.100    -3.93102  
235.200    -3.94110  
235.300    -3.95117  
235.400    -3.96124  
235.500    -3.97132  
235.600    -3.98139  
235.700    -3.99146  
235.800    -4.00153  
235.900    -4.01160  
236.000    -4.02167  
236.100    -4.03174  
236.200    -4.04181  
236.300    -4.05188  
236.400    -4.06195  
236.500    -4.07202  
236.600    -4.08208  
236.700    -4.09215  
236.800    -4.10222  
236.900    -4.11228  
237.000    -4.12235  
237.100    -4.13242  
237.200    -4.14248  
237.300    -4.15255  
237.400    -4.16261  
237.500    -4.17267  
237.600    -4.18274  
237.700    -4.19280  
237.800    -4.20286  
237.900    -4.21292  
238.000    -4.22298  
238.100    -4.23305  
238.200    -4.24311  
238.300    -4.25317  
238.400    -4.26323  
238.500    -4.27328  
238.600    -4.28334  
238.700    -4.29340  
238.800    -4.30346  
238.900    -4.31352  
239.000    -4.32357  
239.100    -4.33363  
239.200    -4.34369  
239.300    -4.35374  
239.400    -4.36380  
239.500    -4.37385  
239.600    -4.38391  
239.700    -4.39396  
239.800    -4.40401  
239.900    -4.41407  
240.000    -4.42412  
240.100    -4.43417  
240.200    -4.44422  
240.300    -4.45427  
240.400    -4.46432  
240.500    -4.47438  
240.600    -4.48442  
240.700    -4.49447  
240.800    -4.50452  
240.900    -4.51457  
241.000    -4.52462  
241.100    -4.53467  
241.200    -4.54471  
241.300    -4.55476  
241.400    -4.56481  
241.500    -4.57485  
241.600    -4.58490  
241.700    -4.59494  
241.800    -4.60499  
241.900    -4.61503  
242.000    -4.62508  
242.100    -4.63512  
242.200    -4.64516  
242.300    -4.65521  
242.400    -4.66525  
242.500    -4.67529  
242.600    -4.68533  
242.700    -4.69537  
242.800    -4.70541  
242.900    -4.71545  
243.000    -4.72549  
243.100    -4.73553  
243.200    -4.74557  
243.300    -4.75561  
243.400    -4.76564  
243.500    -4.77568  
243.600    -4.78572  
243.700    -4.79575  
243.800    -4.80579  
243.900    -4.81582  
244.000    -4.82586  
244.100    -4.83589  
244.200    -4.84593  
244.300    -4.85596  
244.400    -4.86600  
244.500    -4.87603  
244.600    -4.88606  
244.700    -4.89609  
244.800    -4.90612  
244.900    -4.91616  
245.000    -4.92619  
245.100    -4.93622  
245.200    -4.94625  
245.300    -4.95628  
245.400    -4.96630  
245.500    -4.97633  
245.600    -4.98636  
245.700    -4.99639  
245.800    -5.00642  
245.900    -5.01644  
246.000    -5.02647  
246.100    -5.03650  
246.200    -5.04652  
246.300    -5.05655  
246.400    -5.06657  
246.500    -5.07659  
246.600    -5.08662  
246.700    -5.09664  
246.800    -5.10666  
246.900    -5.11669  
247.000    -5.12671  
247.100    -5.13673  
247.200    -5.14675  
247.300    -5.15677  
247.400    -5.16679  
247.500    -5.17681  
247.600    -5.18683  
247.700    -5.19685  
247.800    -5.20687  
247.900    -5.21689  
248.000    -5.22691  
248.100    -5.23692  
248.200    -5.24694  
248.300    -5.25696  
248.400    -5.26697  
248.500    -5.27699  
248.600    -5.28701  
248.700    -5.29702  
248.800    -5.30703  
248.900    -5.31705  
249.000    -5.32706  
249.100    -5.33708  
249.200    -5.34709  
249.300    -5.35710  
249.400    -5.36711  
249.500    -5.37712  
249.600    -5.38713  
249.700    -5.39715  
249.800    -5.40716  
249.900    -5.41717  
250.000    -5.42717  
250.100    -5.43718  
250.200    -5.44719  
250.300    -5.45720  
250.400    -5.46721  
250.500    -5.47722  
250.600    -5.48722  
250.700    -5.49723  
250.800    -5.50724  
250.900    -5.51724  
251.000    -5.52725  
251.100    -5.53725  
251.200    -5.54726  
251.300    -5.55726  
251.400    -5.56726  
251.500    -5.57727  
251.600    -5.58727  
251.700    -5.59727  
251.800    -5.60727  
251.900    -5.61727  
252.000    -5.62728  
252.100    -5.63728  
252.200    -5.64728  
252.300    -5.65728  
252.400    -5.66728  
252.500    -5.67727  
252.600    -5.68727  
252.700    -5.69727  
252.800    -5.70727  
252.900    -5.71727  
253.000    -5.72726  
253.100    -5.73726  
253.200    -5.74726  
253.300    -5.75725  
253.400    -5.76725  
253.500    -5.77724  
253.600    -5.78724  
253.700    -5.79723  
253.800    -5.80722  
253.900    -5.81722  
254.000    -5.82721  
254.100    -5.83720  
254.200    -5.84719  
254.300    -5.85719  
254.400    -5.86718  
254.500    -5.87717  
254.600    -5.88716  
254.700    -5.89715  
254.800    -5.90714  
254.900    -5.91713  
255.000    -5.92712  
255.100    -5.93710  
255.200    -5.94709  
255.300    -5.95708  
255.400    -5.96707  
255.500    -5.97705  
255.600    -5.98704  
255.700    -5.99703  
255.800    -6.00701  
255.900    -6.01700  
256.000    -6.02698  
256.100    -6.03697  
256.200    -6.04695  
256.300    -6.05693  
256.400    -6.06692  
256.500    -6.07690  
256.600    -6.08688  
256.700    -6.09686  
256.800    -6.10684  
256.900    -6.11683  
257.000    -6.12681  
257.100    -6.13679  
257.200    -6.14677  
257.300    -6.15675  
257.400    -6.16673  
257.500    -6.17670  
257.600    -6.18668  
257.700    -6.19666  
257.800    -6.20664  
257.900    -6.21662  
258.000    -6.22659  
258.100    -6.23657  
258.200    -6.24654  
258.300    -6.25652  
258.400    -6.26650  
258.500    -6.27647  
258.600    -6.28644  
258.700    -6.29642  
258.800    -6.30639  
258.900    -6.31637  
259.000    -6.32634  
259.100    -6.33631  
259.200    -6.34628  
259.300    -6.35625  
259.400    -6.36623  
259.500    -6.37620  
259.600    -6.38617  
259.700    -6.39614  
259.800    -6.40611  
259.900    -6.41608  
260.000    -6.42604  
260.100    -6.43601  
260.200    -6.44598  
260.300    -6.45595  
260.400    -6.46592  
260.500    -6.47588  
260.600    -6.48585  
260.700    -6.49582  
260.800    -6.50578  
260.900    -6.51575  
261.000    -6.52571  
261.100    -6.53568  
261.200    -6.54564  
261.300    -6.55561  
261.400    -6.56557  
261.500    -6.57553  
261.600    -6.58550  
261.700    -6.59546  
261.800    -6.60542  
261.900    -6.61538  
262.000    -6.62534  
262.100    -6.63530  
262.200    -6.64526  
262.300    -6.65523  
262.400    -6.66518  
262.500    -6.67514  
262.600    -6.68510  
262.700    -6.69506  
262.800    -6.70502  
262.900    -6.71498  
263.000    -6.72494  
263.100    -6.73489  
263.200    -6.74485  
263.300    -6.75481  
263.400    -6.76476  
263.500    -6.77472  
263.600    -6.78467  
263.700    -6.79463  
263.800    -6.80458  
263.900    -6.81454  
264.000    -6.82449  
264.100    -6.83444  
264.200    -6.84440  
264.300    -6.85435  
264.400    -6.86430  
264.500    -6.87425  
264.600    -6.88421  
264.700    -6.89416  
264.800    -6.90411  
264.900    -6.91406  
265.000    -6.92401  
265.100    -6.93396  
265.200    -6.94391  
265.300    -6.95386  
265.400    -6.96380  
265.500    -6.97375  
265.600    -6.98370  
265.700    -6.99365  
265.800    -7.00360  
265.900    -7.01354  
266.000    -7.02349  
266.100    -7.03343  
266.200    -7.04338  
266.300    -7.05333  
266.400    -7.06327  
266.500    -7.07322  
266.600    -7.08316  
266.700    -7.09310  
266.800    -7.10305  
266.900    -7.11299  
267.000    -7.12293  
267.100    -7.13288  
267.200    -7.14282  
267.300    -7.15276  
267.400    -7.16270  
267.500    -7.17264  
267.600    -7.18258  
267.700    -7.19252  
267.800    -7.20246  
267.900    -7.21240  
268.000    -7.22234  
268.100    -7.23228  
268.200    -7.24222  
268.300    -7.25216  
268.400    -7.26210  
268.500    -7.27203  
268.600    -7.28197  
268.700    -7.29191  
268.800    -7.30184  
268.900    -7.31178  
269.000    -7.32172  
269.100    -7.33165  
269.200    -7.34159  
269.300    -7.35152  
269.400    -7.36146  
269.500    -7.37139  
269.600    -7.38132  
269.700    -7.39126  
269.800    -7.40119  
269.900    -7.41112  
270.000    -7.42105  
270.100    -7.43099  
270.200    -7.44092  
270.300    -7.45085  
270.400    -7.46078  
270.500    -7.47071  
270.600    -7.48064  
270.700    -7.49057  
270.800    -7.50050  
270.900    -7.51043  
271.000    -7.52036  
271.100    -7.53029  
271.200    -7.54021  
271.300    -7.55014  
271.400    -7.56007  
271.500    -7.57000  
271.600    -7.57992  
271.700    -7.58985  
271.800    -7.59978  
271.900    -7.60970  
272.000    -7.61963  
272.100    -7.62955  
272.200    -7.63948  
272.300    -7.64940  
272.400    -7.65933  
272.500    -7.66925  
272.600    -7.67917  
272.700    -7.68910  
272.800    -7.69902  
272.900    -7.70894  
273.000    -7.71886  
273.100    -7.72879  
273.200    -7.73871  
273.300    -7.74863  
273.400    -7.75855  
273.500    -7.76847  
273.600    -7.77839  
273.700    -7.78831  
273.800    -7.79823  
273.900    -7.80815  
274.000    -7.81807  
274.100    -7.82799  
274.200    -7.83790  
274.300    -7.84782  
274.400    -7.85774  
274.500    -7.86766  
274.600    -7.87757  
274.700    -7.88749  
274.800    -7.89741  
274.900    -7.90732  
275.000    -7.91724  
275.100    -7.92715  
275.200    -7.93707  
275.300    -7.94698  
275.400    -7.95690  
275.500    -7.96681  
275.600    -7.97672  
275.700    -7.98664  
275.800    -7.99655  
275.900    -8.00646  
276.000    -8.01638  
276.100    -8.02629  
276.200    -8.03620  
276.300    -8.04611  
276.400    -8.05602  
276.500    -8.06593  
276.600    -8.07584  
276.700    -8.08575  
276.800    -8.09566  
276.900    -8.10557  
277.000    -8.11548  
277.100    -8.12539  
277.200    -8.13530  
277.300    -8.14521  
277.400    -8.15512  
277.500    -8.16502  
277.600    -8.17493  
277.700    -8.18484  
277.800    -8.19474  
277.900    -8.20465  
278.000    -8.21456  
278.100    -8.22446  
278.200    -8.23437  
278.300    -8.24427  
278.400    -8.25418  
278.500    -8.26408  
278.600    -8.27399  
278.700    -8.28389  
278.800    -8.29380  
278.900    -8.30370  
279.000    -8.31360  
279.100    -8.32350  
279.200    -8.33341  
279.300    -8.34331  
279.400    -8.35321  
279.500    -8.36311  
279.600    -8.37301  
279.700    -8.38291  
279.800    -8.39282  
279.900    -8.40272  
280.000    -8.41262  
280.100    -8.42252  
280.200    -8.43242  
280.300    -8.44231  
280.400    -8.45221  
280.500    -8.46211  
280.600    -8.47201  
280.700    -8.48191  
280.800    -8.49181  
280.900    -8.50170  
281.000    -8.51160  
281.100    -8.52150  
281.200    -8.53139  
281.300    -8.54129  
281.400    -8.55119  
281.500    -8.56108  
281.600    -8.57098  
281.700    -8.58087  
281.800    -8.59077  
281.900    -8.60066  
282.000    -8.61056  
282.100    -8.62045  
282.200    -8.63034  
282.300    -8.64024  
282.400    -8.65013  
282.500    -8.66002  
282.600    -8.66992  
282.700    -8.67981  
282.800    -8.68970  
282.900    -8.69959  
283.000    -8.70948  
283.100    -8.71937  
283.200    -8.72927  
283.300    -8.73916  
283.400    -8.74905  
283.500    -8.75894  
283.600    -8.76883  
283.700    -8.77872  
283.800    -8.78860  
283.900    -8.79849  
284.000    -8.80838  
284.100    -8.81827  
284.200    -8.82816  
284.300    -8.83805  
284.400    -8.84793  
284.500    -8.85782  
284.600    -8.86771  
284.700    -8.87759  
284.800    -8.88748  
284.900    -8.89737  
285.000    -8.90725  
285.100    -8.91714  
285.200    -8.92702  
285.300    -8.93691  
285.400    -8.94679  
285.500    -8.95668  
285.600    -8.96656  
285.700    -8.97645  
285.800    -8.98633  
285.900    -8.99621  
286.000    -9.00610  
286.100    -9.01598  
286.200    -9.02586  
286.300    -9.03574  
286.400    -9.04563  
286.500    -9.05551  
286.600    -9.06539  
286.700    -9.07527  
286.800    -9.08515  
286.900    -9.09503  
287.000    -9.10491  
287.100    -9.11479  
287.200    -9.12467  
287.300    -9.13455  
287.400    -9.14443  
287.500    -9.15431  
287.600    -9.16419  
287.700    -9.17407  
287.800    -9.18395  
287.900    -9.19383  
288.000    -9.20371  
288.100    -9.21358  
288.200    -9.22346  
288.300    -9.23334  
288.400    -9.24321  
288.500    -9.25309  
288.600    -9.26297  
288.700    -9.27284  
288.800    -9.28272  
288.900    -9.29260  
289.000    -9.30247  
289.100    -9.31235  
289.200    -9.32222  
289.300    -9.33210  
289.400    -9.34197  
289.500    -9.35184  
289.600    -9.36172  
289.700    -9.37159  
289.800    -9.38147  
289.900    -9.39134  
290.000    -9.40121  
290.100    -9.41108  
290.200    -9.42096  
290.300    -9.43083  
290.400    -9.44070  
290.500    -9.45057  
290.600    -9.46044  
290.700    -9.47032  
290.800    -9.48019  
290.900    -9.49006  
291.000    -9.49993  
291.100    -9.50980  
291.200    -9.51967  
291.300    -9.52954  
291.400    -9.53941  
291.500    -9.54928  
291.600    -9.55915  
291.700    -9.56902  
291.800    -9.57888  
291.900    -9.58875  
292.000    -9.59862  
292.100    -9.60849  
292.200    -9.61836  
292.300    -9.62822  
292.400    -9.63809  
292.500    -9.64796  
292.600    -9.65782  
292.700    -9.66769  
292.800    -9.67756  
292.900    -9.68742  
293.000    -9.69729  
293.100    -9.70715  
293.200    -9.71702  
293.300    -9.72688  
293.400    -9.73675  
293.500    -9.74661  
293.600    -9.75648  
293.700    -9.76634  
293.800    -9.77621  
293.900    -9.78607  
294.000    -9.79593  
294.100    -9.80580  
294.200    -9.81566  
294.300    -9.82552  
294.400    -9.83539  
294.500    -9.84525  
294.600    -9.85511  
294.700    -9.86497  
294.800    -9.87484  
294.900    -9.88470  
295.000    -9.89456  
295.100    -9.90442  
295.200    -9.91428  
295.300    -9.92414  
295.400    -9.93400  
295.500    -9.94386  
295.600    -9.95372  
295.700    -9.96358  
295.800    -9.97344  
295.900    -9.98330  
296.000    -9.99316  
296.100   -10.00302  
296.200   -10.01288  
296.300   -10.02274  
296.400   -10.03259  
296.500   -10.04245  
296.600   -10.05231  
296.700   -10.06217  
296.800   -10.07203  
296.900   -10.08188  
297.000   -10.09174  
297.100   -10.10160  
297.200   -10.11145  
297.300   -10.12131  
297.400   -10.13117  
297.500   -10.14102  
297.600   -10.15088  
297.700   -10.16073  
297.800   -10.17059  
297.900   -10.18045  
298.000   -10.19030  
298.100   -10.20016  
298.200   -10.21001  
298.300   -10.21986  
298.400   -10.22972  
298.500   -10.23957  
298.600   -10.24943  
298.700   -10.25928  
298.800   -10.26913  
298.900   -10.27899  
299.000   -10.28884  
299.100   -10.29869  
299.200   -10.30855  
299.300   -10.31840  
299.400   -10.32825  
299.500   -10.33810  
299.600   -10.34795  
299.700   -10.35781  
299.800   -10.36766  
299.900   -10.37751  
300.000   -10.38736  
300.100   -10.39721  
300.200   -10.40706  
300.300   -10.41691  
300.400   -10.42676  
300.500   -10.43661  
300.600   -10.44646  
300.700   -10.45631  
300.800   -10.46616  
300.900   -10.47601  
301.000   -10.48586  
301.100   -10.49571  
301.200   -10.50556  
301.300   -10.51541  
301.400   -10.52526  
301.500   -10.53510  
301.600   -10.54495  
301.700   -10.55480  
301.800   -10.56465  
301.900   -10.57450  
302.000   -10.58434  
302.100   -10.59419  
302.200   -10.60404  
302.300   -10.61388  
302.400   -10.62373  
302.500   -10.63358  
302.600   -10.64342  
302.700   -10.65327  
302.800   -10.66312  
302.900   -10.67296  
303.000   -10.68281  
303.100   -10.69265  
303.200   -10.70250  
303.300   -10.71234  
303.400   -10.72219  
303.500   -10.73203  
303.600   -10.74188  
303.700   -10.75172  
303.800   -10.76157  
303.900   -10.77141  
304.000   -10.78126  
304.100   -10.79110  
304.200   -10.80094  
304.300   -10.81079  
304.400   -10.82063  
304.500   -10.83047  
304.600   -10.84032  
304.700   -10.85016  
304.800   -10.86000  
304.900   -10.86984  
305.000   -10.87969  
305.100   -10.88953  
305.200   -10.89937  
305.300   -10.90921  
305.400   -10.91905  
305.500   -10.92890  
305.600   -10.93874  
305.700   -10.94858  
305.800   -10.95842  
305.900   -10.96826  
306.000   -10.97810  
306.100   -10.98794  
306.200   -10.99778  
306.300   -11.00762  
306.400   -11.01746  
306.500   -11.02730  
306.600   -11.03714  
306.700   -11.04698  
306.800   -11.05682  
306.900   -11.06666  
307.000   -11.07650  
307.100   -11.08634  
307.200   -11.09618  
307.300   -11.10602  
307.400   -11.11585  
307.500   -11.12569  
307.600   -11.13553  
307.700   -11.14537  
307.800   -11.15521  
307.900   -11.16504  
308.000   -11.17488  
308.100   -11.18472  
308.200   -11.19456  
308.300   -11.20439  
308.400   -11.21423  
308.500   -11.22407  
308.600   -11.23391  
308.700   -11.24374  
308.800   -11.25358  
308.900   -11.26341  
309.000   -11.27325  
309.100   -11.28309  
309.200   -11.29292  
309.300   -11.30276  
309.400   -11.31259  
309.500   -11.32243  
309.600   -11.33227  
309.700   -11.34210  
309.800   -11.35194  
309.900   -11.36177  
310.000   -11.37161  
310.100   -11.38144  
310.200   -11.39128  
310.300   -11.40111  
310.400   -11.41094  
310.500   -11.42078  
310.600   -11.43061  
310.700   -11.44045  
310.800   -11.45028  
310.900   -11.46011  
311.000   -11.46995  
311.100   -11.47978  
311.200   -11.48961  
311.300   -11.49945  
311.400   -11.50928  
311.500   -11.51911  
311.600   -11.52895  
311.700   -11.53878  
311.800   -11.54861  
311.900   -11.55844  
312.000   -11.56828  
312.100   -11.57811  
312.200   -11.58794  
312.300   -11.59777  
312.400   -11.60760  
312.500   -11.61744  
312.600   -11.62727  
312.700   -11.63710  
312.800   -11.64693  
312.900   -11.65676  
313.000   -11.66659  
313.100   -11.67642  
313.200   -11.68625  
313.300   -11.69609  
313.400   -11.70592  
313.500   -11.71575  
313.600   -11.72558  
313.700   -11.73541  
313.800   -11.74524  
313.900   -11.75507  
314.000   -11.76490  
314.100   -11.77473  
314.200   -11.78456  
314.300   -11.79439  
314.400   -11.80422  
314.500   -11.81405  
314.600   -11.82387  
314.700   -11.83370  
314.800   -11.84353  
314.900   -11.85336  
315.000   -11.86319  
315.100   -11.87302  
315.200   -11.88285  
315.300   -11.89268  
315.400   -11.90251  
315.500   -11.91233  
315.600   -11.92216  
315.700   -11.93199  
315.800   -11.94182  
315.900   -11.95165  
316.000   -11.96147  
316.100   -11.97130  
316.200   -11.98113  
316.300   -11.99096  
316.400   -12.00078  
316.500   -12.01061  
316.600   -12.02044  
316.700   -12.03027  
316.800   -12.04009  
316.900   -12.04992  
317.000   -12.05975  
317.100   -12.06957  
317.200   -12.07940  
317.300   -12.08923  
317.400   -12.09905  
317.500   -12.10888  
317.600   -12.11871  
317.700   -12.12853  
317.800   -12.13836  
317.900   -12.14819  
318.000   -12.15801  
318.100   -12.16784  
318.200   -12.17766  
318.300   -12.18749  
318.400   -12.19731  
318.500   -12.20714  
318.600   -12.21697  
318.700   -12.22679  
318.800   -12.23662  
318.900   -12.24644  
319.000   -12.25627  
319.100   -12.26609  
319.200   -12.27592  
319.300   -12.28574  
319.400   -12.29557  
319.500   -12.30539  
319.600   -12.31522  
319.700   -12.32504  
319.800   -12.33486  
319.900   -12.34469  
320.000   -12.35451  
320.100   -12.36434  
320.200   -12.37416  
320.300   -12.38399  
320.400   -12.39381  
320.500   -12.40363  
320.600   -12.41346  
320.700   -12.42328  
320.800   -12.43310  
320.900   -12.44293  
321.000   -12.45275  
321.100   -12.46258  
321.200   -12.47240  
321.300   -12.48222  
321.400   -12.49205  
321.500   -12.50187  
321.600   -12.51169  
321.700   -12.52152  
321.800   -12.53134  
321.900   -12.54116  
322.000   -12.55098  
322.100   -12.56081  
322.200   -12.57063  
322.300   -12.58045  
322.400   -12.59027  
322.500   -12.60010  
322.600   -12.60992  
322.700   -12.61974  
322.800   -12.62956  
322.900   -12.63939  
323.000   -12.64921  
323.100   -12.65903  
323.200   -12.66885  
323.300   -12.67868  
323.400   -12.68850  
323.500   -12.69832  
323.600   -12.70814  
323.700   -12.71796  
323.800   -12.72778  
323.900   -12.73761  
324.000   -12.74743  
324.100   -12.75725  
324.200   -12.76707  
324.300   -12.77689  
324.400   -12.78671  
324.500   -12.79654  
324.600   -12.80636  
324.700   -12.81618  
324.800   -12.82600  
324.900   -12.83582  
325.000   -12.84564  
325.100   -12.85546  
325.200   -12.86528  
325.300   -12.87511  
325.400   -12.88493  
325.500   -12.89475  
325.600   -12.90457  
325.700   -12.91439  
325.800   -12.92421  
325.900   -12.93403  
326.000   -12.94385  
326.100   -12.95367  
326.200   -12.96349  
326.300   -12.97331  
326.400   -12.98313  
326.500   -12.99295  
326.600   -13.00277  
326.700   -13.01259  
326.800   -13.02241  
326.900   -13.03223  
327.000   -13.04206  
327.100   -13.05188  
327.200   -13.06170  
327.300   -13.07152  
327.400   -13.08134  
327.500   -13.09116  
327.600   -13.10098  
327.700   -13.11080  
327.800   -13.12062  
327.900   -13.13044  
328.000   -13.14026  
328.100   -13.15008  
328.200   -13.15990  
328.300   -13.16972  
328.400   -13.17954  
328.500   -13.18935  
328.600   -13.19917  
328.700   -13.20899  
328.800   -13.21881  
328.900   -13.22863  
329.000   -13.23845  
329.100   -13.24827  
329.200   -13.25809  
329.300   -13.26791  
329.400   -13.27773  
329.500   -13.28755  
329.600   -13.29737  
329.700   -13.30719  
329.800   -13.31701  
329.900   -13.32683  
330.000   -13.33665  
330.100   -13.34647  
330.200   -13.35629  
330.300   -13.36611  
330.400   -13.37593  
330.500   -13.38574  
330.600   -13.39556  
330.700   -13.40538  
330.800   -13.41520  
330.900   -13.42502  
331.000   -13.43484  
331.100   -13.44466  
331.200   -13.45448  
331.300   -13.46430  
331.400   -13.47412  
331.500   -13.48394  
331.600   -13.49376  
331.700   -13.50357  
331.800   -13.51339  
331.900   -13.52321  
332.000   -13.53303  
332.100   -13.54285  
332.200   -13.55267  
332.300   -13.56249  
332.400   -13.57231  
332.500   -13.58213  
332.600   -13.59195  
332.700   -13.60177  
332.800   -13.61158  
332.900   -13.62140  
333.000   -13.63122  
333.100   -13.64104  
333.200   -13.65086  
333.300   -13.66068  
333.400   -13.67050  
333.500   -13.68032  
333.600   -13.69014  
333.700   -13.69996  
333.800   -13.70977  
333.900   -13.71959  
334.000   -13.72941  
334.100   -13.73923  
334.200   -13.74905  
334.300   -13.75887  
334.400   -13.76869  
334.500   -13.77851  
334.600   -13.78833  
334.700   -13.79815  
334.800   -13.80796  
334.900   -13.81778  
335.000   -13.82760  
335.100   -13.83742  
335.200   -13.84724  
335.300   -13.85706  
335.400   -13.86688  
335.500   -13.87670  
335.600   -13.88652  
335.700   -13.89634  
335.800   -13.90616  
335.900   -13.91597  
336.000   -13.92579  
336.100   -13.93561  
336.200   -13.94543  
336.300   -13.95525  
336.400   -13.96507  
336.500   -13.97489  
336.600   -13.98471  
336.700   -13.99453  
336.800   -14.00435  
336.900   -14.01417  
337.000   -14.02399  
337.100   -14.03381  
337.200   -14.04362  
337.300   -14.05344  
337.400   -14.06326  
337.500   -14.07308  
337.600   -14.08290  
337.700   -14.09272  
337.800   -14.10254  
337.900   -14.11236  
338.000   -14.12218  
338.100   -14.13200  
338.200   -14.14182  
338.300   -14.15164  
338.400   -14.16146  
338.500   -14.17128  
338.600   -14.18110  
338.700   -14.19092  
338.800   -14.20074  
338.900   -14.21056  
339.000   -14.22038  
339.100   -14.23020  
339.200   -14.24002  
339.300   -14.24984  
339.400   -14.25966  
339.500   -14.26948  
339.600   -14.27930  
339.700   -14.28912  
339.800   -14.29894  
339.900   -14.30876  
340.000   -14.31858  
340.100   -14.32840  
340.200   -14.33822  
340.300   -14.34804  
340.400   -14.35786  
340.500   -14.36768  
340.600   -14.37750  
340.700   -14.38732  
340.800   -14.39714  
340.900   -14.40696  
341.000   -14.41678  
341.100   -14.42660  
341.200   -14.43642  
341.300   -14.44624  
341.400   -14.45606  
341.500   -14.46588  
341.600   -14.47570  
341.700   -14.48552  
341.800   -14.49534  
341.900   -14.50516  
342.000   -14.51499  
342.100   -14.52481  
342.200   -14.53463  
342.300   -14.54445  
342.400   -14.55427  
342.500   -14.56409  
342.600   -14.57391  
342.700   -14.58373  
342.800   -14.59355  
342.900   -14.60338  
343.000   -14.61320  
343.100   -14.62302  
343.200   -14.63284  
343.300   -14.64266  
343.400   -14.65248  
343.500   -14.66230  
343.600   -14.67213  
343.700   -14.68195  
343.800   -14.69177  
343.900   -14.70159  
344.000   -14.71141  
344.100   -14.72123  
344.200   -14.73106  
344.300   -14.74088  
344.400   -14.75070  
344.500   -14.76052  
344.600   -14.77035  
344.700   -14.78017  
344.800   -14.78999  
344.900   -14.79981  
345.000   -14.80964  
345.100   -14.81946  
345.200   -14.82928  
345.300   -14.83910  
345.400   -14.84893  
345.500   -14.85875  
345.600   -14.86857  
345.700   -14.87839  
345.800   -14.88822  
345.900   -14.89804  
346.000   -14.90786  
346.100   -14.91769  
346.200   -14.92751  
346.300   -14.93733  
346.400   -14.94716  
346.500   -14.95698  
346.600   -14.96680  
346.700   -14.97663  
346.800   -14.98645  
346.900   -14.99627  
347.000   -15.00610  
347.100   -15.01592  
347.200   -15.02575  
347.300   -15.03557  
347.400   -15.04539  
347.500   -15.05522  
347.600   -15.06504  
347.700   -15.07487  
347.800   -15.08469  
347.900   -15.09452  
348.000   -15.10434  
348.100   -15.11417  
348.200   -15.12399  
348.300   -15.13382  
348.400   -15.14364  
348.500   -15.15347  
348.600   -15.16329  
348.700   -15.17312  
348.800   -15.18294  
348.900   -15.19277  
349.000   -15.20259  
349.100   -15.21242  
349.200   -15.22224  
349.300   -15.23207  
349.400   -15.24189  
349.500   -15.25172  
349.600   -15.26155  
349.700   -15.27137  
349.800   -15.28120  
349.900   -15.29102  
350.000   -15.30085  