0.000     0.00000  
  0.100    -0.00365  
  0.200    -0.01027  
  0.300    -0.01873  
  0.400    -0.02862  
  0.500    -0.03970  
  0.600    -0.05181  
  0.700    -0.06481  
  0.800    -0.07861  
  0.900    -0.09312  
  1.000    -0.10827  
  1.100    -0.12402  
  1.200    -0.14030  
  1.300    -0.15708  
  1.400    -0.17431  
  1.500    -0.19197  
  1.600    -0.21001  
  1.700    -0.22841  
  1.800    -0.24715  
  1.900    -0.26620  
  2.000    -0.28554  
  2.100    -0.30515  
  2.200    -0.32501  
  2.300    -0.34511  
  2.400    -0.36543  
  2.500    -0.38595  
  2.600    -0.40667  
  2.700    -0.42756  
  2.800    -0.44862  
  2.900    -0.46984  
  3.000    -0.49120  
  3.100    -0.51317  
  3.200    -0.53514  
  3.300    -0.55711  
  3.400    -0.57909  
  3.500    -0.60106  
  3.600    -0.62303  
  3.700    -0.64500  
  3.800    -0.66697  
  3.900    -0.68895  
  4.000    -0.71092  
  4.100    -0.73355  
  4.200    -0.75619  
  4.300    -0.77882  
  4.400    -0.80146  
  4.500    -0.82409  
  4.600    -0.84672  
  4.700    -0.86936  
  4.800    -0.89199  
  4.900    -0.91462  
  5.000    -0.93726  
  5.100    -0.95999  
  5.200    -0.98282  
  5.300    -1.00572  
  5.400    -1.02865  
  5.500    -1.05159  
  5.600    -1.07450  
  5.700    -1.09738  
  5.800    -1.12024  
  5.900    -1.14308  
  6.000    -1.16591  
  6.100    -1.18874  
  6.200    -1.21156  
  6.300    -1.23439  
  6.400    -1.25723  
  6.500    -1.28008  
  6.600    -1.30296  
  6.700    -1.32583  
  6.800    -1.34868  
  6.900    -1.37150  
  7.000    -1.39426  
  7.100    -1.41695  
  7.200    -1.43959  
  7.300    -1.46220  
  7.400    -1.48481  
  7.500    -1.50745  
  7.600    -1.53012  
  7.700    -1.55281  
  7.800    -1.57549  
  7.900    -1.59811  
  8.000    -1.62064  
  8.100    -1.64307  
  8.200    -1.66542  
  8.300    -1.68772  
  8.400    -1.71002  
  8.500    -1.73234  
  8.600    -1.75472  
  8.700    -1.77712  
  8.800    -1.79950  
  8.900    -1.82182  
  9.000    -1.84404  
  9.100    -1.86613  
  9.200    -1.88812  
  9.300    -1.91005  
  9.400    -1.93198  
  9.500    -1.95393  
  9.600    -1.97595  
  9.700    -1.99799  
  9.800    -2.02002  
  9.900    -2.04197  
 10.000    -2.06382  
 10.100    -2.08551  
 10.200    -2.10707  
 10.300    -2.12851  
 10.400    -2.14986  
 10.500    -2.17115  
 10.600    -2.19240  
 10.700    -2.21363  
 10.800    -2.23488  
 10.900    -2.25615  
 11.000    -2.27749  
 11.100    -2.29890  
 11.200    -2.32037  
 11.300    -2.34187  
 11.400    -2.36338  
 11.500    -2.38487  
 11.600    -2.40632  
 11.700    -2.42769  
 11.800    -2.44898  
 11.900    -2.47014  
 12.000    -2.49116  
 12.100    -2.51202  
 12.200    -2.53273  
 12.300    -2.55332  
 12.400    -2.57382  
 12.500    -2.59425  
 12.600    -2.61464  
 12.700    -2.63501  
 12.800    -2.65539  
 12.900    -2.67581  
 13.000    -2.69628  
 13.100    -2.71683  
 13.200    -2.73744  
 13.300    -2.75808  
 13.400    -2.77873  
 13.500    -2.79937  
 13.600    -2.81996  
 13.700    -2.84048  
 13.800    -2.86092  
 13.900    -2.88123  
 14.000    -2.90140  
 14.100    -2.92141  
 14.200    -2.94127  
 14.300    -2.96101  
 14.400    -2.98067  
 14.500    -3.00025  
 14.600    -3.01979  
 14.700    -3.03931  
 14.800    -3.05884  
 14.900    -3.07840  
 15.000    -3.09802  
 15.100    -3.11771  
 15.200    -3.13746  
 15.300    -3.15725  
 15.400    -3.17704  
 15.500    -3.19682  
 15.600    -3.21656  
 15.700    -3.23624  
 15.800    -3.25583  
 15.900    -3.27530  
 16.000    -3.29464  
 16.100    -3.31382  
 16.200    -3.33286  
 16.300    -3.35179  
 16.400    -3.37063  
 16.500    -3.38940  
 16.600    -3.40814  
 16.700    -3.42685  
 16.800    -3.44557  
 16.900    -3.46432  
 17.000    -3.48312  
 17.100    -3.50200  
 17.200    -3.52093  
 17.300    -3.53990  
 17.400    -3.55887  
 17.500    -3.57783  
 17.600    -3.59675  
 17.700    -3.61562  
 17.800    -3.63440  
 17.900    -3.65307  
 18.000    -3.67161  
 18.100    -3.69001  
 18.200    -3.70828  
 18.300    -3.72644  
 18.400    -3.74452  
 18.500    -3.76254  
 18.600    -3.78051  
 18.700    -3.79847  
 18.800    -3.81644  
 18.900    -3.83443  
 19.000    -3.85247  
 19.100    -3.87058  
 19.200    -3.88875  
 19.300    -3.90694  
 19.400    -3.92514  
 19.500    -3.94333  
 19.600    -3.96148  
 19.700    -3.97958  
 19.800    -3.99761  
 19.900    -4.01553  
 20.000    -4.03333  
 20.100    -4.05100  
 20.200    -4.06855  
 20.300    -4.08600  
 20.400    -4.10337  
 20.500    -4.12069  
 20.600    -4.13796  
 20.700    -4.15522  
 20.800    -4.17249  
 20.900    -4.18978  
 21.000    -4.20711  
 21.100    -4.22451  
 21.200    -4.24195  
 21.300    -4.25943  
 21.400    -4.27691  
 21.500    -4.29438  
 21.600    -4.31182  
 21.700    -4.32921  
 21.800    -4.34653  
 21.900    -4.36377  
 22.000    -4.38089  
 22.100    -4.39789  
 22.200    -4.41479  
 22.300    -4.43159  
 22.400    -4.44831  
 22.500    -4.46498  
 22.600    -4.48162  
 22.700    -4.49823  
 22.800    -4.51484  
 22.900    -4.53147  
 23.000    -4.54813  
 23.100    -4.56484  
 23.200    -4.58158  
 23.300    -4.59836  
 23.400    -4.61514  
 23.500    -4.63193  
 23.600    -4.64870  
 23.700    -4.66544  
 23.800    -4.68214  
 23.900    -4.69879  
 24.000    -4.71537  
 24.100    -4.73187  
 24.200    -4.74831  
 24.300    -4.76467  
 24.400    -4.78098  
 24.500    -4.79724  
 24.600    -4.81345  
 24.700    -4.82963  
 24.800    -4.84579  
 24.900    -4.86192  
 25.000    -4.87804  
 25.100    -4.89415  
 25.200    -4.91025  
 25.300    -4.92633  
 25.400    -4.94238  
 25.500    -4.95840  
 25.600    -4.97439  
 25.700    -4.99033  
 25.800    -5.00622  
 25.900    -5.02205  
 26.000    -5.03782  
 26.100    -5.05352  
 26.200    -5.06916  
 26.300    -5.08475  
 26.400    -5.10031  
 26.500    -5.11584  
 26.600    -5.13135  
 26.700    -5.14687  
 26.800    -5.16239  
 26.900    -5.17794  
 27.000    -5.19351  
 27.100    -5.20913  
 27.200    -5.22477  
 27.300    -5.24043  
 27.400    -5.25609  
 27.500    -5.27173  
 27.600    -5.28734  
 27.700    -5.30291  
 27.800    -5.31842  
 27.900    -5.33386  
 28.000    -5.34921  
 28.100    -5.36446  
 28.200    -5.37962  
 28.300    -5.39472  
 28.400    -5.40976  
 28.500    -5.42477  
 28.600    -5.43976  
 28.700    -5.45474  
 28.800    -5.46973  
 28.900    -5.48475  
 29.000    -5.49982  
 29.100    -5.51494  
 29.200    -5.53010  
 29.300    -5.54529  
 29.400    -5.56047  
 29.500    -5.57563  
 29.600    -5.59076  
 29.700    -5.60582  
 29.800    -5.62080  
 29.900    -5.63568  
 30.000    -5.65043  
 30.100    -5.66505  
 30.200    -5.67955  
 30.300    -5.69394  
 30.400    -5.70824  
 30.500    -5.72247  
 30.600    -5.73665  
 30.700    -5.75079  
 30.800    -5.76492  
 30.900    -5.77905  
 31.000    -5.79320  
 31.100    -5.80738  
 31.200    -5.82160  
 31.300    -5.83584  
 31.400    -5.85011  
 31.500    -5.86439  
 31.600    -5.87870  
 31.700    -5.89301  
 31.800    -5.90733  
 31.900    -5.92165  
 32.000    -5.93597  
 32.100    -5.95028  
 32.200    -5.96458  
 32.300    -5.97888  
 32.400    -5.99317  
 32.500    -6.00745  
 32.600    -6.02172  
 32.700    -6.03599  
 32.800    -6.05025  
 32.900    -6.06449  
 33.000    -6.07873  
 33.100    -6.09297  
 33.200    -6.10719  
 33.300    -6.12142  
 33.400    -6.13566  
 33.500    -6.14990  
 33.600    -6.16417  
 33.700    -6.17845  
 33.800    -6.19277  
 33.900    -6.20712  
 34.000    -6.22150  
 34.100    -6.23593  
 34.200    -6.25037  
 34.300    -6.26482  
 34.400    -6.27925  
 34.500    -6.29364  
 34.600    -6.30797  
 34.700    -6.32222  
 34.800    -6.33636  
 34.900    -6.35039  
 35.000    -6.36427  
 35.100    -6.37799  
 35.200    -6.39157  
 35.300    -6.40502  
 35.400    -6.41838  
 35.500    -6.43165  
 35.600    -6.44486  
 35.700    -6.45803  
 35.800    -6.47119  
 35.900    -6.48434  
 36.000    -6.49752  
 36.100    -6.51074  
 36.200    -6.52399  
 36.300    -6.53728  
 36.400    -6.55059  
 36.500    -6.56393  
 36.600    -6.57729  
 36.700    -6.59065  
 36.800    -6.60403  
 36.900    -6.61740  
 37.000    -6.63077  
 37.100    -6.64413  
 37.200    -6.65749  
 37.300    -6.67083  
 37.400    -6.68417  
 37.500    -6.69749  
 37.600    -6.71081  
 37.700    -6.72413  
 37.800    -6.73743  
 37.900    -6.75073  
 38.000    -6.76402  
 38.100    -6.77731  
 38.200    -6.79059  
 38.300    -6.80388  
 38.400    -6.81717  
 38.500    -6.83047  
 38.600    -6.84378  
 38.700    -6.85712  
 38.800    -6.87048  
 38.900    -6.88386  
 39.000    -6.89727  
 39.100    -6.91072  
 39.200    -6.92419  
 39.300    -6.93765  
 39.400    -6.95110  
 39.500    -6.96452  
 39.600    -6.97789  
 39.700    -6.99119  
 39.800    -7.00441  
 39.900    -7.01752  
 40.000    -7.03053  
 40.100    -7.04340  
 40.200    -7.05615  
 40.300    -7.06880  
 40.400    -7.08137  
 40.500    -7.09388  
 40.600    -7.10633  
 40.700    -7.11875  
 40.800    -7.13116  
 40.900    -7.14357  
 41.000    -7.15599  
 41.100    -7.16845  
 41.200    -7.18094  
 41.300    -7.19345  
 41.400    -7.20599  
 41.500    -7.21855  
 41.600    -7.23112  
 41.700    -7.24370  
 41.800    -7.25629  
 41.900    -7.26887  
 42.000    -7.28146  
 42.100    -7.29403  
 42.200    -7.30660  
 42.300    -7.31917  
 42.400    -7.33172  
 42.500    -7.34427  
 42.600    -7.35681  
 42.700    -7.36935  
 42.800    -7.38188  
 42.900    -7.39441  
 43.000    -7.40692  
 43.100    -7.41944  
 43.200    -7.43195  
 43.300    -7.44446  
 43.400    -7.45698  
 43.500    -7.46951  
 43.600    -7.48205  
 43.700    -7.49460  
 43.800    -7.50718  
 43.900    -7.51977  
 44.000    -7.53239  
 44.100    -7.54504  
 44.200    -7.55770  
 44.300    -7.57036  
 44.400    -7.58301  
 44.500    -7.59564  
 44.600    -7.60822  
 44.700    -7.62074  
 44.800    -7.63320  
 44.900    -7.64558  
 45.000    -7.65786  
 45.100    -7.67003  
 45.200    -7.68210  
 45.300    -7.69410  
 45.400    -7.70602  
 45.500    -7.71789  
 45.600    -7.72972  
 45.700    -7.74152  
 45.800    -7.75331  
 45.900    -7.76510  
 46.000    -7.77690  
 46.100    -7.78874  
 46.200    -7.80059  
 46.300    -7.81247  
 46.400    -7.82437  
 46.500    -7.83628  
 46.600    -7.84821  
 46.700    -7.86014  
 46.800    -7.87208  
 46.900    -7.88401  
 47.000    -7.89595  
 47.100    -7.90788  
 47.200    -7.91980  
 47.300    -7.93172  
 47.400    -7.94363  
 47.500    -7.95554  
 47.600    -7.96744  
 47.700    -7.97934  
 47.800    -7.99123  
 47.900    -8.00312  
 48.000    -8.01500  
 48.100    -8.02687  
 48.200    -8.03875  
 48.300    -8.05063  
 48.400    -8.06251  
 48.500    -8.07440  
 48.600    -8.08630  
 48.700    -8.09821  
 48.800    -8.11013  
 48.900    -8.12208  
 49.000    -8.13404  
 49.100    -8.14603  
 49.200    -8.15803  
 49.300    -8.17003  
 49.400    -8.18202  
 49.500    -8.19399  
 49.600    -8.20593  
 49.700    -8.21781  
 49.800    -8.22965  
 49.900    -8.24141  
 50.000    -8.25309  
 50.100    -8.26468  
 50.200    -8.27620  
 50.300    -8.28764  
 50.400    -8.29903  
 50.500    -8.31037  
 50.600    -8.32168  
 50.700    -8.33296  
 50.800    -8.34424  
 50.900    -8.35551  
 51.000    -8.36680  
 51.100    -8.37811  
 51.200    -8.38944  
 51.300    -8.40079  
 51.400    -8.41216  
 51.500    -8.42353  
 51.600    -8.43492  
 51.700    -8.44632  
 51.800    -8.45771  
 51.900    -8.46911  
 52.000    -8.48051  
 52.100    -8.49190  
 52.200    -8.50329  
 52.300    -8.51467  
 52.400    -8.52605  
 52.500    -8.53742  
 52.600    -8.54879  
 52.700    -8.56015  
 52.800    -8.57151  
 52.900    -8.58287  
 53.000    -8.59422  
 53.100    -8.60557  
 53.200    -8.61691  
 53.300    -8.62826  
 53.400    -8.63961  
 53.500    -8.65097  
 53.600    -8.66233  
 53.700    -8.67371  
 53.800    -8.68510  
 53.900    -8.69650  
 54.000    -8.70793  
 54.100    -8.71937  
 54.200    -8.73082  
 54.300    -8.74227  
 54.400    -8.75371  
 54.500    -8.76514  
 54.600    -8.77653  
 54.700    -8.78789  
 54.800    -8.79920  
 54.900    -8.81045  
 55.000    -8.82164  
 55.100    -8.83275  
 55.200    -8.84379  
 55.300    -8.85477  
 55.400    -8.86571  
 55.500    -8.87661  
 55.600    -8.88748  
 55.700    -8.89833  
 55.800    -8.90917  
 55.900    -8.92002  
 56.000    -8.93087  
 56.100    -8.94174  
 56.200    -8.95263  
 56.300    -8.96354  
 56.400    -8.97446  
 56.500    -8.98539  
 56.600    -8.99633  
 56.700    -9.00727  
 56.800    -9.01821  
 56.900    -9.02916  
 57.000    -9.04011  
 57.100    -9.05105  
 57.200    -9.06198  
 57.300    -9.07292  
 57.400    -9.08385  
 57.500    -9.09477  
 57.600    -9.10569  
 57.700    -9.11661  
 57.800    -9.12752  
 57.900    -9.13843  
 58.000    -9.14934  
 58.100    -9.16025  
 58.200    -9.17115  
 58.300    -9.18205  
 58.400    -9.19296  
 58.500    -9.20387  
 58.600    -9.21479  
 58.700    -9.22572  
 58.800    -9.23666  
 58.900    -9.24761  
 59.000    -9.25858  
 59.100    -9.26956  
 59.200    -9.28055  
 59.300    -9.29154  
 59.400    -9.30253  
 59.500    -9.31350  
 59.600    -9.32444  
 59.700    -9.33535  
 59.800    -9.34622  
 59.900    -9.35705  
 60.000    -9.36781  
 60.100    -9.37852  
 60.200    -9.38916  
 60.300    -9.39976  
 60.400    -9.41032  
 60.500    -9.42084  
 60.600    -9.43134  
 60.700    -9.44183  
 60.800    -9.45230  
 60.900    -9.46278  
 61.000    -9.47327  
 61.100    -9.48377  
 61.200    -9.49429  
 61.300    -9.50482  
 61.400    -9.51536  
 61.500    -9.52591  
 61.600    -9.53647  
 61.700    -9.54703  
 61.800    -9.55759  
 61.900    -9.56816  
 62.000    -9.57872  
 62.100    -9.58928  
 62.200    -9.59984  
 62.300    -9.61039  
 62.400    -9.62094  
 62.500    -9.63149  
 62.600    -9.64203  
 62.700    -9.65258  
 62.800    -9.66311  
 62.900    -9.67365  
 63.000    -9.68418  
 63.100    -9.69471  
 63.200    -9.70524  
 63.300    -9.71577  
 63.400    -9.72630  
 63.500    -9.73683  
 63.600    -9.74737  
 63.700    -9.75792  
 63.800    -9.76848  
 63.900    -9.77905  
 64.000    -9.78963  
 64.100    -9.80023  
 64.200    -9.81083  
 64.300    -9.82144  
 64.400    -9.83203  
 64.500    -9.84262  
 64.600    -9.85318  
 64.700    -9.86372  
 64.800    -9.87422  
 64.900    -9.88468  
 65.000    -9.89509  
 65.100    -9.90545  
 65.200    -9.91576  
 65.300    -9.92602  
 65.400    -9.93626  
 65.500    -9.94646  
 65.600    -9.95665  
 65.700    -9.96682  
 65.800    -9.97699  
 65.900    -9.98715  
 66.000    -9.99733  
 66.100   -10.00751  
 66.200   -10.01771  
 66.300   -10.02792  
 66.400   -10.03814  
 66.500   -10.04837  
 66.600   -10.05861  
 66.700   -10.06884  
 66.800   -10.07908  
 66.900   -10.08932  
 67.000   -10.09956  
 67.100   -10.10980  
 67.200   -10.12003  
 67.300   -10.13026  
 67.400   -10.14049  
 67.500   -10.15072  
 67.600   -10.16094  
 67.700   -10.17116  
 67.800   -10.18137  
 67.900   -10.19159  
 68.000   -10.20180  
 68.100   -10.21201  
 68.200   -10.22222  
 68.300   -10.23243  
 68.400   -10.24264  
 68.500   -10.25285  
 68.600   -10.26307  
 68.700   -10.27330  
 68.800   -10.28354  
 68.900   -10.29378  
 69.000   -10.30404  
 69.100   -10.31430  
 69.200   -10.32458  
 69.300   -10.33485  
 69.400   -10.34512  
 69.500   -10.35537  
 69.600   -10.36561  
 69.700   -10.37583  
 69.800   -10.38601  
 69.900   -10.39616  
 70.000   -10.40627  
 70.100   -10.41634  
 70.200   -10.42636  
 70.300   -10.43634  
 70.400   -10.44630  
 70.500   -10.45623  
 70.600   -10.46614  
 70.700   -10.47605  
 70.800   -10.48594  
 70.900   -10.49584  
 71.000   -10.50575  
 71.100   -10.51566  
 71.200   -10.52559  
 71.300   -10.53553  
 71.400   -10.54547  
 71.500   -10.55542  
 71.600   -10.56538  
 71.700   -10.57534  
 71.800   -10.58530  
 71.900   -10.59526  
 72.000   -10.60522  
 72.100   -10.61518  
 72.200   -10.62514  
 72.300   -10.63509  
 72.400   -10.64504  
 72.500   -10.65499  
 72.600   -10.66493  
 72.700   -10.67488  
 72.800   -10.68482  
 72.900   -10.69476  
 73.000   -10.70470  
 73.100   -10.71463  
 73.200   -10.72456  
 73.300   -10.73450  
 73.400   -10.74444  
 73.500   -10.75438  
 73.600   -10.76432  
 73.700   -10.77427  
 73.800   -10.78423  
 73.900   -10.79419  
 74.000   -10.80417  
 74.100   -10.81415  
 74.200   -10.82414  
 74.300   -10.83413  
 74.400   -10.84412  
 74.500   -10.85410  
 74.600   -10.86406  
 74.700   -10.87400  
 74.800   -10.88391  
 74.900   -10.89380  
 75.000   -10.90364  
 75.100   -10.91345  
 75.200   -10.92322  
 75.300   -10.93296  
 75.400   -10.94268  
 75.500   -10.95237  
 75.600   -10.96205  
 75.700   -10.97172  
 75.800   -10.98139  
 75.900   -10.99106  
 76.000   -11.00073  
 76.100   -11.01041  
 76.200   -11.02010  
 76.300   -11.02980  
 76.400   -11.03950  
 76.500   -11.04922  
 76.600   -11.05893  
 76.700   -11.06865  
 76.800   -11.07837  
 76.900   -11.08809  
 77.000   -11.09781  
 77.100   -11.10753  
 77.200   -11.11724  
 77.300   -11.12696  
 77.400   -11.13667  
 77.500   -11.14638  
 77.600   -11.15609  
 77.700   -11.16579  
 77.800   -11.17549  
 77.900   -11.18520  
 78.000   -11.19489  
 78.100   -11.20459  
 78.200   -11.21429  
 78.300   -11.22399  
 78.400   -11.23369  
 78.500   -11.24339  
 78.600   -11.25309  
 78.700   -11.26281  
 78.800   -11.27252  
 78.900   -11.28225  
 79.000   -11.29198  
 79.100   -11.30172  
 79.200   -11.31147  
 79.300   -11.32121  
 79.400   -11.33095  
 79.500   -11.34069  
 79.600   -11.35041  
 79.700   -11.36011  
 79.800   -11.36979  
 79.900   -11.37944  
 80.000   -11.38906  
 80.100   -11.39865  
 80.200   -11.40821  
 80.300   -11.41774  
 80.400   -11.42724  
 80.500   -11.43673  
 80.600   -11.44620  
 80.700   -11.45567  
 80.800   -11.46513  
 80.900   -11.47460  
 81.000   -11.48406  
 81.100   -11.49354  
 81.200   -11.50302  
 81.300   -11.51252  
 81.400   -11.52201  
 81.500   -11.53152  
 81.600   -11.54102  
 81.700   -11.55053  
 81.800   -11.56004  
 81.900   -11.56955  
 82.000   -11.57906  
 82.100   -11.58857  
 82.200   -11.59808  
 82.300   -11.60758  
 82.400   -11.61709  
 82.500   -11.62659  
 82.600   -11.63609  
 82.700   -11.64558  
 82.800   -11.65508  
 82.900   -11.66457  
 83.000   -11.67406  
 83.100   -11.68355  
 83.200   -11.69305  
 83.300   -11.70254  
 83.400   -11.71203  
 83.500   -11.72152  
 83.600   -11.73102  
 83.700   -11.74052  
 83.800   -11.75003  
 83.900   -11.75954  
 84.000   -11.76906  
 84.100   -11.77859  
 84.200   -11.78813  
 84.300   -11.79766  
 84.400   -11.80719  
 84.500   -11.81671  
 84.600   -11.82622  
 84.700   -11.83571  
 84.800   -11.84519  
 84.900   -11.85464  
 85.000   -11.86406  
 85.100   -11.87346  
 85.200   -11.88282  
 85.300   -11.89216  
 85.400   -11.90149  
 85.500   -11.91079  
 85.600   -11.92009  
 85.700   -11.92938  
 85.800   -11.93866  
 85.900   -11.94794  
 86.000   -11.95723  
 86.100   -11.96653  
 86.200   -11.97583  
 86.300   -11.98514  
 86.400   -11.99446  
 86.500   -12.00378  
 86.600   -12.01310  
 86.700   -12.02242  
 86.800   -12.03175  
 86.900   -12.04108  
 87.000   -12.05040  
 87.100   -12.05973  
 87.200   -12.06905  
 87.300   -12.07837  
 87.400   -12.08769  
 87.500   -12.09701  
 87.600   -12.10632  
 87.700   -12.11564  
 87.800   -12.12495  
 87.900   -12.13426  
 88.000   -12.14357  
 88.100   -12.15288  
 88.200   -12.16219  
 88.300   -12.17150  
 88.400   -12.18081  
 88.500   -12.19012  
 88.600   -12.19943  
 88.700   -12.20875  
 88.800   -12.21807  
 88.900   -12.22740  
 89.000   -12.23674  
 89.100   -12.24608  
 89.200   -12.25543  
 89.300   -12.26477  
 89.400   -12.27412  
 89.500   -12.28345  
 89.600   -12.29278  
 89.700   -12.30209  
 89.800   -12.31138  
 89.900   -12.32066  
 90.000   -12.32991  
 90.100   -12.33913  
 90.200   -12.34833  
 90.300   -12.35750  
 90.400   -12.36666  
 90.500   -12.37581  
 90.600   -12.38494  
 90.700   -12.39407  
 90.800   -12.40320  
 90.900   -12.41232  
 91.000   -12.42145  
 91.100   -12.43059  
 91.200   -12.43973  
 91.300   -12.44888  
 91.400   -12.45803  
 91.500   -12.46719  
 91.600   -12.47635  
 91.700   -12.48551  
 91.800   -12.49467  
 91.900   -12.50383  
 92.000   -12.51300  
 92.100   -12.52216  
 92.200   -12.53132  
 92.300   -12.54048  
 92.400   -12.54963  
 92.500   -12.55879  
 92.600   -12.56794  
 92.700   -12.57709  
 92.800   -12.58624  
 92.900   -12.59539  
 93.000   -12.60454  
 93.100   -12.61369  
 93.200   -12.62284  
 93.300   -12.63198  
 93.400   -12.64113  
 93.500   -12.65028  
 93.600   -12.65944  
 93.700   -12.66859  
 93.800   -12.67775  
 93.900   -12.68692  
 94.000   -12.69609  
 94.100   -12.70527  
 94.200   -12.71445  
 94.300   -12.72363  
 94.400   -12.73280  
 94.500   -12.74198  
 94.600   -12.75114  
 94.700   -12.76029  
 94.800   -12.76942  
 94.900   -12.77854  
 95.000   -12.78763  
 95.100   -12.79670  
 95.200   -12.80575  
 95.300   -12.81478  
 95.400   -12.82379  
 95.500   -12.83280  
 95.600   -12.84179  
 95.700   -12.85077  
 95.800   -12.85976  
 95.900   -12.86874  
 96.000   -12.87773  
 96.100   -12.88672  
 96.200   -12.89572  
 96.300   -12.90472  
 96.400   -12.91373  
 96.500   -12.92274  
 96.600   -12.93176  
 96.700   -12.94077  
 96.800   -12.94979  
 96.900   -12.95881  
 97.000   -12.96782  
 97.100   -12.97684  
 97.200   -12.98585  
 97.300   -12.99486  
 97.400   -13.00388  
 97.500   -13.01289  
 97.600   -13.02189  
 97.700   -13.03090  
 97.800   -13.03991  
 97.900   -13.04891  
 98.000   -13.05792  
 98.100   -13.06692  
 98.200   -13.07592  
 98.300   -13.08493  
 98.400   -13.09393  
 98.500   -13.10294  
 98.600   -13.11194  
 98.700   -13.12096  
 98.800   -13.12997  
 98.900   -13.13899  
 99.000   -13.14801  
 99.100   -13.15704  
 99.200   -13.16607  
 99.300   -13.17511  
 99.400   -13.18414  
 99.500   -13.19316  
 99.600   -13.20218  
 99.700   -13.21118  
 99.800   -13.22018  
 99.900   -13.22915  
100.000   -13.23811  
100.100   -13.24704  
100.200   -13.25596  
100.300   -13.26485  
100.400   -13.27373  
100.500   -13.28259  
100.600   -13.29144  
100.700   -13.30027  
100.800   -13.30910  
100.900   -13.31791  
101.000   -13.32671  
101.100   -13.33550  
101.200   -13.34428  
101.300   -13.35307  
101.400   -13.36184  
101.500   -13.37062  
101.600   -13.37939  
101.700   -13.38816  
101.800   -13.39694  
101.900   -13.40572  
102.000   -13.41450  
102.100   -13.42329  
102.200   -13.43208  
102.300   -13.44088  
102.400   -13.44968  
102.500   -13.45849  
102.600   -13.46730  
102.700   -13.47612  
102.800   -13.48493  
102.900   -13.49376  
103.000   -13.50258  
103.100   -13.51141  
103.200   -13.52023  
103.300   -13.52906  
103.400   -13.53790  
103.500   -13.54673  
103.600   -13.55556  
103.700   -13.56439  
103.800   -13.57323  
103.900   -13.58206  
104.000   -13.59089  
104.100   -13.59972  
104.200   -13.60855  
104.300   -13.61738  
104.400   -13.62620  
104.500   -13.63503  
104.600   -13.64385  
104.700   -13.65267  
104.800   -13.66150  
104.900   -13.67032  
105.000   -13.67914  
105.100   -13.68796  
105.200   -13.69677  
105.300   -13.70559  
105.400   -13.71441  
105.500   -13.72322  
105.600   -13.73203  
105.700   -13.74085  
105.800   -13.74966  
105.900   -13.75847  
106.000   -13.76728  
106.100   -13.77609  
106.200   -13.78490  
106.300   -13.79370  
106.400   -13.80251  
106.500   -13.81132  
106.600   -13.82013  
106.700   -13.82894  
106.800   -13.83775  
106.900   -13.84656  
107.000   -13.85537  
107.100   -13.86419  
107.200   -13.87301  
107.300   -13.88183  
107.400   -13.89065  
107.500   -13.89948  
107.600   -13.90831  
107.700   -13.91714  
107.800   -13.92598  
107.900   -13.93482  
108.000   -13.94367  
108.100   -13.95252  
108.200   -13.96138  
108.300   -13.97024  
108.400   -13.97909  
108.500   -13.98795  
108.600   -13.99681  
108.700   -14.00567  
108.800   -14.01452  
108.900   -14.02337  
109.000   -14.03221  
109.100   -14.04105  
109.200   -14.04988  
109.300   -14.05869  
109.400   -14.06750  
109.500   -14.07630  
109.600   -14.08508  
109.700   -14.09385  
109.800   -14.10260  
109.900   -14.11134  
110.000   -14.12006  
110.100   -14.12876  
110.200   -14.13744  
110.300   -14.14611  
110.400   -14.15476  
110.500   -14.16340  
110.600   -14.17203  
110.700   -14.18064  
110.800   -14.18924  
110.900   -14.19783  
111.000   -14.20642  
111.100   -14.21500  
111.200   -14.22357  
111.300   -14.23214  
111.400   -14.24070  
111.500   -14.24926  
111.600   -14.25783  
111.700   -14.26639  
111.800   -14.27495  
111.900   -14.28352  
112.000   -14.29208  
112.100   -14.30066  
112.200   -14.30924  
112.300   -14.31782  
112.400   -14.32641  
112.500   -14.33500  
112.600   -14.34359  
112.700   -14.35219  
112.800   -14.36079  
112.900   -14.36939  
113.000   -14.37800  
113.100   -14.38661  
113.200   -14.39522  
113.300   -14.40383  
113.400   -14.41244  
113.500   -14.42105  
113.600   -14.42966  
113.700   -14.43827  
113.800   -14.44689  
113.900   -14.45550  
114.000   -14.46411  
114.100   -14.47272  
114.200   -14.48133  
114.300   -14.48994  
114.400   -14.49855  
114.500   -14.50715  
114.600   -14.51576  
114.700   -14.52436  
114.800   -14.53296  
114.900   -14.54157  
115.000   -14.55017  
115.100   -14.55877  
115.200   -14.56737  
115.300   -14.57597  
115.400   -14.58456  
115.500   -14.59316  
115.600   -14.60176  
115.700   -14.61035  
115.800   -14.61895  
115.900   -14.62754  
116.000   -14.63613  
116.100   -14.64473  
116.200   -14.65332  
116.300   -14.66191  
116.400   -14.67050  
116.500   -14.67909  
116.600   -14.68768  
116.700   -14.69628  
116.800   -14.70487  
116.900   -14.71346  
117.000   -14.72206  
117.100   -14.73066  
117.200   -14.73926  
117.300   -14.74786  
117.400   -14.75646  
117.500   -14.76507  
117.600   -14.77368  
117.700   -14.78230  
117.800   -14.79091  
117.900   -14.79953  
118.000   -14.80816  
118.100   -14.81679  
118.200   -14.82542  
118.300   -14.83405  
118.400   -14.84269  
118.500   -14.85133  
118.600   -14.85996  
118.700   -14.86859  
118.800   -14.87722  
118.900   -14.88585  
119.000   -14.89447  
119.100   -14.90309  
119.200   -14.91169  
119.300   -14.92029  
119.400   -14.92888  
119.500   -14.93747  
119.600   -14.94604  
119.700   -14.95459  
119.800   -14.96314  
119.900   -14.97167  
120.000   -14.98018  
120.100   -14.98868  
120.200   -14.99717  
120.300   -15.00564  
120.400   -15.01410  
120.500   -15.02254  
120.600   -15.03097  
120.700   -15.03940  
120.800   -15.04781  
120.900   -15.05622  
121.000   -15.06462  
121.100   -15.07301  
121.200   -15.08140  
121.300   -15.08979  
121.400   -15.09817  
121.500   -15.10655  
121.600   -15.11493  
121.700   -15.12331  
121.800   -15.13169  
121.900   -15.14007  
122.000   -15.14846  
122.100   -15.15685  
122.200   -15.16525  
122.300   -15.17364  
122.400   -15.18205  
122.500   -15.19045  
122.600   -15.19886  
122.700   -15.20727  
122.800   -15.21568  
122.900   -15.22410  
123.000   -15.23251  
123.100   -15.24093  
123.200   -15.24935  
123.300   -15.25778  
123.400   -15.26620  
123.500   -15.27462  
123.600   -15.28304  
123.700   -15.29147  
123.800   -15.29989  
123.900   -15.30831  
124.000   -15.31674  
124.100   -15.32516  
124.200   -15.33358  
124.300   -15.34200  
124.400   -15.35042  
124.500   -15.35884  
124.600   -15.36725  
124.700   -15.37567  
124.800   -15.38409  
124.900   -15.39250  
125.000   -15.40092  
125.100   -15.40933  
125.200   -15.41774  
125.300   -15.42615  
125.400   -15.43456  
125.500   -15.44297  
125.600   -15.45138  
125.700   -15.45979  
125.800   -15.46820  
125.900   -15.47661  
126.000   -15.48501  
126.100   -15.49342  
126.200   -15.50183  
126.300   -15.51023  
126.400   -15.51863  
126.500   -15.52704  
126.600   -15.53545  
126.700   -15.54385  
126.800   -15.55226  
126.900   -15.56067  
127.000   -15.56908  
127.100   -15.57749  
127.200   -15.58590  
127.300   -15.59431  
127.400   -15.60273  
127.500   -15.61115  
127.600   -15.61957  
127.700   -15.62800  
127.800   -15.63642  
127.900   -15.64486  
128.000   -15.65329  
128.100   -15.66173  
128.200   -15.67017  
128.300   -15.67861  
128.400   -15.68706  
128.500   -15.69550  
128.600   -15.70394  
128.700   -15.71239  
128.800   -15.72083  
128.900   -15.72926  
129.000   -15.73769  
129.100   -15.74612  
129.200   -15.75454  
129.300   -15.76295  
129.400   -15.77136  
129.500   -15.77975  
129.600   -15.78814  
129.700   -15.79651  
129.800   -15.80488  
129.900   -15.81323  
130.000   -15.82157  
130.100   -15.82989  
130.200   -15.83820  
130.300   -15.84650  
130.400   -15.85479  
130.500   -15.86306  
130.600   -15.87133  
130.700   -15.87958  
130.800   -15.88783  
130.900   -15.89607  
131.000   -15.90431  
131.100   -15.91254  
131.200   -15.92077  
131.300   -15.92899  
131.400   -15.93721  
131.500   -15.94543  
131.600   -15.95364  
131.700   -15.96186  
131.800   -15.97008  
131.900   -15.97830  
132.000   -15.98652  
132.100   -15.99475  
132.200   -16.00298  
132.300   -16.01122  
132.400   -16.01945  
132.500   -16.02769  
132.600   -16.03594  
132.700   -16.04418  
132.800   -16.05243  
132.900   -16.06068  
133.000   -16.06893  
133.100   -16.07718  
133.200   -16.08544  
133.300   -16.09369  
133.400   -16.10195  
133.500   -16.11020  
133.600   -16.11846  
133.700   -16.12671  
133.800   -16.13497  
133.900   -16.14323  
134.000   -16.15148  
134.100   -16.15974  
134.200   -16.16799  
134.300   -16.17625  
134.400   -16.18450  
134.500   -16.19275  
134.600   -16.20100  
134.700   -16.20925  
134.800   -16.21750  
134.900   -16.22575  
135.000   -16.23400  
135.100   -16.24225  
135.200   -16.25049  
135.300   -16.25874  
135.400   -16.26698  
135.500   -16.27523  
135.600   -16.28347  
135.700   -16.29172  
135.800   -16.29996  
135.900   -16.30820  
136.000   -16.31644  
136.100   -16.32468  
136.200   -16.33292  
136.300   -16.34116  
136.400   -16.34940  
136.500   -16.35764  
136.600   -16.36588  
136.700   -16.37412  
136.800   -16.38236  
136.900   -16.39061  
137.000   -16.39885  
137.100   -16.40710  
137.200   -16.41534  
137.300   -16.42359  
137.400   -16.43184  
137.500   -16.44010  
137.600   -16.44835  
137.700   -16.45661  
137.800   -16.46487  
137.900   -16.47313  
138.000   -16.48140  
138.100   -16.48967  
138.200   -16.49794  
138.300   -16.50622  
138.400   -16.51449  
138.500   -16.52277  
138.600   -16.53104  
138.700   -16.53932  
138.800   -16.54759  
138.900   -16.55586  
139.000   -16.56412  
139.100   -16.57238  
139.200   -16.58063  
139.300   -16.58888  
139.400   -16.59712  
139.500   -16.60535  
139.600   -16.61357  
139.700   -16.62179  
139.800   -16.62999  
139.900   -16.63818  
140.000   -16.64636  
140.100   -16.65452  
140.200   -16.66268  
140.300   -16.67082  
140.400   -16.67895  
140.500   -16.68707  
140.600   -16.69519  
140.700   -16.70329  
140.800   -16.71139  
140.900   -16.71948  
141.000   -16.72757  
141.100   -16.73565  
141.200   -16.74373  
141.300   -16.75180  
141.400   -16.75987  
141.500   -16.76794  
141.600   -16.77601  
141.700   -16.78408  
141.800   -16.79215  
141.900   -16.80022  
142.000   -16.80830  
142.100   -16.81638  
142.200   -16.82446  
142.300   -16.83254  
142.400   -16.84063  
142.500   -16.84872  
142.600   -16.85681  
142.700   -16.86491  
142.800   -16.87300  
142.900   -16.88110  
143.000   -16.88920  
143.100   -16.89730  
143.200   -16.90540  
143.300   -16.91351  
143.400   -16.92161  
143.500   -16.92971  
143.600   -16.93782  
143.700   -16.94592  
143.800   -16.95403  
143.900   -16.96213  
144.000   -16.97024  
144.100   -16.97834  
144.200   -16.98644  
144.300   -16.99455  
144.400   -17.00265  
144.500   -17.01075  
144.600   -17.01885  
144.700   -17.02695  
144.800   -17.03504  
144.900   -17.04314  
145.000   -17.05124  
145.100   -17.05934  
145.200   -17.06743  
145.300   -17.07553  
145.400   -17.08362  
145.500   -17.09172  
145.600   -17.09981  
145.700   -17.10790  
145.800   -17.11599  
145.900   -17.12409  
146.000   -17.13218  
146.100   -17.14027  
146.200   -17.14836  
146.300   -17.15645  
146.400   -17.16454  
146.500   -17.17263  
146.600   -17.18072  
146.700   -17.18881  
146.800   -17.19690  
146.900   -17.20499  
147.000   -17.21308  
147.100   -17.22118  
147.200   -17.22927  
147.300   -17.23737  
147.400   -17.24547  
147.500   -17.25357  
147.600   -17.26167  
147.700   -17.26978  
147.800   -17.27789  
147.900   -17.28600  
148.000   -17.29412  
148.100   -17.30223  
148.200   -17.31035  
148.300   -17.31848  
148.400   -17.32660  
148.500   -17.33472  
148.600   -17.34284  
148.700   -17.35096  
148.800   -17.35908  
148.900   -17.36720  
149.000   -17.37531  
149.100   -17.38342  
149.200   -17.39152  
149.300   -17.39962  
149.400   -17.40770  
149.500   -17.41579  
149.600   -17.42386  
149.700   -17.43192  
149.800   -17.43998  
149.900   -17.44802  
150.000   -17.45606  
150.100   -17.46408  
150.200   -17.47209  
150.300   -17.48008  
150.400   -17.48807  
150.500   -17.49605  
150.600   -17.50403  
150.700   -17.51199  
150.800   -17.51995  
150.900   -17.52790  
151.000   -17.53584  
151.100   -17.54378  
151.200   -17.55172  
151.300   -17.55966  
151.400   -17.56759  
151.500   -17.57552  
151.600   -17.58345  
151.700   -17.59138  
151.800   -17.59931  
151.900   -17.60725  
152.000   -17.61518  
152.100   -17.62312  
152.200   -17.63106  
152.300   -17.63901  
152.400   -17.64696  
152.500   -17.65491  
152.600   -17.66286  
152.700   -17.67081  
152.800   -17.67877  
152.900   -17.68673  
153.000   -17.69468  
153.100   -17.70265  
153.200   -17.71061  
153.300   -17.71857  
153.400   -17.72653  
153.500   -17.73449  
153.600   -17.74246  
153.700   -17.75042  
153.800   -17.75839  
153.900   -17.76635  
154.000   -17.77431  
154.100   -17.78227  
154.200   -17.79024  
154.300   -17.79820  
154.400   -17.80616  
154.500   -17.81412  
154.600   -17.82208  
154.700   -17.83003  
154.800   -17.83799  
154.900   -17.84595  
155.000   -17.85391  
155.100   -17.86186  
155.200   -17.86982  
155.300   -17.87777  
155.400   -17.88573  
155.500   -17.89368  
155.600   -17.90163  
155.700   -17.90958  
155.800   -17.91754  
155.900   -17.92549  
156.000   -17.93344  
156.100   -17.94139  
156.200   -17.94934  
156.300   -17.95729  
156.400   -17.96524  
156.500   -17.97319  
156.600   -17.98114  
156.700   -17.98909  
156.800   -17.99704  
156.900   -18.00499  
157.000   -18.01294  
157.100   -18.02089  
157.200   -18.02884  
157.300   -18.03679  
157.400   -18.04474  
157.500   -18.05270  
157.600   -18.06065  
157.700   -18.06861  
157.800   -18.07656  
157.900   -18.08452  
158.000   -18.09248  
158.100   -18.10043  
158.200   -18.10839  
158.300   -18.11636  
158.400   -18.12432  
158.500   -18.13228  
158.600   -18.14025  
158.700   -18.14822  
158.800   -18.15619  
158.900   -18.16416  
159.000   -18.17213  
159.100   -18.18011  
159.200   -18.18808  
159.300   -18.19606  
159.400   -18.20403  
159.500   -18.21200  
159.600   -18.21996  
159.700   -18.22791  
159.800   -18.23585  
159.900   -18.24378  
160.000   -18.25170  
160.100   -18.25960  
160.200   -18.26749  
160.300   -18.27536  
160.400   -18.28323  
160.500   -18.29108  
160.600   -18.29892  
160.700   -18.30675  
160.800   -18.31458  
160.900   -18.32239  
161.000   -18.33020  
161.100   -18.33801  
161.200   -18.34581  
161.300   -18.35360  
161.400   -18.36140  
161.500   -18.36919  
161.600   -18.37698  
161.700   -18.38477  
161.800   -18.39256  
161.900   -18.40036  
162.000   -18.40815  
162.100   -18.41596  
162.200   -18.42376  
162.300   -18.43157  
162.400   -18.43938  
162.500   -18.44720  
162.600   -18.45501  
162.700   -18.46283  
162.800   -18.47065  
162.900   -18.47848  
163.000   -18.48631  
163.100   -18.49413  
163.200   -18.50196  
163.300   -18.50979  
163.400   -18.51762  
163.500   -18.52545  
163.600   -18.53329  
163.700   -18.54112  
163.800   -18.54895  
163.900   -18.55678  
164.000   -18.56461  
164.100   -18.57244  
164.200   -18.58027  
164.300   -18.58810  
164.400   -18.59593  
164.500   -18.60375  
164.600   -18.61158  
164.700   -18.61940  
164.800   -18.62723  
164.900   -18.63505  
165.000   -18.64288  
165.100   -18.65070  
165.200   -18.65852  
165.300   -18.66634  
165.400   -18.67416  
165.500   -18.68198  
165.600   -18.68980  
165.700   -18.69762  
165.800   -18.70544  
165.900   -18.71325  
166.000   -18.72107  
166.100   -18.72889  
166.200   -18.73670  
166.300   -18.74452  
166.400   -18.75233  
166.500   -18.76015  
166.600   -18.76797  
166.700   -18.77578  
166.800   -18.78360  
166.900   -18.79142  
167.000   -18.79924  
167.100   -18.80706  
167.200   -18.81488  
167.300   -18.82271  
167.400   -18.83053  
167.500   -18.83836  
167.600   -18.84619  
167.700   -18.85402  
167.800   -18.86185  
167.900   -18.86969  
168.000   -18.87753  
168.100   -18.88537  
168.200   -18.89321  
168.300   -18.90106  
168.400   -18.90891  
168.500   -18.91675  
168.600   -18.92460  
168.700   -18.93244  
168.800   -18.94029  
168.900   -18.94813  
169.000   -18.95596  
169.100   -18.96379  
169.200   -18.97162  
169.300   -18.97944  
169.400   -18.98726  
169.500   -18.99507  
169.600   -19.00287  
169.700   -19.01066  
169.800   -19.01845  
169.900   -19.02622  
170.000   -19.03398  
170.100   -19.04174  
170.200   -19.04948  
170.300   -19.05721  
170.400   -19.06494  
170.500   -19.07265  
170.600   -19.08036  
170.700   -19.08806  
170.800   -19.09576  
170.900   -19.10345  
171.000   -19.11113  
171.100   -19.11881  
171.200   -19.12649  
171.300   -19.13416  
171.400   -19.14184  
171.500   -19.14951  
171.600   -19.15718  
171.700   -19.16485  
171.800   -19.17252  
171.900   -19.18019  
172.000   -19.18787  
172.100   -19.19554  
172.200   -19.20323  
172.300   -19.21091  
172.400   -19.21859  
172.500   -19.22628  
172.600   -19.23397  
172.700   -19.24166  
172.800   -19.24936  
172.900   -19.25705  
173.000   -19.26475  
173.100   -19.27245  
173.200   -19.28015  
173.300   -19.28785  
173.400   -19.29555  
173.500   -19.30325  
173.600   -19.31095  
173.700   -19.31865  
173.800   -19.32635  
173.900   -19.33405  
174.000   -19.34175  
174.100   -19.34945  
174.200   -19.35715  
174.300   -19.36485  
174.400   -19.37254  
174.500   -19.38024  
174.600   -19.38794  
174.700   -19.39563  
174.800   -19.40333  
174.900   -19.41102  
175.000   -19.41872  
175.100   -19.42641  
175.200   -19.43411  
175.300   -19.44180  
175.400   -19.44949  
175.500   -19.45718  
175.600   -19.46487  
175.700   -19.47256  
175.800   -19.48025  
175.900   -19.48794  
176.000   -19.49563  
176.100   -19.50332  
176.200   -19.51101  
176.300   -19.51869  
176.400   -19.52638  
176.500   -19.53407  
176.600   -19.54176  
176.700   -19.54945  
176.800   -19.55713  
176.900   -19.56482  
177.000   -19.57251  
177.100   -19.58021  
177.200   -19.58790  
177.300   -19.59559  
177.400   -19.60329  
177.500   -19.61099  
177.600   -19.61869  
177.700   -19.62639  
177.800   -19.63410  
177.900   -19.64180  
178.000   -19.64951  
178.100   -19.65723  
178.200   -19.66494  
178.300   -19.67266  
178.400   -19.68037  
178.500   -19.68809  
178.600   -19.69581  
178.700   -19.70352  
178.800   -19.71124  
178.900   -19.71895  
179.000   -19.72665  
179.100   -19.73436  
179.200   -19.74206  
179.300   -19.74975  
179.400   -19.75744  
179.500   -19.76512  
179.600   -19.77279  
179.700   -19.78046  
179.800   -19.78811  
179.900   -19.79576  
180.000   -19.80339  
180.100   -19.81102  
180.200   -19.81864  
180.300   -19.82624  
180.400   -19.83384  
180.500   -19.84143  
180.600   -19.84901  
180.700   -19.85659  
180.800   -19.86416  
180.900   -19.87172  
181.000   -19.87928  
181.100   -19.88683  
181.200   -19.89439  
181.300   -19.90193  
181.400   -19.90948  
181.500   -19.91703  
181.600   -19.92457  
181.700   -19.93212  
181.800   -19.93967  
181.900   -19.94721  
182.000   -19.95476  
182.100   -19.96232  
182.200   -19.96987  
182.300   -19.97743  
182.400   -19.98499  
182.500   -19.99255  
182.600   -20.00012  
182.700   -20.00768  
182.800   -20.01525  
182.900   -20.02282  
183.000   -20.03039  
183.100   -20.03796  
183.200   -20.04553  
183.300   -20.05311  
183.400   -20.06068  
183.500   -20.06826  
183.600   -20.07583  
183.700   -20.08341  
183.800   -20.09098  
183.900   -20.09856  
184.000   -20.10613  
184.100   -20.11370  
184.200   -20.12128  
184.300   -20.12885  
184.400   -20.13642  
184.500   -20.14399  
184.600   -20.15157  
184.700   -20.15914  
184.800   -20.16671  
184.900   -20.17427  
185.000   -20.18184  
185.100   -20.18941  
185.200   -20.19698  
185.300   -20.20455  
185.400   -20.21211  
185.500   -20.21968  
185.600   -20.22724  
185.700   -20.23481  
185.800   -20.24237  
185.900   -20.24994  
186.000   -20.25750  
186.100   -20.26506  
186.200   -20.27262  
186.300   -20.28019  
186.400   -20.28775  
186.500   -20.29531  
186.600   -20.30287  
186.700   -20.31043  
186.800   -20.31800  
186.900   -20.32556  
187.000   -20.33313  
187.100   -20.34069  
187.200   -20.34826  
187.300   -20.35583  
187.400   -20.36340  
187.500   -20.37097  
187.600   -20.37855  
187.700   -20.38612  
187.800   -20.39370  
187.900   -20.40128  
188.000   -20.40887  
188.100   -20.41645  
188.200   -20.42404  
188.300   -20.43163  
188.400   -20.43922  
188.500   -20.44681  
188.600   -20.45441  
188.700   -20.46199  
188.800   -20.46958  
188.900   -20.47717  
189.000   -20.48475  
189.100   -20.49233  
189.200   -20.49990  
189.300   -20.50747  
189.400   -20.51503  
189.500   -20.52258  
189.600   -20.53013  
189.700   -20.53767  
189.800   -20.54520  
189.900   -20.55272  
190.000   -20.56023  
190.100   -20.56774  
190.200   -20.57523  
190.300   -20.58271  
190.400   -20.59018  
190.500   -20.59765  
190.600   -20.60511  
190.700   -20.61256  
190.800   -20.62000  
190.900   -20.62744  
191.000   -20.63488  
191.100   -20.64231  
191.200   -20.64974  
191.300   -20.65716  
191.400   -20.66459  
191.500   -20.67201  
191.600   -20.67943  
191.700   -20.68685  
191.800   -20.69428  
191.900   -20.70170  
192.000   -20.70913  
192.100   -20.71656  
192.200   -20.72399  
192.300   -20.73142  
192.400   -20.73886  
192.500   -20.74630  
192.600   -20.75374  
192.700   -20.76118  
192.800   -20.76862  
192.900   -20.77607  
193.000   -20.78352  
193.100   -20.79096  
193.200   -20.79841  
193.300   -20.80586  
193.400   -20.81331  
193.500   -20.82076  
193.600   -20.82821  
193.700   -20.83566  
193.800   -20.84312  
193.900   -20.85057  
194.000   -20.85802  
194.100   -20.86547  
194.200   -20.87291  
194.300   -20.88036  
194.400   -20.88781  
194.500   -20.89526  
194.600   -20.90270  
194.700   -20.91015  
194.800   -20.91759  
194.900   -20.92504  
195.000   -20.93248  
195.100   -20.93993  
195.200   -20.94737  
195.300   -20.95481  
195.400   -20.96226  
195.500   -20.96970  
195.600   -20.97714  
195.700   -20.98458  
195.800   -20.99202  
195.900   -20.99947  
196.000   -21.00691  
196.100   -21.01435  
196.200   -21.02179  
196.300   -21.02923  
196.400   -21.03667  
196.500   -21.04411  
196.600   -21.05155  
196.700   -21.05899  
196.800   -21.06643  
196.900   -21.07387  
197.000   -21.08132  
197.100   -21.08876  
197.200   -21.09620  
197.300   -21.10365  
197.400   -21.11109  
197.500   -21.11854  
197.600   -21.12599  
197.700   -21.13344  
197.800   -21.14089  
197.900   -21.14834  
198.000   -21.15580  
198.100   -21.16325  
198.200   -21.17071  
198.300   -21.17817  
198.400   -21.18563  
198.500   -21.19308  
198.600   -21.20054  
198.700   -21.20800  
198.800   -21.21545  
198.900   -21.22291  
199.000   -21.23036  
199.100   -21.23781  
199.200   -21.24526  
199.300   -21.25270  
199.400   -21.26014  
199.500   -21.26758  
199.600   -21.27501  
199.700   -21.28244  
199.800   -21.28986  
199.900   -21.29728  
200.000   -21.30469  
200.100   -21.31209  
200.200   -21.31949  
200.300   -21.32688  
200.400   -21.33426  
200.500   -21.34164  
200.600   -21.34901  
200.700   -21.35638  
200.800   -21.36375  
200.900   -21.37110  
201.000   -21.37846  
201.100   -21.38580  
201.200   -21.39315  
201.300   -21.40049  
201.400   -21.40782  
201.500   -21.41515  
201.600   -21.42248  
201.700   -21.42981  
201.800   -21.43713  
201.900   -21.44445  
202.000   -21.45176  
202.100   -21.45907  
202.200   -21.46638  
202.300   -21.47369  
202.400   -21.48099  
202.500   -21.48830  
202.600   -21.49560  
202.700   -21.50290  
202.800   -21.51019  
202.900   -21.51749  
203.000   -21.52479  
203.100   -21.53208  
203.200   -21.53938  
203.300   -21.54667  
203.400   -21.55396  
203.500   -21.56126  
203.600   -21.56855  
203.700   -21.57584  
203.800   -21.58314  
203.900   -21.59043  
204.000   -21.59773  
204.100   -21.60502  
204.200   -21.61232  
204.300   -21.61962  
204.400   -21.62692  
204.500   -21.63422  
204.600   -21.64153  
204.700   -21.64883  
204.800   -21.65614  
204.900   -21.66345  
205.000   -21.67077  
205.100   -21.67808  
205.200   -21.68540  
205.300   -21.69272  
205.400   -21.70005  
205.500   -21.70738  
205.600   -21.71470  
205.700   -21.72203  
205.800   -21.72937  
205.900   -21.73670  
206.000   -21.74404  
206.100   -21.75137  
206.200   -21.75871  
206.300   -21.76605  
206.400   -21.77339  
206.500   -21.78073  
206.600   -21.78807  
206.700   -21.79541  
206.800   -21.80276  
206.900   -21.81010  
207.000   -21.81744  
207.100   -21.82478  
207.200   -21.83212  
207.300   -21.83946  
207.400   -21.84680  
207.500   -21.85414  
207.600   -21.86148  
207.700   -21.86881  
207.800   -21.87615  
207.900   -21.88348  
208.000   -21.89081  
208.100   -21.89814  
208.200   -21.90547  
208.300   -21.91280  
208.400   -21.92012  
208.500   -21.92744  
208.600   -21.93476  
208.700   -21.94207  
208.800   -21.94939  
208.900   -21.95670  
209.000   -21.96400  
209.100   -21.97130  
209.200   -21.97860  
209.300   -21.98590  
209.400   -21.99319  
209.500   -22.00048  
209.600   -22.00776  
209.700   -22.01504  
209.800   -22.02231  
209.900   -22.02958  
210.000   -22.03685  
210.100   -22.04411  
210.200   -22.05136  
210.300   -22.05861  
210.400   -22.06586  
210.500   -22.07310  
210.600   -22.08033  
210.700   -22.08757  
210.800   -22.09480  
210.900   -22.10202  
211.000   -22.10924  
211.100   -22.11646  
211.200   -22.12367  
211.300   -22.13088  
211.400   -22.13809  
211.500   -22.14530  
211.600   -22.15250  
211.700   -22.15970  
211.800   -22.16690  
211.900   -22.17409  
212.000   -22.18128  
212.100   -22.18847  
212.200   -22.19566  
212.300   -22.20285  
212.400   -22.21004  
212.500   -22.21722  
212.600   -22.22440  
212.700   -22.23158  
212.800   -22.23876  
212.900   -22.24594  
213.000   -22.25312  
213.100   -22.26030  
213.200   -22.26748  
213.300   -22.27466  
213.400   -22.28184  
213.500   -22.28902  
213.600   -22.29619  
213.700   -22.30337  
213.800   -22.31055  
213.900   -22.31773  
214.000   -22.32491  
214.100   -22.33209  
214.200   -22.33928  
214.300   -22.34646  
214.400   -22.35365  
214.500   -22.36083  
214.600   -22.36802  
214.700   -22.37521  
214.800   -22.38241  
214.900   -22.38960  
215.000   -22.39680  
215.100   -22.40400  
215.200   -22.41120  
215.300   -22.41841  
215.400   -22.42561  
215.500   -22.43282  
215.600   -22.44003  
215.700   -22.44724  
215.800   -22.45445  
215.900   -22.46167  
216.000   -22.46888  
216.100   -22.47610  
216.200   -22.48332  
216.300   -22.49054  
216.400   -22.49776  
216.500   -22.50497  
216.600   -22.51219  
216.700   -22.51941  
216.800   -22.52663  
216.900   -22.53385  
217.000   -22.54107  
217.100   -22.54829  
217.200   -22.55551  
217.300   -22.56272  
217.400   -22.56994  
217.500   -22.57716  
217.600   -22.58437  
217.700   -22.59158  
217.800   -22.59879  
217.900   -22.60600  
218.000   -22.61321  
218.100   -22.62041  
218.200   -22.62762  
218.300   -22.63482  
218.400   -22.64202  
218.500   -22.64921  
218.600   -22.65641  
218.700   -22.66360  
218.800   -22.67079  
218.900   -22.67797  
219.000   -22.68515  
219.100   -22.69233  
219.200   -22.69950  
219.300   -22.70668  
219.400   -22.71384  
219.500   -22.72100  
219.600   -22.72816  
219.700   -22.73532  
219.800   -22.74247  
219.900   -22.74961  
220.000   -22.75675  
220.100   -22.76389  
220.200   -22.77102  
220.300   -22.77814  
220.400   -22.78527  
220.500   -22.79238  
220.600   -22.79950  
220.700   -22.80661  
220.800   -22.81371  
220.900   -22.82081  
221.000   -22.82791  
221.100   -22.83500  
221.200   -22.84209  
221.300   -22.84918  
221.400   -22.85627  
221.500   -22.86335  
221.600   -22.87043  
221.700   -22.87751  
221.800   -22.88458  
221.900   -22.89165  
222.000   -22.89872  
222.100   -22.90579  
222.200   -22.91286  
222.300   -22.91992  
222.400   -22.92698  
222.500   -22.93405  
222.600   -22.94111  
222.700   -22.94817  
222.800   -22.95523  
222.900   -22.96228  
223.000   -22.96934  
223.100   -22.97640  
223.200   -22.98345  
223.300   -22.99051  
223.400   -22.99756  
223.500   -23.00462  
223.600   -23.01168  
223.700   -23.01873  
223.800   -23.02579  
223.900   -23.03285  
224.000   -23.03991  
224.100   -23.04697  
224.200   -23.05403  
224.300   -23.06109  
224.400   -23.06815  
224.500   -23.07522  
224.600   -23.08229  
224.700   -23.08935  
224.800   -23.09643  
224.900   -23.10350  
225.000   -23.11057  
225.100   -23.11765  
225.200   -23.12473  
225.300   -23.13181  
225.400   -23.13890  
225.500   -23.14598  
225.600   -23.15307  
225.700   -23.16016  
225.800   -23.16725  
225.900   -23.17434  
226.000   -23.18144  
226.100   -23.18853  
226.200   -23.19563  
226.300   -23.20272  
226.400   -23.20982  
226.500   -23.21691  
226.600   -23.22401  
226.700   -23.23111  
226.800   -23.23821  
226.900   -23.24530  
227.000   -23.25240  
227.100   -23.25949  
227.200   -23.26659  
227.300   -23.27368  
227.400   -23.28078  
227.500   -23.28787  
227.600   -23.29496  
227.700   -23.30205  
227.800   -23.30914  
227.900   -23.31623  
228.000   -23.32331  
228.100   -23.33039  
228.200   -23.33747  
228.300   -23.34455  
228.400   -23.35163  
228.500   -23.35870  
228.600   -23.36577  
228.700   -23.37284  
228.800   -23.37991  
228.900   -23.38697  
229.000   -23.39403  
229.100   -23.40108  
229.200   -23.40813  
229.300   -23.41518  
229.400   -23.42222  
229.500   -23.42926  
229.600   -23.43630  
229.700   -23.44333  
229.800   -23.45036  
229.900   -23.45738  
230.000   -23.46440  
230.100   -23.47141  
230.200   -23.47842  
230.300   -23.48542  
230.400   -23.49242  
230.500   -23.49941  
230.600   -23.50640  
230.700   -23.51339  
230.800   -23.52037  
230.900   -23.52735  
231.000   -23.53432  
231.100   -23.54129  
231.200   -23.54826  
231.300   -23.55523  
231.400   -23.56219  
231.500   -23.56915  
231.600   -23.57611  
231.700   -23.58306  
231.800   -23.59001  
231.900   -23.59696  
232.000   -23.60391  
232.100   -23.61085  
232.200   -23.61779  
232.300   -23.62474  
232.400   -23.63168  
232.500   -23.63862  
232.600   -23.64555  
232.700   -23.65249  
232.800   -23.65942  
232.900   -23.66636  
233.000   -23.67329  
233.100   -23.68023  
233.200   -23.68716  
233.300   -23.69409  
233.400   -23.70103  
233.500   -23.70796  
233.600   -23.71489  
233.700   -23.72183  
233.800   -23.72876  
233.900   -23.73569  
234.000   -23.74263  
234.100   -23.74957  
234.200   -23.75651  
234.300   -23.76344  
234.400   -23.77039  
234.500   -23.77733  
234.600   -23.78427  
234.700   -23.79122  
234.800   -23.79816  
234.900   -23.80511  
235.000   -23.81207  
235.100   -23.81902  
235.200   -23.82598  
235.300   -23.83294  
235.400   -23.83990  
235.500   -23.84686  
235.600   -23.85383  
235.700   -23.86079  
235.800   -23.86776  
235.900   -23.87473  
236.000   -23.88170  
236.100   -23.88867  
236.200   -23.89564  
236.300   -23.90262  
236.400   -23.90959  
236.500   -23.91656  
236.600   -23.92354  
236.700   -23.93051  
236.800   -23.93749  
236.900   -23.94446  
237.000   -23.95143  
237.100   -23.95841  
237.200   -23.96538  
237.300   -23.97235  
237.400   -23.97932  
237.500   -23.98629  
237.600   -23.99326  
237.700   -24.00022  
237.800   -24.00719  
237.900   -24.01415  
238.000   -24.02112  
238.100   -24.02807  
238.200   -24.03503  
238.300   -24.04199  
238.400   -24.04894  
238.500   -24.05589  
238.600   -24.06284  
238.700   -24.06978  
238.800   -24.07673  
238.900   -24.08366  
239.000   -24.09060  
239.100   -24.09753  
239.200   -24.10446  
239.300   -24.11138  
239.400   -24.11830  
239.500   -24.12522  
239.600   -24.13213  
239.700   -24.13904  
239.800   -24.14595  
239.900   -24.15284  
240.000   -24.15974  
240.100   -24.16663  
240.200   -24.17351  
240.300   -24.18039  
240.400   -24.18727  
240.500   -24.19414  
240.600   -24.20100  
240.700   -24.20787  
240.800   -24.21473  
240.900   -24.22158  
241.000   -24.22843  
241.100   -24.23528  
241.200   -24.24212  
241.300   -24.24897  
241.400   -24.25580  
241.500   -24.26264  
241.600   -24.26947  
241.700   -24.27630  
241.800   -24.28313  
241.900   -24.28996  
242.000   -24.29678  
242.100   -24.30360  
242.200   -24.31042  
242.300   -24.31724  
242.400   -24.32405  
242.500   -24.33087  
242.600   -24.33768  
242.700   -24.34450  
242.800   -24.35131  
242.900   -24.35812  
243.000   -24.36493  
243.100   -24.37174  
243.200   -24.37855  
243.300   -24.38536  
243.400   -24.39217  
243.500   -24.39898  
243.600   -24.40579  
243.700   -24.41260  
243.800   -24.41941  
243.900   -24.42622  
244.000   -24.43303  
244.100   -24.43984  
244.200   -24.44666  
244.300   -24.45347  
244.400   -24.46029  
244.500   -24.46711  
244.600   -24.47393  
244.700   -24.48075  
244.800   -24.48758  
244.900   -24.49440  
245.000   -24.50123  
245.100   -24.50806  
245.200   -24.51490  
245.300   -24.52173  
245.400   -24.52857  
245.500   -24.53541  
245.600   -24.54225  
245.700   -24.54909  
245.800   -24.55594  
245.900   -24.56278  
246.000   -24.56963  
246.100   -24.57648  
246.200   -24.58333  
246.300   -24.59018  
246.400   -24.59703  
246.500   -24.60388  
246.600   -24.61073  
246.700   -24.61758  
246.800   -24.62443  
246.900   -24.63128  
247.000   -24.63813  
247.100   -24.64498  
247.200   -24.65183  
247.300   -24.65868  
247.400   -24.66552  
247.500   -24.67237  
247.600   -24.67921  
247.700   -24.68606  
247.800   -24.69290  
247.900   -24.69974  
248.000   -24.70658  
248.100   -24.71341  
248.200   -24.72025  
248.300   -24.72708  
248.400   -24.73391  
248.500   -24.74073  
248.600   -24.74756  
248.700   -24.75438  
248.800   -24.76120  
248.900   -24.76801  
249.000   -24.77482  
249.100   -24.78163  
249.200   -24.78844  
249.300   -24.79524  
249.400   -24.80204  
249.500   -24.80883  
249.600   -24.81562  
249.700   -24.82240  
249.800   -24.82918  
249.900   -24.83595  
250.000   -24.84272  
250.100   -24.84949  
250.200   -24.85625  
250.300   -24.86301  
250.400   -24.86976  
250.500   -24.87650  
250.600   -24.88325  
250.700   -24.88999  
250.800   -24.89672  
250.900   -24.90345  
251.000   -24.91018  
251.100   -24.91690  
251.200   -24.92362  
251.300   -24.93034  
251.400   -24.93705  
251.500   -24.94376  
251.600   -24.95047  
251.700   -24.95718  
251.800   -24.96388  
251.900   -24.97058  
252.000   -24.97728  
252.100   -24.98398  
252.200   -24.99067  
252.300   -24.99737  
252.400   -25.00406  
252.500   -25.01075  
252.600   -25.01744  
252.700   -25.02413  
252.800   -25.03082  
252.900   -25.03750  
253.000   -25.04419  
253.100   -25.05087  
253.200   -25.05756  
253.300   -25.06424  
253.400   -25.07093  
253.500   -25.07761  
253.600   -25.08430  
253.700   -25.09098  
253.800   -25.09767  
253.900   -25.10436  
254.000   -25.11105  
254.100   -25.11773  
254.200   -25.12442  
254.300   -25.13112  
254.400   -25.13781  
254.500   -25.14450  
254.600   -25.15120  
254.700   -25.15790  
254.800   -25.16460  
254.900   -25.17130  
255.000   -25.17800  
255.100   -25.18471  
255.200   -25.19142  
255.300   -25.19813  
255.400   -25.20484  
255.500   -25.21156  
255.600   -25.21828  
255.700   -25.22500  
255.800   -25.23172  
255.900   -25.23844  
256.000   -25.24516  
256.100   -25.25188  
256.200   -25.25861  
256.300   -25.26533  
256.400   -25.27206  
256.500   -25.27879  
256.600   -25.28551  
256.700   -25.29224  
256.800   -25.29896  
256.900   -25.30569  
257.000   -25.31242  
257.100   -25.31914  
257.200   -25.32587  
257.300   -25.33259  
257.400   -25.33931  
257.500   -25.34603  
257.600   -25.35276  
257.700   -25.35947  
257.800   -25.36619  
257.900   -25.37291  
258.000   -25.37962  
258.100   -25.38633  
258.200   -25.39304  
258.300   -25.39975  
258.400   -25.40646  
258.500   -25.41316  
258.600   -25.41986  
258.700   -25.42656  
258.800   -25.43325  
258.900   -25.43994  
259.000   -25.44663  
259.100   -25.45331  
259.200   -25.45999  
259.300   -25.46667  
259.400   -25.47334  
259.500   -25.48001  
259.600   -25.48667  
259.700   -25.49333  
259.800   -25.49999  
259.900   -25.50664  
260.000   -25.51328  
260.100   -25.51992  
260.200   -25.52656  
260.300   -25.53319  
260.400   -25.53982  
260.500   -25.54644  
260.600   -25.55305  
260.700   -25.55967  
260.800   -25.56628  
260.900   -25.57288  
261.000   -25.57949  
261.100   -25.58608  
261.200   -25.59268  
261.300   -25.59927  
261.400   -25.60586  
261.500   -25.61245  
261.600   -25.61903  
261.700   -25.62561  
261.800   -25.63219  
261.900   -25.63877  
262.000   -25.64534  
262.100   -25.65191  
262.200   -25.65848  
262.300   -25.66505  
262.400   -25.67162  
262.500   -25.67818  
262.600   -25.68475  
262.700   -25.69131  
262.800   -25.69787  
262.900   -25.70443  
263.000   -25.71099  
263.100   -25.71755  
263.200   -25.72411  
263.300   -25.73067  
263.400   -25.73723  
263.500   -25.74379  
263.600   -25.75035  
263.700   -25.75691  
263.800   -25.76347  
263.900   -25.77003  
264.000   -25.77660  
264.100   -25.78316  
264.200   -25.78973  
264.300   -25.79629  
264.400   -25.80286  
264.500   -25.80943  
264.600   -25.81600  
264.700   -25.82257  
264.800   -25.82915  
264.900   -25.83572  
265.000   -25.84230  
265.100   -25.84888  
265.200   -25.85547  
265.300   -25.86205  
265.400   -25.86864  
265.500   -25.87523  
265.600   -25.88183  
265.700   -25.88842  
265.800   -25.89501  
265.900   -25.90161  
266.000   -25.90821  
266.100   -25.91481  
266.200   -25.92141  
266.300   -25.92801  
266.400   -25.93461  
266.500   -25.94121  
266.600   -25.94781  
266.700   -25.95441  
266.800   -25.96101  
266.900   -25.96761  
267.000   -25.97421  
267.100   -25.98081  
267.200   -25.98741  
267.300   -25.99401  
267.400   -26.00061  
267.500   -26.00721  
267.600   -26.01380  
267.700   -26.02040  
267.800   -26.02699  
267.900   -26.03358  
268.000   -26.04017  
268.100   -26.04676  
268.200   -26.05334  
268.300   -26.05992  
268.400   -26.06650  
268.500   -26.07308  
268.600   -26.07965  
268.700   -26.08623  
268.800   -26.09279  
268.900   -26.09936  
269.000   -26.10592  
269.100   -26.11248  
269.200   -26.11904  
269.300   -26.12559  
269.400   -26.13213  
269.500   -26.13868  
269.600   -26.14521  
269.700   -26.15175  
269.800   -26.15828  
269.900   -26.16480  
270.000   -26.17132  
270.100   -26.17784  
270.200   -26.18435  
270.300   -26.19085  
270.400   -26.19735  
270.500   -26.20385  
270.600   -26.21034  
270.700   -26.21683  
270.800   -26.22331  
270.900   -26.22979  
271.000   -26.23627  
271.100   -26.24274  
271.200   -26.24921  
271.300   -26.25568  
271.400   -26.26214  
271.500   -26.26860  
271.600   -26.27506  
271.700   -26.28151  
271.800   -26.28796  
271.900   -26.29441  
272.000   -26.30086  
272.100   -26.30731  
272.200   -26.31375  
272.300   -26.32019  
272.400   -26.32663  
272.500   -26.33307  
272.600   -26.33951  
272.700   -26.34595  
272.800   -26.35238  
272.900   -26.35882  
273.000   -26.36525  
273.100   -26.37169  
273.200   -26.37812  
273.300   -26.38455  
273.400   -26.39099  
273.500   -26.39742  
273.600   -26.40385  
273.700   -26.41029  
273.800   -26.41672  
273.900   -26.42316  
274.000   -26.42959  
274.100   -26.43603  
274.200   -26.44247  
274.300   -26.44891  
274.400   -26.45535  
274.500   -26.46179  
274.600   -26.46824  
274.700   -26.47469  
274.800   -26.48113  
274.900   -26.48758  
275.000   -26.49404  
275.100   -26.50049  
275.200   -26.50695  
275.300   -26.51341  
275.400   -26.51987  
275.500   -26.52634  
275.600   -26.53280  
275.700   -26.53927  
275.800   -26.54574  
275.900   -26.55221  
276.000   -26.55868  
276.100   -26.56516  
276.200   -26.57163  
276.300   -26.57810  
276.400   -26.58458  
276.500   -26.59105  
276.600   -26.59753  
276.700   -26.60401  
276.800   -26.61048  
276.900   -26.61696  
277.000   -26.62343  
277.100   -26.62990  
277.200   -26.63638  
277.300   -26.64285  
277.400   -26.64932  
277.500   -26.65579  
277.600   -26.66226  
277.700   -26.66873  
277.800   -26.67520  
277.900   -26.68166  
278.000   -26.68813  
278.100   -26.69459  
278.200   -26.70105  
278.300   -26.70750  
278.400   -26.71396  
278.500   -26.72041  
278.600   -26.72686  
278.700   -26.73330  
278.800   -26.73974  
278.900   -26.74618  
279.000   -26.75262  
279.100   -26.75905  
279.200   -26.76548  
279.300   -26.77190  
279.400   -26.77832  
279.500   -26.78474  
279.600   -26.79115  
279.700   -26.79756  
279.800   -26.80396  
279.900   -26.81036  
280.000   -26.81675  
280.100   -26.82314  
280.200   -26.82953  
280.300   -26.83590  
280.400   -26.84228  
280.500   -26.84865  
280.600   -26.85501  
280.700   -26.86137  
280.800   -26.86773  
280.900   -26.87408  
281.000   -26.88043  
281.100   -26.88678  
281.200   -26.89312  
281.300   -26.89946  
281.400   -26.90580  
281.500   -26.91213  
281.600   -26.91846  
281.700   -26.92479  
281.800   -26.93111  
281.900   -26.93744  
282.000   -26.94376  
282.100   -26.95008  
282.200   -26.95639  
282.300   -26.96271  
282.400   -26.96902  
282.500   -26.97533  
282.600   -26.98164  
282.700   -26.98795  
282.800   -26.99426  
282.900   -27.00057  
283.000   -27.00688  
283.100   -27.01318  
283.200   -27.01949  
283.300   -27.02580  
283.400   -27.03210  
283.500   -27.03841  
283.600   -27.04472  
283.700   -27.05102  
283.800   -27.05733  
283.900   -27.06364  
284.000   -27.06995  
284.100   -27.07626  
284.200   -27.08257  
284.300   -27.08888  
284.400   -27.09520  
284.500   -27.10151  
284.600   -27.10783  
284.700   -27.11415  
284.800   -27.12047  
284.900   -27.12679  
285.000   -27.13312  
285.100   -27.13945  
285.200   -27.14578  
285.300   -27.15211  
285.400   -27.15845  
285.500   -27.16479  
285.600   -27.17113  
285.700   -27.17747  
285.800   -27.18381  
285.900   -27.19015  
286.000   -27.19650  
286.100   -27.20284  
286.200   -27.20919  
286.300   -27.21554  
286.400   -27.22189  
286.500   -27.22823  
286.600   -27.23458  
286.700   -27.24093  
286.800   -27.24728  
286.900   -27.25363  
287.000   -27.25998  
287.100   -27.26632  
287.200   -27.27267  
287.300   -27.27902  
287.400   -27.28536  
287.500   -27.29171  
287.600   -27.29805  
287.700   -27.30439  
287.800   -27.31073  
287.900   -27.31707  
288.000   -27.32340  
288.100   -27.32974  
288.200   -27.33607  
288.300   -27.34240  
288.400   -27.34872  
288.500   -27.35505  
288.600   -27.36137  
288.700   -27.36769  
288.800   -27.37400  
288.900   -27.38032  
289.000   -27.38662  
289.100   -27.39293  
289.200   -27.39923  
289.300   -27.40553  
289.400   -27.41182  
289.500   -27.41811  
289.600   -27.42440  
289.700   -27.43068  
289.800   -27.43695  
289.900   -27.44322  
290.000   -27.44949  
290.100   -27.45575  
290.200   -27.46200  
290.300   -27.46826  
290.400   -27.47450  
290.500   -27.48074  
290.600   -27.48698  
290.700   -27.49321  
290.800   -27.49944  
290.900   -27.50567  
291.000   -27.51189  
291.100   -27.51811  
291.200   -27.52432  
291.300   -27.53054  
291.400   -27.53674  
291.500   -27.54295  
291.600   -27.54915  
291.700   -27.55535  
291.800   -27.56155  
291.900   -27.56774  
292.000   -27.57394  
292.100   -27.58013  
292.200   -27.58632  
292.300   -27.59250  
292.400   -27.59869  
292.500   -27.60487  
292.600   -27.61106  
292.700   -27.61724  
292.800   -27.62342  
292.900   -27.62960  
293.000   -27.63578  
293.100   -27.64196  
293.200   -27.64813  
293.300   -27.65431  
293.400   -27.66049  
293.500   -27.66667  
293.600   -27.67285  
293.700   -27.67903  
293.800   -27.68521  
293.900   -27.69139  
294.000   -27.69757  
294.100   -27.70375  
294.200   -27.70993  
294.300   -27.71612  
294.400   -27.72230  
294.500   -27.72849  
294.600   -27.73468  
294.700   -27.74087  
294.800   -27.74707  
294.900   -27.75326  
295.000   -27.75946  
295.100   -27.76566  
295.200   -27.77186  
295.300   -27.77807  
295.400   -27.78428  
295.500   -27.79049  
295.600   -27.79670  
295.700   -27.80291  
295.800   -27.80913  
295.900   -27.81534  
296.000   -27.82156  
296.100   -27.82778  
296.200   -27.83400  
296.300   -27.84022  
296.400   -27.84644  
296.500   -27.85266  
296.600   -27.85888  
296.700   -27.86510  
296.800   -27.87132  
296.900   -27.87754  
297.000   -27.88376  
297.100   -27.88998  
297.200   -27.89620  
297.300   -27.90242  
297.400   -27.90863  
297.500   -27.91485  
297.600   -27.92106  
297.700   -27.92728  
297.800   -27.93349  
297.900   -27.93970  
298.000   -27.94591  
298.100   -27.95211  
298.200   -27.95832  
298.300   -27.96452  
298.400   -27.97072  
298.500   -27.97691  
298.600   -27.98311  
298.700   -27.98930  
298.800   -27.99549  
298.900   -28.00167  
299.000   -28.00785  
299.100   -28.01403  
299.200   -28.02020  
299.300   -28.02637  
299.400   -28.03253  
299.500   -28.03870  
299.600   -28.04485  
299.700   -28.05100  
299.800   -28.05715  
299.900   -28.06329  
300.000   -28.06943  
300.100   -28.07556  
300.200   -28.08169  
300.300   -28.08781  
300.400   -28.09393  
300.500   -28.10004  
300.600   -28.10615  
300.700   -28.11226  
300.800   -28.11836  
300.900   -28.12446  
301.000   -28.13055  
301.100   -28.13664  
301.200   -28.14272  
301.300   -28.14881  
301.400   -28.15489  
301.500   -28.16096  
301.600   -28.16704  
301.700   -28.17311  
301.800   -28.17917  
301.900   -28.18524  
302.000   -28.19130  
302.100   -28.19737  
302.200   -28.20343  
302.300   -28.20948  
302.400   -28.21554  
302.500   -28.22160  
302.600   -28.22765  
302.700   -28.23370  
302.800   -28.23975  
302.900   -28.24581  
303.000   -28.25186  
303.100   -28.25791  
303.200   -28.26395  
303.300   -28.27000  
303.400   -28.27605  
303.500   -28.28210  
303.600   -28.28815  
303.700   -28.29420  
303.800   -28.30025  
303.900   -28.30630  
304.000   -28.31236  
304.100   -28.31841  
304.200   -28.32446  
304.300   -28.33052  
304.400   -28.33658  
304.500   -28.34263  
304.600   -28.34870  
304.700   -28.35476  
304.800   -28.36082  
304.900   -28.36689  
305.000   -28.37296  
305.100   -28.37903  
305.200   -28.38511  
305.300   -28.39118  
305.400   -28.39726  
305.500   -28.40334  
305.600   -28.40942  
305.700   -28.41551  
305.800   -28.42159  
305.900   -28.42768  
306.000   -28.43377  
306.100   -28.43986  
306.200   -28.44595  
306.300   -28.45204  
306.400   -28.45813  
306.500   -28.46422  
306.600   -28.47032  
306.700   -28.47641  
306.800   -28.48250  
306.900   -28.48859  
307.000   -28.49468  
307.100   -28.50077  
307.200   -28.50686  
307.300   -28.51295  
307.400   -28.51904  
307.500   -28.52513  
307.600   -28.53122  
307.700   -28.53730  
307.800   -28.54338  
307.900   -28.54947  
308.000   -28.55554  
308.100   -28.56162  
308.200   -28.56770  
308.300   -28.57377  
308.400   -28.57984  
308.500   -28.58591  
308.600   -28.59197  
308.700   -28.59803  
308.800   -28.60409  
308.900   -28.61015  
309.000   -28.61620  
309.100   -28.62225  
309.200   -28.62829  
309.300   -28.63433  
309.400   -28.64037  
309.500   -28.64640  
309.600   -28.65242  
309.700   -28.65845  
309.800   -28.66447  
309.900   -28.67048  
310.000   -28.67649  
310.100   -28.68249  
310.200   -28.68849  
310.300   -28.69448  
310.400   -28.70047  
310.500   -28.70645  
310.600   -28.71243  
310.700   -28.71841  
310.800   -28.72438  
310.900   -28.73035  
311.000   -28.73631  
311.100   -28.74227  
311.200   -28.74823  
311.300   -28.75418  
311.400   -28.76013  
311.500   -28.76607  
311.600   -28.77202  
311.700   -28.77796  
311.800   -28.78390  
311.900   -28.78983  
312.000   -28.79577  
312.100   -28.80170  
312.200   -28.80763  
312.300   -28.81356  
312.400   -28.81949  
312.500   -28.82541  
312.600   -28.83133  
312.700   -28.83726  
312.800   -28.84318  
312.900   -28.84910  
313.000   -28.85502  
313.100   -28.86094  
313.200   -28.86686  
313.300   -28.87278  
313.400   -28.87870  
313.500   -28.88462  
313.600   -28.89054  
313.700   -28.89646  
313.800   -28.90238  
313.900   -28.90830  
314.000   -28.91422  
314.100   -28.92014  
314.200   -28.92607  
314.300   -28.93199  
314.400   -28.93792  
314.500   -28.94385  
314.600   -28.94978  
314.700   -28.95571  
314.800   -28.96165  
314.900   -28.96759  
315.000   -28.97353  
315.100   -28.97947  
315.200   -28.98541  
315.300   -28.99136  
315.400   -28.99731  
315.500   -29.00326  
315.600   -29.00921  
315.700   -29.01517  
315.800   -29.02112  
315.900   -29.02708  
316.000   -29.03304  
316.100   -29.03900  
316.200   -29.04496  
316.300   -29.05092  
316.400   -29.05688  
316.500   -29.06284  
316.600   -29.06881  
316.700   -29.07477  
316.800   -29.08073  
316.900   -29.08669  
317.000   -29.09265  
317.100   -29.09862  
317.200   -29.10458  
317.300   -29.11054  
317.400   -29.11650  
317.500   -29.12245  
317.600   -29.12841  
317.700   -29.13436  
317.800   -29.14032  
317.900   -29.14627  
318.000   -29.15222  
318.100   -29.15817  
318.200   -29.16411  
318.300   -29.17005  
318.400   -29.17599  
318.500   -29.18193  
318.600   -29.18787  
318.700   -29.19380  
318.800   -29.19973  
318.900   -29.20565  
319.000   -29.21157  
319.100   -29.21749  
319.200   -29.22341  
319.300   -29.22932  
319.400   -29.23522  
319.500   -29.24112  
319.600   -29.24702  
319.700   -29.25291  
319.800   -29.25880  
319.900   -29.26468  
320.000   -29.27056  
320.100   -29.27643  
320.200   -29.28230  
320.300   -29.28817  
320.400   -29.29402  
320.500   -29.29988  
320.600   -29.30573  
320.700   -29.31157  
320.800   -29.31741  
320.900   -29.32325  
321.000   -29.32908  
321.100   -29.33491  
321.200   -29.34073  
321.300   -29.34656  
321.400   -29.35238  
321.500   -29.35819  
321.600   -29.36401  
321.700   -29.36982  
321.800   -29.37562  
321.900   -29.38143  
322.000   -29.38723  
322.100   -29.39303  
322.200   -29.39883  
322.300   -29.40463  
322.400   -29.41043  
322.500   -29.41622  
322.600   -29.42201  
322.700   -29.42781  
322.800   -29.43360  
322.900   -29.43939  
323.000   -29.44518  
323.100   -29.45096  
323.200   -29.45675  
323.300   -29.46254  
323.400   -29.46833  
323.500   -29.47412  
323.600   -29.47991  
323.700   -29.48570  
323.800   -29.49149  
323.900   -29.49728  
324.000   -29.50307  
324.100   -29.50886  
324.200   -29.51465  
324.300   -29.52045  
324.400   -29.52625  
324.500   -29.53204  
324.600   -29.53784  
324.700   -29.54365  
324.800   -29.54945  
324.900   -29.55526  
325.000   -29.56107  
325.100   -29.56688  
325.200   -29.57269  
325.300   -29.57851  
325.400   -29.58433  
325.500   -29.59015  
325.600   -29.59597  
325.700   -29.60179  
325.800   -29.60762  
325.900   -29.61344  
326.000   -29.61927  
326.100   -29.62510  
326.200   -29.63093  
326.300   -29.63676  
326.400   -29.64259  
326.500   -29.64842  
326.600   -29.65426  
326.700   -29.66009  
326.800   -29.66592  
326.900   -29.67175  
327.000   -29.67758  
327.100   -29.68341  
327.200   -29.68924  
327.300   -29.69507  
327.400   -29.70090  
327.500   -29.70673  
327.600   -29.71255  
327.700   -29.71838  
327.800   -29.72420  
327.900   -29.73002  
328.000   -29.73584  
328.100   -29.74166  
328.200   -29.74747  
328.300   -29.75328  
328.400   -29.75909  
328.500   -29.76490  
328.600   -29.77071  
328.700   -29.77651  
328.800   -29.78230  
328.900   -29.78810  
329.000   -29.79389  
329.100   -29.79968  
329.200   -29.80546  
329.300   -29.81124  
329.400   -29.81701  
329.500   -29.82278  
329.600   -29.82855  
329.700   -29.83431  
329.800   -29.84007  
329.900   -29.84582  
330.000   -29.85157  
330.100   -29.85731  
330.200   -29.86304  
330.300   -29.86878  
330.400   -29.87450  
330.500   -29.88023  
330.600   -29.88594  
330.700   -29.89166  
330.800   -29.89737  
330.900   -29.90307  
331.000   -29.90877  
331.100   -29.91447  
331.200   -29.92016  
331.300   -29.92585  
331.400   -29.93154  
331.500   -29.93723  
331.600   -29.94291  
331.700   -29.94859  
331.800   -29.95426  
331.900   -29.95994  
332.000   -29.96561  
332.100   -29.97128  
332.200   -29.97694  
332.300   -29.98261  
332.400   -29.98827  
332.500   -29.99394  
332.600   -29.99960  
332.700   -30.00526  
332.800   -30.01092  
332.900   -30.01658  
333.000   -30.02223  
333.100   -30.02789  
333.200   -30.03355  
333.300   -30.03920  
333.400   -30.04486  
333.500   -30.05052  
333.600   -30.05617  
333.700   -30.06183  
333.800   -30.06749  
333.900   -30.07315  
334.000   -30.07881  
334.100   -30.08447  
334.200   -30.09013  
334.300   -30.09579  
334.400   -30.10146  
334.500   -30.10712  
334.600   -30.11279  
334.700   -30.11846  
334.800   -30.12414  
334.900   -30.12981  
335.000   -30.13549  
335.100   -30.14117  
335.200   -30.14685  
335.300   -30.15253  
335.400   -30.15822  
335.500   -30.16391  
335.600   -30.16960  
335.700   -30.17529  
335.800   -30.18099  
335.900   -30.18668  
336.000   -30.19238  
336.100   -30.19808  
336.200   -30.20378  
336.300   -30.20947  
336.400   -30.21517  
336.500   -30.22087  
336.600   -30.22657  
336.700   -30.23228  
336.800   -30.23798  
336.900   -30.24368  
337.000   -30.24938  
337.100   -30.25508  
337.200   -30.26077  
337.300   -30.26647  
337.400   -30.27217  
337.500   -30.27786  
337.600   -30.28356  
337.700   -30.28925  
337.800   -30.29494  
337.900   -30.30063  
338.000   -30.30632  
338.100   -30.31200  
338.200   -30.31769  
338.300   -30.32337  
338.400   -30.32905  
338.500   -30.33472  
338.600   -30.34039  
338.700   -30.34606  
338.800   -30.35173  
338.900   -30.35739  
339.000   -30.36305  
339.100   -30.36870  
339.200   -30.37436  
339.300   -30.38000  
339.400   -30.38565  
339.500   -30.39129  
339.600   -30.39692  
339.700   -30.40255  
339.800   -30.40817  
339.900   -30.41379  
340.000   -30.41941  
340.100   -30.42502  
340.200   -30.43062  
340.300   -30.43622  
340.400   -30.44182  
340.500   -30.44741  
340.600   -30.45299  
340.700   -30.45857  
340.800   -30.46415  
340.900   -30.46972  
341.000   -30.47529  
341.100   -30.48086  
341.200   -30.48642  
341.300   -30.49198  
341.400   -30.49753  
341.500   -30.50308  
341.600   -30.50863  
341.700   -30.51418  
341.800   -30.51972  
341.900   -30.52526  
342.000   -30.53080  
342.100   -30.53634  
342.200   -30.54187  
342.300   -30.54741  
342.400   -30.55294  
342.500   -30.55847  
342.600   -30.56400  
342.700   -30.56953  
342.800   -30.57505  
342.900   -30.58058  
343.000   -30.58610  
343.100   -30.59163  
343.200   -30.59715  
343.300   -30.60267  
343.400   -30.60820  
343.500   -30.61372  
343.600   -30.61925  
343.700   -30.62477  
343.800   -30.63030  
343.900   -30.63582  
344.000   -30.64135  
344.100   -30.64688  
344.200   -30.65241  
344.300   -30.65794  
344.400   -30.66347  
344.500   -30.66900  
344.600   -30.67454  
344.700   -30.68008  
344.800   -30.68562  
344.900   -30.69116  
345.000   -30.69670  
345.100   -30.70225  
345.200   -30.70780  
345.300   -30.71335  
345.400   -30.71891  
345.500   -30.72446  
345.600   -30.73002  
345.700   -30.73558  
345.800   -30.74114  
345.900   -30.74670  
346.000   -30.75227  
346.100   -30.75783  
346.200   -30.76340  
346.300   -30.76896  
346.400   -30.77453  
346.500   -30.78010  
346.600   -30.78567  
346.700   -30.79123  
346.800   -30.79680  
346.900   -30.80237  
347.000   -30.80794  
347.100   -30.81350  
347.200   -30.81907  
347.300   -30.82464  
347.400   -30.83020  
347.500   -30.83576  
347.600   -30.84132  
347.700   -30.84689  
347.800   -30.85244  
347.900   -30.85800  
348.000   -30.86356  
348.100   -30.86911  
348.200   -30.87466  
348.300   -30.88021  
348.400   -30.88575  
348.500   -30.89129  
348.600   -30.89683  
348.700   -30.90237  
348.800   -30.90790  
348.900   -30.91343  
349.000   -30.91896  
349.100   -30.92448  
349.200   -30.93000  
349.300   -30.93552  
349.400   -30.94103  
349.500   -30.94653  
349.600   -30.95204  
349.700   -30.95753  
349.800   -30.96302  
349.900   -30.96851  
350.000   -30.97399  