0.000     0.00000  
  0.100     0.00000  
  0.200    -0.00003  
  0.300    -0.00007  
  0.400    -0.00014  
  0.500    -0.00025  
  0.600    -0.00038  
  0.700    -0.00056  
  0.800    -0.00077  
  0.900    -0.00102  
  1.000    -0.00131  
  1.100    -0.00164  
  1.200    -0.00202  
  1.300    -0.00244  
  1.400    -0.00291  
  1.500    -0.00341  
  1.600    -0.00397  
  1.700    -0.00457  
  1.800    -0.00521  
  1.900    -0.00590  
  2.000    -0.00664  
  2.100    -0.00742  
  2.200    -0.00825  
  2.300    -0.00912  
  2.400    -0.01004  
  2.500    -0.01100  
  2.600    -0.01201  
  2.700    -0.01306  
  2.800    -0.01416  
  2.900    -0.01530  
  3.000    -0.01649  
  3.100    -0.01791  
  3.200    -0.01933  
  3.300    -0.02074  
  3.400    -0.02216  
  3.500    -0.02358  
  3.600    -0.02500  
  3.700    -0.02642  
  3.800    -0.02784  
  3.900    -0.02926  
  4.000    -0.03068  
  4.100    -0.03249  
  4.200    -0.03430  
  4.300    -0.03612  
  4.400    -0.03793  
  4.500    -0.03974  
  4.600    -0.04156  
  4.700    -0.04337  
  4.800    -0.04518  
  4.900    -0.04700  
  5.000    -0.04881  
  5.100    -0.05078  
  5.200    -0.05291  
  5.300    -0.05514  
  5.400    -0.05740  
  5.500    -0.05963  
  5.600    -0.06179  
  5.700    -0.06391  
  5.800    -0.06603  
  5.900    -0.06820  
  6.000    -0.07045  
  6.100    -0.07281  
  6.200    -0.07526  
  6.300    -0.07777  
  6.400    -0.08029  
  6.500    -0.08279  
  6.600    -0.08525  
  6.700    -0.08768  
  6.800    -0.09012  
  6.900    -0.09259  
  7.000    -0.09514  
  7.100    -0.09779  
  7.200    -0.10051  
  7.300    -0.10328  
  7.400    -0.10606  
  7.500    -0.10882  
  7.600    -0.11154  
  7.700    -0.11424  
  7.800    -0.11694  
  7.900    -0.11969  
  8.000    -0.12249  
  8.100    -0.12538  
  8.200    -0.12833  
  8.300    -0.13132  
  8.400    -0.13432  
  8.500    -0.13730  
  8.600    -0.14025  
  8.700    -0.14319  
  8.800    -0.14613  
  8.900    -0.14909  
  9.000    -0.15212  
  9.100    -0.15521  
  9.200    -0.15836  
  9.300    -0.16153  
  9.400    -0.16472  
  9.500    -0.16790  
  9.600    -0.17105  
  9.700    -0.17419  
  9.800    -0.17732  
  9.900    -0.18048  
 10.000    -0.18369  
 10.100    -0.18695  
 10.200    -0.19026  
 10.300    -0.19362  
 10.400    -0.19701  
 10.500    -0.20043  
 10.600    -0.20387  
 10.700    -0.20732  
 10.800    -0.21076  
 10.900    -0.21420  
 11.000    -0.21761  
 11.100    -0.22101  
 11.200    -0.22438  
 11.300    -0.22774  
 11.400    -0.23109  
 11.500    -0.23445  
 11.600    -0.23782  
 11.700    -0.24120  
 11.800    -0.24461  
 11.900    -0.24806  
 12.000    -0.25154  
 12.100    -0.25506  
 12.200    -0.25863  
 12.300    -0.26223  
 12.400    -0.26586  
 12.500    -0.26951  
 12.600    -0.27317  
 12.700    -0.27684  
 12.800    -0.28051  
 12.900    -0.28417  
 13.000    -0.28782  
 13.100    -0.29145  
 13.200    -0.29506  
 13.300    -0.29867  
 13.400    -0.30227  
 13.500    -0.30588  
 13.600    -0.30949  
 13.700    -0.31311  
 13.800    -0.31675  
 13.900    -0.32041  
 14.000    -0.32410  
 14.100    -0.32781  
 14.200    -0.33156  
 14.300    -0.33533  
 14.400    -0.33912  
 14.500    -0.34292  
 14.600    -0.34673  
 14.700    -0.35055  
 14.800    -0.35436  
 14.900    -0.35818  
 15.000    -0.36198  
 15.100    -0.36577  
 15.200    -0.36956  
 15.300    -0.37333  
 15.400    -0.37711  
 15.500    -0.38088  
 15.600    -0.38466  
 15.700    -0.38844  
 15.800    -0.39223  
 15.900    -0.39604  
 16.000    -0.39987  
 16.100    -0.40371  
 16.200    -0.40758  
 16.300    -0.41146  
 16.400    -0.41535  
 16.500    -0.41925  
 16.600    -0.42315  
 16.700    -0.42706  
 16.800    -0.43098  
 16.900    -0.43488  
 17.000    -0.43879  
 17.100    -0.44268  
 17.200    -0.44657  
 17.300    -0.45046  
 17.400    -0.45434  
 17.500    -0.45822  
 17.600    -0.46211  
 17.700    -0.46599  
 17.800    -0.46989  
 17.900    -0.47379  
 18.000    -0.47770  
 18.100    -0.48163  
 18.200    -0.48556  
 18.300    -0.48950  
 18.400    -0.49345  
 18.500    -0.49741  
 18.600    -0.50136  
 18.700    -0.50532  
 18.800    -0.50929  
 18.900    -0.51325  
 19.000    -0.51720  
 19.100    -0.52116  
 19.200    -0.52511  
 19.300    -0.52906  
 19.400    -0.53300  
 19.500    -0.53695  
 19.600    -0.54090  
 19.700    -0.54484  
 19.800    -0.54879  
 19.900    -0.55275  
 20.000    -0.55670  
 20.100    -0.56066  
 20.200    -0.56463  
 20.300    -0.56860  
 20.400    -0.57257  
 20.500    -0.57655  
 20.600    -0.58052  
 20.700    -0.58450  
 20.800    -0.58848  
 20.900    -0.59246  
 21.000    -0.59644  
 21.100    -0.60042  
 21.200    -0.60439  
 21.300    -0.60837  
 21.400    -0.61234  
 21.500    -0.61632  
 21.600    -0.62029  
 21.700    -0.62426  
 21.800    -0.62823  
 21.900    -0.63221  
 22.000    -0.63618  
 22.100    -0.64015  
 22.200    -0.64412  
 22.300    -0.64809  
 22.400    -0.65205  
 22.500    -0.65602  
 22.600    -0.65999  
 22.700    -0.66396  
 22.800    -0.66793  
 22.900    -0.67190  
 23.000    -0.67588  
 23.100    -0.67985  
 23.200    -0.68382  
 23.300    -0.68779  
 23.400    -0.69177  
 23.500    -0.69574  
 23.600    -0.69971  
 23.700    -0.70368  
 23.800    -0.70765  
 23.900    -0.71161  
 24.000    -0.71558  
 24.100    -0.71954  
 24.200    -0.72350  
 24.300    -0.72745  
 24.400    -0.73141  
 24.500    -0.73536  
 24.600    -0.73932  
 24.700    -0.74327  
 24.800    -0.74722  
 24.900    -0.75116  
 25.000    -0.75511  
 25.100    -0.75906  
 25.200    -0.76301  
 25.300    -0.76695  
 25.400    -0.77090  
 25.500    -0.77484  
 25.600    -0.77877  
 25.700    -0.78271  
 25.800    -0.78664  
 25.900    -0.79056  
 26.000    -0.79448  
 26.100    -0.79839  
 26.200    -0.80230  
 26.300    -0.80621  
 26.400    -0.81011  
 26.500    -0.81401  
 26.600    -0.81791  
 26.700    -0.82181  
 26.800    -0.82571  
 26.900    -0.82961  
 27.000    -0.83352  
 27.100    -0.83743  
 27.200    -0.84134  
 27.300    -0.84525  
 27.400    -0.84917  
 27.500    -0.85308  
 27.600    -0.85699  
 27.700    -0.86089  
 27.800    -0.86479  
 27.900    -0.86868  
 28.000    -0.87255  
 28.100    -0.87642  
 28.200    -0.88028  
 28.300    -0.88413  
 28.400    -0.88798  
 28.500    -0.89182  
 28.600    -0.89566  
 28.700    -0.89950  
 28.800    -0.90334  
 28.900    -0.90719  
 29.000    -0.91104  
 29.100    -0.91490  
 29.200    -0.91877  
 29.300    -0.92264  
 29.400    -0.92651  
 29.500    -0.93037  
 29.600    -0.93423  
 29.700    -0.93808  
 29.800    -0.94191  
 29.900    -0.94573  
 30.000    -0.94953  
 30.100    -0.95331  
 30.200    -0.95707  
 30.300    -0.96082  
 30.400    -0.96455  
 30.500    -0.96827  
 30.600    -0.97198  
 30.700    -0.97569  
 30.800    -0.97940  
 30.900    -0.98310  
 31.000    -0.98681  
 31.100    -0.99052  
 31.200    -0.99424  
 31.300    -0.99796  
 31.400    -1.00169  
 31.500    -1.00542  
 31.600    -1.00915  
 31.700    -1.01288  
 31.800    -1.01662  
 31.900    -1.02035  
 32.000    -1.02409  
 32.100    -1.02782  
 32.200    -1.03156  
 32.300    -1.03529  
 32.400    -1.03902  
 32.500    -1.04275  
 32.600    -1.04647  
 32.700    -1.05020  
 32.800    -1.05393  
 32.900    -1.05765  
 33.000    -1.06137  
 33.100    -1.06509  
 33.200    -1.06880  
 33.300    -1.07252  
 33.400    -1.07624  
 33.500    -1.07996  
 33.600    -1.08369  
 33.700    -1.08742  
 33.800    -1.09115  
 33.900    -1.09490  
 34.000    -1.09865  
 34.100    -1.10241  
 34.200    -1.10617  
 34.300    -1.10994  
 34.400    -1.11370  
 34.500    -1.11745  
 34.600    -1.12119  
 34.700    -1.12491  
 34.800    -1.12861  
 34.900    -1.13228  
 35.000    -1.13593  
 35.100    -1.13954  
 35.200    -1.14311  
 35.300    -1.14667  
 35.400    -1.15020  
 35.500    -1.15371  
 35.600    -1.15721  
 35.700    -1.16070  
 35.800    -1.16419  
 35.900    -1.16767  
 36.000    -1.17117  
 36.100    -1.17467  
 36.200    -1.17817  
 36.300    -1.18169  
 36.400    -1.18521  
 36.500    -1.18874  
 36.600    -1.19227  
 36.700    -1.19580  
 36.800    -1.19934  
 36.900    -1.20287  
 37.000    -1.20641  
 37.100    -1.20994  
 37.200    -1.21347  
 37.300    -1.21700  
 37.400    -1.22052  
 37.500    -1.22405  
 37.600    -1.22757  
 37.700    -1.23109  
 37.800    -1.23461  
 37.900    -1.23813  
 38.000    -1.24165  
 38.100    -1.24516  
 38.200    -1.24867  
 38.300    -1.25218  
 38.400    -1.25570  
 38.500    -1.25921  
 38.600    -1.26273  
 38.700    -1.26626  
 38.800    -1.26979  
 38.900    -1.27333  
 39.000    -1.27688  
 39.100    -1.28044  
 39.200    -1.28401  
 39.300    -1.28757  
 39.400    -1.29113  
 39.500    -1.29468  
 39.600    -1.29822  
 39.700    -1.30174  
 39.800    -1.30523  
 39.900    -1.30869  
 40.000    -1.31212  
 40.100    -1.31552  
 40.200    -1.31887  
 40.300    -1.32220  
 40.400    -1.32551  
 40.500    -1.32879  
 40.600    -1.33206  
 40.700    -1.33533  
 40.800    -1.33858  
 40.900    -1.34184  
 41.000    -1.34510  
 41.100    -1.34837  
 41.200    -1.35165  
 41.300    -1.35494  
 41.400    -1.35824  
 41.500    -1.36154  
 41.600    -1.36484  
 41.700    -1.36815  
 41.800    -1.37146  
 41.900    -1.37477  
 42.000    -1.37808  
 42.100    -1.38139  
 42.200    -1.38469  
 42.300    -1.38800  
 42.400    -1.39130  
 42.500    -1.39460  
 42.600    -1.39789  
 42.700    -1.40119  
 42.800    -1.40448  
 42.900    -1.40777  
 43.000    -1.41106  
 43.100    -1.41435  
 43.200    -1.41763  
 43.300    -1.42092  
 43.400    -1.42420  
 43.500    -1.42750  
 43.600    -1.43079  
 43.700    -1.43409  
 43.800    -1.43740  
 43.900    -1.44071  
 44.000    -1.44404  
 44.100    -1.44737  
 44.200    -1.45071  
 44.300    -1.45405  
 44.400    -1.45739  
 44.500    -1.46071  
 44.600    -1.46402  
 44.700    -1.46732  
 44.800    -1.47058  
 44.900    -1.47382  
 45.000    -1.47702  
 45.100    -1.48018  
 45.200    -1.48330  
 45.300    -1.48640  
 45.400    -1.48947  
 45.500    -1.49252  
 45.600    -1.49555  
 45.700    -1.49858  
 45.800    -1.50160  
 45.900    -1.50462  
 46.000    -1.50764  
 46.100    -1.51068  
 46.200    -1.51372  
 46.300    -1.51678  
 46.400    -1.51984  
 46.500    -1.52290  
 46.600    -1.52597  
 46.700    -1.52904  
 46.800    -1.53212  
 46.900    -1.53519  
 47.000    -1.53827  
 47.100    -1.54134  
 47.200    -1.54441  
 47.300    -1.54748  
 47.400    -1.55054  
 47.500    -1.55361  
 47.600    -1.55667  
 47.700    -1.55973  
 47.800    -1.56278  
 47.900    -1.56584  
 48.000    -1.56889  
 48.100    -1.57194  
 48.200    -1.57499  
 48.300    -1.57804  
 48.400    -1.58110  
 48.500    -1.58415  
 48.600    -1.58721  
 48.700    -1.59028  
 48.800    -1.59335  
 48.900    -1.59643  
 49.000    -1.59952  
 49.100    -1.60262  
 49.200    -1.60572  
 49.300    -1.60883  
 49.400    -1.61193  
 49.500    -1.61502  
 49.600    -1.61809  
 49.700    -1.62115  
 49.800    -1.62418  
 49.900    -1.62718  
 50.000    -1.63014  
 50.100    -1.63307  
 50.200    -1.63596  
 50.300    -1.63882  
 50.400    -1.64165  
 50.500    -1.64446  
 50.600    -1.64726  
 50.700    -1.65005  
 50.800    -1.65283  
 50.900    -1.65561  
 51.000    -1.65840  
 51.100    -1.66120  
 51.200    -1.66401  
 51.300    -1.66683  
 51.400    -1.66965  
 51.500    -1.67248  
 51.600    -1.67531  
 51.700    -1.67815  
 51.800    -1.68099  
 51.900    -1.68383  
 52.000    -1.68666  
 52.100    -1.68950  
 52.200    -1.69233  
 52.300    -1.69516  
 52.400    -1.69799  
 52.500    -1.70082  
 52.600    -1.70365  
 52.700    -1.70647  
 52.800    -1.70929  
 52.900    -1.71211  
 53.000    -1.71492  
 53.100    -1.71774  
 53.200    -1.72055  
 53.300    -1.72337  
 53.400    -1.72618  
 53.500    -1.72900  
 53.600    -1.73182  
 53.700    -1.73465  
 53.800    -1.73749  
 53.900    -1.74033  
 54.000    -1.74319  
 54.100    -1.74605  
 54.200    -1.74891  
 54.300    -1.75178  
 54.400    -1.75465  
 54.500    -1.75750  
 54.600    -1.76034  
 54.700    -1.76316  
 54.800    -1.76595  
 54.900    -1.76872  
 55.000    -1.77145  
 55.100    -1.77414  
 55.200    -1.77679  
 55.300    -1.77942  
 55.400    -1.78202  
 55.500    -1.78460  
 55.600    -1.78716  
 55.700    -1.78972  
 55.800    -1.79227  
 55.900    -1.79482  
 56.000    -1.79738  
 56.100    -1.79995  
 56.200    -1.80252  
 56.300    -1.80511  
 56.400    -1.80770  
 56.500    -1.81029  
 56.600    -1.81290  
 56.700    -1.81550  
 56.800    -1.81810  
 56.900    -1.82071  
 57.000    -1.82332  
 57.100    -1.82592  
 57.200    -1.82852  
 57.300    -1.83112  
 57.400    -1.83371  
 57.500    -1.83631  
 57.600    -1.83890  
 57.700    -1.84149  
 57.800    -1.84408  
 57.900    -1.84667  
 58.000    -1.84925  
 58.100    -1.85183  
 58.200    -1.85441  
 58.300    -1.85700  
 58.400    -1.85958  
 58.500    -1.86217  
 58.600    -1.86476  
 58.700    -1.86735  
 58.800    -1.86995  
 58.900    -1.87256  
 59.000    -1.87518  
 59.100    -1.87781  
 59.200    -1.88045  
 59.300    -1.88308  
 59.400    -1.88571  
 59.500    -1.88833  
 59.600    -1.89094  
 59.700    -1.89352  
 59.800    -1.89609  
 59.900    -1.89862  
 60.000    -1.90112  
 60.100    -1.90358  
 60.200    -1.90601  
 60.300    -1.90841  
 60.400    -1.91078  
 60.500    -1.91314  
 60.600    -1.91548  
 60.700    -1.91781  
 60.800    -1.92014  
 60.900    -1.92247  
 61.000    -1.92480  
 61.100    -1.92714  
 61.200    -1.92949  
 61.300    -1.93185  
 61.400    -1.93422  
 61.500    -1.93659  
 61.600    -1.93896  
 61.700    -1.94134  
 61.800    -1.94372  
 61.900    -1.94610  
 62.000    -1.94848  
 62.100    -1.95086  
 62.200    -1.95323  
 62.300    -1.95560  
 62.400    -1.95798  
 62.500    -1.96034  
 62.600    -1.96271  
 62.700    -1.96508  
 62.800    -1.96744  
 62.900    -1.96980  
 63.000    -1.97216  
 63.100    -1.97452  
 63.200    -1.97687  
 63.300    -1.97923  
 63.400    -1.98159  
 63.500    -1.98395  
 63.600    -1.98631  
 63.700    -1.98868  
 63.800    -1.99106  
 63.900    -1.99345  
 64.000    -1.99584  
 64.100    -1.99824  
 64.200    -2.00065  
 64.300    -2.00305  
 64.400    -2.00546  
 64.500    -2.00785  
 64.600    -2.01023  
 64.700    -2.01259  
 64.800    -2.01493  
 64.900    -2.01724  
 65.000    -2.01952  
 65.100    -2.02176  
 65.200    -2.02397  
 65.300    -2.02615  
 65.400    -2.02831  
 65.500    -2.03045  
 65.600    -2.03257  
 65.700    -2.03469  
 65.800    -2.03680  
 65.900    -2.03892  
 66.000    -2.04103  
 66.100    -2.04316  
 66.200    -2.04530  
 66.300    -2.04744  
 66.400    -2.04959  
 66.500    -2.05174  
 66.600    -2.05390  
 66.700    -2.05606  
 66.800    -2.05822  
 66.900    -2.06039  
 67.000    -2.06255  
 67.100    -2.06471  
 67.200    -2.06687  
 67.300    -2.06902  
 67.400    -2.07118  
 67.500    -2.07333  
 67.600    -2.07548  
 67.700    -2.07763  
 67.800    -2.07978  
 67.900    -2.08192  
 68.000    -2.08407  
 68.100    -2.08621  
 68.200    -2.08835  
 68.300    -2.09049  
 68.400    -2.09263  
 68.500    -2.09478  
 68.600    -2.09692  
 68.700    -2.09908  
 68.800    -2.10124  
 68.900    -2.10340  
 69.000    -2.10558  
 69.100    -2.10776  
 69.200    -2.10995  
 69.300    -2.11214  
 69.400    -2.11433  
 69.500    -2.11650  
 69.600    -2.11867  
 69.700    -2.12081  
 69.800    -2.12293  
 69.900    -2.12503  
 70.000    -2.12710  
 70.100    -2.12913  
 70.200    -2.13113  
 70.300    -2.13310  
 70.400    -2.13505  
 70.500    -2.13699  
 70.600    -2.13891  
 70.700    -2.14082  
 70.800    -2.14273  
 70.900    -2.14464  
 71.000    -2.14655  
 71.100    -2.14847  
 71.200    -2.15040  
 71.300    -2.15234  
 71.400    -2.15428  
 71.500    -2.15623  
 71.600    -2.15818  
 71.700    -2.16014  
 71.800    -2.16209  
 71.900    -2.16405  
 72.000    -2.16600  
 72.100    -2.16796  
 72.200    -2.16991  
 72.300    -2.17186  
 72.400    -2.17381  
 72.500    -2.17575  
 72.600    -2.17770  
 72.700    -2.17964  
 72.800    -2.18158  
 72.900    -2.18352  
 73.000    -2.18546  
 73.100    -2.18739  
 73.200    -2.18933  
 73.300    -2.19126  
 73.400    -2.19320  
 73.500    -2.19514  
 73.600    -2.19708  
 73.700    -2.19903  
 73.800    -2.20098  
 73.900    -2.20294  
 74.000    -2.20491  
 74.100    -2.20689  
 74.200    -2.20887  
 74.300    -2.21085  
 74.400    -2.21282  
 74.500    -2.21479  
 74.600    -2.21675  
 74.700    -2.21869  
 74.800    -2.22061  
 74.900    -2.22250  
 75.000    -2.22436  
 75.100    -2.22619  
 75.200    -2.22800  
 75.300    -2.22977  
 75.400    -2.23153  
 75.500    -2.23327  
 75.600    -2.23500  
 75.700    -2.23671  
 75.800    -2.23843  
 75.900    -2.24014  
 76.000    -2.24186  
 76.100    -2.24359  
 76.200    -2.24533  
 76.300    -2.24707  
 76.400    -2.24882  
 76.500    -2.25057  
 76.600    -2.25233  
 76.700    -2.25408  
 76.800    -2.25584  
 76.900    -2.25760  
 77.000    -2.25936  
 77.100    -2.26112  
 77.200    -2.26288  
 77.300    -2.26463  
 77.400    -2.26638  
 77.500    -2.26814  
 77.600    -2.26988  
 77.700    -2.27163  
 77.800    -2.27338  
 77.900    -2.27512  
 78.000    -2.27686  
 78.100    -2.27860  
 78.200    -2.28035  
 78.300    -2.28209  
 78.400    -2.28383  
 78.500    -2.28557  
 78.600    -2.28732  
 78.700    -2.28907  
 78.800    -2.29083  
 78.900    -2.29259  
 79.000    -2.29436  
 79.100    -2.29614  
 79.200    -2.29793  
 79.300    -2.29971  
 79.400    -2.30149  
 79.500    -2.30326  
 79.600    -2.30502  
 79.700    -2.30677  
 79.800    -2.30849  
 79.900    -2.31019  
 80.000    -2.31186  
 80.100    -2.31351  
 80.200    -2.31512  
 80.300    -2.31671  
 80.400    -2.31829  
 80.500    -2.31984  
 80.600    -2.32138  
 80.700    -2.32292  
 80.800    -2.32445  
 80.900    -2.32599  
 81.000    -2.32752  
 81.100    -2.32907  
 81.200    -2.33062  
 81.300    -2.33218  
 81.400    -2.33374  
 81.500    -2.33531  
 81.600    -2.33688  
 81.700    -2.33846  
 81.800    -2.34003  
 81.900    -2.34161  
 82.000    -2.34318  
 82.100    -2.34476  
 82.200    -2.34633  
 82.300    -2.34790  
 82.400    -2.34947  
 82.500    -2.35103  
 82.600    -2.35260  
 82.700    -2.35416  
 82.800    -2.35572  
 82.900    -2.35728  
 83.000    -2.35884  
 83.100    -2.36040  
 83.200    -2.36196  
 83.300    -2.36351  
 83.400    -2.36507  
 83.500    -2.36663  
 83.600    -2.36820  
 83.700    -2.36976  
 83.800    -2.37134  
 83.900    -2.37292  
 84.000    -2.37450  
 84.100    -2.37609  
 84.200    -2.37769  
 84.300    -2.37929  
 84.400    -2.38088  
 84.500    -2.38247  
 84.600    -2.38404  
 84.700    -2.38560  
 84.800    -2.38715  
 84.900    -2.38867  
 85.000    -2.39016  
 85.100    -2.39163  
 85.200    -2.39306  
 85.300    -2.39448  
 85.400    -2.39588  
 85.500    -2.39726  
 85.600    -2.39863  
 85.700    -2.40000  
 85.800    -2.40136  
 85.900    -2.40272  
 86.000    -2.40409  
 86.100    -2.40546  
 86.200    -2.40684  
 86.300    -2.40823  
 86.400    -2.40962  
 86.500    -2.41101  
 86.600    -2.41241  
 86.700    -2.41381  
 86.800    -2.41521  
 86.900    -2.41662  
 87.000    -2.41802  
 87.100    -2.41942  
 87.200    -2.42082  
 87.300    -2.42221  
 87.400    -2.42361  
 87.500    -2.42500  
 87.600    -2.42639  
 87.700    -2.42778  
 87.800    -2.42917  
 87.900    -2.43056  
 88.000    -2.43195  
 88.100    -2.43333  
 88.200    -2.43472  
 88.300    -2.43610  
 88.400    -2.43749  
 88.500    -2.43887  
 88.600    -2.44027  
 88.700    -2.44166  
 88.800    -2.44306  
 88.900    -2.44446  
 89.000    -2.44588  
 89.100    -2.44729  
 89.200    -2.44872  
 89.300    -2.45014  
 89.400    -2.45156  
 89.500    -2.45297  
 89.600    -2.45437  
 89.700    -2.45576  
 89.800    -2.45713  
 89.900    -2.45848  
 90.000    -2.45980  
 90.100    -2.46110  
 90.200    -2.46238  
 90.300    -2.46363  
 90.400    -2.46487  
 90.500    -2.46609  
 90.600    -2.46730  
 90.700    -2.46850  
 90.800    -2.46971  
 90.900    -2.47091  
 91.000    -2.47211  
 91.100    -2.47333  
 91.200    -2.47455  
 91.300    -2.47577  
 91.400    -2.47700  
 91.500    -2.47823  
 91.600    -2.47947  
 91.700    -2.48070  
 91.800    -2.48194  
 91.900    -2.48318  
 92.000    -2.48442  
 92.100    -2.48566  
 92.200    -2.48690  
 92.300    -2.48813  
 92.400    -2.48936  
 92.500    -2.49059  
 92.600    -2.49182  
 92.700    -2.49305  
 92.800    -2.49428  
 92.900    -2.49551  
 93.000    -2.49673  
 93.100    -2.49795  
 93.200    -2.49918  
 93.300    -2.50040  
 93.400    -2.50162  
 93.500    -2.50285  
 93.600    -2.50408  
 93.700    -2.50531  
 93.800    -2.50655  
 93.900    -2.50779  
 94.000    -2.50904  
 94.100    -2.51029  
 94.200    -2.51155  
 94.300    -2.51281  
 94.400    -2.51406  
 94.500    -2.51531  
 94.600    -2.51655  
 94.700    -2.51778  
 94.800    -2.51899  
 94.900    -2.52018  
 95.000    -2.52135  
 95.100    -2.52249  
 95.200    -2.52361  
 95.300    -2.52471  
 95.400    -2.52579  
 95.500    -2.52687  
 95.600    -2.52793  
 95.700    -2.52898  
 95.800    -2.53003  
 95.900    -2.53109  
 96.000    -2.53214  
 96.100    -2.53321  
 96.200    -2.53427  
 96.300    -2.53535  
 96.400    -2.53642  
 96.500    -2.53751  
 96.600    -2.53859  
 96.700    -2.53968  
 96.800    -2.54076  
 96.900    -2.54185  
 97.000    -2.54294  
 97.100    -2.54402  
 97.200    -2.54511  
 97.300    -2.54619  
 97.400    -2.54727  
 97.500    -2.54835  
 97.600    -2.54943  
 97.700    -2.55051  
 97.800    -2.55158  
 97.900    -2.55266  
 98.000    -2.55373  
 98.100    -2.55481  
 98.200    -2.55588  
 98.300    -2.55695  
 98.400    -2.55802  
 98.500    -2.55910  
 98.600    -2.56018  
 98.700    -2.56126  
 98.800    -2.56234  
 98.900    -2.56343  
 99.000    -2.56453  
 99.100    -2.56563  
 99.200    -2.56673  
 99.300    -2.56784  
 99.400    -2.56894  
 99.500    -2.57004  
 99.600    -2.57112  
 99.700    -2.57220  
 99.800    -2.57326  
 99.900    -2.57430  
100.000    -2.57532  
100.100    -2.57632  
100.200    -2.57730  
100.300    -2.57825  
100.400    -2.57919  
100.500    -2.58011  
100.600    -2.58101  
100.700    -2.58190  
100.800    -2.58277  
100.900    -2.58364  
101.000    -2.58449  
101.100    -2.58533  
101.200    -2.58617  
101.300    -2.58700  
101.400    -2.58783  
101.500    -2.58865  
101.600    -2.58947  
101.700    -2.59029  
101.800    -2.59112  
101.900    -2.59195  
102.000    -2.59278  
102.100    -2.59362  
102.200    -2.59446  
102.300    -2.59531  
102.400    -2.59617  
102.500    -2.59703  
102.600    -2.59789  
102.700    -2.59876  
102.800    -2.59963  
102.900    -2.60050  
103.000    -2.60138  
103.100    -2.60226  
103.200    -2.60315  
103.300    -2.60403  
103.400    -2.60491  
103.500    -2.60580  
103.600    -2.60669  
103.700    -2.60758  
103.800    -2.60846  
103.900    -2.60935  
104.000    -2.61023  
104.100    -2.61112  
104.200    -2.61200  
104.300    -2.61288  
104.400    -2.61376  
104.500    -2.61464  
104.600    -2.61552  
104.700    -2.61640  
104.800    -2.61727  
104.900    -2.61815  
105.000    -2.61902  
105.100    -2.61989  
105.200    -2.62077  
105.300    -2.62164  
105.400    -2.62250  
105.500    -2.62337  
105.600    -2.62424  
105.700    -2.62510  
105.800    -2.62597  
105.900    -2.62683  
106.000    -2.62769  
106.100    -2.62855  
106.200    -2.62941  
106.300    -2.63027  
106.400    -2.63113  
106.500    -2.63199  
106.600    -2.63285  
106.700    -2.63371  
106.800    -2.63458  
106.900    -2.63544  
107.000    -2.63631  
107.100    -2.63718  
107.200    -2.63805  
107.300    -2.63892  
107.400    -2.63980  
107.500    -2.64068  
107.600    -2.64156  
107.700    -2.64245  
107.800    -2.64335  
107.900    -2.64424  
108.000    -2.64515  
108.100    -2.64606  
108.200    -2.64697  
108.300    -2.64789  
108.400    -2.64880  
108.500    -2.64972  
108.600    -2.65064  
108.700    -2.65155  
108.800    -2.65246  
108.900    -2.65337  
109.000    -2.65426  
109.100    -2.65515  
109.200    -2.65604  
109.300    -2.65691  
109.400    -2.65777  
109.500    -2.65861  
109.600    -2.65945  
109.700    -2.66026  
109.800    -2.66106  
109.900    -2.66184  
110.000    -2.66260  
110.100    -2.66334  
110.200    -2.66407  
110.300    -2.66477  
110.400    -2.66545  
110.500    -2.66612  
110.600    -2.66678  
110.700    -2.66742  
110.800    -2.66805  
110.900    -2.66867  
111.000    -2.66928  
111.100    -2.66989  
111.200    -2.67048  
111.300    -2.67107  
111.400    -2.67166  
111.500    -2.67225  
111.600    -2.67283  
111.700    -2.67342  
111.800    -2.67400  
111.900    -2.67459  
112.000    -2.67518  
112.100    -2.67578  
112.200    -2.67639  
112.300    -2.67700  
112.400    -2.67761  
112.500    -2.67823  
112.600    -2.67885  
112.700    -2.67947  
112.800    -2.68010  
112.900    -2.68073  
113.000    -2.68137  
113.100    -2.68200  
113.200    -2.68264  
113.300    -2.68328  
113.400    -2.68392  
113.500    -2.68456  
113.600    -2.68520  
113.700    -2.68584  
113.800    -2.68648  
113.900    -2.68713  
114.000    -2.68777  
114.100    -2.68841  
114.200    -2.68904  
114.300    -2.68968  
114.400    -2.69032  
114.500    -2.69095  
114.600    -2.69158  
114.700    -2.69222  
114.800    -2.69285  
114.900    -2.69348  
115.000    -2.69411  
115.100    -2.69474  
115.200    -2.69536  
115.300    -2.69599  
115.400    -2.69662  
115.500    -2.69724  
115.600    -2.69786  
115.700    -2.69849  
115.800    -2.69911  
115.900    -2.69973  
116.000    -2.70035  
116.100    -2.70097  
116.200    -2.70158  
116.300    -2.70220  
116.400    -2.70282  
116.500    -2.70344  
116.600    -2.70406  
116.700    -2.70468  
116.800    -2.70530  
116.900    -2.70592  
117.000    -2.70654  
117.100    -2.70717  
117.200    -2.70779  
117.300    -2.70842  
117.400    -2.70906  
117.500    -2.70969  
117.600    -2.71033  
117.700    -2.71097  
117.800    -2.71162  
117.900    -2.71227  
118.000    -2.71293  
118.100    -2.71359  
118.200    -2.71425  
118.300    -2.71492  
118.400    -2.71558  
118.500    -2.71625  
118.600    -2.71692  
118.700    -2.71758  
118.800    -2.71824  
118.900    -2.71890  
119.000    -2.71955  
119.100    -2.72019  
119.200    -2.72083  
119.300    -2.72146  
119.400    -2.72208  
119.500    -2.72268  
119.600    -2.72328  
119.700    -2.72386  
119.800    -2.72442  
119.900    -2.72497  
120.000    -2.72551  
120.100    -2.72602  
120.200    -2.72652  
120.300    -2.72701  
120.400    -2.72747  
120.500    -2.72793  
120.600    -2.72837  
120.700    -2.72880  
120.800    -2.72922  
120.900    -2.72964  
121.000    -2.73004  
121.100    -2.73044  
121.200    -2.73083  
121.300    -2.73122  
121.400    -2.73161  
121.500    -2.73199  
121.600    -2.73237  
121.700    -2.73275  
121.800    -2.73314  
121.900    -2.73352  
122.000    -2.73391  
122.100    -2.73431  
122.200    -2.73470  
122.300    -2.73511  
122.400    -2.73551  
122.500    -2.73592  
122.600    -2.73634  
122.700    -2.73675  
122.800    -2.73717  
122.900    -2.73759  
123.000    -2.73802  
123.100    -2.73844  
123.200    -2.73887  
123.300    -2.73930  
123.400    -2.73973  
123.500    -2.74016  
123.600    -2.74059  
123.700    -2.74102  
123.800    -2.74145  
123.900    -2.74188  
124.000    -2.74231  
124.100    -2.74274  
124.200    -2.74317  
124.300    -2.74360  
124.400    -2.74402  
124.500    -2.74445  
124.600    -2.74487  
124.700    -2.74529  
124.800    -2.74572  
124.900    -2.74614  
125.000    -2.74656  
125.100    -2.74698  
125.200    -2.74740  
125.300    -2.74781  
125.400    -2.74823  
125.500    -2.74865  
125.600    -2.74906  
125.700    -2.74948  
125.800    -2.74989  
125.900    -2.75030  
126.000    -2.75072  
126.100    -2.75113  
126.200    -2.75154  
126.300    -2.75195  
126.400    -2.75236  
126.500    -2.75277  
126.600    -2.75318  
126.700    -2.75359  
126.800    -2.75401  
126.900    -2.75442  
127.000    -2.75484  
127.100    -2.75525  
127.200    -2.75567  
127.300    -2.75609  
127.400    -2.75652  
127.500    -2.75694  
127.600    -2.75737  
127.700    -2.75780  
127.800    -2.75824  
127.900    -2.75868  
128.000    -2.75912  
128.100    -2.75957  
128.200    -2.76001  
128.300    -2.76047  
128.400    -2.76092  
128.500    -2.76137  
128.600    -2.76182  
128.700    -2.76227  
128.800    -2.76272  
128.900    -2.76316  
129.000    -2.76360  
129.100    -2.76404  
129.200    -2.76446  
129.300    -2.76488  
129.400    -2.76529  
129.500    -2.76569  
129.600    -2.76608  
129.700    -2.76646  
129.800    -2.76683  
129.900    -2.76718  
130.000    -2.76752  
130.100    -2.76784  
130.200    -2.76815  
130.300    -2.76845  
130.400    -2.76873  
130.500    -2.76901  
130.600    -2.76927  
130.700    -2.76952  
130.800    -2.76976  
130.900    -2.77000  
131.000    -2.77023  
131.100    -2.77045  
131.200    -2.77067  
131.300    -2.77089  
131.400    -2.77110  
131.500    -2.77131  
131.600    -2.77152  
131.700    -2.77173  
131.800    -2.77194  
131.900    -2.77215  
132.000    -2.77237  
132.100    -2.77259  
132.200    -2.77281  
132.300    -2.77304  
132.400    -2.77327  
132.500    -2.77351  
132.600    -2.77374  
132.700    -2.77398  
132.800    -2.77423  
132.900    -2.77447  
133.000    -2.77472  
133.100    -2.77496  
133.200    -2.77521  
133.300    -2.77546  
133.400    -2.77571  
133.500    -2.77596  
133.600    -2.77621  
133.700    -2.77647  
133.800    -2.77672  
133.900    -2.77697  
134.000    -2.77722  
134.100    -2.77747  
134.200    -2.77772  
134.300    -2.77797  
134.400    -2.77821  
134.500    -2.77846  
134.600    -2.77871  
134.700    -2.77895  
134.800    -2.77920  
134.900    -2.77944  
135.000    -2.77968  
135.100    -2.77992  
135.200    -2.78016  
135.300    -2.78041  
135.400    -2.78065  
135.500    -2.78088  
135.600    -2.78112  
135.700    -2.78136  
135.800    -2.78160  
135.900    -2.78183  
136.000    -2.78207  
136.100    -2.78230  
136.200    -2.78254  
136.300    -2.78277  
136.400    -2.78301  
136.500    -2.78324  
136.600    -2.78348  
136.700    -2.78371  
136.800    -2.78395  
136.900    -2.78419  
137.000    -2.78442  
137.100    -2.78466  
137.200    -2.78491  
137.300    -2.78515  
137.400    -2.78539  
137.500    -2.78564  
137.600    -2.78589  
137.700    -2.78614  
137.800    -2.78640  
137.900    -2.78666  
138.000    -2.78692  
138.100    -2.78718  
138.200    -2.78745  
138.300    -2.78772  
138.400    -2.78799  
138.500    -2.78826  
138.600    -2.78853  
138.700    -2.78880  
138.800    -2.78906  
138.900    -2.78932  
139.000    -2.78958  
139.100    -2.78983  
139.200    -2.79008  
139.300    -2.79032  
139.400    -2.79056  
139.500    -2.79078  
139.600    -2.79100  
139.700    -2.79121  
139.800    -2.79141  
139.900    -2.79159  
140.000    -2.79177  
140.100    -2.79193  
140.200    -2.79208  
140.300    -2.79221  
140.400    -2.79234  
140.500    -2.79246  
140.600    -2.79257  
140.700    -2.79267  
140.800    -2.79276  
140.900    -2.79285  
141.000    -2.79293  
141.100    -2.79301  
141.200    -2.79308  
141.300    -2.79315  
141.400    -2.79322  
141.500    -2.79328  
141.600    -2.79335  
141.700    -2.79341  
141.800    -2.79348  
141.900    -2.79355  
142.000    -2.79362  
142.100    -2.79369  
142.200    -2.79377  
142.300    -2.79385  
142.400    -2.79393  
142.500    -2.79402  
142.600    -2.79411  
142.700    -2.79420  
142.800    -2.79429  
142.900    -2.79438  
143.000    -2.79448  
143.100    -2.79457  
143.200    -2.79467  
143.300    -2.79477  
143.400    -2.79487  
143.500    -2.79497  
143.600    -2.79507  
143.700    -2.79517  
143.800    -2.79527  
143.900    -2.79537  
144.000    -2.79547  
144.100    -2.79557  
144.200    -2.79567  
144.300    -2.79576  
144.400    -2.79586  
144.500    -2.79596  
144.600    -2.79605  
144.700    -2.79615  
144.800    -2.79624  
144.900    -2.79633  
145.000    -2.79643  
145.100    -2.79652  
145.200    -2.79661  
145.300    -2.79670  
145.400    -2.79679  
145.500    -2.79688  
145.600    -2.79697  
145.700    -2.79706  
145.800    -2.79715  
145.900    -2.79723  
146.000    -2.79732  
146.100    -2.79741  
146.200    -2.79749  
146.300    -2.79758  
146.400    -2.79767  
146.500    -2.79775  
146.600    -2.79784  
146.700    -2.79792  
146.800    -2.79801  
146.900    -2.79810  
147.000    -2.79819  
147.100    -2.79828  
147.200    -2.79837  
147.300    -2.79846  
147.400    -2.79856  
147.500    -2.79866  
147.600    -2.79875  
147.700    -2.79886  
147.800    -2.79896  
147.900    -2.79906  
148.000    -2.79917  
148.100    -2.79928  
148.200    -2.79940  
148.300    -2.79951  
148.400    -2.79963  
148.500    -2.79974  
148.600    -2.79986  
148.700    -2.79997  
148.800    -2.80008  
148.900    -2.80019  
149.000    -2.80030  
149.100    -2.80040  
149.200    -2.80050  
149.300    -2.80059  
149.400    -2.80067  
149.500    -2.80075  
149.600    -2.80083  
149.700    -2.80089  
149.800    -2.80094  
149.900    -2.80099  
150.000    -2.80102  
150.100    -2.80105  
150.200    -2.80106  
150.300    -2.80107  
150.400    -2.80106  
150.500    -2.80105  
150.600    -2.80103  
150.700    -2.80101  
150.800    -2.80098  
150.900    -2.80094  
151.000    -2.80090  
151.100    -2.80085  
151.200    -2.80080  
151.300    -2.80075  
151.400    -2.80069  
151.500    -2.80064  
151.600    -2.80058  
151.700    -2.80053  
151.800    -2.80047  
151.900    -2.80042  
152.000    -2.80037  
152.100    -2.80032  
152.200    -2.80028  
152.300    -2.80023  
152.400    -2.80019  
152.500    -2.80015  
152.600    -2.80012  
152.700    -2.80008  
152.800    -2.80005  
152.900    -2.80002  
153.000    -2.79999  
153.100    -2.79996  
153.200    -2.79993  
153.300    -2.79990  
153.400    -2.79988  
153.500    -2.79985  
153.600    -2.79982  
153.700    -2.79980  
153.800    -2.79977  
153.900    -2.79974  
154.000    -2.79972  
154.100    -2.79969  
154.200    -2.79966  
154.300    -2.79963  
154.400    -2.79960  
154.500    -2.79957  
154.600    -2.79954  
154.700    -2.79951  
154.800    -2.79948  
154.900    -2.79945  
155.000    -2.79941  
155.100    -2.79938  
155.200    -2.79935  
155.300    -2.79931  
155.400    -2.79928  
155.500    -2.79924  
155.600    -2.79921  
155.700    -2.79917  
155.800    -2.79914  
155.900    -2.79910  
156.000    -2.79906  
156.100    -2.79903  
156.200    -2.79899  
156.300    -2.79895  
156.400    -2.79891  
156.500    -2.79887  
156.600    -2.79884  
156.700    -2.79880  
156.800    -2.79876  
156.900    -2.79872  
157.000    -2.79868  
157.100    -2.79865  
157.200    -2.79861  
157.300    -2.79857  
157.400    -2.79854  
157.500    -2.79850  
157.600    -2.79847  
157.700    -2.79843  
157.800    -2.79840  
157.900    -2.79837  
158.000    -2.79834  
158.100    -2.79831  
158.200    -2.79828  
158.300    -2.79825  
158.400    -2.79822  
158.500    -2.79819  
158.600    -2.79817  
158.700    -2.79814  
158.800    -2.79812  
158.900    -2.79810  
159.000    -2.79808  
159.100    -2.79806  
159.200    -2.79805  
159.300    -2.79803  
159.400    -2.79801  
159.500    -2.79798  
159.600    -2.79795  
159.700    -2.79792  
159.800    -2.79787  
159.900    -2.79782  
160.000    -2.79776  
160.100    -2.79768  
160.200    -2.79760  
160.300    -2.79750  
160.400    -2.79739  
160.500    -2.79728  
160.600    -2.79716  
160.700    -2.79703  
160.800    -2.79689  
160.900    -2.79675  
161.000    -2.79661  
161.100    -2.79646  
161.200    -2.79630  
161.300    -2.79615  
161.400    -2.79599  
161.500    -2.79583  
161.600    -2.79567  
161.700    -2.79551  
161.800    -2.79535  
161.900    -2.79519  
162.000    -2.79503  
162.100    -2.79488  
162.200    -2.79473  
162.300    -2.79458  
162.400    -2.79444  
162.500    -2.79429  
162.600    -2.79415  
162.700    -2.79402  
162.800    -2.79388  
162.900    -2.79374  
163.000    -2.79361  
163.100    -2.79348  
163.200    -2.79335  
163.300    -2.79322  
163.400    -2.79309  
163.500    -2.79296  
163.600    -2.79283  
163.700    -2.79270  
163.800    -2.79257  
163.900    -2.79244  
164.000    -2.79231  
164.100    -2.79218  
164.200    -2.79205  
164.300    -2.79191  
164.400    -2.79178  
164.500    -2.79165  
164.600    -2.79151  
164.700    -2.79138  
164.800    -2.79124  
164.900    -2.79111  
165.000    -2.79097  
165.100    -2.79084  
165.200    -2.79070  
165.300    -2.79056  
165.400    -2.79042  
165.500    -2.79028  
165.600    -2.79015  
165.700    -2.79001  
165.800    -2.78987  
165.900    -2.78973  
166.000    -2.78959  
166.100    -2.78945  
166.200    -2.78930  
166.300    -2.78916  
166.400    -2.78902  
166.500    -2.78888  
166.600    -2.78874  
166.700    -2.78860  
166.800    -2.78846  
166.900    -2.78832  
167.000    -2.78818  
167.100    -2.78805  
167.200    -2.78791  
167.300    -2.78777  
167.400    -2.78764  
167.500    -2.78751  
167.600    -2.78738  
167.700    -2.78724  
167.800    -2.78712  
167.900    -2.78699  
168.000    -2.78686  
168.100    -2.78674  
168.200    -2.78662  
168.300    -2.78650  
168.400    -2.78638  
168.500    -2.78625  
168.600    -2.78613  
168.700    -2.78601  
168.800    -2.78589  
168.900    -2.78576  
169.000    -2.78564  
169.100    -2.78551  
169.200    -2.78537  
169.300    -2.78524  
169.400    -2.78510  
169.500    -2.78495  
169.600    -2.78480  
169.700    -2.78464  
169.800    -2.78448  
169.900    -2.78431  
170.000    -2.78414  
170.100    -2.78396  
170.200    -2.78377  
170.300    -2.78357  
170.400    -2.78337  
170.500    -2.78317  
170.600    -2.78296  
170.700    -2.78274  
170.800    -2.78252  
170.900    -2.78230  
171.000    -2.78207  
171.100    -2.78184  
171.200    -2.78161  
171.300    -2.78138  
171.400    -2.78114  
171.500    -2.78091  
171.600    -2.78067  
171.700    -2.78043  
171.800    -2.78020  
171.900    -2.77996  
172.000    -2.77973  
172.100    -2.77950  
172.200    -2.77927  
172.300    -2.77904  
172.400    -2.77882  
172.500    -2.77859  
172.600    -2.77837  
172.700    -2.77815  
172.800    -2.77793  
172.900    -2.77771  
173.000    -2.77749  
173.100    -2.77727  
173.200    -2.77706  
173.300    -2.77684  
173.400    -2.77662  
173.500    -2.77641  
173.600    -2.77619  
173.700    -2.77597  
173.800    -2.77576  
173.900    -2.77554  
174.000    -2.77533  
174.100    -2.77511  
174.200    -2.77489  
174.300    -2.77467  
174.400    -2.77445  
174.500    -2.77424  
174.600    -2.77402  
174.700    -2.77380  
174.800    -2.77358  
174.900    -2.77336  
175.000    -2.77314  
175.100    -2.77292  
175.200    -2.77270  
175.300    -2.77248  
175.400    -2.77225  
175.500    -2.77203  
175.600    -2.77181  
175.700    -2.77159  
175.800    -2.77136  
175.900    -2.77114  
176.000    -2.77092  
176.100    -2.77069  
176.200    -2.77047  
176.300    -2.77025  
176.400    -2.77002  
176.500    -2.76980  
176.600    -2.76957  
176.700    -2.76935  
176.800    -2.76913  
176.900    -2.76890  
177.000    -2.76868  
177.100    -2.76846  
177.200    -2.76824  
177.300    -2.76802  
177.400    -2.76780  
177.500    -2.76758  
177.600    -2.76737  
177.700    -2.76715  
177.800    -2.76694  
177.900    -2.76672  
178.000    -2.76651  
178.100    -2.76630  
178.200    -2.76609  
178.300    -2.76588  
178.400    -2.76567  
178.500    -2.76547  
178.600    -2.76526  
178.700    -2.76505  
178.800    -2.76484  
178.900    -2.76463  
179.000    -2.76441  
179.100    -2.76420  
179.200    -2.76398  
179.300    -2.76376  
179.400    -2.76353  
179.500    -2.76331  
179.600    -2.76308  
179.700    -2.76284  
179.800    -2.76260  
179.900    -2.76235  
180.000    -2.76210  
180.100    -2.76185  
180.200    -2.76158  
180.300    -2.76132  
180.400    -2.76104  
180.500    -2.76077  
180.600    -2.76049  
180.700    -2.76020  
180.800    -2.75992  
180.900    -2.75963  
181.000    -2.75933  
181.100    -2.75904  
181.200    -2.75874  
181.300    -2.75844  
181.400    -2.75814  
181.500    -2.75785  
181.600    -2.75755  
181.700    -2.75725  
181.800    -2.75695  
181.900    -2.75665  
182.000    -2.75635  
182.100    -2.75605  
182.200    -2.75576  
182.300    -2.75547  
182.400    -2.75517  
182.500    -2.75488  
182.600    -2.75459  
182.700    -2.75431  
182.800    -2.75402  
182.900    -2.75373  
183.000    -2.75344  
183.100    -2.75316  
183.200    -2.75287  
183.300    -2.75259  
183.400    -2.75230  
183.500    -2.75202  
183.600    -2.75174  
183.700    -2.75145  
183.800    -2.75117  
183.900    -2.75088  
184.000    -2.75060  
184.100    -2.75031  
184.200    -2.75003  
184.300    -2.74974  
184.400    -2.74946  
184.500    -2.74917  
184.600    -2.74889  
184.700    -2.74860  
184.800    -2.74831  
184.900    -2.74802  
185.000    -2.74774  
185.100    -2.74745  
185.200    -2.74716  
185.300    -2.74687  
185.400    -2.74658  
185.500    -2.74629  
185.600    -2.74601  
185.700    -2.74572  
185.800    -2.74543  
185.900    -2.74514  
186.000    -2.74485  
186.100    -2.74456  
186.200    -2.74427  
186.300    -2.74398  
186.400    -2.74369  
186.500    -2.74340  
186.600    -2.74311  
186.700    -2.74282  
186.800    -2.74253  
186.900    -2.74224  
187.000    -2.74195  
187.100    -2.74166  
187.200    -2.74137  
187.300    -2.74108  
187.400    -2.74080  
187.500    -2.74051  
187.600    -2.74023  
187.700    -2.73994  
187.800    -2.73966  
187.900    -2.73938  
188.000    -2.73910  
188.100    -2.73882  
188.200    -2.73854  
188.300    -2.73826  
188.400    -2.73798  
188.500    -2.73770  
188.600    -2.73742  
188.700    -2.73715  
188.800    -2.73687  
188.900    -2.73659  
189.000    -2.73630  
189.100    -2.73602  
189.200    -2.73573  
189.300    -2.73545  
189.400    -2.73516  
189.500    -2.73486  
189.600    -2.73457  
189.700    -2.73427  
189.800    -2.73396  
189.900    -2.73366  
190.000    -2.73334  
190.100    -2.73303  
190.200    -2.73271  
190.300    -2.73238  
190.400    -2.73206  
190.500    -2.73173  
190.600    -2.73139  
190.700    -2.73105  
190.800    -2.73071  
190.900    -2.73037  
191.000    -2.73003  
191.100    -2.72968  
191.200    -2.72934  
191.300    -2.72899  
191.400    -2.72864  
191.500    -2.72829  
191.600    -2.72794  
191.700    -2.72759  
191.800    -2.72724  
191.900    -2.72690  
192.000    -2.72655  
192.100    -2.72620  
192.200    -2.72586  
192.300    -2.72551  
192.400    -2.72517  
192.500    -2.72483  
192.600    -2.72449  
192.700    -2.72415  
192.800    -2.72381  
192.900    -2.72347  
193.000    -2.72313  
193.100    -2.72279  
193.200    -2.72245  
193.300    -2.72211  
193.400    -2.72178  
193.500    -2.72144  
193.600    -2.72110  
193.700    -2.72077  
193.800    -2.72043  
193.900    -2.72009  
194.000    -2.71975  
194.100    -2.71942  
194.200    -2.71908  
194.300    -2.71874  
194.400    -2.71840  
194.500    -2.71806  
194.600    -2.71772  
194.700    -2.71738  
194.800    -2.71704  
194.900    -2.71670  
195.000    -2.71636  
195.100    -2.71602  
195.200    -2.71568  
195.300    -2.71534  
195.400    -2.71500  
195.500    -2.71466  
195.600    -2.71432  
195.700    -2.71398  
195.800    -2.71364  
195.900    -2.71330  
196.000    -2.71296  
196.100    -2.71262  
196.200    -2.71228  
196.300    -2.71193  
196.400    -2.71159  
196.500    -2.71125  
196.600    -2.71091  
196.700    -2.71057  
196.800    -2.71023  
196.900    -2.70989  
197.000    -2.70955  
197.100    -2.70921  
197.200    -2.70887  
197.300    -2.70853  
197.400    -2.70819  
197.500    -2.70785  
197.600    -2.70751  
197.700    -2.70717  
197.800    -2.70684  
197.900    -2.70650  
198.000    -2.70616  
198.100    -2.70583  
198.200    -2.70549  
198.300    -2.70516  
198.400    -2.70482  
198.500    -2.70448  
198.600    -2.70415  
198.700    -2.70381  
198.800    -2.70348  
198.900    -2.70314  
199.000    -2.70280  
199.100    -2.70246  
199.200    -2.70213  
199.300    -2.70179  
199.400    -2.70144  
199.500    -2.70110  
199.600    -2.70076  
199.700    -2.70041  
199.800    -2.70007  
199.900    -2.69972  
200.000    -2.69937  
200.100    -2.69901  
200.200    -2.69866  
200.300    -2.69830  
200.400    -2.69795  
200.500    -2.69759  
200.600    -2.69722  
200.700    -2.69686  
200.800    -2.69649  
200.900    -2.69613  
201.000    -2.69576  
201.100    -2.69539  
201.200    -2.69502  
201.300    -2.69465  
201.400    -2.69427  
201.500    -2.69390  
201.600    -2.69352  
201.700    -2.69314  
201.800    -2.69277  
201.900    -2.69239  
202.000    -2.69201  
202.100    -2.69162  
202.200    -2.69124  
202.300    -2.69086  
202.400    -2.69048  
202.500    -2.69009  
202.600    -2.68971  
202.700    -2.68932  
202.800    -2.68894  
202.900    -2.68855  
203.000    -2.68816  
203.100    -2.68778  
203.200    -2.68739  
203.300    -2.68700  
203.400    -2.68661  
203.500    -2.68622  
203.600    -2.68584  
203.700    -2.68545  
203.800    -2.68506  
203.900    -2.68467  
204.000    -2.68429  
204.100    -2.68390  
204.200    -2.68351  
204.300    -2.68312  
204.400    -2.68274  
204.500    -2.68235  
204.600    -2.68197  
204.700    -2.68158  
204.800    -2.68120  
204.900    -2.68081  
205.000    -2.68043  
205.100    -2.68005  
205.200    -2.67967  
205.300    -2.67929  
205.400    -2.67891  
205.500    -2.67853  
205.600    -2.67815  
205.700    -2.67777  
205.800    -2.67739  
205.900    -2.67702  
206.000    -2.67664  
206.100    -2.67626  
206.200    -2.67589  
206.300    -2.67551  
206.400    -2.67514  
206.500    -2.67476  
206.600    -2.67439  
206.700    -2.67401  
206.800    -2.67364  
206.900    -2.67326  
207.000    -2.67289  
207.100    -2.67251  
207.200    -2.67214  
207.300    -2.67177  
207.400    -2.67139  
207.500    -2.67102  
207.600    -2.67064  
207.700    -2.67027  
207.800    -2.66989  
207.900    -2.66952  
208.000    -2.66914  
208.100    -2.66876  
208.200    -2.66839  
208.300    -2.66801  
208.400    -2.66763  
208.500    -2.66725  
208.600    -2.66688  
208.700    -2.66650  
208.800    -2.66612  
208.900    -2.66574  
209.000    -2.66535  
209.100    -2.66497  
209.200    -2.66459  
209.300    -2.66421  
209.400    -2.66382  
209.500    -2.66344  
209.600    -2.66305  
209.700    -2.66266  
209.800    -2.66227  
209.900    -2.66189  
210.000    -2.66150  
210.100    -2.66110  
210.200    -2.66071  
210.300    -2.66032  
210.400    -2.65992  
210.500    -2.65953  
210.600    -2.65913  
210.700    -2.65873  
210.800    -2.65833  
210.900    -2.65793  
211.000    -2.65753  
211.100    -2.65713  
211.200    -2.65673  
211.300    -2.65633  
211.400    -2.65593  
211.500    -2.65552  
211.600    -2.65512  
211.700    -2.65471  
211.800    -2.65431  
211.900    -2.65390  
212.000    -2.65349  
212.100    -2.65309  
212.200    -2.65268  
212.300    -2.65227  
212.400    -2.65186  
212.500    -2.65145  
212.600    -2.65104  
212.700    -2.65063  
212.800    -2.65022  
212.900    -2.64981  
213.000    -2.64940  
213.100    -2.64899  
213.200    -2.64858  
213.300    -2.64817  
213.400    -2.64776  
213.500    -2.64735  
213.600    -2.64694  
213.700    -2.64652  
213.800    -2.64611  
213.900    -2.64570  
214.000    -2.64529  
214.100    -2.64488  
214.200    -2.64447  
214.300    -2.64406  
214.400    -2.64365  
214.500    -2.64324  
214.600    -2.64283  
214.700    -2.64242  
214.800    -2.64201  
214.900    -2.64160  
215.000    -2.64120  
215.100    -2.64079  
215.200    -2.64038  
215.300    -2.63997  
215.400    -2.63957  
215.500    -2.63916  
215.600    -2.63876  
215.700    -2.63835  
215.800    -2.63795  
215.900    -2.63754  
216.000    -2.63714  
216.100    -2.63673  
216.200    -2.63633  
216.300    -2.63592  
216.400    -2.63552  
216.500    -2.63512  
216.600    -2.63471  
216.700    -2.63431  
216.800    -2.63391  
216.900    -2.63350  
217.000    -2.63310  
217.100    -2.63270  
217.200    -2.63229  
217.300    -2.63189  
217.400    -2.63149  
217.500    -2.63108  
217.600    -2.63068  
217.700    -2.63027  
217.800    -2.62987  
217.900    -2.62947  
218.000    -2.62906  
218.100    -2.62866  
218.200    -2.62825  
218.300    -2.62785  
218.400    -2.62744  
218.500    -2.62704  
218.600    -2.62663  
218.700    -2.62622  
218.800    -2.62582  
218.900    -2.62541  
219.000    -2.62500  
219.100    -2.62459  
219.200    -2.62419  
219.300    -2.62378  
219.400    -2.62337  
219.500    -2.62296  
219.600    -2.62255  
219.700    -2.62213  
219.800    -2.62172  
219.900    -2.62131  
220.000    -2.62090  
220.100    -2.62048  
220.200    -2.62007  
220.300    -2.61965  
220.400    -2.61924  
220.500    -2.61882  
220.600    -2.61840  
220.700    -2.61798  
220.800    -2.61757  
220.900    -2.61715  
221.000    -2.61673  
221.100    -2.61631  
221.200    -2.61589  
221.300    -2.61547  
221.400    -2.61505  
221.500    -2.61462  
221.600    -2.61420  
221.700    -2.61378  
221.800    -2.61336  
221.900    -2.61293  
222.000    -2.61251  
222.100    -2.61209  
222.200    -2.61166  
222.300    -2.61124  
222.400    -2.61081  
222.500    -2.61039  
222.600    -2.60996  
222.700    -2.60954  
222.800    -2.60911  
222.900    -2.60869  
223.000    -2.60826  
223.100    -2.60784  
223.200    -2.60741  
223.300    -2.60698  
223.400    -2.60656  
223.500    -2.60613  
223.600    -2.60571  
223.700    -2.60528  
223.800    -2.60485  
223.900    -2.60443  
224.000    -2.60400  
224.100    -2.60358  
224.200    -2.60315  
224.300    -2.60272  
224.400    -2.60230  
224.500    -2.60187  
224.600    -2.60145  
224.700    -2.60102  
224.800    -2.60060  
224.900    -2.60017  
225.000    -2.59975  
225.100    -2.59932  
225.200    -2.59890  
225.300    -2.59847  
225.400    -2.59805  
225.500    -2.59763  
225.600    -2.59720  
225.700    -2.59678  
225.800    -2.59636  
225.900    -2.59594  
226.000    -2.59551  
226.100    -2.59509  
226.200    -2.59467  
226.300    -2.59425  
226.400    -2.59382  
226.500    -2.59340  
226.600    -2.59298  
226.700    -2.59256  
226.800    -2.59214  
226.900    -2.59171  
227.000    -2.59129  
227.100    -2.59087  
227.200    -2.59045  
227.300    -2.59003  
227.400    -2.58961  
227.500    -2.58918  
227.600    -2.58876  
227.700    -2.58834  
227.800    -2.58792  
227.900    -2.58750  
228.000    -2.58707  
228.100    -2.58665  
228.200    -2.58623  
228.300    -2.58581  
228.400    -2.58538  
228.500    -2.58496  
228.600    -2.58454  
228.700    -2.58412  
228.800    -2.58369  
228.900    -2.58327  
229.000    -2.58285  
229.100    -2.58242  
229.200    -2.58200  
229.300    -2.58157  
229.400    -2.58115  
229.500    -2.58073  
229.600    -2.58030  
229.700    -2.57988  
229.800    -2.57945  
229.900    -2.57902  
230.000    -2.57860  
230.100    -2.57817  
230.200    -2.57774  
230.300    -2.57732  
230.400    -2.57689  
230.500    -2.57646  
230.600    -2.57603  
230.700    -2.57561  
230.800    -2.57518  
230.900    -2.57475  
231.000    -2.57432  
231.100    -2.57389  
231.200    -2.57346  
231.300    -2.57303  
231.400    -2.57260  
231.500    -2.57217  
231.600    -2.57174  
231.700    -2.57131  
231.800    -2.57088  
231.900    -2.57045  
232.000    -2.57002  
232.100    -2.56959  
232.200    -2.56916  
232.300    -2.56873  
232.400    -2.56829  
232.500    -2.56786  
232.600    -2.56743  
232.700    -2.56700  
232.800    -2.56657  
232.900    -2.56613  
233.000    -2.56570  
233.100    -2.56527  
233.200    -2.56484  
233.300    -2.56440  
233.400    -2.56397  
233.500    -2.56354  
233.600    -2.56311  
233.700    -2.56267  
233.800    -2.56224  
233.900    -2.56181  
234.000    -2.56138  
234.100    -2.56094  
234.200    -2.56051  
234.300    -2.56008  
234.400    -2.55965  
234.500    -2.55921  
234.600    -2.55878  
234.700    -2.55835  
234.800    -2.55792  
234.900    -2.55748  
235.000    -2.55705  
235.100    -2.55662  
235.200    -2.55619  
235.300    -2.55575  
235.400    -2.55532  
235.500    -2.55489  
235.600    -2.55446  
235.700    -2.55403  
235.800    -2.55360  
235.900    -2.55316  
236.000    -2.55273  
236.100    -2.55230  
236.200    -2.55187  
236.300    -2.55144  
236.400    -2.55101  
236.500    -2.55058  
236.600    -2.55014  
236.700    -2.54971  
236.800    -2.54928  
236.900    -2.54885  
237.000    -2.54842  
237.100    -2.54799  
237.200    -2.54756  
237.300    -2.54713  
237.400    -2.54670  
237.500    -2.54627  
237.600    -2.54583  
237.700    -2.54540  
237.800    -2.54497  
237.900    -2.54454  
238.000    -2.54411  
238.100    -2.54368  
238.200    -2.54325  
238.300    -2.54282  
238.400    -2.54239  
238.500    -2.54196  
238.600    -2.54153  
238.700    -2.54110  
238.800    -2.54067  
238.900    -2.54024  
239.000    -2.53981  
239.100    -2.53938  
239.200    -2.53895  
239.300    -2.53852  
239.400    -2.53809  
239.500    -2.53766  
239.600    -2.53723  
239.700    -2.53679  
239.800    -2.53636  
239.900    -2.53593  
240.000    -2.53550  
240.100    -2.53507  
240.200    -2.53464  
240.300    -2.53421  
240.400    -2.53378  
240.500    -2.53335  
240.600    -2.53292  
240.700    -2.53249  
240.800    -2.53206  
240.900    -2.53163  
241.000    -2.53120  
241.100    -2.53077  
241.200    -2.53034  
241.300    -2.52991  
241.400    -2.52948  
241.500    -2.52905  
241.600    -2.52862  
241.700    -2.52819  
241.800    -2.52776  
241.900    -2.52733  
242.000    -2.52689  
242.100    -2.52646  
242.200    -2.52603  
242.300    -2.52560  
242.400    -2.52517  
242.500    -2.52474  
242.600    -2.52431  
242.700    -2.52388  
242.800    -2.52345  
242.900    -2.52302  
243.000    -2.52259  
243.100    -2.52216  
243.200    -2.52172  
243.300    -2.52129  
243.400    -2.52086  
243.500    -2.52043  
243.600    -2.52000  
243.700    -2.51957  
243.800    -2.51914  
243.900    -2.51871  
244.000    -2.51827  
244.100    -2.51784  
244.200    -2.51741  
244.300    -2.51698  
244.400    -2.51655  
244.500    -2.51612  
244.600    -2.51568  
244.700    -2.51525  
244.800    -2.51482  
244.900    -2.51439  
245.000    -2.51396  
245.100    -2.51352  
245.200    -2.51309  
245.300    -2.51266  
245.400    -2.51223  
245.500    -2.51179  
245.600    -2.51136  
245.700    -2.51093  
245.800    -2.51050  
245.900    -2.51007  
246.000    -2.50963  
246.100    -2.50920  
246.200    -2.50877  
246.300    -2.50834  
246.400    -2.50790  
246.500    -2.50747  
246.600    -2.50704  
246.700    -2.50661  
246.800    -2.50617  
246.900    -2.50574  
247.000    -2.50531  
247.100    -2.50488  
247.200    -2.50445  
247.300    -2.50401  
247.400    -2.50358  
247.500    -2.50315  
247.600    -2.50272  
247.700    -2.50229  
247.800    -2.50186  
247.900    -2.50142  
248.000    -2.50099  
248.100    -2.50056  
248.200    -2.50013  
248.300    -2.49970  
248.400    -2.49927  
248.500    -2.49884  
248.600    -2.49841  
248.700    -2.49798  
248.800    -2.49755  
248.900    -2.49712  
249.000    -2.49669  
249.100    -2.49626  
249.200    -2.49583  
249.300    -2.49540  
249.400    -2.49497  
249.500    -2.49455  
249.600    -2.49412  
249.700    -2.49369  
249.800    -2.49326  
249.900    -2.49284  
250.000    -2.49241  
250.100    -2.49198  
250.200    -2.49155  
250.300    -2.49113  
250.400    -2.49070  
250.500    -2.49028  
250.600    -2.48985  
250.700    -2.48943  
250.800    -2.48900  
250.900    -2.48858  
251.000    -2.48815  
251.100    -2.48773  
251.200    -2.48730  
251.300    -2.48688  
251.400    -2.48645  
251.500    -2.48603  
251.600    -2.48560  
251.700    -2.48518  
251.800    -2.48476  
251.900    -2.48433  
252.000    -2.48391  
252.100    -2.48349  
252.200    -2.48306  
252.300    -2.48264  
252.400    -2.48222  
252.500    -2.48179  
252.600    -2.48137  
252.700    -2.48095  
252.800    -2.48053  
252.900    -2.48010  
253.000    -2.47968  
253.100    -2.47926  
253.200    -2.47883  
253.300    -2.47841  
253.400    -2.47799  
253.500    -2.47756  
253.600    -2.47714  
253.700    -2.47672  
253.800    -2.47629  
253.900    -2.47587  
254.000    -2.47545  
254.100    -2.47502  
254.200    -2.47460  
254.300    -2.47418  
254.400    -2.47375  
254.500    -2.47333  
254.600    -2.47290  
254.700    -2.47248  
254.800    -2.47205  
254.900    -2.47163  
255.000    -2.47121  
255.100    -2.47078  
255.200    -2.47035  
255.300    -2.46993  
255.400    -2.46950  
255.500    -2.46908  
255.600    -2.46865  
255.700    -2.46823  
255.800    -2.46780  
255.900    -2.46737  
256.000    -2.46695  
256.100    -2.46652  
256.200    -2.46609  
256.300    -2.46567  
256.400    -2.46524  
256.500    -2.46481  
256.600    -2.46439  
256.700    -2.46396  
256.800    -2.46354  
256.900    -2.46311  
257.000    -2.46268  
257.100    -2.46226  
257.200    -2.46183  
257.300    -2.46141  
257.400    -2.46098  
257.500    -2.46055  
257.600    -2.46013  
257.700    -2.45970  
257.800    -2.45928  
257.900    -2.45885  
258.000    -2.45843  
258.100    -2.45800  
258.200    -2.45758  
258.300    -2.45716  
258.400    -2.45673  
258.500    -2.45631  
258.600    -2.45589  
258.700    -2.45546  
258.800    -2.45504  
258.900    -2.45462  
259.000    -2.45420  
259.100    -2.45378  
259.200    -2.45335  
259.300    -2.45293  
259.400    -2.45251  
259.500    -2.45209  
259.600    -2.45167  
259.700    -2.45126  
259.800    -2.45084  
259.900    -2.45042  
260.000    -2.45000  
260.100    -2.44959  
260.200    -2.44917  
260.300    -2.44875  
260.400    -2.44834  
260.500    -2.44792  
260.600    -2.44751  
260.700    -2.44709  
260.800    -2.44668  
260.900    -2.44627  
261.000    -2.44585  
261.100    -2.44544  
261.200    -2.44503  
261.300    -2.44462  
261.400    -2.44420  
261.500    -2.44379  
261.600    -2.44338  
261.700    -2.44297  
261.800    -2.44256  
261.900    -2.44215  
262.000    -2.44174  
262.100    -2.44133  
262.200    -2.44092  
262.300    -2.44051  
262.400    -2.44010  
262.500    -2.43969  
262.600    -2.43928  
262.700    -2.43887  
262.800    -2.43846  
262.900    -2.43805  
263.000    -2.43764  
263.100    -2.43724  
263.200    -2.43683  
263.300    -2.43642  
263.400    -2.43601  
263.500    -2.43560  
263.600    -2.43519  
263.700    -2.43478  
263.800    -2.43437  
263.900    -2.43396  
264.000    -2.43355  
264.100    -2.43314  
264.200    -2.43273  
264.300    -2.43232  
264.400    -2.43191  
264.500    -2.43150  
264.600    -2.43109  
264.700    -2.43068  
264.800    -2.43027  
264.900    -2.42986  
265.000    -2.42944  
265.100    -2.42903  
265.200    -2.42862  
265.300    -2.42821  
265.400    -2.42779  
265.500    -2.42738  
265.600    -2.42697  
265.700    -2.42655  
265.800    -2.42614  
265.900    -2.42573  
266.000    -2.42531  
266.100    -2.42490  
266.200    -2.42448  
266.300    -2.42407  
266.400    -2.42365  
266.500    -2.42324  
266.600    -2.42283  
266.700    -2.42241  
266.800    -2.42200  
266.900    -2.42158  
267.000    -2.42117  
267.100    -2.42076  
267.200    -2.42034  
267.300    -2.41993  
267.400    -2.41951  
267.500    -2.41910  
267.600    -2.41869  
267.700    -2.41827  
267.800    -2.41786  
267.900    -2.41745  
268.000    -2.41704  
268.100    -2.41662  
268.200    -2.41621  
268.300    -2.41580  
268.400    -2.41539  
268.500    -2.41498  
268.600    -2.41457  
268.700    -2.41416  
268.800    -2.41375  
268.900    -2.41334  
269.000    -2.41294  
269.100    -2.41253  
269.200    -2.41212  
269.300    -2.41171  
269.400    -2.41131  
269.500    -2.41090  
269.600    -2.41050  
269.700    -2.41009  
269.800    -2.40969  
269.900    -2.40929  
270.000    -2.40889  
270.100    -2.40848  
270.200    -2.40808  
270.300    -2.40768  
270.400    -2.40728  
270.500    -2.40689  
270.600    -2.40649  
270.700    -2.40609  
270.800    -2.40569  
270.900    -2.40530  
271.000    -2.40490  
271.100    -2.40451  
271.200    -2.40411  
271.300    -2.40372  
271.400    -2.40332  
271.500    -2.40293  
271.600    -2.40254  
271.700    -2.40214  
271.800    -2.40175  
271.900    -2.40136  
272.000    -2.40097  
272.100    -2.40058  
272.200    -2.40018  
272.300    -2.39979  
272.400    -2.39940  
272.500    -2.39901  
272.600    -2.39862  
272.700    -2.39823  
272.800    -2.39784  
272.900    -2.39745  
273.000    -2.39706  
273.100    -2.39667  
273.200    -2.39628  
273.300    -2.39589  
273.400    -2.39550  
273.500    -2.39511  
273.600    -2.39472  
273.700    -2.39433  
273.800    -2.39394  
273.900    -2.39355  
274.000    -2.39316  
274.100    -2.39277  
274.200    -2.39237  
274.300    -2.39198  
274.400    -2.39159  
274.500    -2.39120  
274.600    -2.39081  
274.700    -2.39041  
274.800    -2.39002  
274.900    -2.38963  
275.000    -2.38924  
275.100    -2.38884  
275.200    -2.38845  
275.300    -2.38805  
275.400    -2.38766  
275.500    -2.38726  
275.600    -2.38687  
275.700    -2.38647  
275.800    -2.38607  
275.900    -2.38568  
276.000    -2.38528  
276.100    -2.38488  
276.200    -2.38449  
276.300    -2.38409  
276.400    -2.38369  
276.500    -2.38330  
276.600    -2.38290  
276.700    -2.38250  
276.800    -2.38211  
276.900    -2.38171  
277.000    -2.38131  
277.100    -2.38092  
277.200    -2.38052  
277.300    -2.38012  
277.400    -2.37973  
277.500    -2.37933  
277.600    -2.37894  
277.700    -2.37854  
277.800    -2.37815  
277.900    -2.37775  
278.000    -2.37736  
278.100    -2.37696  
278.200    -2.37657  
278.300    -2.37618  
278.400    -2.37578  
278.500    -2.37539  
278.600    -2.37500  
278.700    -2.37461  
278.800    -2.37422  
278.900    -2.37383  
279.000    -2.37344  
279.100    -2.37305  
279.200    -2.37266  
279.300    -2.37227  
279.400    -2.37189  
279.500    -2.37150  
279.600    -2.37112  
279.700    -2.37073  
279.800    -2.37035  
279.900    -2.36997  
280.000    -2.36958  
280.100    -2.36920  
280.200    -2.36882  
280.300    -2.36844  
280.400    -2.36807  
280.500    -2.36769  
280.600    -2.36731  
280.700    -2.36693  
280.800    -2.36656  
280.900    -2.36618  
281.000    -2.36581  
281.100    -2.36544  
281.200    -2.36506  
281.300    -2.36469  
281.400    -2.36432  
281.500    -2.36395  
281.600    -2.36358  
281.700    -2.36321  
281.800    -2.36284  
281.900    -2.36247  
282.000    -2.36210  
282.100    -2.36173  
282.200    -2.36136  
282.300    -2.36099  
282.400    -2.36063  
282.500    -2.36026  
282.600    -2.35989  
282.700    -2.35952  
282.800    -2.35916  
282.900    -2.35879  
283.000    -2.35842  
283.100    -2.35806  
283.200    -2.35769  
283.300    -2.35732  
283.400    -2.35696  
283.500    -2.35659  
283.600    -2.35622  
283.700    -2.35586  
283.800    -2.35549  
283.900    -2.35512  
284.000    -2.35475  
284.100    -2.35439  
284.200    -2.35402  
284.300    -2.35365  
284.400    -2.35328  
284.500    -2.35291  
284.600    -2.35254  
284.700    -2.35217  
284.800    -2.35180  
284.900    -2.35143  
285.000    -2.35106  
285.100    -2.35069  
285.200    -2.35032  
285.300    -2.34995  
285.400    -2.34958  
285.500    -2.34920  
285.600    -2.34883  
285.700    -2.34846  
285.800    -2.34808  
285.900    -2.34771  
286.000    -2.34733  
286.100    -2.34696  
286.200    -2.34658  
286.300    -2.34621  
286.400    -2.34583  
286.500    -2.34546  
286.600    -2.34508  
286.700    -2.34471  
286.800    -2.34433  
286.900    -2.34396  
287.000    -2.34358  
287.100    -2.34321  
287.200    -2.34284  
287.300    -2.34246  
287.400    -2.34209  
287.500    -2.34171  
287.600    -2.34134  
287.700    -2.34097  
287.800    -2.34059  
287.900    -2.34022  
288.000    -2.33985  
288.100    -2.33948  
288.200    -2.33911  
288.300    -2.33874  
288.400    -2.33837  
288.500    -2.33800  
288.600    -2.33763  
288.700    -2.33726  
288.800    -2.33689  
288.900    -2.33652  
289.000    -2.33616  
289.100    -2.33579  
289.200    -2.33543  
289.300    -2.33506  
289.400    -2.33470  
289.500    -2.33434  
289.600    -2.33398  
289.700    -2.33362  
289.800    -2.33326  
289.900    -2.33290  
290.000    -2.33254  
290.100    -2.33219  
290.200    -2.33183  
290.300    -2.33148  
290.400    -2.33112  
290.500    -2.33077  
290.600    -2.33042  
290.700    -2.33007  
290.800    -2.32972  
290.900    -2.32937  
291.000    -2.32902  
291.100    -2.32867  
291.200    -2.32833  
291.300    -2.32798  
291.400    -2.32763  
291.500    -2.32729  
291.600    -2.32695  
291.700    -2.32660  
291.800    -2.32626  
291.900    -2.32592  
292.000    -2.32557  
292.100    -2.32523  
292.200    -2.32489  
292.300    -2.32455  
292.400    -2.32421  
292.500    -2.32387  
292.600    -2.32353  
292.700    -2.32319  
292.800    -2.32285  
292.900    -2.32251  
293.000    -2.32217  
293.100    -2.32183  
293.200    -2.32149  
293.300    -2.32115  
293.400    -2.32081  
293.500    -2.32047  
293.600    -2.32013  
293.700    -2.31979  
293.800    -2.31945  
293.900    -2.31911  
294.000    -2.31877  
294.100    -2.31843  
294.200    -2.31809  
294.300    -2.31774  
294.400    -2.31740  
294.500    -2.31706  
294.600    -2.31672  
294.700    -2.31638  
294.800    -2.31603  
294.900    -2.31569  
295.000    -2.31534  
295.100    -2.31500  
295.200    -2.31465  
295.300    -2.31431  
295.400    -2.31396  
295.500    -2.31362  
295.600    -2.31327  
295.700    -2.31292  
295.800    -2.31257  
295.900    -2.31223  
296.000    -2.31188  
296.100    -2.31153  
296.200    -2.31118  
296.300    -2.31083  
296.400    -2.31048  
296.500    -2.31013  
296.600    -2.30979  
296.700    -2.30944  
296.800    -2.30909  
296.900    -2.30874  
297.000    -2.30839  
297.100    -2.30804  
297.200    -2.30769  
297.300    -2.30734  
297.400    -2.30700  
297.500    -2.30665  
297.600    -2.30630  
297.700    -2.30595  
297.800    -2.30561  
297.900    -2.30526  
298.000    -2.30492  
298.100    -2.30457  
298.200    -2.30422  
298.300    -2.30388  
298.400    -2.30354  
298.500    -2.30319  
298.600    -2.30285  
298.700    -2.30251  
298.800    -2.30217  
298.900    -2.30183  
299.000    -2.30149  
299.100    -2.30115  
299.200    -2.30081  
299.300    -2.30048  
299.400    -2.30014  
299.500    -2.29981  
299.600    -2.29947  
299.700    -2.29914  
299.800    -2.29881  
299.900    -2.29848  
300.000    -2.29815  
300.100    -2.29782  
300.200    -2.29749  
300.300    -2.29717  
300.400    -2.29684  
300.500    -2.29652  
300.600    -2.29619  
300.700    -2.29587  
300.800    -2.29555  
300.900    -2.29523  
301.000    -2.29491  
301.100    -2.29459  
301.200    -2.29428  
301.300    -2.29396  
301.400    -2.29364  
301.500    -2.29333  
301.600    -2.29301  
301.700    -2.29270  
301.800    -2.29238  
301.900    -2.29207  
302.000    -2.29176  
302.100    -2.29145  
302.200    -2.29113  
302.300    -2.29082  
302.400    -2.29051  
302.500    -2.29020  
302.600    -2.28989  
302.700    -2.28958  
302.800    -2.28927  
302.900    -2.28896  
303.000    -2.28865  
303.100    -2.28834  
303.200    -2.28803  
303.300    -2.28772  
303.400    -2.28741  
303.500    -2.28710  
303.600    -2.28680  
303.700    -2.28649  
303.800    -2.28618  
303.900    -2.28587  
304.000    -2.28556  
304.100    -2.28524  
304.200    -2.28493  
304.300    -2.28462  
304.400    -2.28431  
304.500    -2.28400  
304.600    -2.28369  
304.700    -2.28337  
304.800    -2.28306  
304.900    -2.28275  
305.000    -2.28243  
305.100    -2.28212  
305.200    -2.28180  
305.300    -2.28149  
305.400    -2.28117  
305.500    -2.28085  
305.600    -2.28053  
305.700    -2.28022  
305.800    -2.27990  
305.900    -2.27958  
306.000    -2.27926  
306.100    -2.27894  
306.200    -2.27862  
306.300    -2.27830  
306.400    -2.27798  
306.500    -2.27766  
306.600    -2.27734  
306.700    -2.27702  
306.800    -2.27670  
306.900    -2.27638  
307.000    -2.27607  
307.100    -2.27575  
307.200    -2.27543  
307.300    -2.27511  
307.400    -2.27479  
307.500    -2.27447  
307.600    -2.27415  
307.700    -2.27383  
307.800    -2.27352  
307.900    -2.27320  
308.000    -2.27288  
308.100    -2.27257  
308.200    -2.27225  
308.300    -2.27194  
308.400    -2.27162  
308.500    -2.27131  
308.600    -2.27100  
308.700    -2.27069  
308.800    -2.27037  
308.900    -2.27006  
309.000    -2.26976  
309.100    -2.26945  
309.200    -2.26914  
309.300    -2.26883  
309.400    -2.26853  
309.500    -2.26822  
309.600    -2.26792  
309.700    -2.26762  
309.800    -2.26732  
309.900    -2.26702  
310.000    -2.26672  
310.100    -2.26642  
310.200    -2.26612  
310.300    -2.26583  
310.400    -2.26554  
310.500    -2.26524  
310.600    -2.26495  
310.700    -2.26466  
310.800    -2.26437  
310.900    -2.26408  
311.000    -2.26380  
311.100    -2.26351  
311.200    -2.26323  
311.300    -2.26294  
311.400    -2.26266  
311.500    -2.26237  
311.600    -2.26209  
311.700    -2.26181  
311.800    -2.26153  
311.900    -2.26125  
312.000    -2.26097  
312.100    -2.26069  
312.200    -2.26041  
312.300    -2.26013  
312.400    -2.25985  
312.500    -2.25957  
312.600    -2.25930  
312.700    -2.25902  
312.800    -2.25874  
312.900    -2.25846  
313.000    -2.25819  
313.100    -2.25791  
313.200    -2.25763  
313.300    -2.25736  
313.400    -2.25708  
313.500    -2.25680  
313.600    -2.25653  
313.700    -2.25625  
313.800    -2.25597  
313.900    -2.25570  
314.000    -2.25542  
314.100    -2.25514  
314.200    -2.25486  
314.300    -2.25458  
314.400    -2.25431  
314.500    -2.25403  
314.600    -2.25375  
314.700    -2.25347  
314.800    -2.25319  
314.900    -2.25290  
315.000    -2.25262  
315.100    -2.25234  
315.200    -2.25206  
315.300    -2.25177  
315.400    -2.25149  
315.500    -2.25120  
315.600    -2.25092  
315.700    -2.25063  
315.800    -2.25035  
315.900    -2.25006  
316.000    -2.24977  
316.100    -2.24949  
316.200    -2.24920  
316.300    -2.24891  
316.400    -2.24862  
316.500    -2.24834  
316.600    -2.24805  
316.700    -2.24776  
316.800    -2.24747  
316.900    -2.24719  
317.000    -2.24690  
317.100    -2.24661  
317.200    -2.24632  
317.300    -2.24604  
317.400    -2.24575  
317.500    -2.24546  
317.600    -2.24518  
317.700    -2.24489  
317.800    -2.24461  
317.900    -2.24432  
318.000    -2.24404  
318.100    -2.24376  
318.200    -2.24347  
318.300    -2.24319  
318.400    -2.24291  
318.500    -2.24263  
318.600    -2.24235  
318.700    -2.24207  
318.800    -2.24179  
318.900    -2.24151  
319.000    -2.24123  
319.100    -2.24096  
319.200    -2.24068  
319.300    -2.24041  
319.400    -2.24014  
319.500    -2.23987  
319.600    -2.23960  
319.700    -2.23933  
319.800    -2.23906  
319.900    -2.23879  
320.000    -2.23853  
320.100    -2.23826  
320.200    -2.23800  
320.300    -2.23774  
320.400    -2.23748  
320.500    -2.23722  
320.600    -2.23696  
320.700    -2.23671  
320.800    -2.23645  
320.900    -2.23620  
321.000    -2.23595  
321.100    -2.23569  
321.200    -2.23544  
321.300    -2.23519  
321.400    -2.23494  
321.500    -2.23469  
321.600    -2.23444  
321.700    -2.23420  
321.800    -2.23395  
321.900    -2.23370  
322.000    -2.23346  
322.100    -2.23321  
322.200    -2.23297  
322.300    -2.23273  
322.400    -2.23248  
322.500    -2.23224  
322.600    -2.23200  
322.700    -2.23175  
322.800    -2.23151  
322.900    -2.23127  
323.000    -2.23103  
323.100    -2.23079  
323.200    -2.23054  
323.300    -2.23030  
323.400    -2.23006  
323.500    -2.22982  
323.600    -2.22958  
323.700    -2.22934  
323.800    -2.22909  
323.900    -2.22885  
324.000    -2.22861  
324.100    -2.22837  
324.200    -2.22812  
324.300    -2.22788  
324.400    -2.22764  
324.500    -2.22739  
324.600    -2.22715  
324.700    -2.22690  
324.800    -2.22665  
324.900    -2.22641  
325.000    -2.22616  
325.100    -2.22591  
325.200    -2.22566  
325.300    -2.22542  
325.400    -2.22517  
325.500    -2.22491  
325.600    -2.22466  
325.700    -2.22441  
325.800    -2.22416  
325.900    -2.22391  
326.000    -2.22366  
326.100    -2.22340  
326.200    -2.22315  
326.300    -2.22290  
326.400    -2.22264  
326.500    -2.22239  
326.600    -2.22214  
326.700    -2.22188  
326.800    -2.22163  
326.900    -2.22138  
327.000    -2.22112  
327.100    -2.22087  
327.200    -2.22062  
327.300    -2.22037  
327.400    -2.22011  
327.500    -2.21986  
327.600    -2.21961  
327.700    -2.21936  
327.800    -2.21911  
327.900    -2.21886  
328.000    -2.21861  
328.100    -2.21836  
328.200    -2.21811  
328.300    -2.21786  
328.400    -2.21761  
328.500    -2.21737  
328.600    -2.21712  
328.700    -2.21688  
328.800    -2.21663  
328.900    -2.21639  
329.000    -2.21615  
329.100    -2.21591  
329.200    -2.21567  
329.300    -2.21543  
329.400    -2.21519  
329.500    -2.21496  
329.600    -2.21472  
329.700    -2.21449  
329.800    -2.21425  
329.900    -2.21402  
330.000    -2.21379  
330.100    -2.21357  
330.200    -2.21334  
330.300    -2.21311  
330.400    -2.21289  
330.500    -2.21267  
330.600    -2.21244  
330.700    -2.21222  
330.800    -2.21200  
330.900    -2.21179  
331.000    -2.21157  
331.100    -2.21135  
331.200    -2.21114  
331.300    -2.21092  
331.400    -2.21071  
331.500    -2.21050  
331.600    -2.21029  
331.700    -2.21007  
331.800    -2.20986  
331.900    -2.20965  
332.000    -2.20945  
332.100    -2.20924  
332.200    -2.20903  
332.300    -2.20882  
332.400    -2.20861  
332.500    -2.20841  
332.600    -2.20820  
332.700    -2.20800  
332.800    -2.20779  
332.900    -2.20758  
333.000    -2.20738  
333.100    -2.20717  
333.200    -2.20697  
333.300    -2.20676  
333.400    -2.20656  
333.500    -2.20635  
333.600    -2.20615  
333.700    -2.20594  
333.800    -2.20574  
333.900    -2.20553  
334.000    -2.20533  
334.100    -2.20512  
334.200    -2.20491  
334.300    -2.20471  
334.400    -2.20450  
334.500    -2.20429  
334.600    -2.20408  
334.700    -2.20388  
334.800    -2.20367  
334.900    -2.20346  
335.000    -2.20324  
335.100    -2.20303  
335.200    -2.20282  
335.300    -2.20261  
335.400    -2.20239  
335.500    -2.20218  
335.600    -2.20197  
335.700    -2.20175  
335.800    -2.20154  
335.900    -2.20132  
336.000    -2.20110  
336.100    -2.20089  
336.200    -2.20067  
336.300    -2.20045  
336.400    -2.20024  
336.500    -2.20002  
336.600    -2.19980  
336.700    -2.19958  
336.800    -2.19937  
336.900    -2.19915  
337.000    -2.19893  
337.100    -2.19872  
337.200    -2.19850  
337.300    -2.19828  
337.400    -2.19807  
337.500    -2.19785  
337.600    -2.19763  
337.700    -2.19742  
337.800    -2.19721  
337.900    -2.19699  
338.000    -2.19678  
338.100    -2.19656  
338.200    -2.19635  
338.300    -2.19614  
338.400    -2.19593  
338.500    -2.19572  
338.600    -2.19551  
338.700    -2.19530  
338.800    -2.19510  
338.900    -2.19489  
339.000    -2.19468  
339.100    -2.19448  
339.200    -2.19428  
339.300    -2.19407  
339.400    -2.19387  
339.500    -2.19367  
339.600    -2.19347  
339.700    -2.19328  
339.800    -2.19308  
339.900    -2.19289  
340.000    -2.19269  
340.100    -2.19250  
340.200    -2.19231  
340.300    -2.19213  
340.400    -2.19194  
340.500    -2.19175  
340.600    -2.19157  
340.700    -2.19138  
340.800    -2.19120  
340.900    -2.19102  
341.000    -2.19084  
341.100    -2.19066  
341.200    -2.19049  
341.300    -2.19031  
341.400    -2.19013  
341.500    -2.18996  
341.600    -2.18978  
341.700    -2.18961  
341.800    -2.18944  
341.900    -2.18927  
342.000    -2.18909  
342.100    -2.18892  
342.200    -2.18875  
342.300    -2.18858  
342.400    -2.18841  
342.500    -2.18825  
342.600    -2.18808  
342.700    -2.18791  
342.800    -2.18774  
342.900    -2.18757  
343.000    -2.18741  
343.100    -2.18724  
343.200    -2.18707  
343.300    -2.18691  
343.400    -2.18674  
343.500    -2.18657  
343.600    -2.18640  
343.700    -2.18624  
343.800    -2.18607  
343.900    -2.18590  
344.000    -2.18573  
344.100    -2.18557  
344.200    -2.18540  
344.300    -2.18523  
344.400    -2.18506  
344.500    -2.18489  
344.600    -2.18472  
344.700    -2.18455  
344.800    -2.18438  
344.900    -2.18420  
345.000    -2.18403  
345.100    -2.18386  
345.200    -2.18368  
345.300    -2.18351  
345.400    -2.18333  
345.500    -2.18315  
345.600    -2.18298  
345.700    -2.18280  
345.800    -2.18262  
345.900    -2.18244  
346.000    -2.18227  
346.100    -2.18209  
346.200    -2.18191  
346.300    -2.18173  
346.400    -2.18155  
346.500    -2.18137  
346.600    -2.18119  
346.700    -2.18101  
346.800    -2.18083  
346.900    -2.18065  
347.000    -2.18047  
347.100    -2.18029  
347.200    -2.18011  
347.300    -2.17993  
347.400    -2.17975  
347.500    -2.17958  
347.600    -2.17940  
347.700    -2.17922  
347.800    -2.17904  
347.900    -2.17887  
348.000    -2.17869  
348.100    -2.17852  
348.200    -2.17834  
348.300    -2.17817  
348.400    -2.17799  
348.500    -2.17782  
348.600    -2.17765  
348.700    -2.17748  
348.800    -2.17731  
348.900    -2.17714  
349.000    -2.17697  
349.100    -2.17681  
349.200    -2.17664  
349.300    -2.17648  
349.400    -2.17631  
349.500    -2.17615  
349.600    -2.17599  
349.700    -2.17583  
349.800    -2.17568  
349.900    -2.17552  
350.000    -2.17536  