0.000     0.00000  
  0.100     0.00000  
  0.200     0.00000  
  0.300     0.00000  
  0.400     0.00000  
  0.500     0.00000  
  0.600     0.00000  
  0.700     0.00000  
  0.800     0.00000  
  0.900     0.00000  
  1.000     0.00000  
  1.100     0.00000  
  1.200     0.00000  
  1.300     0.00000  
  1.400     0.00000  
  1.500     0.00000  
  1.600     0.00000  
  1.700     0.00000  
  1.800     0.00000  
  1.900     0.00000  
  2.000     0.00000  
  2.100     0.00000  
  2.200     0.00000  
  2.300     0.00000  
  2.400     0.00000  
  2.500     0.00000  
  2.600     0.00000  
  2.700     0.00000  
  2.800     0.00000  
  2.900     0.00000  
  3.000     0.00000  
  3.100     0.00000  
  3.200     0.00000  
  3.300     0.00000  
  3.400     0.00000  
  3.500     0.00000  
  3.600     0.00000  
  3.700     0.00000  
  3.800     0.00000  
  3.900     0.00000  
  4.000     0.00000  
  4.100     0.00000  
  4.200     0.00000  
  4.300     0.00000  
  4.400     0.00000  
  4.500     0.00000  
  4.600     0.00000  
  4.700     0.00000  
  4.800     0.00000  
  4.900     0.00000  
  5.000     0.00000  
  5.100     0.00000  
  5.200     0.00000  
  5.300     0.00000  
  5.400     0.00000  
  5.500     0.00000  
  5.600     0.00000  
  5.700     0.00000  
  5.800     0.00000  
  5.900     0.00000  
  6.000     0.00000  
  6.100     0.00000  
  6.200     0.00000  
  6.300     0.00000  
  6.400     0.00000  
  6.500     0.00000  
  6.600     0.00000  
  6.700     0.00000  
  6.800     0.00000  
  6.900     0.00000  
  7.000     0.00000  
  7.100     0.00000  
  7.200     0.00000  
  7.300     0.00000  
  7.400     0.00000  
  7.500     0.00000  
  7.600     0.00000  
  7.700     0.00000  
  7.800     0.00001  
  7.900     0.00001  
  8.000     0.00001  
  8.100     0.00001  
  8.200     0.00001  
  8.300     0.00001  
  8.400     0.00001  
  8.500     0.00001  
  8.600     0.00001  
  8.700     0.00001  
  8.800     0.00001  
  8.900     0.00001  
  9.000     0.00001  
  9.100     0.00001  
  9.200     0.00001  
  9.300     0.00001  
  9.400     0.00001  
  9.500     0.00001  
  9.600     0.00001  
  9.700     0.00002  
  9.800     0.00002  
  9.900     0.00002  
 10.000     0.00002  
 10.100     0.00002  
 10.200     0.00002  
 10.300     0.00002  
 10.400     0.00002  
 10.500     0.00002  
 10.600     0.00002  
 10.700     0.00002  
 10.800     0.00003  
 10.900     0.00003  
 11.000     0.00003  
 11.100     0.00003  
 11.200     0.00003  
 11.300     0.00003  
 11.400     0.00003  
 11.500     0.00003  
 11.600     0.00004  
 11.700     0.00004  
 11.800     0.00004  
 11.900     0.00004  
 12.000     0.00004  
 12.100     0.00004  
 12.200     0.00004  
 12.300     0.00005  
 12.400     0.00005  
 12.500     0.00005  
 12.600     0.00005  
 12.700     0.00005  
 12.800     0.00006  
 12.900     0.00006  
 13.000     0.00006  
 13.100     0.00006  
 13.200     0.00006  
 13.300     0.00007  
 13.400     0.00007  
 13.500     0.00007  
 13.600     0.00007  
 13.700     0.00007  
 13.800     0.00008  
 13.900     0.00008  
 14.000     0.00008  
 14.100     0.00008  
 14.200     0.00009  
 14.300     0.00009  
 14.400     0.00009  
 14.500     0.00009  
 14.600     0.00010  
 14.700     0.00010  
 14.800     0.00010  
 14.900     0.00011  
 15.000     0.00011  
 15.100     0.00011  
 15.200     0.00012  
 15.300     0.00012  
 15.400     0.00012  
 15.500     0.00012  
 15.600     0.00013  
 15.700     0.00013  
 15.800     0.00013  
 15.900     0.00014  
 16.000     0.00014  
 16.100     0.00015  
 16.200     0.00015  
 16.300     0.00015  
 16.400     0.00016  
 16.500     0.00016  
 16.600     0.00017  
 16.700     0.00017  
 16.800     0.00017  
 16.900     0.00018  
 17.000     0.00018  
 17.100     0.00019  
 17.200     0.00019  
 17.300     0.00020  
 17.400     0.00020  
 17.500     0.00020  
 17.600     0.00021  
 17.700     0.00021  
 17.800     0.00022  
 17.900     0.00022  
 18.000     0.00023  
 18.100     0.00023  
 18.200     0.00024  
 18.300     0.00024  
 18.400     0.00025  
 18.500     0.00026  
 18.600     0.00026  
 18.700     0.00027  
 18.800     0.00027  
 18.900     0.00028  
 19.000     0.00028  
 19.100     0.00029  
 19.200     0.00029  
 19.300     0.00030  
 19.400     0.00031  
 19.500     0.00031  
 19.600     0.00032  
 19.700     0.00033  
 19.800     0.00033  
 19.900     0.00034  
 20.000     0.00035  
 20.100     0.00035  
 20.200     0.00036  
 20.300     0.00037  
 20.400     0.00037  
 20.500     0.00038  
 20.600     0.00039  
 20.700     0.00039  
 20.800     0.00040  
 20.900     0.00041  
 21.000     0.00042  
 21.100     0.00042  
 21.200     0.00043  
 21.300     0.00044  
 21.400     0.00045  
 21.500     0.00045  
 21.600     0.00046  
 21.700     0.00047  
 21.800     0.00048  
 21.900     0.00049  
 22.000     0.00049  
 22.100     0.00050  
 22.200     0.00051  
 22.300     0.00052  
 22.400     0.00053  
 22.500     0.00054  
 22.600     0.00055  
 22.700     0.00056  
 22.800     0.00056  
 22.900     0.00057  
 23.000     0.00058  
 23.100     0.00059  
 23.200     0.00060  
 23.300     0.00061  
 23.400     0.00062  
 23.500     0.00063  
 23.600     0.00064  
 23.700     0.00065  
 23.800     0.00066  
 23.900     0.00067  
 24.000     0.00068  
 24.100     0.00069  
 24.200     0.00070  
 24.300     0.00071  
 24.400     0.00072  
 24.500     0.00073  
 24.600     0.00074  
 24.700     0.00075  
 24.800     0.00077  
 24.900     0.00078  
 25.000     0.00079  
 25.100     0.00080  
 25.200     0.00081  
 25.300     0.00082  
 25.400     0.00083  
 25.500     0.00085  
 25.600     0.00086  
 25.700     0.00087  
 25.800     0.00088  
 25.900     0.00089  
 26.000     0.00091  
 26.100     0.00092  
 26.200     0.00093  
 26.300     0.00094  
 26.400     0.00095  
 26.500     0.00097  
 26.600     0.00098  
 26.700     0.00099  
 26.800     0.00101  
 26.900     0.00102  
 27.000     0.00103  
 27.100     0.00105  
 27.200     0.00106  
 27.300     0.00107  
 27.400     0.00109  
 27.500     0.00110  
 27.600     0.00111  
 27.700     0.00113  
 27.800     0.00114  
 27.900     0.00116  
 28.000     0.00117  
 28.100     0.00119  
 28.200     0.00120  
 28.300     0.00121  
 28.400     0.00123  
 28.500     0.00124  
 28.600     0.00126  
 28.700     0.00127  
 28.800     0.00129  
 28.900     0.00130  
 29.000     0.00132  
 29.100     0.00134  
 29.200     0.00135  
 29.300     0.00137  
 29.400     0.00138  
 29.500     0.00140  
 29.600     0.00141  
 29.700     0.00143  
 29.800     0.00145  
 29.900     0.00146  
 30.000     0.00148  
 30.100     0.00150  
 30.200     0.00151  
 30.300     0.00153  
 30.400     0.00155  
 30.500     0.00156  
 30.600     0.00158  
 30.700     0.00160  
 30.800     0.00162  
 30.900     0.00163  
 31.000     0.00165  
 31.100     0.00167  
 31.200     0.00169  
 31.300     0.00170  
 31.400     0.00172  
 31.500     0.00174  
 31.600     0.00176  
 31.700     0.00178  
 31.800     0.00180  
 31.900     0.00182  
 32.000     0.00183  
 32.100     0.00185  
 32.200     0.00187  
 32.300     0.00189  
 32.400     0.00191  
 32.500     0.00193  
 32.600     0.00195  
 32.700     0.00197  
 32.800     0.00199  
 32.900     0.00201  
 33.000     0.00203  
 33.100     0.00205  
 33.200     0.00207  
 33.300     0.00209  
 33.400     0.00211  
 33.500     0.00213  
 33.600     0.00215  
 33.700     0.00217  
 33.800     0.00219  
 33.900     0.00221  
 34.000     0.00223  
 34.100     0.00225  
 34.200     0.00228  
 34.300     0.00230  
 34.400     0.00232  
 34.500     0.00234  
 34.600     0.00236  
 34.700     0.00238  
 34.800     0.00240  
 34.900     0.00243  
 35.000     0.00245  
 35.100     0.00247  
 35.200     0.00249  
 35.300     0.00252  
 35.400     0.00254  
 35.500     0.00256  
 35.600     0.00258  
 35.700     0.00261  
 35.800     0.00263  
 35.900     0.00265  
 36.000     0.00268  
 36.100     0.00270  
 36.200     0.00273  
 36.300     0.00275  
 36.400     0.00277  
 36.500     0.00280  
 36.600     0.00282  
 36.700     0.00284  
 36.800     0.00287  
 36.900     0.00289  
 37.000     0.00292  
 37.100     0.00294  
 37.200     0.00297  
 37.300     0.00299  
 37.400     0.00302  
 37.500     0.00304  
 37.600     0.00307  
 37.700     0.00309  
 37.800     0.00312  
 37.900     0.00314  
 38.000     0.00317  
 38.100     0.00320  
 38.200     0.00322  
 38.300     0.00325  
 38.400     0.00327  
 38.500     0.00330  
 38.600     0.00333  
 38.700     0.00335  
 38.800     0.00338  
 38.900     0.00341  
 39.000     0.00343  
 39.100     0.00346  
 39.200     0.00349  
 39.300     0.00352  
 39.400     0.00354  
 39.500     0.00357  
 39.600     0.00360  
 39.700     0.00363  
 39.800     0.00365  
 39.900     0.00368  
 40.000     0.00371  
 40.100     0.00374  
 40.200     0.00377  
 40.300     0.00379  
 40.400     0.00382  
 40.500     0.00385  
 40.600     0.00388  
 40.700     0.00391  
 40.800     0.00394  
 40.900     0.00397  
 41.000     0.00400  
 41.100     0.00403  
 41.200     0.00406  
 41.300     0.00409  
 41.400     0.00412  
 41.500     0.00415  
 41.600     0.00418  
 41.700     0.00421  
 41.800     0.00424  
 41.900     0.00427  
 42.000     0.00430  
 42.100     0.00433  
 42.200     0.00436  
 42.300     0.00439  
 42.400     0.00442  
 42.500     0.00445  
 42.600     0.00448  
 42.700     0.00451  
 42.800     0.00454  
 42.900     0.00458  
 43.000     0.00461  
 43.100     0.00464  
 43.200     0.00467  
 43.300     0.00470  
 43.400     0.00474  
 43.500     0.00477  
 43.600     0.00480  
 43.700     0.00483  
 43.800     0.00487  
 43.900     0.00490  
 44.000     0.00493  
 44.100     0.00496  
 44.200     0.00500  
 44.300     0.00503  
 44.400     0.00506  
 44.500     0.00510  
 44.600     0.00513  
 44.700     0.00516  
 44.800     0.00520  
 44.900     0.00523  
 45.000     0.00527  
 45.100     0.00530  
 45.200     0.00534  
 45.300     0.00537  
 45.400     0.00540  
 45.500     0.00544  
 45.600     0.00547  
 45.700     0.00551  
 45.800     0.00554  
 45.900     0.00558  
 46.000     0.00561  
 46.100     0.00565  
 46.200     0.00568  
 46.300     0.00572  
 46.400     0.00576  
 46.500     0.00579  
 46.600     0.00583  
 46.700     0.00586  
 46.800     0.00590  
 46.900     0.00594  
 47.000     0.00597  
 47.100     0.00601  
 47.200     0.00605  
 47.300     0.00608  
 47.400     0.00612  
 47.500     0.00616  
 47.600     0.00619  
 47.700     0.00623  
 47.800     0.00627  
 47.900     0.00631  
 48.000     0.00634  
 48.100     0.00638  
 48.200     0.00642  
 48.300     0.00646  
 48.400     0.00650  
 48.500     0.00653  
 48.600     0.00657  
 48.700     0.00661  
 48.800     0.00665  
 48.900     0.00669  
 49.000     0.00673  
 49.100     0.00677  
 49.200     0.00681  
 49.300     0.00684  
 49.400     0.00688  
 49.500     0.00692  
 49.600     0.00696  
 49.700     0.00700  
 49.800     0.00704  
 49.900     0.00708  
 50.000     0.00712  
 50.100     0.00716  
 50.200     0.00720  
 50.300     0.00724  
 50.400     0.00728  
 50.500     0.00732  
 50.600     0.00736  
 50.700     0.00740  
 50.800     0.00745  
 50.900     0.00749  
 51.000     0.00753  
 51.100     0.00757  
 51.200     0.00761  
 51.300     0.00765  
 51.400     0.00769  
 51.500     0.00774  
 51.600     0.00778  
 51.700     0.00782  
 51.800     0.00786  
 51.900     0.00790  
 52.000     0.00795  
 52.100     0.00799  
 52.200     0.00803  
 52.300     0.00807  
 52.400     0.00812  
 52.500     0.00816  
 52.600     0.00820  
 52.700     0.00825  
 52.800     0.00829  
 52.900     0.00833  
 53.000     0.00838  
 53.100     0.00842  
 53.200     0.00846  
 53.300     0.00851  
 53.400     0.00855  
 53.500     0.00860  
 53.600     0.00864  
 53.700     0.00868  
 53.800     0.00873  
 53.900     0.00877  
 54.000     0.00882  
 54.100     0.00886  
 54.200     0.00891  
 54.300     0.00895  
 54.400     0.00900  
 54.500     0.00904  
 54.600     0.00909  
 54.700     0.00913  
 54.800     0.00918  
 54.900     0.00923  
 55.000     0.00927  
 55.100     0.00932  
 55.200     0.00936  
 55.300     0.00941  
 55.400     0.00946  
 55.500     0.00950  
 55.600     0.00955  
 55.700     0.00960  
 55.800     0.00964  
 55.900     0.00969  
 56.000     0.00974  
 56.100     0.00978  
 56.200     0.00983  
 56.300     0.00988  
 56.400     0.00993  
 56.500     0.00997  
 56.600     0.01002  
 56.700     0.01007  
 56.800     0.01012  
 56.900     0.01016  
 57.000     0.01021  
 57.100     0.01026  
 57.200     0.01031  
 57.300     0.01036  
 57.400     0.01041  
 57.500     0.01045  
 57.600     0.01050  
 57.700     0.01055  
 57.800     0.01060  
 57.900     0.01065  
 58.000     0.01070  
 58.100     0.01075  
 58.200     0.01080  
 58.300     0.01085  
 58.400     0.01090  
 58.500     0.01095  
 58.600     0.01100  
 58.700     0.01105  
 58.800     0.01110  
 58.900     0.01115  
 59.000     0.01120  
 59.100     0.01125  
 59.200     0.01130  
 59.300     0.01135  
 59.400     0.01140  
 59.500     0.01145  
 59.600     0.01150  
 59.700     0.01156  
 59.800     0.01161  
 59.900     0.01166  
 60.000     0.01171  
 60.100     0.01176  
 60.200     0.01181  
 60.300     0.01187  
 60.400     0.01192  
 60.500     0.01197  
 60.600     0.01202  
 60.700     0.01207  
 60.800     0.01213  
 60.900     0.01218  
 61.000     0.01223  
 61.100     0.01228  
 61.200     0.01234  
 61.300     0.01239  
 61.400     0.01244  
 61.500     0.01250  
 61.600     0.01255  
 61.700     0.01260  
 61.800     0.01266  
 61.900     0.01271  
 62.000     0.01277  
 62.100     0.01282  
 62.200     0.01287  
 62.300     0.01293  
 62.400     0.01298  
 62.500     0.01304  
 62.600     0.01309  
 62.700     0.01315  
 62.800     0.01320  
 62.900     0.01326  
 63.000     0.01331  
 63.100     0.01337  
 63.200     0.01342  
 63.300     0.01348  
 63.400     0.01353  
 63.500     0.01359  
 63.600     0.01364  
 63.700     0.01370  
 63.800     0.01375  
 63.900     0.01381  
 64.000     0.01387  
 64.100     0.01392  
 64.200     0.01398  
 64.300     0.01403  
 64.400     0.01409  
 64.500     0.01415  
 64.600     0.01420  
 64.700     0.01426  
 64.800     0.01432  
 64.900     0.01438  
 65.000     0.01443  
 65.100     0.01449  
 65.200     0.01455  
 65.300     0.01461  
 65.400     0.01466  
 65.500     0.01472  
 65.600     0.01478  
 65.700     0.01484  
 65.800     0.01490  
 65.900     0.01495  
 66.000     0.01501  
 66.100     0.01507  
 66.200     0.01513  
 66.300     0.01519  
 66.400     0.01525  
 66.500     0.01531  
 66.600     0.01536  
 66.700     0.01542  
 66.800     0.01548  
 66.900     0.01554  
 67.000     0.01560  
 67.100     0.01566  
 67.200     0.01572  
 67.300     0.01578  
 67.400     0.01584  
 67.500     0.01590  
 67.600     0.01596  
 67.700     0.01602  
 67.800     0.01608  
 67.900     0.01614  
 68.000     0.01620  
 68.100     0.01626  
 68.200     0.01632  
 68.300     0.01638  
 68.400     0.01644  
 68.500     0.01651  
 68.600     0.01657  
 68.700     0.01663  
 68.800     0.01669  
 68.900     0.01675  
 69.000     0.01681  
 69.100     0.01687  
 69.200     0.01694  
 69.300     0.01700  
 69.400     0.01706  
 69.500     0.01712  
 69.600     0.01718  
 69.700     0.01725  
 69.800     0.01731  
 69.900     0.01737  
 70.000     0.01743  
 70.100     0.01750  
 70.200     0.01756  
 70.300     0.01762  
 70.400     0.01769  
 70.500     0.01775  
 70.600     0.01781  
 70.700     0.01788  
 70.800     0.01794  
 70.900     0.01800  
 71.000     0.01807  
 71.100     0.01813  
 71.200     0.01819  
 71.300     0.01826  
 71.400     0.01832  
 71.500     0.01839  
 71.600     0.01845  
 71.700     0.01852  
 71.800     0.01858  
 71.900     0.01865  
 72.000     0.01871  
 72.100     0.01877  
 72.200     0.01884  
 72.300     0.01891  
 72.400     0.01897  
 72.500     0.01904  
 72.600     0.01910  
 72.700     0.01917  
 72.800     0.01923  
 72.900     0.01930  
 73.000     0.01937  
 73.100     0.01943  
 73.200     0.01950  
 73.300     0.01956  
 73.400     0.01963  
 73.500     0.01970  
 73.600     0.01976  
 73.700     0.01983  
 73.800     0.01990  
 73.900     0.01996  
 74.000     0.02003  
 74.100     0.02010  
 74.200     0.02016  
 74.300     0.02023  
 74.400     0.02030  
 74.500     0.02037  
 74.600     0.02043  
 74.700     0.02050  
 74.800     0.02057  
 74.900     0.02064  
 75.000     0.02071  
 75.100     0.02077  
 75.200     0.02084  
 75.300     0.02091  
 75.400     0.02098  
 75.500     0.02105  
 75.600     0.02112  
 75.700     0.02119  
 75.800     0.02125  
 75.900     0.02132  
 76.000     0.02139  
 76.100     0.02146  
 76.200     0.02153  
 76.300     0.02160  
 76.400     0.02167  
 76.500     0.02174  
 76.600     0.02181  
 76.700     0.02188  
 76.800     0.02195  
 76.900     0.02202  
 77.000     0.02209  
 77.100     0.02216  
 77.200     0.02223  
 77.300     0.02230  
 77.400     0.02237  
 77.500     0.02244  
 77.600     0.02251  
 77.700     0.02258  
 77.800     0.02265  
 77.900     0.02272  
 78.000     0.02280  
 78.100     0.02287  
 78.200     0.02294  
 78.300     0.02301  
 78.400     0.02308  
 78.500     0.02315  
 78.600     0.02323  
 78.700     0.02330  
 78.800     0.02337  
 78.900     0.02344  
 79.000     0.02351  
 79.100     0.02359  
 79.200     0.02366  
 79.300     0.02373  
 79.400     0.02380  
 79.500     0.02388  
 79.600     0.02395  
 79.700     0.02402  
 79.800     0.02410  
 79.900     0.02417  
 80.000     0.02424  
 80.100     0.02432  
 80.200     0.02439  
 80.300     0.02446  
 80.400     0.02454  
 80.500     0.02461  
 80.600     0.02468  
 80.700     0.02476  
 80.800     0.02483  
 80.900     0.02491  
 81.000     0.02498  
 81.100     0.02506  
 81.200     0.02513  
 81.300     0.02520  
 81.400     0.02528  
 81.500     0.02535  
 81.600     0.02543  
 81.700     0.02550  
 81.800     0.02558  
 81.900     0.02565  
 82.000     0.02573  
 82.100     0.02581  
 82.200     0.02588  
 82.300     0.02596  
 82.400     0.02603  
 82.500     0.02611  
 82.600     0.02618  
 82.700     0.02626  
 82.800     0.02634  
 82.900     0.02641  
 83.000     0.02649  
 83.100     0.02657  
 83.200     0.02664  
 83.300     0.02672  
 83.400     0.02680  
 83.500     0.02687  
 83.600     0.02695  
 83.700     0.02703  
 83.800     0.02710  
 83.900     0.02718  
 84.000     0.02726  
 84.100     0.02734  
 84.200     0.02741  
 84.300     0.02749  
 84.400     0.02757  
 84.500     0.02765  
 84.600     0.02773  
 84.700     0.02780  
 84.800     0.02788  
 84.900     0.02796  
 85.000     0.02804  
 85.100     0.02812  
 85.200     0.02820  
 85.300     0.02827  
 85.400     0.02835  
 85.500     0.02843  
 85.600     0.02851  
 85.700     0.02859  
 85.800     0.02867  
 85.900     0.02875  
 86.000     0.02883  
 86.100     0.02891  
 86.200     0.02899  
 86.300     0.02907  
 86.400     0.02915  
 86.500     0.02923  
 86.600     0.02931  
 86.700     0.02939  
 86.800     0.02947  
 86.900     0.02955  
 87.000     0.02963  
 87.100     0.02971  
 87.200     0.02979  
 87.300     0.02987  
 87.400     0.02995  
 87.500     0.03003  
 87.600     0.03011  
 87.700     0.03019  
 87.800     0.03028  
 87.900     0.03036  
 88.000     0.03044  
 88.100     0.03052  
 88.200     0.03060  
 88.300     0.03068  
 88.400     0.03077  
 88.500     0.03085  
 88.600     0.03093  
 88.700     0.03101  
 88.800     0.03109  
 88.900     0.03118  
 89.000     0.03126  
 89.100     0.03134  
 89.200     0.03142  
 89.300     0.03151  
 89.400     0.03159  
 89.500     0.03167  
 89.600     0.03176  
 89.700     0.03184  
 89.800     0.03192  
 89.900     0.03201  
 90.000     0.03209  
 90.100     0.03217  
 90.200     0.03226  
 90.300     0.03234  
 90.400     0.03242  
 90.500     0.03251  
 90.600     0.03259  
 90.700     0.03268  
 90.800     0.03276  
 90.900     0.03284  
 91.000     0.03293  
 91.100     0.03301  
 91.200     0.03310  
 91.300     0.03318  
 91.400     0.03327  
 91.500     0.03335  
 91.600     0.03344  
 91.700     0.03352  
 91.800     0.03361  
 91.900     0.03369  
 92.000     0.03378  
 92.100     0.03386  
 92.200     0.03395  
 92.300     0.03404  
 92.400     0.03412  
 92.500     0.03421  
 92.600     0.03429  
 92.700     0.03438  
 92.800     0.03447  
 92.900     0.03455  
 93.000     0.03464  
 93.100     0.03473  
 93.200     0.03481  
 93.300     0.03490  
 93.400     0.03499  
 93.500     0.03507  
 93.600     0.03516  
 93.700     0.03525  
 93.800     0.03533  
 93.900     0.03542  
 94.000     0.03551  
 94.100     0.03560  
 94.200     0.03568  
 94.300     0.03577  
 94.400     0.03586  
 94.500     0.03595  
 94.600     0.03604  
 94.700     0.03612  
 94.800     0.03621  
 94.900     0.03630  
 95.000     0.03639  
 95.100     0.03648  
 95.200     0.03657  
 95.300     0.03665  
 95.400     0.03674  
 95.500     0.03683  
 95.600     0.03692  
 95.700     0.03701  
 95.800     0.03710  
 95.900     0.03719  
 96.000     0.03728  
 96.100     0.03737  
 96.200     0.03746  
 96.300     0.03755  
 96.400     0.03764  
 96.500     0.03773  
 96.600     0.03782  
 96.700     0.03791  
 96.800     0.03800  
 96.900     0.03809  
 97.000     0.03818  
 97.100     0.03827  
 97.200     0.03836  
 97.300     0.03845  
 97.400     0.03854  
 97.500     0.03863  
 97.600     0.03872  
 97.700     0.03881  
 97.800     0.03890  
 97.900     0.03899  
 98.000     0.03909  
 98.100     0.03918  
 98.200     0.03927  
 98.300     0.03936  
 98.400     0.03945  
 98.500     0.03954  
 98.600     0.03964  
 98.700     0.03973  
 98.800     0.03982  
 98.900     0.03991  
 99.000     0.04000  
 99.100     0.04010  
 99.200     0.04019  
 99.300     0.04028  
 99.400     0.04038  
 99.500     0.04047  
 99.600     0.04056  
 99.700     0.04065  
 99.800     0.04075  
 99.900     0.04084  
100.000     0.04093  
100.100     0.04103  
100.200     0.04112  
100.300     0.04121  
100.400     0.04131  
100.500     0.04140  
100.600     0.04149  
100.700     0.04159  
100.800     0.04168  
100.900     0.04178  
101.000     0.04187  
101.100     0.04197  
101.200     0.04206  
101.300     0.04215  
101.400     0.04225  
101.500     0.04234  
101.600     0.04244  
101.700     0.04253  
101.800     0.04263  
101.900     0.04272  
102.000     0.04282  
102.100     0.04291  
102.200     0.04301  
102.300     0.04311  
102.400     0.04320  
102.500     0.04330  
102.600     0.04339  
102.700     0.04349  
102.800     0.04358  
102.900     0.04368  
103.000     0.04378  
103.100     0.04387  
103.200     0.04397  
103.300     0.04407  
103.400     0.04416  
103.500     0.04426  
103.600     0.04436  
103.700     0.04445  
103.800     0.04455  
103.900     0.04465  
104.000     0.04474  
104.100     0.04484  
104.200     0.04494  
104.300     0.04503  
104.400     0.04513  
104.500     0.04523  
104.600     0.04533  
104.700     0.04543  
104.800     0.04552  
104.900     0.04562  
105.000     0.04572  
105.100     0.04582  
105.200     0.04592  
105.300     0.04601  
105.400     0.04611  
105.500     0.04621  
105.600     0.04631  
105.700     0.04641  
105.800     0.04651  
105.900     0.04661  
106.000     0.04670  
106.100     0.04680  
106.200     0.04690  
106.300     0.04700  
106.400     0.04710  
106.500     0.04720  
106.600     0.04730  
106.700     0.04740  
106.800     0.04750  
106.900     0.04760  
107.000     0.04770  
107.100     0.04780  
107.200     0.04790  
107.300     0.04800  
107.400     0.04810  
107.500     0.04820  
107.600     0.04830  
107.700     0.04840  
107.800     0.04850  
107.900     0.04860  
108.000     0.04870  
108.100     0.04881  
108.200     0.04891  
108.300     0.04901  
108.400     0.04911  
108.500     0.04921  
108.600     0.04931  
108.700     0.04941  
108.800     0.04952  
108.900     0.04962  
109.000     0.04972  
109.100     0.04982  
109.200     0.04992  
109.300     0.05003  
109.400     0.05013  
109.500     0.05023  
109.600     0.05033  
109.700     0.05043  
109.800     0.05054  
109.900     0.05064  
110.000     0.05074  
110.100     0.05085  
110.200     0.05095  
110.300     0.05105  
110.400     0.05116  
110.500     0.05126  
110.600     0.05136  
110.700     0.05147  
110.800     0.05157  
110.900     0.05167  
111.000     0.05178  
111.100     0.05188  
111.200     0.05198  
111.300     0.05209  
111.400     0.05219  
111.500     0.05230  
111.600     0.05240  
111.700     0.05250  
111.800     0.05261  
111.900     0.05271  
112.000     0.05282  
112.100     0.05292  
112.200     0.05303  
112.300     0.05313  
112.400     0.05324  
112.500     0.05334  
112.600     0.05345  
112.700     0.05355  
112.800     0.05366  
112.900     0.05376  
113.000     0.05387  
113.100     0.05397  
113.200     0.05408  
113.300     0.05419  
113.400     0.05429  
113.500     0.05440  
113.600     0.05450  
113.700     0.05461  
113.800     0.05472  
113.900     0.05482  
114.000     0.05493  
114.100     0.05504  
114.200     0.05514  
114.300     0.05525  
114.400     0.05536  
114.500     0.05546  
114.600     0.05557  
114.700     0.05568  
114.800     0.05579  
114.900     0.05589  
115.000     0.05600  
115.100     0.05611  
115.200     0.05622  
115.300     0.05632  
115.400     0.05643  
115.500     0.05654  
115.600     0.05665  
115.700     0.05676  
115.800     0.05686  
115.900     0.05697  
116.000     0.05708  
116.100     0.05719  
116.200     0.05730  
116.300     0.05741  
116.400     0.05751  
116.500     0.05762  
116.600     0.05773  
116.700     0.05784  
116.800     0.05795  
116.900     0.05806  
117.000     0.05817  
117.100     0.05828  
117.200     0.05839  
117.300     0.05850  
117.400     0.05861  
117.500     0.05872  
117.600     0.05883  
117.700     0.05894  
117.800     0.05905  
117.900     0.05916  
118.000     0.05927  
118.100     0.05938  
118.200     0.05949  
118.300     0.05960  
118.400     0.05971  
118.500     0.05982  
118.600     0.05993  
118.700     0.06004  
118.800     0.06015  
118.900     0.06026  
119.000     0.06037  
119.100     0.06049  
119.200     0.06060  
119.300     0.06071  
119.400     0.06082  
119.500     0.06093  
119.600     0.06104  
119.700     0.06115  
119.800     0.06127  
119.900     0.06138  
120.000     0.06149  
120.100     0.06160  
120.200     0.06171  
120.300     0.06183  
120.400     0.06194  
120.500     0.06205  
120.600     0.06216  
120.700     0.06228  
120.800     0.06239  
120.900     0.06250  
121.000     0.06262  
121.100     0.06273  
121.200     0.06284  
121.300     0.06295  
121.400     0.06307  
121.500     0.06318  
121.600     0.06330  
121.700     0.06341  
121.800     0.06352  
121.900     0.06364  
122.000     0.06375  
122.100     0.06386  
122.200     0.06398  
122.300     0.06409  
122.400     0.06421  
122.500     0.06432  
122.600     0.06444  
122.700     0.06455  
122.800     0.06466  
122.900     0.06478  
123.000     0.06489  
123.100     0.06501  
123.200     0.06512  
123.300     0.06524  
123.400     0.06535  
123.500     0.06547  
123.600     0.06558  
123.700     0.06570  
123.800     0.06582  
123.900     0.06593  
124.000     0.06605  
124.100     0.06616  
124.200     0.06628  
124.300     0.06639  
124.400     0.06651  
124.500     0.06663  
124.600     0.06674  
124.700     0.06686  
124.800     0.06698  
124.900     0.06709  
125.000     0.06721  
125.100     0.06733  
125.200     0.06744  
125.300     0.06756  
125.400     0.06768  
125.500     0.06779  
125.600     0.06791  
125.700     0.06803  
125.800     0.06815  
125.900     0.06826  
126.000     0.06838  
126.100     0.06850  
126.200     0.06862  
126.300     0.06873  
126.400     0.06885  
126.500     0.06897  
126.600     0.06909  
126.700     0.06921  
126.800     0.06932  
126.900     0.06944  
127.000     0.06956  
127.100     0.06968  
127.200     0.06980  
127.300     0.06992  
127.400     0.07003  
127.500     0.07015  
127.600     0.07027  
127.700     0.07039  
127.800     0.07051  
127.900     0.07063  
128.000     0.07075  
128.100     0.07087  
128.200     0.07099  
128.300     0.07111  
128.400     0.07123  
128.500     0.07135  
128.600     0.07147  
128.700     0.07159  
128.800     0.07171  
128.900     0.07183  
129.000     0.07195  
129.100     0.07207  
129.200     0.07219  
129.300     0.07231  
129.400     0.07243  
129.500     0.07255  
129.600     0.07267  
129.700     0.07279  
129.800     0.07291  
129.900     0.07303  
130.000     0.07315  
130.100     0.07328  
130.200     0.07340  
130.300     0.07352  
130.400     0.07364  
130.500     0.07376  
130.600     0.07388  
130.700     0.07400  
130.800     0.07413  
130.900     0.07425  
131.000     0.07437  
131.100     0.07449  
131.200     0.07461  
131.300     0.07474  
131.400     0.07486  
131.500     0.07498  
131.600     0.07510  
131.700     0.07523  
131.800     0.07535  
131.900     0.07547  
132.000     0.07559  
132.100     0.07572  
132.200     0.07584  
132.300     0.07596  
132.400     0.07609  
132.500     0.07621  
132.600     0.07633  
132.700     0.07646  
132.800     0.07658  
132.900     0.07670  
133.000     0.07683  
133.100     0.07695  
133.200     0.07708  
133.300     0.07720  
133.400     0.07732  
133.500     0.07745  
133.600     0.07757  
133.700     0.07770  
133.800     0.07782  
133.900     0.07795  
134.000     0.07807  
134.100     0.07820  
134.200     0.07832  
134.300     0.07845  
134.400     0.07857  
134.500     0.07870  
134.600     0.07882  
134.700     0.07895  
134.800     0.07907  
134.900     0.07920  
135.000     0.07932  
135.100     0.07945  
135.200     0.07957  
135.300     0.07970  
135.400     0.07983  
135.500     0.07995  
135.600     0.08008  
135.700     0.08020  
135.800     0.08033  
135.900     0.08046  
136.000     0.08058  
136.100     0.08071  
136.200     0.08084  
136.300     0.08096  
136.400     0.08109  
136.500     0.08122  
136.600     0.08134  
136.700     0.08147  
136.800     0.08160  
136.900     0.08173  
137.000     0.08185  
137.100     0.08198  
137.200     0.08211  
137.300     0.08224  
137.400     0.08236  
137.500     0.08249  
137.600     0.08262  
137.700     0.08275  
137.800     0.08287  
137.900     0.08300  
138.000     0.08313  
138.100     0.08326  
138.200     0.08339  
138.300     0.08352  
138.400     0.08364  
138.500     0.08377  
138.600     0.08390  
138.700     0.08403  
138.800     0.08416  
138.900     0.08429  
139.000     0.08442  
139.100     0.08455  
139.200     0.08468  
139.300     0.08481  
139.400     0.08494  
139.500     0.08507  
139.600     0.08519  
139.700     0.08532  
139.800     0.08545  
139.900     0.08558  
140.000     0.08571  
140.100     0.08584  
140.200     0.08597  
140.300     0.08610  
140.400     0.08623  
140.500     0.08637  
140.600     0.08650  
140.700     0.08663  
140.800     0.08676  
140.900     0.08689  
141.000     0.08702  
141.100     0.08715  
141.200     0.08728  
141.300     0.08741  
141.400     0.08754  
141.500     0.08767  
141.600     0.08781  
141.700     0.08794  
141.800     0.08807  
141.900     0.08820  
142.000     0.08833  
142.100     0.08846  
142.200     0.08860  
142.300     0.08873  
142.400     0.08886  
142.500     0.08899  
142.600     0.08912  
142.700     0.08926  
142.800     0.08939  
142.900     0.08952  
143.000     0.08965  
143.100     0.08979  
143.200     0.08992  
143.300     0.09005  
143.400     0.09019  
143.500     0.09032  
143.600     0.09045  
143.700     0.09059  
143.800     0.09072  
143.900     0.09085  
144.000     0.09099  
144.100     0.09112  
144.200     0.09125  
144.300     0.09139  
144.400     0.09152  
144.500     0.09165  
144.600     0.09179  
144.700     0.09192  
144.800     0.09206  
144.900     0.09219  
145.000     0.09233  
145.100     0.09246  
145.200     0.09259  
145.300     0.09273  
145.400     0.09286  
145.500     0.09300  
145.600     0.09313  
145.700     0.09327  
145.800     0.09340  
145.900     0.09354  
146.000     0.09367  
146.100     0.09381  
146.200     0.09394  
146.300     0.09408  
146.400     0.09422  
146.500     0.09435  
146.600     0.09449  
146.700     0.09462  
146.800     0.09476  
146.900     0.09490  
147.000     0.09503  
147.100     0.09517  
147.200     0.09530  
147.300     0.09544  
147.400     0.09558  
147.500     0.09571  
147.600     0.09585  
147.700     0.09599  
147.800     0.09612  
147.900     0.09626  
148.000     0.09640  
148.100     0.09653  
148.200     0.09667  
148.300     0.09681  
148.400     0.09695  
148.500     0.09708  
148.600     0.09722  
148.700     0.09736  
148.800     0.09750  
148.900     0.09763  
149.000     0.09777  
149.100     0.09791  
149.200     0.09805  
149.300     0.09819  
149.400     0.09832  
149.500     0.09846  
149.600     0.09860  
149.700     0.09874  
149.800     0.09888  
149.900     0.09902  
150.000     0.09915  
150.100     0.09929  
150.200     0.09943  
150.300     0.09957  
150.400     0.09971  
150.500     0.09985  
150.600     0.09999  
150.700     0.10013  
150.800     0.10027  
150.900     0.10041  
151.000     0.10055  
151.100     0.10069  
151.200     0.10083  
151.300     0.10097  
151.400     0.10111  
151.500     0.10125  
151.600     0.10139  
151.700     0.10153  
151.800     0.10167  
151.900     0.10181  
152.000     0.10195  
152.100     0.10209  
152.200     0.10223  
152.300     0.10237  
152.400     0.10251  
152.500     0.10265  
152.600     0.10279  
152.700     0.10293  
152.800     0.10307  
152.900     0.10321  
153.000     0.10336  
153.100     0.10350  
153.200     0.10364  
153.300     0.10378  
153.400     0.10392  
153.500     0.10406  
153.600     0.10421  
153.700     0.10435  
153.800     0.10449  
153.900     0.10463  
154.000     0.10477  
154.100     0.10492  
154.200     0.10506  
154.300     0.10520  
154.400     0.10534  
154.500     0.10548  
154.600     0.10563  
154.700     0.10577  
154.800     0.10591  
154.900     0.10606  
155.000     0.10620  
155.100     0.10634  
155.200     0.10649  
155.300     0.10663  
155.400     0.10677  
155.500     0.10692  
155.600     0.10706  
155.700     0.10720  
155.800     0.10735  
155.900     0.10749  
156.000     0.10763  
156.100     0.10778  
156.200     0.10792  
156.300     0.10807  
156.400     0.10821  
156.500     0.10835  
156.600     0.10850  
156.700     0.10864  
156.800     0.10879  
156.900     0.10893  
157.000     0.10908  
157.100     0.10922  
157.200     0.10937  
157.300     0.10951  
157.400     0.10966  
157.500     0.10980  
157.600     0.10995  
157.700     0.11009  
157.800     0.11024  
157.900     0.11038  
158.000     0.11053  
158.100     0.11067  
158.200     0.11082  
158.300     0.11097  
158.400     0.11111  
158.500     0.11126  
158.600     0.11140  
158.700     0.11155  
158.800     0.11170  
158.900     0.11184  
159.000     0.11199  
159.100     0.11214  
159.200     0.11228  
159.300     0.11243  
159.400     0.11258  
159.500     0.11272  
159.600     0.11287  
159.700     0.11302  
159.800     0.11316  
159.900     0.11331  
160.000     0.11346  
160.100     0.11361  
160.200     0.11375  
160.300     0.11390  
160.400     0.11405  
160.500     0.11420  
160.600     0.11434  
160.700     0.11449  
160.800     0.11464  
160.900     0.11479  
161.000     0.11494  
161.100     0.11508  
161.200     0.11523  
161.300     0.11538  
161.400     0.11553  
161.500     0.11568  
161.600     0.11583  
161.700     0.11597  
161.800     0.11612  
161.900     0.11627  
162.000     0.11642  
162.100     0.11657  
162.200     0.11672  
162.300     0.11687  
162.400     0.11702  
162.500     0.11717  
162.600     0.11732  
162.700     0.11747  
162.800     0.11762  
162.900     0.11777  
163.000     0.11792  
163.100     0.11807  
163.200     0.11822  
163.300     0.11837  
163.400     0.11852  
163.500     0.11867  
163.600     0.11882  
163.700     0.11897  
163.800     0.11912  
163.900     0.11927  
164.000     0.11942  
164.100     0.11957  
164.200     0.11972  
164.300     0.11987  
164.400     0.12002  
164.500     0.12017  
164.600     0.12032  
164.700     0.12047  
164.800     0.12063  
164.900     0.12078  
165.000     0.12093  
165.100     0.12108  
165.200     0.12123  
165.300     0.12138  
165.400     0.12154  
165.500     0.12169  
165.600     0.12184  
165.700     0.12199  
165.800     0.12214  
165.900     0.12230  
166.000     0.12245  
166.100     0.12260  
166.200     0.12275  
166.300     0.12291  
166.400     0.12306  
166.500     0.12321  
166.600     0.12336  
166.700     0.12352  
166.800     0.12367  
166.900     0.12382  
167.000     0.12398  
167.100     0.12413  
167.200     0.12428  
167.300     0.12444  
167.400     0.12459  
167.500     0.12474  
167.600     0.12490  
167.700     0.12505  
167.800     0.12520  
167.900     0.12536  
168.000     0.12551  
168.100     0.12567  
168.200     0.12582  
168.300     0.12597  
168.400     0.12613  
168.500     0.12628  
168.600     0.12644  
168.700     0.12659  
168.800     0.12675  
168.900     0.12690  
169.000     0.12706  
169.100     0.12721  
169.200     0.12737  
169.300     0.12752  
169.400     0.12768  
169.500     0.12783  
169.600     0.12799  
169.700     0.12814  
169.800     0.12830  
169.900     0.12845  
170.000     0.12861  
170.100     0.12876  
170.200     0.12892  
170.300     0.12908  
170.400     0.12923  
170.500     0.12939  
170.600     0.12954  
170.700     0.12970  
170.800     0.12986  
170.900     0.13001  
171.000     0.13017  
171.100     0.13033  
171.200     0.13048  
171.300     0.13064  
171.400     0.13080  
171.500     0.13095  
171.600     0.13111  
171.700     0.13127  
171.800     0.13142  
171.900     0.13158  
172.000     0.13174  
172.100     0.13190  
172.200     0.13205  
172.300     0.13221  
172.400     0.13237  
172.500     0.13253  
172.600     0.13268  
172.700     0.13284  
172.800     0.13300  
172.900     0.13316  
173.000     0.13332  
173.100     0.13347  
173.200     0.13363  
173.300     0.13379  
173.400     0.13395  
173.500     0.13411  
173.600     0.13427  
173.700     0.13443  
173.800     0.13458  
173.900     0.13474  
174.000     0.13490  
174.100     0.13506  
174.200     0.13522  
174.300     0.13538  
174.400     0.13554  
174.500     0.13570  
174.600     0.13586  
174.700     0.13602  
174.800     0.13618  
174.900     0.13634  
175.000     0.13650  
175.100     0.13666  
175.200     0.13682  
175.300     0.13698  
175.400     0.13714  
175.500     0.13730  
175.600     0.13746  
175.700     0.13762  
175.800     0.13778  
175.900     0.13794  
176.000     0.13810  
176.100     0.13826  
176.200     0.13842  
176.300     0.13858  
176.400     0.13874  
176.500     0.13890  
176.600     0.13906  
176.700     0.13923  
176.800     0.13939  
176.900     0.13955  
177.000     0.13971  
177.100     0.13987  
177.200     0.14003  
177.300     0.14019  
177.400     0.14036  
177.500     0.14052  
177.600     0.14068  
177.700     0.14084  
177.800     0.14100  
177.900     0.14117  
178.000     0.14133  
178.100     0.14149  
178.200     0.14165  
178.300     0.14182  
178.400     0.14198  
178.500     0.14214  
178.600     0.14230  
178.700     0.14247  
178.800     0.14263  
178.900     0.14279  
179.000     0.14295  
179.100     0.14312  
179.200     0.14328  
179.300     0.14344  
179.400     0.14361  
179.500     0.14377  
179.600     0.14394  
179.700     0.14410  
179.800     0.14426  
179.900     0.14443  
180.000     0.14459  
180.100     0.14475  
180.200     0.14492  
180.300     0.14508  
180.400     0.14525  
180.500     0.14541  
180.600     0.14557  
180.700     0.14574  
180.800     0.14590  
180.900     0.14607  
181.000     0.14623  
181.100     0.14640  
181.200     0.14656  
181.300     0.14673  
181.400     0.14689  
181.500     0.14706  
181.600     0.14722  
181.700     0.14739  
181.800     0.14755  
181.900     0.14772  
182.000     0.14788  
182.100     0.14805  
182.200     0.14822  
182.300     0.14838  
182.400     0.14855  
182.500     0.14871  
182.600     0.14888  
182.700     0.14904  
182.800     0.14921  
182.900     0.14938  
183.000     0.14954  
183.100     0.14971  
183.200     0.14988  
183.300     0.15004  
183.400     0.15021  
183.500     0.15038  
183.600     0.15054  
183.700     0.15071  
183.800     0.15088  
183.900     0.15104  
184.000     0.15121  
184.100     0.15138  
184.200     0.15155  
184.300     0.15171  
184.400     0.15188  
184.500     0.15205  
184.600     0.15222  
184.700     0.15238  
184.800     0.15255  
184.900     0.15272  
185.000     0.15289  
185.100     0.15305  
185.200     0.15322  
185.300     0.15339  
185.400     0.15356  
185.500     0.15373  
185.600     0.15390  
185.700     0.15406  
185.800     0.15423  
185.900     0.15440  
186.000     0.15457  
186.100     0.15474  
186.200     0.15491  
186.300     0.15508  
186.400     0.15525  
186.500     0.15541  
186.600     0.15558  
186.700     0.15575  
186.800     0.15592  
186.900     0.15609  
187.000     0.15626  
187.100     0.15643  
187.200     0.15660  
187.300     0.15677  
187.400     0.15694  
187.500     0.15711  
187.600     0.15728  
187.700     0.15745  
187.800     0.15762  
187.900     0.15779  
188.000     0.15796  
188.100     0.15813  
188.200     0.15830  
188.300     0.15847  
188.400     0.15864  
188.500     0.15881  
188.600     0.15898  
188.700     0.15916  
188.800     0.15933  
188.900     0.15950  
189.000     0.15967  
189.100     0.15984  
189.200     0.16001  
189.300     0.16018  
189.400     0.16035  
189.500     0.16053  
189.600     0.16070  
189.700     0.16087  
189.800     0.16104  
189.900     0.16121  
190.000     0.16138  
190.100     0.16156  
190.200     0.16173  
190.300     0.16190  
190.400     0.16207  
190.500     0.16224  
190.600     0.16242  
190.700     0.16259  
190.800     0.16276  
190.900     0.16293  
191.000     0.16311  
191.100     0.16328  
191.200     0.16345  
191.300     0.16363  
191.400     0.16380  
191.500     0.16397  
191.600     0.16414  
191.700     0.16432  
191.800     0.16449  
191.900     0.16466  
192.000     0.16484  
192.100     0.16501  
192.200     0.16519  
192.300     0.16536  
192.400     0.16553  
192.500     0.16571  
192.600     0.16588  
192.700     0.16605  
192.800     0.16623  
192.900     0.16640  
193.000     0.16658  
193.100     0.16675  
193.200     0.16693  
193.300     0.16710  
193.400     0.16728  
193.500     0.16745  
193.600     0.16763  
193.700     0.16780  
193.800     0.16797  
193.900     0.16815  
194.000     0.16832  
194.100     0.16850  
194.200     0.16868  
194.300     0.16885  
194.400     0.16903  
194.500     0.16920  
194.600     0.16938  
194.700     0.16955  
194.800     0.16973  
194.900     0.16990  
195.000     0.17008  
195.100     0.17026  
195.200     0.17043  
195.300     0.17061  
195.400     0.17078  
195.500     0.17096  
195.600     0.17114  
195.700     0.17131  
195.800     0.17149  
195.900     0.17167  
196.000     0.17184  
196.100     0.17202  
196.200     0.17220  
196.300     0.17237  
196.400     0.17255  
196.500     0.17273  
196.600     0.17290  
196.700     0.17308  
196.800     0.17326  
196.900     0.17344  
197.000     0.17361  
197.100     0.17379  
197.200     0.17397  
197.300     0.17415  
197.400     0.17432  
197.500     0.17450  
197.600     0.17468  
197.700     0.17486  
197.800     0.17504  
197.900     0.17521  
198.000     0.17539  
198.100     0.17557  
198.200     0.17575  
198.300     0.17593  
198.400     0.17611  
198.500     0.17628  
198.600     0.17646  
198.700     0.17664  
198.800     0.17682  
198.900     0.17700  
199.000     0.17718  
199.100     0.17736  
199.200     0.17754  
199.300     0.17772  
199.400     0.17789  
199.500     0.17807  
199.600     0.17825  
199.700     0.17843  
199.800     0.17861  
199.900     0.17879  
200.000     0.17897  
200.100     0.17915  
200.200     0.17933  
200.300     0.17951  
200.400     0.17969  
200.500     0.17987  
200.600     0.18005  
200.700     0.18023  
200.800     0.18041  
200.900     0.18059  
201.000     0.18077  
201.100     0.18095  
201.200     0.18113  
201.300     0.18132  
201.400     0.18150  
201.500     0.18168  
201.600     0.18186  
201.700     0.18204  
201.800     0.18222  
201.900     0.18240  
202.000     0.18258  
202.100     0.18276  
202.200     0.18295  
202.300     0.18313  
202.400     0.18331  
202.500     0.18349  
202.600     0.18367  
202.700     0.18385  
202.800     0.18404  
202.900     0.18422  
203.000     0.18440  
203.100     0.18458  
203.200     0.18476  
203.300     0.18495  
203.400     0.18513  
203.500     0.18531  
203.600     0.18549  
203.700     0.18568  
203.800     0.18586  
203.900     0.18604  
204.000     0.18623  
204.100     0.18641  
204.200     0.18659  
204.300     0.18677  
204.400     0.18696  
204.500     0.18714  
204.600     0.18732  
204.700     0.18751  
204.800     0.18769  
204.900     0.18787  
205.000     0.18806  
205.100     0.18824  
205.200     0.18843  
205.300     0.18861  
205.400     0.18879  
205.500     0.18898  
205.600     0.18916  
205.700     0.18935  
205.800     0.18953  
205.900     0.18971  
206.000     0.18990  
206.100     0.19008  
206.200     0.19027  
206.300     0.19045  
206.400     0.19064  
206.500     0.19082  
206.600     0.19101  
206.700     0.19119  
206.800     0.19138  
206.900     0.19156  
207.000     0.19175  
207.100     0.19193  
207.200     0.19212  
207.300     0.19230  
207.400     0.19249  
207.500     0.19267  
207.600     0.19286  
207.700     0.19304  
207.800     0.19323  
207.900     0.19342  
208.000     0.19360  
208.100     0.19379  
208.200     0.19397  
208.300     0.19416  
208.400     0.19435  
208.500     0.19453  
208.600     0.19472  
208.700     0.19490  
208.800     0.19509  
208.900     0.19528  
209.000     0.19546  
209.100     0.19565  
209.200     0.19584  
209.300     0.19602  
209.400     0.19621  
209.500     0.19640  
209.600     0.19659  
209.700     0.19677  
209.800     0.19696  
209.900     0.19715  
210.000     0.19733  
210.100     0.19752  
210.200     0.19771  
210.300     0.19790  
210.400     0.19809  
210.500     0.19827  
210.600     0.19846  
210.700     0.19865  
210.800     0.19884  
210.900     0.19903  
211.000     0.19921  
211.100     0.19940  
211.200     0.19959  
211.300     0.19978  
211.400     0.19997  
211.500     0.20016  
211.600     0.20034  
211.700     0.20053  
211.800     0.20072  
211.900     0.20091  
212.000     0.20110  
212.100     0.20129  
212.200     0.20148  
212.300     0.20167  
212.400     0.20186  
212.500     0.20204  
212.600     0.20223  
212.700     0.20242  
212.800     0.20261  
212.900     0.20280  
213.000     0.20299  
213.100     0.20318  
213.200     0.20337  
213.300     0.20356  
213.400     0.20375  
213.500     0.20394  
213.600     0.20413  
213.700     0.20432  
213.800     0.20451  
213.900     0.20470  
214.000     0.20489  
214.100     0.20508  
214.200     0.20527  
214.300     0.20546  
214.400     0.20566  
214.500     0.20585  
214.600     0.20604  
214.700     0.20623  
214.800     0.20642  
214.900     0.20661  
215.000     0.20680  
215.100     0.20699  
215.200     0.20718  
215.300     0.20737  
215.400     0.20757  
215.500     0.20776  
215.600     0.20795  
215.700     0.20814  
215.800     0.20833  
215.900     0.20852  
216.000     0.20872  
216.100     0.20891  
216.200     0.20910  
216.300     0.20929  
216.400     0.20948  
216.500     0.20968  
216.600     0.20987  
216.700     0.21006  
216.800     0.21025  
216.900     0.21045  
217.000     0.21064  
217.100     0.21083  
217.200     0.21102  
217.300     0.21122  
217.400     0.21141  
217.500     0.21160  
217.600     0.21180  
217.700     0.21199  
217.800     0.21218  
217.900     0.21238  
218.000     0.21257  
218.100     0.21276  
218.200     0.21296  
218.300     0.21315  
218.400     0.21334  
218.500     0.21354  
218.600     0.21373  
218.700     0.21393  
218.800     0.21412  
218.900     0.21431  
219.000     0.21451  
219.100     0.21470  
219.200     0.21490  
219.300     0.21509  
219.400     0.21528  
219.500     0.21548  
219.600     0.21567  
219.700     0.21587  
219.800     0.21606  
219.900     0.21626  
220.000     0.21645  
220.100     0.21665  
220.200     0.21684  
220.300     0.21704  
220.400     0.21723  
220.500     0.21743  
220.600     0.21762  
220.700     0.21782  
220.800     0.21801  
220.900     0.21821  
221.000     0.21840  
221.100     0.21860  
221.200     0.21880  
221.300     0.21899  
221.400     0.21919  
221.500     0.21938  
221.600     0.21958  
221.700     0.21978  
221.800     0.21997  
221.900     0.22017  
222.000     0.22036  
222.100     0.22056  
222.200     0.22076  
222.300     0.22095  
222.400     0.22115  
222.500     0.22135  
222.600     0.22154  
222.700     0.22174  
222.800     0.22194  
222.900     0.22213  
223.000     0.22233  
223.100     0.22253  
223.200     0.22272  
223.300     0.22292  
223.400     0.22312  
223.500     0.22332  
223.600     0.22351  
223.700     0.22371  
223.800     0.22391  
223.900     0.22411  
224.000     0.22430  
224.100     0.22450  
224.200     0.22470  
224.300     0.22490  
224.400     0.22510  
224.500     0.22529  
224.600     0.22549  
224.700     0.22569  
224.800     0.22589  
224.900     0.22609  
225.000     0.22629  
225.100     0.22648  
225.200     0.22668  
225.300     0.22688  
225.400     0.22708  
225.500     0.22728  
225.600     0.22748  
225.700     0.22768  
225.800     0.22788  
225.900     0.22808  
226.000     0.22827  
226.100     0.22847  
226.200     0.22867  
226.300     0.22887  
226.400     0.22907  
226.500     0.22927  
226.600     0.22947  
226.700     0.22967  
226.800     0.22987  
226.900     0.23007  
227.000     0.23027  
227.100     0.23047  
227.200     0.23067  
227.300     0.23087  
227.400     0.23107  
227.500     0.23127  
227.600     0.23147  
227.700     0.23167  
227.800     0.23187  
227.900     0.23207  
228.000     0.23227  
228.100     0.23247  
228.200     0.23267  
228.300     0.23288  
228.400     0.23308  
228.500     0.23328  
228.600     0.23348  
228.700     0.23368  
228.800     0.23388  
228.900     0.23408  
229.000     0.23428  
229.100     0.23448  
229.200     0.23469  
229.300     0.23489  
229.400     0.23509  
229.500     0.23529  
229.600     0.23549  
229.700     0.23569  
229.800     0.23590  
229.900     0.23610  
230.000     0.23630  
230.100     0.23650  
230.200     0.23670  
230.300     0.23691  
230.400     0.23711  
230.500     0.23731  
230.600     0.23751  
230.700     0.23772  
230.800     0.23792  
230.900     0.23812  
231.000     0.23832  
231.100     0.23853  
231.200     0.23873  
231.300     0.23893  
231.400     0.23914  
231.500     0.23934  
231.600     0.23954  
231.700     0.23975  
231.800     0.23995  
231.900     0.24015  
232.000     0.24036  
232.100     0.24056  
232.200     0.24076  
232.300     0.24097  
232.400     0.24117  
232.500     0.24137  
232.600     0.24158  
232.700     0.24178  
232.800     0.24199  
232.900     0.24219  
233.000     0.24239  
233.100     0.24260  
233.200     0.24280  
233.300     0.24301  
233.400     0.24321  
233.500     0.24342  
233.600     0.24362  
233.700     0.24383  
233.800     0.24403  
233.900     0.24423  
234.000     0.24444  
234.100     0.24464  
234.200     0.24485  
234.300     0.24505  
234.400     0.24526  
234.500     0.24546  
234.600     0.24567  
234.700     0.24588  
234.800     0.24608  
234.900     0.24629  
235.000     0.24649  
235.100     0.24670  
235.200     0.24690  
235.300     0.24711  
235.400     0.24731  
235.500     0.24752  
235.600     0.24773  
235.700     0.24793  
235.800     0.24814  
235.900     0.24835  
236.000     0.24855  
236.100     0.24876  
236.200     0.24896  
236.300     0.24917  
236.400     0.24938  
236.500     0.24958  
236.600     0.24979  
236.700     0.25000  
236.800     0.25020  
236.900     0.25041  
237.000     0.25062  
237.100     0.25082  
237.200     0.25103  
237.300     0.25124  
237.400     0.25145  
237.500     0.25165  
237.600     0.25186  
237.700     0.25207  
237.800     0.25228  
237.900     0.25248  
238.000     0.25269  
238.100     0.25290  
238.200     0.25311  
238.300     0.25331  
238.400     0.25352  
238.500     0.25373  
238.600     0.25394  
238.700     0.25415  
238.800     0.25435  
238.900     0.25456  
239.000     0.25477  
239.100     0.25498  
239.200     0.25519  
239.300     0.25540  
239.400     0.25560  
239.500     0.25581  
239.600     0.25602  
239.700     0.25623  
239.800     0.25644  
239.900     0.25665  
240.000     0.25686  
240.100     0.25707  
240.200     0.25728  
240.300     0.25748  
240.400     0.25769  
240.500     0.25790  
240.600     0.25811  
240.700     0.25832  
240.800     0.25853  
240.900     0.25874  
241.000     0.25895  
241.100     0.25916  
241.200     0.25937  
241.300     0.25958  
241.400     0.25979  
241.500     0.26000  
241.600     0.26021  
241.700     0.26042  
241.800     0.26063  
241.900     0.26084  
242.000     0.26105  
242.100     0.26126  
242.200     0.26147  
242.300     0.26168  
242.400     0.26189  
242.500     0.26210  
242.600     0.26231  
242.700     0.26253  
242.800     0.26274  
242.900     0.26295  
243.000     0.26316  
243.100     0.26337  
243.200     0.26358  
243.300     0.26379  
243.400     0.26400  
243.500     0.26421  
243.600     0.26443  
243.700     0.26464  
243.800     0.26485  
243.900     0.26506  
244.000     0.26527  
244.100     0.26548  
244.200     0.26570  
244.300     0.26591  
244.400     0.26612  
244.500     0.26633  
244.600     0.26654  
244.700     0.26676  
244.800     0.26697  
244.900     0.26718  
245.000     0.26739  
245.100     0.26761  
245.200     0.26782  
245.300     0.26803  
245.400     0.26824  
245.500     0.26846  
245.600     0.26867  
245.700     0.26888  
245.800     0.26909  
245.900     0.26931  
246.000     0.26952  
246.100     0.26973  
246.200     0.26995  
246.300     0.27016  
246.400     0.27037  
246.500     0.27059  
246.600     0.27080  
246.700     0.27101  
246.800     0.27123  
246.900     0.27144  
247.000     0.27165  
247.100     0.27187  
247.200     0.27208  
247.300     0.27230  
247.400     0.27251  
247.500     0.27272  
247.600     0.27294  
247.700     0.27315  
247.800     0.27337  
247.900     0.27358  
248.000     0.27379  
248.100     0.27401  
248.200     0.27422  
248.300     0.27444  
248.400     0.27465  
248.500     0.27487  
248.600     0.27508  
248.700     0.27530  
248.800     0.27551  
248.900     0.27573  
249.000     0.27594  
249.100     0.27616  
249.200     0.27637  
249.300     0.27659  
249.400     0.27680  
249.500     0.27702  
249.600     0.27723  
249.700     0.27745  
249.800     0.27766  
249.900     0.27788  
250.000     0.27810  
250.100     0.27831  
250.200     0.27853  
250.300     0.27874  
250.400     0.27896  
250.500     0.27918  
250.600     0.27939  
250.700     0.27961  
250.800     0.27982  
250.900     0.28004  
251.000     0.28026  
251.100     0.28047  
251.200     0.28069  
251.300     0.28091  
251.400     0.28112  
251.500     0.28134  
251.600     0.28156  
251.700     0.28177  
251.800     0.28199  
251.900     0.28221  
252.000     0.28242  
252.100     0.28264  
252.200     0.28286  
252.300     0.28307  
252.400     0.28329  
252.500     0.28351  
252.600     0.28373  
252.700     0.28394  
252.800     0.28416  
252.900     0.28438  
253.000     0.28460  
253.100     0.28481  
253.200     0.28503  
253.300     0.28525  
253.400     0.28547  
253.500     0.28569  
253.600     0.28590  
253.700     0.28612  
253.800     0.28634  
253.900     0.28656  
254.000     0.28678  
254.100     0.28700  
254.200     0.28721  
254.300     0.28743  
254.400     0.28765  
254.500     0.28787  
254.600     0.28809  
254.700     0.28831  
254.800     0.28853  
254.900     0.28875  
255.000     0.28896  
255.100     0.28918  
255.200     0.28940  
255.300     0.28962  
255.400     0.28984  
255.500     0.29006  
255.600     0.29028  
255.700     0.29050  
255.800     0.29072  
255.900     0.29094  
256.000     0.29116  
256.100     0.29138  
256.200     0.29160  
256.300     0.29182  
256.400     0.29204  
256.500     0.29226  
256.600     0.29248  
256.700     0.29270  
256.800     0.29292  
256.900     0.29314  
257.000     0.29336  
257.100     0.29358  
257.200     0.29380  
257.300     0.29402  
257.400     0.29424  
257.500     0.29446  
257.600     0.29468  
257.700     0.29490  
257.800     0.29512  
257.900     0.29534  
258.000     0.29556  
258.100     0.29578  
258.200     0.29600  
258.300     0.29623  
258.400     0.29645  
258.500     0.29667  
258.600     0.29689  
258.700     0.29711  
258.800     0.29733  
258.900     0.29755  
259.000     0.29777  
259.100     0.29800  
259.200     0.29822  
259.300     0.29844  
259.400     0.29866  
259.500     0.29888  
259.600     0.29910  
259.700     0.29933  
259.800     0.29955  
259.900     0.29977  
260.000     0.29999  
260.100     0.30022  
260.200     0.30044  
260.300     0.30066  
260.400     0.30088  
260.500     0.30110  
260.600     0.30133  
260.700     0.30155  
260.800     0.30177  
260.900     0.30199  
261.000     0.30222  
261.100     0.30244  
261.200     0.30266  
261.300     0.30289  
261.400     0.30311  
261.500     0.30333  
261.600     0.30356  
261.700     0.30378  
261.800     0.30400  
261.900     0.30423  
262.000     0.30445  
262.100     0.30467  
262.200     0.30490  
262.300     0.30512  
262.400     0.30534  
262.500     0.30557  
262.600     0.30579  
262.700     0.30601  
262.800     0.30624  
262.900     0.30646  
263.000     0.30669  
263.100     0.30691  
263.200     0.30713  
263.300     0.30736  
263.400     0.30758  
263.500     0.30781  
263.600     0.30803  
263.700     0.30826  
263.800     0.30848  
263.900     0.30870  
264.000     0.30893  
264.100     0.30915  
264.200     0.30938  
264.300     0.30960  
264.400     0.30983  
264.500     0.31005  
264.600     0.31028  
264.700     0.31050  
264.800     0.31073  
264.900     0.31095  
265.000     0.31118  
265.100     0.31140  
265.200     0.31163  
265.300     0.31186  
265.400     0.31208  
265.500     0.31231  
265.600     0.31253  
265.700     0.31276  
265.800     0.31298  
265.900     0.31321  
266.000     0.31343  
266.100     0.31366  
266.200     0.31389  
266.300     0.31411  
266.400     0.31434  
266.500     0.31456  
266.600     0.31479  
266.700     0.31502  
266.800     0.31524  
266.900     0.31547  
267.000     0.31570  
267.100     0.31592  
267.200     0.31615  
267.300     0.31638  
267.400     0.31660  
267.500     0.31683  
267.600     0.31706  
267.700     0.31728  
267.800     0.31751  
267.900     0.31774  
268.000     0.31796  
268.100     0.31819  
268.200     0.31842  
268.300     0.31865  
268.400     0.31887  
268.500     0.31910  
268.600     0.31933  
268.700     0.31956  
268.800     0.31978  
268.900     0.32001  
269.000     0.32024  
269.100     0.32047  
269.200     0.32069  
269.300     0.32092  
269.400     0.32115  
269.500     0.32138  
269.600     0.32161  
269.700     0.32183  
269.800     0.32206  
269.900     0.32229  
270.000     0.32252  
270.100     0.32275  
270.200     0.32298  
270.300     0.32320  
270.400     0.32343  
270.500     0.32366  
270.600     0.32389  
270.700     0.32412  
270.800     0.32435  
270.900     0.32458  
271.000     0.32481  
271.100     0.32503  
271.200     0.32526  
271.300     0.32549  
271.400     0.32572  
271.500     0.32595  
271.600     0.32618  
271.700     0.32641  
271.800     0.32664  
271.900     0.32687  
272.000     0.32710  
272.100     0.32733  
272.200     0.32756  
272.300     0.32779  
272.400     0.32802  
272.500     0.32825  
272.600     0.32848  
272.700     0.32871  
272.800     0.32894  
272.900     0.32917  
273.000     0.32940  
273.100     0.32963  
273.200     0.32986  
273.300     0.33009  
273.400     0.33032  
273.500     0.33055  
273.600     0.33078  
273.700     0.33101  
273.800     0.33124  
273.900     0.33147  
274.000     0.33170  
274.100     0.33193  
274.200     0.33216  
274.300     0.33239  
274.400     0.33262  
274.500     0.33285  
274.600     0.33309  
274.700     0.33332  
274.800     0.33355  
274.900     0.33378  
275.000     0.33401  
275.100     0.33424  
275.200     0.33447  
275.300     0.33470  
275.400     0.33494  
275.500     0.33517  
275.600     0.33540  
275.700     0.33563  
275.800     0.33586  
275.900     0.33609  
276.000     0.33633  
276.100     0.33656  
276.200     0.33679  
276.300     0.33702  
276.400     0.33725  
276.500     0.33749  
276.600     0.33772  
276.700     0.33795  
276.800     0.33818  
276.900     0.33842  
277.000     0.33865  
277.100     0.33888  
277.200     0.33911  
277.300     0.33935  
277.400     0.33958  
277.500     0.33981  
277.600     0.34004  
277.700     0.34028  
277.800     0.34051  
277.900     0.34074  
278.000     0.34098  
278.100     0.34121  
278.200     0.34144  
278.300     0.34167  
278.400     0.34191  
278.500     0.34214  
278.600     0.34237  
278.700     0.34261  
278.800     0.34284  
278.900     0.34308  
279.000     0.34331  
279.100     0.34354  
279.200     0.34378  
279.300     0.34401  
279.400     0.34424  
279.500     0.34448  
279.600     0.34471  
279.700     0.34495  
279.800     0.34518  
279.900     0.34541  
280.000     0.34565  
280.100     0.34588  
280.200     0.34612  
280.300     0.34635  
280.400     0.34659  
280.500     0.34682  
280.600     0.34705  
280.700     0.34729  
280.800     0.34752  
280.900     0.34776  
281.000     0.34799  
281.100     0.34823  
281.200     0.34846  
281.300     0.34870  
281.400     0.34893  
281.500     0.34917  
281.600     0.34940  
281.700     0.34964  
281.800     0.34987  
281.900     0.35011  
282.000     0.35034  
282.100     0.35058  
282.200     0.35081  
282.300     0.35105  
282.400     0.35129  
282.500     0.35152  
282.600     0.35176  
282.700     0.35199  
282.800     0.35223  
282.900     0.35246  
283.000     0.35270  
283.100     0.35294  
283.200     0.35317  
283.300     0.35341  
283.400     0.35364  
283.500     0.35388  
283.600     0.35412  
283.700     0.35435  
283.800     0.35459  
283.900     0.35483  
284.000     0.35506  
284.100     0.35530  
284.200     0.35553  
284.300     0.35577  
284.400     0.35601  
284.500     0.35624  
284.600     0.35648  
284.700     0.35672  
284.800     0.35696  
284.900     0.35719  
285.000     0.35743  
285.100     0.35767  
285.200     0.35790  
285.300     0.35814  
285.400     0.35838  
285.500     0.35861  
285.600     0.35885  
285.700     0.35909  
285.800     0.35933  
285.900     0.35956  
286.000     0.35980  
286.100     0.36004  
286.200     0.36028  
286.300     0.36052  
286.400     0.36075  
286.500     0.36099  
286.600     0.36123  
286.700     0.36147  
286.800     0.36170  
286.900     0.36194  
287.000     0.36218  
287.100     0.36242  
287.200     0.36266  
287.300     0.36290  
287.400     0.36313  
287.500     0.36337  
287.600     0.36361  
287.700     0.36385  
287.800     0.36409  
287.900     0.36433  
288.000     0.36457  
288.100     0.36480  
288.200     0.36504  
288.300     0.36528  
288.400     0.36552  
288.500     0.36576  
288.600     0.36600  
288.700     0.36624  
288.800     0.36648  
288.900     0.36672  
289.000     0.36695  
289.100     0.36719  
289.200     0.36743  
289.300     0.36767  
289.400     0.36791  
289.500     0.36815  
289.600     0.36839  
289.700     0.36863  
289.800     0.36887  
289.900     0.36911  
290.000     0.36935  
290.100     0.36959  
290.200     0.36983  
290.300     0.37007  
290.400     0.37031  
290.500     0.37055  
290.600     0.37079  
290.700     0.37103  
290.800     0.37127  
290.900     0.37151  
291.000     0.37175  
291.100     0.37199  
291.200     0.37223  
291.300     0.37247  
291.400     0.37271  
291.500     0.37295  
291.600     0.37319  
291.700     0.37343  
291.800     0.37368  
291.900     0.37392  
292.000     0.37416  
292.100     0.37440  
292.200     0.37464  
292.300     0.37488  
292.400     0.37512  
292.500     0.37536  
292.600     0.37560  
292.700     0.37584  
292.800     0.37609  
292.900     0.37633  
293.000     0.37657  
293.100     0.37681  
293.200     0.37705  
293.300     0.37729  
293.400     0.37753  
293.500     0.37778  
293.600     0.37802  
293.700     0.37826  
293.800     0.37850  
293.900     0.37874  
294.000     0.37898  
294.100     0.37923  
294.200     0.37947  
294.300     0.37971  
294.400     0.37995  
294.500     0.38020  
294.600     0.38044  
294.700     0.38068  
294.800     0.38092  
294.900     0.38116  
295.000     0.38141  
295.100     0.38165  
295.200     0.38189  
295.300     0.38213  
295.400     0.38238  
295.500     0.38262  
295.600     0.38286  
295.700     0.38311  
295.800     0.38335  
295.900     0.38359  
296.000     0.38383  
296.100     0.38408  
296.200     0.38432  
296.300     0.38456  
296.400     0.38481  
296.500     0.38505  
296.600     0.38529  
296.700     0.38554  
296.800     0.38578  
296.900     0.38602  
297.000     0.38627  
297.100     0.38651  
297.200     0.38675  
297.300     0.38700  
297.400     0.38724  
297.500     0.38749  
297.600     0.38773  
297.700     0.38797  
297.800     0.38822  
297.900     0.38846  
298.000     0.38870  
298.100     0.38895  
298.200     0.38919  
298.300     0.38944  
298.400     0.38968  
298.500     0.38993  
298.600     0.39017  
298.700     0.39041  
298.800     0.39066  
298.900     0.39090  
299.000     0.39115  
299.100     0.39139  
299.200     0.39164  
299.300     0.39188  
299.400     0.39213  
299.500     0.39237  
299.600     0.39262  
299.700     0.39286  
299.800     0.39311  
299.900     0.39335  
300.000     0.39360  
300.100     0.39384  
300.200     0.39409  
300.300     0.39433  
300.400     0.39458  
300.500     0.39482  
300.600     0.39507  
300.700     0.39531  
300.800     0.39556  
300.900     0.39580  
301.000     0.39605  
301.100     0.39630  
301.200     0.39654  
301.300     0.39679  
301.400     0.39703  
301.500     0.39728  
301.600     0.39752  
301.700     0.39777  
301.800     0.39802  
301.900     0.39826  
302.000     0.39851  
302.100     0.39875  
302.200     0.39900  
302.300     0.39925  
302.400     0.39949  
302.500     0.39974  
302.600     0.39999  
302.700     0.40023  
302.800     0.40048  
302.900     0.40072  
303.000     0.40097  
303.100     0.40122  
303.200     0.40146  
303.300     0.40171  
303.400     0.40196  
303.500     0.40221  
303.600     0.40245  
303.700     0.40270  
303.800     0.40295  
303.900     0.40319  
304.000     0.40344  
304.100     0.40369  
304.200     0.40393  
304.300     0.40418  
304.400     0.40443  
304.500     0.40468  
304.600     0.40492  
304.700     0.40517  
304.800     0.40542  
304.900     0.40567  
305.000     0.40591  
305.100     0.40616  
305.200     0.40641  
305.300     0.40666  
305.400     0.40690  
305.500     0.40715  
305.600     0.40740  
305.700     0.40765  
305.800     0.40790  
305.900     0.40814  
306.000     0.40839  
306.100     0.40864  
306.200     0.40889  
306.300     0.40914  
306.400     0.40939  
306.500     0.40963  
306.600     0.40988  
306.700     0.41013  
306.800     0.41038  
306.900     0.41063  
307.000     0.41088  
307.100     0.41113  
307.200     0.41137  
307.300     0.41162  
307.400     0.41187  
307.500     0.41212  
307.600     0.41237  
307.700     0.41262  
307.800     0.41287  
307.900     0.41312  
308.000     0.41337  
308.100     0.41361  
308.200     0.41386  
308.300     0.41411  
308.400     0.41436  
308.500     0.41461  
308.600     0.41486  
308.700     0.41511  
308.800     0.41536  
308.900     0.41561  
309.000     0.41586  
309.100     0.41611  
309.200     0.41636  
309.300     0.41661  
309.400     0.41686  
309.500     0.41711  
309.600     0.41736  
309.700     0.41761  
309.800     0.41786  
309.900     0.41811  
310.000     0.41836  
310.100     0.41861  
310.200     0.41886  
310.300     0.41911  
310.400     0.41936  
310.500     0.41961  
310.600     0.41986  
310.700     0.42011  
310.800     0.42036  
310.900     0.42061  
311.000     0.42086  
311.100     0.42111  
311.200     0.42136  
311.300     0.42161  
311.400     0.42186  
311.500     0.42211  
311.600     0.42236  
311.700     0.42262  
311.800     0.42287  
311.900     0.42312  
312.000     0.42337  
312.100     0.42362  
312.200     0.42387  
312.300     0.42412  
312.400     0.42437  
312.500     0.42462  
312.600     0.42488  
312.700     0.42513  
312.800     0.42538  
312.900     0.42563  
313.000     0.42588  
313.100     0.42613  
313.200     0.42638  
313.300     0.42664  
313.400     0.42689  
313.500     0.42714  
313.600     0.42739  
313.700     0.42764  
313.800     0.42789  
313.900     0.42815  
314.000     0.42840  
314.100     0.42865  
314.200     0.42890  
314.300     0.42915  
314.400     0.42941  
314.500     0.42966  
314.600     0.42991  
314.700     0.43016  
314.800     0.43042  
314.900     0.43067  
315.000     0.43092  
315.100     0.43117  
315.200     0.43143  
315.300     0.43168  
315.400     0.43193  
315.500     0.43218  
315.600     0.43244  
315.700     0.43269  
315.800     0.43294  
315.900     0.43320  
316.000     0.43345  
316.100     0.43370  
316.200     0.43395  
316.300     0.43421  
316.400     0.43446  
316.500     0.43471  
316.600     0.43497  
316.700     0.43522  
316.800     0.43547  
316.900     0.43573  
317.000     0.43598  
317.100     0.43623  
317.200     0.43649  
317.300     0.43674  
317.400     0.43699  
317.500     0.43725  
317.600     0.43750  
317.700     0.43775  
317.800     0.43801  
317.900     0.43826  
318.000     0.43852  
318.100     0.43877  
318.200     0.43902  
318.300     0.43928  
318.400     0.43953  
318.500     0.43979  
318.600     0.44004  
318.700     0.44029  
318.800     0.44055  
318.900     0.44080  
319.000     0.44106  
319.100     0.44131  
319.200     0.44157  
319.300     0.44182  
319.400     0.44207  
319.500     0.44233  
319.600     0.44258  
319.700     0.44284  
319.800     0.44309  
319.900     0.44335  
320.000     0.44360  
320.100     0.44386  
320.200     0.44411  
320.300     0.44437  
320.400     0.44462  
320.500     0.44488  
320.600     0.44513  
320.700     0.44539  
320.800     0.44564  
320.900     0.44590  
321.000     0.44615  
321.100     0.44641  
321.200     0.44666  
321.300     0.44692  
321.400     0.44717  
321.500     0.44743  
321.600     0.44768  
321.700     0.44794  
321.800     0.44820  
321.900     0.44845  
322.000     0.44871  
322.100     0.44896  
322.200     0.44922  
322.300     0.44947  
322.400     0.44973  
322.500     0.44999  
322.600     0.45024  
322.700     0.45050  
322.800     0.45075  
322.900     0.45101  
323.000     0.45127  
323.100     0.45152  
323.200     0.45178  
323.300     0.45203  
323.400     0.45229  
323.500     0.45255  
323.600     0.45280  
323.700     0.45306  
323.800     0.45332  
323.900     0.45357  
324.000     0.45383  
324.100     0.45409  
324.200     0.45434  
324.300     0.45460  
324.400     0.45486  
324.500     0.45511  
324.600     0.45537  
324.700     0.45563  
324.800     0.45588  
324.900     0.45614  
325.000     0.45640  
325.100     0.45665  
325.200     0.45691  
325.300     0.45717  
325.400     0.45743  
325.500     0.45768  
325.600     0.45794  
325.700     0.45820  
325.800     0.45845  
325.900     0.45871  
326.000     0.45897  
326.100     0.45923  
326.200     0.45948  
326.300     0.45974  
326.400     0.46000  
326.500     0.46026  
326.600     0.46051  
326.700     0.46077  
326.800     0.46103  
326.900     0.46129  
327.000     0.46155  
327.100     0.46180  
327.200     0.46206  
327.300     0.46232  
327.400     0.46258  
327.500     0.46284  
327.600     0.46309  
327.700     0.46335  
327.800     0.46361  
327.900     0.46387  
328.000     0.46413  
328.100     0.46438  
328.200     0.46464  
328.300     0.46490  
328.400     0.46516  
328.500     0.46542  
328.600     0.46568  
328.700     0.46593  
328.800     0.46619  
328.900     0.46645  
329.000     0.46671  
329.100     0.46697  
329.200     0.46723  
329.300     0.46749  
329.400     0.46775  
329.500     0.46800  
329.600     0.46826  
329.700     0.46852  
329.800     0.46878  
329.900     0.46904  
330.000     0.46930  
330.100     0.46956  
330.200     0.46982  
330.300     0.47008  
330.400     0.47034  
330.500     0.47060  
330.600     0.47086  
330.700     0.47112  
330.800     0.47137  
330.900     0.47163  
331.000     0.47189  
331.100     0.47215  
331.200     0.47241  
331.300     0.47267  
331.400     0.47293  
331.500     0.47319  
331.600     0.47345  
331.700     0.47371  
331.800     0.47397  
331.900     0.47423  
332.000     0.47449  
332.100     0.47475  
332.200     0.47501  
332.300     0.47527  
332.400     0.47553  
332.500     0.47579  
332.600     0.47605  
332.700     0.47631  
332.800     0.47657  
332.900     0.47683  
333.000     0.47709  
333.100     0.47735  
333.200     0.47761  
333.300     0.47787  
333.400     0.47814  
333.500     0.47840  
333.600     0.47866  
333.700     0.47892  
333.800     0.47918  
333.900     0.47944  
334.000     0.47970  
334.100     0.47996  
334.200     0.48022  
334.300     0.48048  
334.400     0.48074  
334.500     0.48100  
334.600     0.48127  
334.700     0.48153  
334.800     0.48179  
334.900     0.48205  
335.000     0.48231  
335.100     0.48257  
335.200     0.48283  
335.300     0.48309  
335.400     0.48336  
335.500     0.48362  
335.600     0.48388  
335.700     0.48414  
335.800     0.48440  
335.900     0.48466  
336.000     0.48492  
336.100     0.48519  
336.200     0.48545  
336.300     0.48571  
336.400     0.48597  
336.500     0.48623  
336.600     0.48650  
336.700     0.48676  
336.800     0.48702  
336.900     0.48728  
337.000     0.48754  
337.100     0.48780  
337.200     0.48807  
337.300     0.48833  
337.400     0.48859  
337.500     0.48885  
337.600     0.48912  
337.700     0.48938  
337.800     0.48964  
337.900     0.48990  
338.000     0.49017  
338.100     0.49043  
338.200     0.49069  
338.300     0.49095  
338.400     0.49122  
338.500     0.49148  
338.600     0.49174  
338.700     0.49200  
338.800     0.49227  
338.900     0.49253  
339.000     0.49279  
339.100     0.49305  
339.200     0.49332  
339.300     0.49358  
339.400     0.49384  
339.500     0.49411  
339.600     0.49437  
339.700     0.49463  
339.800     0.49490  
339.900     0.49516  
340.000     0.49542  
340.100     0.49569  
340.200     0.49595  
340.300     0.49621  
340.400     0.49648  
340.500     0.49674  
340.600     0.49700  
340.700     0.49727  
340.800     0.49753  
340.900     0.49779  
341.000     0.49806  
341.100     0.49832  
341.200     0.49858  
341.300     0.49885  
341.400     0.49911  
341.500     0.49937  
341.600     0.49964  
341.700     0.49990  
341.800     0.50017  
341.900     0.50043  
342.000     0.50069  
342.100     0.50096  
342.200     0.50122  
342.300     0.50149  
342.400     0.50175  
342.500     0.50201  
342.600     0.50228  
342.700     0.50254  
342.800     0.50281  
342.900     0.50307  
343.000     0.50334  
343.100     0.50360  
343.200     0.50386  
343.300     0.50413  
343.400     0.50439  
343.500     0.50466  
343.600     0.50492  
343.700     0.50519  
343.800     0.50545  
343.900     0.50572  
344.000     0.50598  
344.100     0.50625  
344.200     0.50651  
344.300     0.50678  
344.400     0.50704  
344.500     0.50731  
344.600     0.50757  
344.700     0.50784  
344.800     0.50810  
344.900     0.50837  
345.000     0.50863  
345.100     0.50890  
345.200     0.50916  
345.300     0.50943  
345.400     0.50969  
345.500     0.50996  
345.600     0.51022  
345.700     0.51049  
345.800     0.51075  
345.900     0.51102  
346.000     0.51128  
346.100     0.51155  
346.200     0.51182  
346.300     0.51208  
346.400     0.51235  
346.500     0.51261  
346.600     0.51288  
346.700     0.51314  
346.800     0.51341  
346.900     0.51368  
347.000     0.51394  
347.100     0.51421  
347.200     0.51447  
347.300     0.51474  
347.400     0.51500  
347.500     0.51527  
347.600     0.51554  
347.700     0.51580  
347.800     0.51607  
347.900     0.51634  
348.000     0.51660  
348.100     0.51687  
348.200     0.51713  
348.300     0.51740  
348.400     0.51767  
348.500     0.51793  
348.600     0.51820  
348.700     0.51847  
348.800     0.51873  
348.900     0.51900  
349.000     0.51927  
349.100     0.51953  
349.200     0.51980  
349.300     0.52007  
349.400     0.52033  
349.500     0.52060  
349.600     0.52087  
349.700     0.52113  
349.800     0.52140  
349.900     0.52167  
350.000     0.52193 