 0.000     0.00000  
  0.100     0.00000  
  0.200     0.00000  
  0.300     0.00000  
  0.400     0.00000  
  0.500     0.00000  
  0.600     0.00000  
  0.700     0.00000  
  0.800     0.00000  
  0.900     0.00000  
  1.000     0.00000  
  1.100     0.00000  
  1.200     0.00000  
  1.300     0.00000  
  1.400     0.00000  
  1.500     0.00000  
  1.600     0.00000  
  1.700     0.00000  
  1.800     0.00000  
  1.900     0.00000  
  2.000     0.00000  
  2.100     0.00000  
  2.200     0.00000  
  2.300     0.00000  
  2.400     0.00000  
  2.500     0.00000  
  2.600     0.00000  
  2.700     0.00000  
  2.800     0.00000  
  2.900     0.00000  
  3.000     0.00000  
  3.100     0.00000  
  3.200     0.00000  
  3.300     0.00000  
  3.400     0.00000  
  3.500     0.00000  
  3.600     0.00000  
  3.700     0.00000  
  3.800     0.00000  
  3.900     0.00000  
  4.000     0.00000  
  4.100     0.00000  
  4.200     0.00000  
  4.300     0.00000  
  4.400     0.00000  
  4.500     0.00000  
  4.600     0.00000  
  4.700     0.00000  
  4.800     0.00000  
  4.900     0.00000  
  5.000     0.00000  
  5.100     0.00000  
  5.200     0.00000  
  5.300     0.00000  
  5.400     0.00000  
  5.500     0.00000  
  5.600    -0.00001  
  5.700    -0.00001  
  5.800    -0.00001  
  5.900    -0.00001  
  6.000    -0.00001  
  6.100    -0.00001  
  6.200    -0.00001  
  6.300    -0.00001  
  6.400    -0.00001  
  6.500    -0.00001  
  6.600    -0.00001  
  6.700    -0.00001  
  6.800    -0.00002  
  6.900    -0.00002  
  7.000    -0.00002  
  7.100    -0.00002  
  7.200    -0.00002  
  7.300    -0.00002  
  7.400    -0.00002  
  7.500    -0.00003  
  7.600    -0.00003  
  7.700    -0.00003  
  7.800    -0.00003  
  7.900    -0.00003  
  8.000    -0.00003  
  8.100    -0.00004  
  8.200    -0.00004  
  8.300    -0.00004  
  8.400    -0.00004  
  8.500    -0.00005  
  8.600    -0.00005  
  8.700    -0.00005  
  8.800    -0.00006  
  8.900    -0.00006  
  9.000    -0.00006  
  9.100    -0.00006  
  9.200    -0.00007  
  9.300    -0.00007  
  9.400    -0.00008  
  9.500    -0.00008  
  9.600    -0.00008  
  9.700    -0.00009  
  9.800    -0.00009  
  9.900    -0.00009  
 10.000    -0.00010  
 10.100    -0.00010  
 10.200    -0.00011  
 10.300    -0.00011  
 10.400    -0.00012  
 10.500    -0.00012  
 10.600    -0.00013  
 10.700    -0.00013  
 10.800    -0.00014  
 10.900    -0.00015  
 11.000    -0.00015  
 11.100    -0.00016  
 11.200    -0.00016  
 11.300    -0.00017  
 11.400    -0.00018  
 11.500    -0.00018  
 11.600    -0.00019  
 11.700    -0.00020  
 11.800    -0.00021  
 11.900    -0.00021  
 12.000    -0.00022  
 12.100    -0.00023  
 12.200    -0.00024  
 12.300    -0.00025  
 12.400    -0.00026  
 12.500    -0.00026  
 12.600    -0.00027  
 12.700    -0.00028  
 12.800    -0.00029  
 12.900    -0.00030  
 13.000    -0.00031  
 13.100    -0.00032  
 13.200    -0.00033  
 13.300    -0.00034  
 13.400    -0.00035  
 13.500    -0.00036  
 13.600    -0.00038  
 13.700    -0.00039  
 13.800    -0.00040  
 13.900    -0.00041  
 14.000    -0.00042  
 14.100    -0.00044  
 14.200    -0.00045  
 14.300    -0.00046  
 14.400    -0.00047  
 14.500    -0.00049  
 14.600    -0.00050  
 14.700    -0.00052  
 14.800    -0.00053  
 14.900    -0.00055  
 15.000    -0.00056  
 15.100    -0.00058  
 15.200    -0.00059  
 15.300    -0.00061  
 15.400    -0.00062  
 15.500    -0.00064  
 15.600    -0.00065  
 15.700    -0.00067  
 15.800    -0.00069  
 15.900    -0.00070  
 16.000    -0.00072  
 16.100    -0.00074  
 16.200    -0.00076  
 16.300    -0.00078  
 16.400    -0.00080  
 16.500    -0.00081  
 16.600    -0.00083  
 16.700    -0.00085  
 16.800    -0.00087  
 16.900    -0.00089  
 17.000    -0.00091  
 17.100    -0.00093  
 17.200    -0.00096  
 17.300    -0.00098  
 17.400    -0.00100  
 17.500    -0.00102  
 17.600    -0.00104  
 17.700    -0.00107  
 17.800    -0.00109  
 17.900    -0.00111  
 18.000    -0.00113  
 18.100    -0.00116  
 18.200    -0.00118  
 18.300    -0.00121  
 18.400    -0.00123  
 18.500    -0.00126  
 18.600    -0.00128  
 18.700    -0.00131  
 18.800    -0.00134  
 18.900    -0.00136  
 19.000    -0.00139  
 19.100    -0.00142  
 19.200    -0.00144  
 19.300    -0.00147  
 19.400    -0.00150  
 19.500    -0.00153  
 19.600    -0.00156  
 19.700    -0.00159  
 19.800    -0.00162  
 19.900    -0.00164  
 20.000    -0.00168  
 20.100    -0.00171  
 20.200    -0.00174  
 20.300    -0.00177  
 20.400    -0.00180  
 20.500    -0.00183  
 20.600    -0.00186  
 20.700    -0.00190  
 20.800    -0.00193  
 20.900    -0.00196  
 21.000    -0.00200  
 21.100    -0.00203  
 21.200    -0.00206  
 21.300    -0.00210  
 21.400    -0.00213  
 21.500    -0.00217  
 21.600    -0.00221  
 21.700    -0.00224  
 21.800    -0.00228  
 21.900    -0.00231  
 22.000    -0.00235  
 22.100    -0.00239  
 22.200    -0.00243  
 22.300    -0.00247  
 22.400    -0.00250  
 22.500    -0.00254  
 22.600    -0.00258  
 22.700    -0.00262  
 22.800    -0.00266  
 22.900    -0.00270  
 23.000    -0.00274  
 23.100    -0.00279  
 23.200    -0.00283  
 23.300    -0.00287  
 23.400    -0.00291  
 23.500    -0.00295  
 23.600    -0.00300  
 23.700    -0.00304  
 23.800    -0.00308  
 23.900    -0.00313  
 24.000    -0.00317  
 24.100    -0.00322  
 24.200    -0.00326  
 24.300    -0.00331  
 24.400    -0.00335  
 24.500    -0.00340  
 24.600    -0.00345  
 24.700    -0.00349  
 24.800    -0.00354  
 24.900    -0.00359  
 25.000    -0.00364  
 25.100    -0.00369  
 25.200    -0.00374  
 25.300    -0.00379  
 25.400    -0.00384  
 25.500    -0.00389  
 25.600    -0.00394  
 25.700    -0.00399  
 25.800    -0.00404  
 25.900    -0.00409  
 26.000    -0.00414  
 26.100    -0.00419  
 26.200    -0.00425  
 26.300    -0.00430  
 26.400    -0.00435  
 26.500    -0.00441  
 26.600    -0.00446  
 26.700    -0.00452  
 26.800    -0.00457  
 26.900    -0.00463  
 27.000    -0.00468  
 27.100    -0.00474  
 27.200    -0.00480  
 27.300    -0.00485  
 27.400    -0.00491  
 27.500    -0.00497  
 27.600    -0.00503  
 27.700    -0.00508  
 27.800    -0.00514  
 27.900    -0.00520  
 28.000    -0.00526  
 28.100    -0.00532  
 28.200    -0.00538  
 28.300    -0.00544  
 28.400    -0.00551  
 28.500    -0.00557  
 28.600    -0.00563  
 28.700    -0.00569  
 28.800    -0.00575  
 28.900    -0.00582  
 29.000    -0.00588  
 29.100    -0.00594  
 29.200    -0.00601  
 29.300    -0.00607  
 29.400    -0.00614  
 29.500    -0.00620  
 29.600    -0.00627  
 29.700    -0.00634  
 29.800    -0.00640  
 29.900    -0.00647  
 30.000    -0.00654  
 30.100    -0.00660  
 30.200    -0.00667  
 30.300    -0.00674  
 30.400    -0.00681  
 30.500    -0.00688  
 30.600    -0.00695  
 30.700    -0.00702  
 30.800    -0.00709  
 30.900    -0.00716  
 31.000    -0.00723  
 31.100    -0.00730  
 31.200    -0.00737  
 31.300    -0.00745  
 31.400    -0.00752  
 31.500    -0.00759  
 31.600    -0.00767  
 31.700    -0.00774  
 31.800    -0.00781  
 31.900    -0.00789  
 32.000    -0.00796  
 32.100    -0.00804  
 32.200    -0.00811  
 32.300    -0.00819  
 32.400    -0.00827  
 32.500    -0.00834  
 32.600    -0.00842  
 32.700    -0.00850  
 32.800    -0.00858  
 32.900    -0.00865  
 33.000    -0.00873  
 33.100    -0.00881  
 33.200    -0.00889  
 33.300    -0.00897  
 33.400    -0.00905  
 33.500    -0.00913  
 33.600    -0.00921  
 33.700    -0.00929  
 33.800    -0.00937  
 33.900    -0.00946  
 34.000    -0.00954  
 34.100    -0.00962  
 34.200    -0.00970  
 34.300    -0.00979  
 34.400    -0.00987  
 34.500    -0.00996  
 34.600    -0.01004  
 34.700    -0.01013  
 34.800    -0.01021  
 34.900    -0.01030  
 35.000    -0.01038  
 35.100    -0.01047  
 35.200    -0.01056  
 35.300    -0.01064  
 35.400    -0.01073  
 35.500    -0.01082  
 35.600    -0.01091  
 35.700    -0.01100  
 35.800    -0.01108  
 35.900    -0.01117  
 36.000    -0.01126  
 36.100    -0.01135  
 36.200    -0.01144  
 36.300    -0.01154  
 36.400    -0.01163  
 36.500    -0.01172  
 36.600    -0.01181  
 36.700    -0.01190  
 36.800    -0.01199  
 36.900    -0.01209  
 37.000    -0.01218  
 37.100    -0.01227  
 37.200    -0.01237  
 37.300    -0.01246  
 37.400    -0.01256  
 37.500    -0.01265  
 37.600    -0.01275  
 37.700    -0.01284  
 37.800    -0.01294  
 37.900    -0.01304  
 38.000    -0.01313  
 38.100    -0.01323  
 38.200    -0.01333  
 38.300    -0.01343  
 38.400    -0.01352  
 38.500    -0.01362  
 38.600    -0.01372  
 38.700    -0.01382  
 38.800    -0.01392  
 38.900    -0.01402  
 39.000    -0.01412  
 39.100    -0.01422  
 39.200    -0.01432  
 39.300    -0.01442  
 39.400    -0.01453  
 39.500    -0.01463  
 39.600    -0.01473  
 39.700    -0.01483  
 39.800    -0.01494  
 39.900    -0.01504  
 40.000    -0.01514  
 40.100    -0.01525  
 40.200    -0.01535  
 40.300    -0.01546  
 40.400    -0.01556  
 40.500    -0.01567  
 40.600    -0.01577  
 40.700    -0.01588  
 40.800    -0.01599  
 40.900    -0.01609  
 41.000    -0.01620  
 41.100    -0.01631  
 41.200    -0.01641  
 41.300    -0.01652  
 41.400    -0.01663  
 41.500    -0.01674  
 41.600    -0.01685  
 41.700    -0.01696  
 41.800    -0.01707  
 41.900    -0.01718  
 42.000    -0.01729  
 42.100    -0.01740  
 42.200    -0.01751  
 42.300    -0.01762  
 42.400    -0.01773  
 42.500    -0.01785  
 42.600    -0.01796  
 42.700    -0.01807  
 42.800    -0.01818  
 42.900    -0.01830  
 43.000    -0.01841  
 43.100    -0.01853  
 43.200    -0.01864  
 43.300    -0.01876  
 43.400    -0.01887  
 43.500    -0.01899  
 43.600    -0.01910  
 43.700    -0.01922  
 43.800    -0.01933  
 43.900    -0.01945  
 44.000    -0.01957  
 44.100    -0.01969  
 44.200    -0.01980  
 44.300    -0.01992  
 44.400    -0.02004  
 44.500    -0.02016  
 44.600    -0.02028  
 44.700    -0.02040  
 44.800    -0.02052  
 44.900    -0.02063  
 45.000    -0.02076  
 45.100    -0.02088  
 45.200    -0.02100  
 45.300    -0.02112  
 45.400    -0.02124  
 45.500    -0.02136  
 45.600    -0.02148  
 45.700    -0.02160  
 45.800    -0.02173  
 45.900    -0.02185  
 46.000    -0.02197  
 46.100    -0.02210  
 46.200    -0.02222  
 46.300    -0.02234  
 46.400    -0.02247  
 46.500    -0.02259  
 46.600    -0.02272  
 46.700    -0.02284  
 46.800    -0.02297  
 46.900    -0.02310  
 47.000    -0.02322  
 47.100    -0.02335  
 47.200    -0.02348  
 47.300    -0.02360  
 47.400    -0.02373  
 47.500    -0.02386  
 47.600    -0.02399  
 47.700    -0.02411  
 47.800    -0.02424  
 47.900    -0.02437  
 48.000    -0.02450  
 48.100    -0.02463  
 48.200    -0.02476  
 48.300    -0.02489  
 48.400    -0.02502  
 48.500    -0.02515  
 48.600    -0.02528  
 48.700    -0.02541  
 48.800    -0.02554  
 48.900    -0.02568  
 49.000    -0.02581  
 49.100    -0.02594  
 49.200    -0.02607  
 49.300    -0.02621  
 49.400    -0.02634  
 49.500    -0.02647  
 49.600    -0.02661  
 49.700    -0.02674  
 49.800    -0.02688  
 49.900    -0.02701  
 50.000    -0.02715  
 50.100    -0.02728  
 50.200    -0.02742  
 50.300    -0.02755  
 50.400    -0.02769  
 50.500    -0.02782  
 50.600    -0.02796  
 50.700    -0.02810  
 50.800    -0.02823  
 50.900    -0.02837  
 51.000    -0.02851  
 51.100    -0.02865  
 51.200    -0.02879  
 51.300    -0.02892  
 51.400    -0.02906  
 51.500    -0.02920  
 51.600    -0.02934  
 51.700    -0.02948  
 51.800    -0.02962  
 51.900    -0.02976  
 52.000    -0.02990  
 52.100    -0.03004  
 52.200    -0.03018  
 52.300    -0.03032  
 52.400    -0.03047  
 52.500    -0.03061  
 52.600    -0.03075  
 52.700    -0.03089  
 52.800    -0.03104  
 52.900    -0.03118  
 53.000    -0.03132  
 53.100    -0.03146  
 53.200    -0.03161  
 53.300    -0.03175  
 53.400    -0.03190  
 53.500    -0.03204  
 53.600    -0.03218  
 53.700    -0.03233  
 53.800    -0.03247  
 53.900    -0.03262  
 54.000    -0.03277  
 54.100    -0.03291  
 54.200    -0.03306  
 54.300    -0.03320  
 54.400    -0.03335  
 54.500    -0.03350  
 54.600    -0.03365  
 54.700    -0.03379  
 54.800    -0.03394  
 54.900    -0.03409  
 55.000    -0.03424  
 55.100    -0.03439  
 55.200    -0.03453  
 55.300    -0.03468  
 55.400    -0.03483  
 55.500    -0.03498  
 55.600    -0.03513  
 55.700    -0.03528  
 55.800    -0.03543  
 55.900    -0.03558  
 56.000    -0.03573  
 56.100    -0.03588  
 56.200    -0.03604  
 56.300    -0.03619  
 56.400    -0.03634  
 56.500    -0.03649  
 56.600    -0.03664  
 56.700    -0.03679  
 56.800    -0.03695  
 56.900    -0.03710  
 57.000    -0.03725  
 57.100    -0.03741  
 57.200    -0.03756  
 57.300    -0.03771  
 57.400    -0.03787  
 57.500    -0.03802  
 57.600    -0.03818  
 57.700    -0.03833  
 57.800    -0.03849  
 57.900    -0.03864  
 58.000    -0.03880  
 58.100    -0.03895  
 58.200    -0.03911  
 58.300    -0.03926  
 58.400    -0.03942  
 58.500    -0.03958  
 58.600    -0.03973  
 58.700    -0.03989  
 58.800    -0.04005  
 58.900    -0.04021  
 59.000    -0.04036  
 59.100    -0.04052  
 59.200    -0.04068  
 59.300    -0.04084  
 59.400    -0.04100  
 59.500    -0.04116  
 59.600    -0.04132  
 59.700    -0.04147  
 59.800    -0.04163  
 59.900    -0.04179  
 60.000    -0.04195  
 60.100    -0.04211  
 60.200    -0.04227  
 60.300    -0.04244  
 60.400    -0.04260  
 60.500    -0.04276  
 60.600    -0.04292  
 60.700    -0.04308  
 60.800    -0.04324  
 60.900    -0.04340  
 61.000    -0.04357  
 61.100    -0.04373  
 61.200    -0.04389  
 61.300    -0.04405  
 61.400    -0.04422  
 61.500    -0.04438  
 61.600    -0.04454  
 61.700    -0.04471  
 61.800    -0.04487  
 61.900    -0.04503  
 62.000    -0.04520  
 62.100    -0.04536  
 62.200    -0.04553  
 62.300    -0.04569  
 62.400    -0.04586  
 62.500    -0.04602  
 62.600    -0.04619  
 62.700    -0.04635  
 62.800    -0.04652  
 62.900    -0.04669  
 63.000    -0.04685  
 63.100    -0.04702  
 63.200    -0.04719  
 63.300    -0.04735  
 63.400    -0.04752  
 63.500    -0.04769  
 63.600    -0.04786  
 63.700    -0.04802  
 63.800    -0.04819  
 63.900    -0.04836  
 64.000    -0.04853  
 64.100    -0.04870  
 64.200    -0.04887  
 64.300    -0.04903  
 64.400    -0.04920  
 64.500    -0.04937  
 64.600    -0.04954  
 64.700    -0.04971  
 64.800    -0.04988  
 64.900    -0.05005  
 65.000    -0.05022  
 65.100    -0.05039  
 65.200    -0.05056  
 65.300    -0.05073  
 65.400    -0.05091  
 65.500    -0.05108  
 65.600    -0.05125  
 65.700    -0.05142  
 65.800    -0.05159  
 65.900    -0.05176  
 66.000    -0.05194  
 66.100    -0.05211  
 66.200    -0.05228  
 66.300    -0.05245  
 66.400    -0.05263  
 66.500    -0.05280  
 66.600    -0.05297  
 66.700    -0.05315  
 66.800    -0.05332  
 66.900    -0.05349  
 67.000    -0.05367  
 67.100    -0.05384  
 67.200    -0.05402  
 67.300    -0.05419  
 67.400    -0.05437  
 67.500    -0.05454  
 67.600    -0.05472  
 67.700    -0.05489  
 67.800    -0.05507  
 67.900    -0.05524  
 68.000    -0.05542  
 68.100    -0.05560  
 68.200    -0.05577  
 68.300    -0.05595  
 68.400    -0.05613  
 68.500    -0.05630  
 68.600    -0.05648  
 68.700    -0.05666  
 68.800    -0.05683  
 68.900    -0.05701  
 69.000    -0.05719  
 69.100    -0.05737  
 69.200    -0.05755  
 69.300    -0.05772  
 69.400    -0.05790  
 69.500    -0.05808  
 69.600    -0.05826  
 69.700    -0.05844  
 69.800    -0.05862  
 69.900    -0.05880  
 70.000    -0.05898  
 70.100    -0.05916  
 70.200    -0.05934  
 70.300    -0.05952  
 70.400    -0.05970  
 70.500    -0.05988  
 70.600    -0.06006  
 70.700    -0.06024  
 70.800    -0.06042  
 70.900    -0.06060  
 71.000    -0.06078  
 71.100    -0.06096  
 71.200    -0.06114  
 71.300    -0.06132  
 71.400    -0.06151  
 71.500    -0.06169  
 71.600    -0.06187  
 71.700    -0.06205  
 71.800    -0.06223  
 71.900    -0.06242  
 72.000    -0.06260  
 72.100    -0.06278  
 72.200    -0.06296  
 72.300    -0.06315  
 72.400    -0.06333  
 72.500    -0.06351  
 72.600    -0.06370  
 72.700    -0.06388  
 72.800    -0.06407  
 72.900    -0.06425  
 73.000    -0.06443  
 73.100    -0.06462  
 73.200    -0.06480  
 73.300    -0.06499  
 73.400    -0.06517  
 73.500    -0.06536  
 73.600    -0.06554  
 73.700    -0.06573  
 73.800    -0.06591  
 73.900    -0.06610  
 74.000    -0.06629  
 74.100    -0.06647  
 74.200    -0.06666  
 74.300    -0.06684  
 74.400    -0.06703  
 74.500    -0.06722  
 74.600    -0.06740  
 74.700    -0.06759  
 74.800    -0.06778  
 74.900    -0.06796  
 75.000    -0.06815  
 75.100    -0.06834  
 75.200    -0.06853  
 75.300    -0.06871  
 75.400    -0.06890  
 75.500    -0.06909  
 75.600    -0.06928  
 75.700    -0.06947  
 75.800    -0.06966  
 75.900    -0.06984  
 76.000    -0.07003  
 76.100    -0.07022  
 76.200    -0.07041  
 76.300    -0.07060  
 76.400    -0.07079  
 76.500    -0.07098  
 76.600    -0.07117  
 76.700    -0.07136  
 76.800    -0.07155  
 76.900    -0.07174  
 77.000    -0.07193  
 77.100    -0.07212  
 77.200    -0.07231  
 77.300    -0.07250  
 77.400    -0.07269  
 77.500    -0.07288  
 77.600    -0.07307  
 77.700    -0.07326  
 77.800    -0.07345  
 77.900    -0.07365  
 78.000    -0.07384  
 78.100    -0.07403  
 78.200    -0.07422  
 78.300    -0.07441  
 78.400    -0.07460  
 78.500    -0.07480  
 78.600    -0.07499  
 78.700    -0.07518  
 78.800    -0.07537  
 78.900    -0.07557  
 79.000    -0.07576  
 79.100    -0.07595  
 79.200    -0.07614  
 79.300    -0.07634  
 79.400    -0.07653  
 79.500    -0.07672  
 79.600    -0.07692  
 79.700    -0.07711  
 79.800    -0.07731  
 79.900    -0.07750  
 80.000    -0.07769  
 80.100    -0.07789  
 80.200    -0.07808  
 80.300    -0.07828  
 80.400    -0.07847  
 80.500    -0.07867  
 80.600    -0.07886  
 80.700    -0.07906  
 80.800    -0.07925  
 80.900    -0.07945  
 81.000    -0.07964  
 81.100    -0.07984  
 81.200    -0.08003  
 81.300    -0.08023  
 81.400    -0.08042  
 81.500    -0.08062  
 81.600    -0.08082  
 81.700    -0.08101  
 81.800    -0.08121  
 81.900    -0.08141  
 82.000    -0.08160  
 82.100    -0.08180  
 82.200    -0.08200  
 82.300    -0.08219  
 82.400    -0.08239  
 82.500    -0.08259  
 82.600    -0.08278  
 82.700    -0.08298  
 82.800    -0.08318  
 82.900    -0.08338  
 83.000    -0.08357  
 83.100    -0.08377  
 83.200    -0.08397  
 83.300    -0.08417  
 83.400    -0.08437  
 83.500    -0.08456  
 83.600    -0.08476  
 83.700    -0.08496  
 83.800    -0.08516  
 83.900    -0.08536  
 84.000    -0.08556  
 84.100    -0.08576  
 84.200    -0.08596  
 84.300    -0.08616  
 84.400    -0.08635  
 84.500    -0.08655  
 84.600    -0.08675  
 84.700    -0.08695  
 84.800    -0.08715  
 84.900    -0.08735  
 85.000    -0.08755  
 85.100    -0.08775  
 85.200    -0.08795  
 85.300    -0.08815  
 85.400    -0.08835  
 85.500    -0.08855  
 85.600    -0.08875  
 85.700    -0.08896  
 85.800    -0.08916  
 85.900    -0.08936  
 86.000    -0.08956  
 86.100    -0.08976  
 86.200    -0.08996  
 86.300    -0.09016  
 86.400    -0.09036  
 86.500    -0.09056  
 86.600    -0.09077  
 86.700    -0.09097  
 86.800    -0.09117  
 86.900    -0.09137  
 87.000    -0.09157  
 87.100    -0.09178  
 87.200    -0.09198  
 87.300    -0.09218  
 87.400    -0.09238  
 87.500    -0.09259  
 87.600    -0.09279  
 87.700    -0.09299  
 87.800    -0.09319  
 87.900    -0.09340  
 88.000    -0.09360  
 88.100    -0.09380  
 88.200    -0.09401  
 88.300    -0.09421  
 88.400    -0.09441  
 88.500    -0.09462  
 88.600    -0.09482  
 88.700    -0.09502  
 88.800    -0.09523  
 88.900    -0.09543  
 89.000    -0.09564  
 89.100    -0.09584  
 89.200    -0.09604  
 89.300    -0.09625  
 89.400    -0.09645  
 89.500    -0.09666  
 89.600    -0.09686  
 89.700    -0.09707  
 89.800    -0.09727  
 89.900    -0.09748  
 90.000    -0.09768  
 90.100    -0.09789  
 90.200    -0.09809  
 90.300    -0.09830  
 90.400    -0.09850  
 90.500    -0.09871  
 90.600    -0.09891  
 90.700    -0.09912  
 90.800    -0.09932  
 90.900    -0.09953  
 91.000    -0.09974  
 91.100    -0.09994  
 91.200    -0.10015  
 91.300    -0.10035  
 91.400    -0.10056  
 91.500    -0.10077  
 91.600    -0.10097  
 91.700    -0.10118  
 91.800    -0.10139  
 91.900    -0.10159  
 92.000    -0.10180  
 92.100    -0.10201  
 92.200    -0.10221  
 92.300    -0.10242  
 92.400    -0.10263  
 92.500    -0.10283  
 92.600    -0.10304  
 92.700    -0.10325  
 92.800    -0.10346  
 92.900    -0.10366  
 93.000    -0.10387  
 93.100    -0.10408  
 93.200    -0.10429  
 93.300    -0.10450  
 93.400    -0.10470  
 93.500    -0.10491  
 93.600    -0.10512  
 93.700    -0.10533  
 93.800    -0.10554  
 93.900    -0.10574  
 94.000    -0.10595  
 94.100    -0.10616  
 94.200    -0.10637  
 94.300    -0.10658  
 94.400    -0.10679  
 94.500    -0.10700  
 94.600    -0.10720  
 94.700    -0.10741  
 94.800    -0.10762  
 94.900    -0.10783  
 95.000    -0.10804  
 95.100    -0.10825  
 95.200    -0.10846  
 95.300    -0.10867  
 95.400    -0.10888  
 95.500    -0.10909  
 95.600    -0.10930  
 95.700    -0.10951  
 95.800    -0.10972  
 95.900    -0.10993  
 96.000    -0.11014  
 96.100    -0.11035  
 96.200    -0.11056  
 96.300    -0.11077  
 96.400    -0.11098  
 96.500    -0.11119  
 96.600    -0.11140  
 96.700    -0.11161  
 96.800    -0.11182  
 96.900    -0.11203  
 97.000    -0.11224  
 97.100    -0.11245  
 97.200    -0.11266  
 97.300    -0.11287  
 97.400    -0.11308  
 97.500    -0.11330  
 97.600    -0.11351  
 97.700    -0.11372  
 97.800    -0.11393  
 97.900    -0.11414  
 98.000    -0.11435  
 98.100    -0.11456  
 98.200    -0.11478  
 98.300    -0.11499  
 98.400    -0.11520  
 98.500    -0.11541  
 98.600    -0.11562  
 98.700    -0.11583  
 98.800    -0.11605  
 98.900    -0.11626  
 99.000    -0.11647  
 99.100    -0.11668  
 99.200    -0.11689  
 99.300    -0.11711  
 99.400    -0.11732  
 99.500    -0.11753  
 99.600    -0.11774  
 99.700    -0.11796  
 99.800    -0.11817  
 99.900    -0.11838  
100.000    -0.11859  
100.100    -0.11881  
100.200    -0.11902  
100.300    -0.11923  
100.400    -0.11945  
100.500    -0.11966  
100.600    -0.11987  
100.700    -0.12009  
100.800    -0.12030  
100.900    -0.12051  
101.000    -0.12073  
101.100    -0.12094  
101.200    -0.12115  
101.300    -0.12137  
101.400    -0.12158  
101.500    -0.12179  
101.600    -0.12201  
101.700    -0.12222  
101.800    -0.12244  
101.900    -0.12265  
102.000    -0.12286  
102.100    -0.12308  
102.200    -0.12329  
102.300    -0.12351  
102.400    -0.12372  
102.500    -0.12393  
102.600    -0.12415  
102.700    -0.12436  
102.800    -0.12458  
102.900    -0.12479  
103.000    -0.12501  
103.100    -0.12522  
103.200    -0.12544  
103.300    -0.12565  
103.400    -0.12586  
103.500    -0.12608  
103.600    -0.12629  
103.700    -0.12651  
103.800    -0.12672  
103.900    -0.12694  
104.000    -0.12715  
104.100    -0.12737  
104.200    -0.12759  
104.300    -0.12780  
104.400    -0.12802  
104.500    -0.12823  
104.600    -0.12845  
104.700    -0.12866  
104.800    -0.12888  
104.900    -0.12909  
105.000    -0.12931  
105.100    -0.12953  
105.200    -0.12974  
105.300    -0.12996  
105.400    -0.13017  
105.500    -0.13039  
105.600    -0.13061  
105.700    -0.13082  
105.800    -0.13104  
105.900    -0.13125  
106.000    -0.13147  
106.100    -0.13169  
106.200    -0.13190  
106.300    -0.13212  
106.400    -0.13234  
106.500    -0.13255  
106.600    -0.13277  
106.700    -0.13299  
106.800    -0.13320  
106.900    -0.13342  
107.000    -0.13364  
107.100    -0.13385  
107.200    -0.13407  
107.300    -0.13429  
107.400    -0.13450  
107.500    -0.13472  
107.600    -0.13494  
107.700    -0.13515  
107.800    -0.13537  
107.900    -0.13559  
108.000    -0.13580  
108.100    -0.13602  
108.200    -0.13624  
108.300    -0.13646  
108.400    -0.13667  
108.500    -0.13689  
108.600    -0.13711  
108.700    -0.13733  
108.800    -0.13754  
108.900    -0.13776  
109.000    -0.13798  
109.100    -0.13820  
109.200    -0.13842  
109.300    -0.13863  
109.400    -0.13885  
109.500    -0.13907  
109.600    -0.13929  
109.700    -0.13950  
109.800    -0.13972  
109.900    -0.13994  
110.000    -0.14016  
110.100    -0.14038  
110.200    -0.14060  
110.300    -0.14081  
110.400    -0.14103  
110.500    -0.14125  
110.600    -0.14147  
110.700    -0.14169  
110.800    -0.14191  
110.900    -0.14212  
111.000    -0.14234  
111.100    -0.14256  
111.200    -0.14278  
111.300    -0.14300  
111.400    -0.14322  
111.500    -0.14344  
111.600    -0.14365  
111.700    -0.14387  
111.800    -0.14409  
111.900    -0.14431  
112.000    -0.14453  
112.100    -0.14475  
112.200    -0.14497  
112.300    -0.14519  
112.400    -0.14541  
112.500    -0.14563  
112.600    -0.14584  
112.700    -0.14606  
112.800    -0.14628  
112.900    -0.14650  
113.000    -0.14672  
113.100    -0.14694  
113.200    -0.14716  
113.300    -0.14738  
113.400    -0.14760  
113.500    -0.14782  
113.600    -0.14804  
113.700    -0.14826  
113.800    -0.14848  
113.900    -0.14870  
114.000    -0.14892  
114.100    -0.14914  
114.200    -0.14936  
114.300    -0.14958  
114.400    -0.14980  
114.500    -0.15002  
114.600    -0.15024  
114.700    -0.15046  
114.800    -0.15068  
114.900    -0.15090  
115.000    -0.15112  
115.100    -0.15134  
115.200    -0.15156  
115.300    -0.15178  
115.400    -0.15200  
115.500    -0.15222  
115.600    -0.15244  
115.700    -0.15266  
115.800    -0.15288  
115.900    -0.15310  
116.000    -0.15332  
116.100    -0.15354  
116.200    -0.15376  
116.300    -0.15398  
116.400    -0.15420  
116.500    -0.15442  
116.600    -0.15464  
116.700    -0.15486  
116.800    -0.15508  
116.900    -0.15530  
117.000    -0.15552  
117.100    -0.15574  
117.200    -0.15596  
117.300    -0.15619  
117.400    -0.15641  
117.500    -0.15663  
117.600    -0.15685  
117.700    -0.15707  
117.800    -0.15729  
117.900    -0.15751  
118.000    -0.15773  
118.100    -0.15795  
118.200    -0.15817  
118.300    -0.15840  
118.400    -0.15862  
118.500    -0.15884  
118.600    -0.15906  
118.700    -0.15928  
118.800    -0.15950  
118.900    -0.15972  
119.000    -0.15994  
119.100    -0.16016  
119.200    -0.16039  
119.300    -0.16061  
119.400    -0.16083  
119.500    -0.16105  
119.600    -0.16127  
119.700    -0.16149  
119.800    -0.16171  
119.900    -0.16194  
120.000    -0.16216  
120.100    -0.16238  
120.200    -0.16260  
120.300    -0.16282  
120.400    -0.16304  
120.500    -0.16327  
120.600    -0.16349  
120.700    -0.16371  
120.800    -0.16393  
120.900    -0.16415  
121.000    -0.16437  
121.100    -0.16460  
121.200    -0.16482  
121.300    -0.16504  
121.400    -0.16526  
121.500    -0.16548  
121.600    -0.16571  
121.700    -0.16593  
121.800    -0.16615  
121.900    -0.16637  
122.000    -0.16659  
122.100    -0.16682  
122.200    -0.16704  
122.300    -0.16726  
122.400    -0.16748  
122.500    -0.16770  
122.600    -0.16793  
122.700    -0.16815  
122.800    -0.16837  
122.900    -0.16859  
123.000    -0.16882  
123.100    -0.16904  
123.200    -0.16926  
123.300    -0.16948  
123.400    -0.16971  
123.500    -0.16993  
123.600    -0.17015  
123.700    -0.17037  
123.800    -0.17059  
123.900    -0.17082  
124.000    -0.17104  
124.100    -0.17126  
124.200    -0.17149  
124.300    -0.17171  
124.400    -0.17193  
124.500    -0.17215  
124.600    -0.17238  
124.700    -0.17260  
124.800    -0.17282  
124.900    -0.17304  
125.000    -0.17327  
125.100    -0.17349  
125.200    -0.17371  
125.300    -0.17393  
125.400    -0.17416  
125.500    -0.17438  
125.600    -0.17460  
125.700    -0.17483  
125.800    -0.17505  
125.900    -0.17527  
126.000    -0.17549  
126.100    -0.17572  
126.200    -0.17594  
126.300    -0.17616  
126.400    -0.17639  
126.500    -0.17661  
126.600    -0.17683  
126.700    -0.17705  
126.800    -0.17728  
126.900    -0.17750  
127.000    -0.17772  
127.100    -0.17795  
127.200    -0.17817  
127.300    -0.17839  
127.400    -0.17862  
127.500    -0.17884  
127.600    -0.17906  
127.700    -0.17928  
127.800    -0.17951  
127.900    -0.17973  
128.000    -0.17995  
128.100    -0.18018  
128.200    -0.18040  
128.300    -0.18062  
128.400    -0.18085  
128.500    -0.18107  
128.600    -0.18129  
128.700    -0.18152  
128.800    -0.18174  
128.900    -0.18196  
129.000    -0.18219  
129.100    -0.18241  
129.200    -0.18263  
129.300    -0.18286  
129.400    -0.18308  
129.500    -0.18330  
129.600    -0.18353  
129.700    -0.18375  
129.800    -0.18397  
129.900    -0.18420  
130.000    -0.18442  
130.100    -0.18464  
130.200    -0.18487  
130.300    -0.18509  
130.400    -0.18532  
130.500    -0.18554  
130.600    -0.18576  
130.700    -0.18599  
130.800    -0.18621  
130.900    -0.18643  
131.000    -0.18666  
131.100    -0.18688  
131.200    -0.18710  
131.300    -0.18733  
131.400    -0.18755  
131.500    -0.18777  
131.600    -0.18800  
131.700    -0.18822  
131.800    -0.18845  
131.900    -0.18867  
132.000    -0.18889  
132.100    -0.18912  
132.200    -0.18934  
132.300    -0.18956  
132.400    -0.18979  
132.500    -0.19001  
132.600    -0.19024  
132.700    -0.19046  
132.800    -0.19068  
132.900    -0.19091  
133.000    -0.19113  
133.100    -0.19135  
133.200    -0.19158  
133.300    -0.19180  
133.400    -0.19203  
133.500    -0.19225  
133.600    -0.19247  
133.700    -0.19270  
133.800    -0.19292  
133.900    -0.19315  
134.000    -0.19337  
134.100    -0.19359  
134.200    -0.19382  
134.300    -0.19404  
134.400    -0.19426  
134.500    -0.19449  
134.600    -0.19471  
134.700    -0.19494  
134.800    -0.19516  
134.900    -0.19538  
135.000    -0.19561  
135.100    -0.19583  
135.200    -0.19606  
135.300    -0.19628  
135.400    -0.19650  
135.500    -0.19673  
135.600    -0.19695  
135.700    -0.19718  
135.800    -0.19740  
135.900    -0.19762  
136.000    -0.19785  
136.100    -0.19807  
136.200    -0.19830  
136.300    -0.19852  
136.400    -0.19874  
136.500    -0.19897  
136.600    -0.19919  
136.700    -0.19942  
136.800    -0.19964  
136.900    -0.19986  
137.000    -0.20009  
137.100    -0.20031  
137.200    -0.20054  
137.300    -0.20076  
137.400    -0.20099  
137.500    -0.20121  
137.600    -0.20143  
137.700    -0.20166  
137.800    -0.20188  
137.900    -0.20211  
138.000    -0.20233  
138.100    -0.20255  
138.200    -0.20278  
138.300    -0.20300  
138.400    -0.20323  
138.500    -0.20345  
138.600    -0.20367  
138.700    -0.20390  
138.800    -0.20412  
138.900    -0.20435  
139.000    -0.20457  
139.100    -0.20480  
139.200    -0.20502  
139.300    -0.20524  
139.400    -0.20547  
139.500    -0.20569  
139.600    -0.20592  
139.700    -0.20614  
139.800    -0.20636  
139.900    -0.20659  
140.000    -0.20681  
140.100    -0.20704  
140.200    -0.20726  
140.300    -0.20749  
140.400    -0.20771  
140.500    -0.20793  
140.600    -0.20816  
140.700    -0.20838  
140.800    -0.20861  
140.900    -0.20883  
141.000    -0.20905  
141.100    -0.20928  
141.200    -0.20950  
141.300    -0.20973  
141.400    -0.20995  
141.500    -0.21018  
141.600    -0.21040  
141.700    -0.21062  
141.800    -0.21085  
141.900    -0.21107  
142.000    -0.21130  
142.100    -0.21152  
142.200    -0.21175  
142.300    -0.21197  
142.400    -0.21219  
142.500    -0.21242  
142.600    -0.21264  
142.700    -0.21287  
142.800    -0.21309  
142.900    -0.21331  
143.000    -0.21354  
143.100    -0.21376  
143.200    -0.21399  
143.300    -0.21421  
143.400    -0.21444  
143.500    -0.21466  
143.600    -0.21488  
143.700    -0.21511  
143.800    -0.21533  
143.900    -0.21556  
144.000    -0.21578  
144.100    -0.21601  
144.200    -0.21623  
144.300    -0.21645  
144.400    -0.21668  
144.500    -0.21690  
144.600    -0.21713  
144.700    -0.21735  
144.800    -0.21757  
144.900    -0.21780  
145.000    -0.21802  
145.100    -0.21825  
145.200    -0.21847  
145.300    -0.21869  
145.400    -0.21892  
145.500    -0.21914  
145.600    -0.21937  
145.700    -0.21959  
145.800    -0.21982  
145.900    -0.22004  
146.000    -0.22026  
146.100    -0.22049  
146.200    -0.22071  
146.300    -0.22094  
146.400    -0.22116  
146.500    -0.22138  
146.600    -0.22161  
146.700    -0.22183  
146.800    -0.22206  
146.900    -0.22228  
147.000    -0.22251  
147.100    -0.22273  
147.200    -0.22295  
147.300    -0.22318  
147.400    -0.22340  
147.500    -0.22363  
147.600    -0.22385  
147.700    -0.22407  
147.800    -0.22430  
147.900    -0.22452  
148.000    -0.22475  
148.100    -0.22497  
148.200    -0.22520  
148.300    -0.22542  
148.400    -0.22564  
148.500    -0.22587  
148.600    -0.22609  
148.700    -0.22632  
148.800    -0.22654  
148.900    -0.22676  
149.000    -0.22699  
149.100    -0.22721  
149.200    -0.22744  
149.300    -0.22766  
149.400    -0.22788  
149.500    -0.22811  
149.600    -0.22833  
149.700    -0.22856  
149.800    -0.22878  
149.900    -0.22900  
150.000    -0.22923  
150.100    -0.22945  
150.200    -0.22967  
150.300    -0.22990  
150.400    -0.23012  
150.500    -0.23035  
150.600    -0.23057  
150.700    -0.23079  
150.800    -0.23102  
150.900    -0.23124  
151.000    -0.23147  
151.100    -0.23169  
151.200    -0.23191  
151.300    -0.23214  
151.400    -0.23236  
151.500    -0.23259  
151.600    -0.23281  
151.700    -0.23303  
151.800    -0.23326  
151.900    -0.23348  
152.000    -0.23370  
152.100    -0.23393  
152.200    -0.23415  
152.300    -0.23438  
152.400    -0.23460  
152.500    -0.23482  
152.600    -0.23505  
152.700    -0.23527  
152.800    -0.23550  
152.900    -0.23572  
153.000    -0.23594  
153.100    -0.23617  
153.200    -0.23639  
153.300    -0.23661  
153.400    -0.23684  
153.500    -0.23706  
153.600    -0.23728  
153.700    -0.23751  
153.800    -0.23773  
153.900    -0.23796  
154.000    -0.23818  
154.100    -0.23840  
154.200    -0.23863  
154.300    -0.23885  
154.400    -0.23907  
154.500    -0.23930  
154.600    -0.23952  
154.700    -0.23974  
154.800    -0.23997  
154.900    -0.24019  
155.000    -0.24041  
155.100    -0.24064  
155.200    -0.24086  
155.300    -0.24109  
155.400    -0.24131  
155.500    -0.24153  
155.600    -0.24176  
155.700    -0.24198  
155.800    -0.24220  
155.900    -0.24243  
156.000    -0.24265  
156.100    -0.24287  
156.200    -0.24310  
156.300    -0.24332  
156.400    -0.24354  
156.500    -0.24377  
156.600    -0.24399  
156.700    -0.24421  
156.800    -0.24444  
156.900    -0.24466  
157.000    -0.24488  
157.100    -0.24511  
157.200    -0.24533  
157.300    -0.24555  
157.400    -0.24578  
157.500    -0.24600  
157.600    -0.24622  
157.700    -0.24645  
157.800    -0.24667  
157.900    -0.24689  
158.000    -0.24712  
158.100    -0.24734  
158.200    -0.24756  
158.300    -0.24779  
158.400    -0.24801  
158.500    -0.24823  
158.600    -0.24846  
158.700    -0.24868  
158.800    -0.24890  
158.900    -0.24913  
159.000    -0.24935  
159.100    -0.24957  
159.200    -0.24980  
159.300    -0.25002  
159.400    -0.25024  
159.500    -0.25046  
159.600    -0.25069  
159.700    -0.25091  
159.800    -0.25113  
159.900    -0.25136  
160.000    -0.25158  
160.100    -0.25180  
160.200    -0.25203  
160.300    -0.25225  
160.400    -0.25247  
160.500    -0.25269  
160.600    -0.25292  
160.700    -0.25314  
160.800    -0.25336  
160.900    -0.25359  
161.000    -0.25381  
161.100    -0.25403  
161.200    -0.25425  
161.300    -0.25448  
161.400    -0.25470  
161.500    -0.25492  
161.600    -0.25515  
161.700    -0.25537  
161.800    -0.25559  
161.900    -0.25581  
162.000    -0.25604  
162.100    -0.25626  
162.200    -0.25648  
162.300    -0.25671  
162.400    -0.25693  
162.500    -0.25715  
162.600    -0.25737  
162.700    -0.25760  
162.800    -0.25782  
162.900    -0.25804  
163.000    -0.25826  
163.100    -0.25849  
163.200    -0.25871  
163.300    -0.25893  
163.400    -0.25915  
163.500    -0.25938  
163.600    -0.25960  
163.700    -0.25982  
163.800    -0.26004  
163.900    -0.26027  
164.000    -0.26049  
164.100    -0.26071  
164.200    -0.26093  
164.300    -0.26116  
164.400    -0.26138  
164.500    -0.26160  
164.600    -0.26182  
164.700    -0.26204  
164.800    -0.26227  
164.900    -0.26249  
165.000    -0.26271  
165.100    -0.26293  
165.200    -0.26316  
165.300    -0.26338  
165.400    -0.26360  
165.500    -0.26382  
165.600    -0.26404  
165.700    -0.26427  
165.800    -0.26449  
165.900    -0.26471  
166.000    -0.26493  
166.100    -0.26516  
166.200    -0.26538  
166.300    -0.26560  
166.400    -0.26582  
166.500    -0.26604  
166.600    -0.26627  
166.700    -0.26649  
166.800    -0.26671  
166.900    -0.26693  
167.000    -0.26715  
167.100    -0.26738  
167.200    -0.26760  
167.300    -0.26782  
167.400    -0.26804  
167.500    -0.26826  
167.600    -0.26848  
167.700    -0.26871  
167.800    -0.26893  
167.900    -0.26915  
168.000    -0.26937  
168.100    -0.26959  
168.200    -0.26982  
168.300    -0.27004  
168.400    -0.27026  
168.500    -0.27048  
168.600    -0.27070  
168.700    -0.27092  
168.800    -0.27115  
168.900    -0.27137  
169.000    -0.27159  
169.100    -0.27181  
169.200    -0.27203  
169.300    -0.27225  
169.400    -0.27248  
169.500    -0.27270  
169.600    -0.27292  
169.700    -0.27314  
169.800    -0.27336  
169.900    -0.27358  
170.000    -0.27380  
170.100    -0.27403  
170.200    -0.27425  
170.300    -0.27447  
170.400    -0.27469  
170.500    -0.27491  
170.600    -0.27513  
170.700    -0.27535  
170.800    -0.27557  
170.900    -0.27580  
171.000    -0.27602  
171.100    -0.27624  
171.200    -0.27646  
171.300    -0.27668  
171.400    -0.27690  
171.500    -0.27712  
171.600    -0.27734  
171.700    -0.27757  
171.800    -0.27779  
171.900    -0.27801  
172.000    -0.27823  
172.100    -0.27845  
172.200    -0.27867  
172.300    -0.27889  
172.400    -0.27911  
172.500    -0.27933  
172.600    -0.27956  
172.700    -0.27978  
172.800    -0.28000  
172.900    -0.28022  
173.000    -0.28044  
173.100    -0.28066  
173.200    -0.28088  
173.300    -0.28110  
173.400    -0.28132  
173.500    -0.28154  
173.600    -0.28176  
173.700    -0.28198  
173.800    -0.28221  
173.900    -0.28243  
174.000    -0.28265  
174.100    -0.28287  
174.200    -0.28309  
174.300    -0.28331  
174.400    -0.28353  
174.500    -0.28375  
174.600    -0.28397  
174.700    -0.28419  
174.800    -0.28441  
174.900    -0.28463  
175.000    -0.28485  
175.100    -0.28507  
175.200    -0.28529  
175.300    -0.28551  
175.400    -0.28573  
175.500    -0.28595  
175.600    -0.28617  
175.700    -0.28640  
175.800    -0.28662  
175.900    -0.28684  
176.000    -0.28706  
176.100    -0.28728  
176.200    -0.28750  
176.300    -0.28772  
176.400    -0.28794  
176.500    -0.28816  
176.600    -0.28838  
176.700    -0.28860  
176.800    -0.28882  
176.900    -0.28904  
177.000    -0.28926  
177.100    -0.28948  
177.200    -0.28970  
177.300    -0.28992  
177.400    -0.29014  
177.500    -0.29036  
177.600    -0.29058  
177.700    -0.29080  
177.800    -0.29102  
177.900    -0.29124  
178.000    -0.29146  
178.100    -0.29168  
178.200    -0.29190  
178.300    -0.29212  
178.400    -0.29234  
178.500    -0.29256  
178.600    -0.29278  
178.700    -0.29300  
178.800    -0.29322  
178.900    -0.29344  
179.000    -0.29365  
179.100    -0.29387  
179.200    -0.29409  
179.300    -0.29431  
179.400    -0.29453  
179.500    -0.29475  
179.600    -0.29497  
179.700    -0.29519  
179.800    -0.29541  
179.900    -0.29563  
180.000    -0.29585  
180.100    -0.29607  
180.200    -0.29629  
180.300    -0.29651  
180.400    -0.29673  
180.500    -0.29695  
180.600    -0.29717  
180.700    -0.29739  
180.800    -0.29760  
180.900    -0.29782  
181.000    -0.29804  
181.100    -0.29826  
181.200    -0.29848  
181.300    -0.29870  
181.400    -0.29892  
181.500    -0.29914  
181.600    -0.29936  
181.700    -0.29958  
181.800    -0.29980  
181.900    -0.30001  
182.000    -0.30023  
182.100    -0.30045  
182.200    -0.30067  
182.300    -0.30089  
182.400    -0.30111  
182.500    -0.30133  
182.600    -0.30155  
182.700    -0.30177  
182.800    -0.30198  
182.900    -0.30220  
183.000    -0.30242  
183.100    -0.30264  
183.200    -0.30286  
183.300    -0.30308  
183.400    -0.30330  
183.500    -0.30352  
183.600    -0.30373  
183.700    -0.30395  
183.800    -0.30417  
183.900    -0.30439  
184.000    -0.30461  
184.100    -0.30483  
184.200    -0.30504  
184.300    -0.30526  
184.400    -0.30548  
184.500    -0.30570  
184.600    -0.30592  
184.700    -0.30614  
184.800    -0.30636  
184.900    -0.30657  
185.000    -0.30679  
185.100    -0.30701  
185.200    -0.30723  
185.300    -0.30745  
185.400    -0.30766  
185.500    -0.30788  
185.600    -0.30810  
185.700    -0.30832  
185.800    -0.30854  
185.900    -0.30875  
186.000    -0.30897  
186.100    -0.30919  
186.200    -0.30941  
186.300    -0.30963  
186.400    -0.30984  
186.500    -0.31006  
186.600    -0.31028  
186.700    -0.31050  
186.800    -0.31072  
186.900    -0.31093  
187.000    -0.31115  
187.100    -0.31137  
187.200    -0.31159  
187.300    -0.31181  
187.400    -0.31202  
187.500    -0.31224  
187.600    -0.31246  
187.700    -0.31268  
187.800    -0.31289  
187.900    -0.31311  
188.000    -0.31333  
188.100    -0.31355  
188.200    -0.31376  
188.300    -0.31398  
188.400    -0.31420  
188.500    -0.31442  
188.600    -0.31463  
188.700    -0.31485  
188.800    -0.31507  
188.900    -0.31529  
189.000    -0.31550  
189.100    -0.31572  
189.200    -0.31594  
189.300    -0.31616  
189.400    -0.31637  
189.500    -0.31659  
189.600    -0.31681  
189.700    -0.31702  
189.800    -0.31724  
189.900    -0.31746  
190.000    -0.31767  
190.100    -0.31789  
190.200    -0.31811  
190.300    -0.31833  
190.400    -0.31854  
190.500    -0.31876  
190.600    -0.31898  
190.700    -0.31919  
190.800    -0.31941  
190.900    -0.31963  
191.000    -0.31984  
191.100    -0.32006  
191.200    -0.32028  
191.300    -0.32049  
191.400    -0.32071  
191.500    -0.32093  
191.600    -0.32114  
191.700    -0.32136  
191.800    -0.32158  
191.900    -0.32179  
192.000    -0.32201  
192.100    -0.32223  
192.200    -0.32244  
192.300    -0.32266  
192.400    -0.32288  
192.500    -0.32309  
192.600    -0.32331  
192.700    -0.32352  
192.800    -0.32374  
192.900    -0.32396  
193.000    -0.32417  
193.100    -0.32439  
193.200    -0.32461  
193.300    -0.32482  
193.400    -0.32504  
193.500    -0.32525  
193.600    -0.32547  
193.700    -0.32569  
193.800    -0.32590  
193.900    -0.32612  
194.000    -0.32633  
194.100    -0.32655  
194.200    -0.32677  
194.300    -0.32698  
194.400    -0.32720  
194.500    -0.32741  
194.600    -0.32763  
194.700    -0.32785  
194.800    -0.32806  
194.900    -0.32828  
195.000    -0.32849  
195.100    -0.32871  
195.200    -0.32893  
195.300    -0.32914  
195.400    -0.32936  
195.500    -0.32957  
195.600    -0.32979  
195.700    -0.33000  
195.800    -0.33022  
195.900    -0.33043  
196.000    -0.33065  
196.100    -0.33087  
196.200    -0.33108  
196.300    -0.33130  
196.400    -0.33151  
196.500    -0.33173  
196.600    -0.33194  
196.700    -0.33216  
196.800    -0.33237  
196.900    -0.33259  
197.000    -0.33280  
197.100    -0.33302  
197.200    -0.33323  
197.300    -0.33345  
197.400    -0.33366  
197.500    -0.33388  
197.600    -0.33409  
197.700    -0.33431  
197.800    -0.33452  
197.900    -0.33474  
198.000    -0.33495  
198.100    -0.33517  
198.200    -0.33538  
198.300    -0.33560  
198.400    -0.33581  
198.500    -0.33603  
198.600    -0.33624  
198.700    -0.33646  
198.800    -0.33667  
198.900    -0.33689  
199.000    -0.33710  
199.100    -0.33732  
199.200    -0.33753  
199.300    -0.33775  
199.400    -0.33796  
199.500    -0.33818  
199.600    -0.33839  
199.700    -0.33860  
199.800    -0.33882  
199.900    -0.33903  
200.000    -0.33925  
200.100    -0.33946  
200.200    -0.33968  
200.300    -0.33989  
200.400    -0.34011  
200.500    -0.34032  
200.600    -0.34053  
200.700    -0.34075  
200.800    -0.34096  
200.900    -0.34118  
201.000    -0.34139  
201.100    -0.34160  
201.200    -0.34182  
201.300    -0.34203  
201.400    -0.34225  
201.500    -0.34246  
201.600    -0.34267  
201.700    -0.34289  
201.800    -0.34310  
201.900    -0.34332  
202.000    -0.34353  
202.100    -0.34374  
202.200    -0.34396  
202.300    -0.34417  
202.400    -0.34439  
202.500    -0.34460  
202.600    -0.34481  
202.700    -0.34503  
202.800    -0.34524  
202.900    -0.34545  
203.000    -0.34567  
203.100    -0.34588  
203.200    -0.34609  
203.300    -0.34631  
203.400    -0.34652  
203.500    -0.34673  
203.600    -0.34695  
203.700    -0.34716  
203.800    -0.34737  
203.900    -0.34759  
204.000    -0.34780  
204.100    -0.34801  
204.200    -0.34823  
204.300    -0.34844  
204.400    -0.34865  
204.500    -0.34887  
204.600    -0.34908  
204.700    -0.34929  
204.800    -0.34951  
204.900    -0.34972  
205.000    -0.34993  
205.100    -0.35014  
205.200    -0.35036  
205.300    -0.35057  
205.400    -0.35078  
205.500    -0.35100  
205.600    -0.35121  
205.700    -0.35142  
205.800    -0.35163  
205.900    -0.35185  
206.000    -0.35206  
206.100    -0.35227  
206.200    -0.35249  
206.300    -0.35270  
206.400    -0.35291  
206.500    -0.35312  
206.600    -0.35334  
206.700    -0.35355  
206.800    -0.35376  
206.900    -0.35397  
207.000    -0.35419  
207.100    -0.35440  
207.200    -0.35461  
207.300    -0.35482  
207.400    -0.35503  
207.500    -0.35525  
207.600    -0.35546  
207.700    -0.35567  
207.800    -0.35588  
207.900    -0.35610  
208.000    -0.35631  
208.100    -0.35652  
208.200    -0.35673  
208.300    -0.35694  
208.400    -0.35716  
208.500    -0.35737  
208.600    -0.35758  
208.700    -0.35779  
208.800    -0.35800  
208.900    -0.35822  
209.000    -0.35843  
209.100    -0.35864  
209.200    -0.35885  
209.300    -0.35906  
209.400    -0.35927  
209.500    -0.35949  
209.600    -0.35970  
209.700    -0.35991  
209.800    -0.36012  
209.900    -0.36033  
210.000    -0.36054  
210.100    -0.36076  
210.200    -0.36097  
210.300    -0.36118  
210.400    -0.36139  
210.500    -0.36160  
210.600    -0.36181  
210.700    -0.36202  
210.800    -0.36224  
210.900    -0.36245  
211.000    -0.36266  
211.100    -0.36287  
211.200    -0.36308  
211.300    -0.36329  
211.400    -0.36350  
211.500    -0.36371  
211.600    -0.36392  
211.700    -0.36414  
211.800    -0.36435  
211.900    -0.36456  
212.000    -0.36477  
212.100    -0.36498  
212.200    -0.36519  
212.300    -0.36540  
212.400    -0.36561  
212.500    -0.36582  
212.600    -0.36603  
212.700    -0.36624  
212.800    -0.36646  
212.900    -0.36667  
213.000    -0.36688  
213.100    -0.36709  
213.200    -0.36730  
213.300    -0.36751  
213.400    -0.36772  
213.500    -0.36793  
213.600    -0.36814  
213.700    -0.36835  
213.800    -0.36856  
213.900    -0.36877  
214.000    -0.36898  
214.100    -0.36919  
214.200    -0.36940  
214.300    -0.36961  
214.400    -0.36982  
214.500    -0.37003  
214.600    -0.37024  
214.700    -0.37045  
214.800    -0.37066  
214.900    -0.37087  
215.000    -0.37108  
215.100    -0.37129  
215.200    -0.37150  
215.300    -0.37171  
215.400    -0.37192  
215.500    -0.37213  
215.600    -0.37234  
215.700    -0.37255  
215.800    -0.37276  
215.900    -0.37297  
216.000    -0.37318  
216.100    -0.37339  
216.200    -0.37360  
216.300    -0.37381  
216.400    -0.37402  
216.500    -0.37423  
216.600    -0.37444  
216.700    -0.37465  
216.800    -0.37486  
216.900    -0.37507  
217.000    -0.37528  
217.100    -0.37549  
217.200    -0.37570  
217.300    -0.37591  
217.400    -0.37611  
217.500    -0.37632  
217.600    -0.37653  
217.700    -0.37674  
217.800    -0.37695  
217.900    -0.37716  
218.000    -0.37737  
218.100    -0.37758  
218.200    -0.37779  
218.300    -0.37800  
218.400    -0.37821  
218.500    -0.37841  
218.600    -0.37862  
218.700    -0.37883  
218.800    -0.37904  
218.900    -0.37925  
219.000    -0.37946  
219.100    -0.37967  
219.200    -0.37988  
219.300    -0.38008  
219.400    -0.38029  
219.500    -0.38050  
219.600    -0.38071  
219.700    -0.38092  
219.800    -0.38113  
219.900    -0.38134  
220.000    -0.38154  
220.100    -0.38175  
220.200    -0.38196  
220.300    -0.38217  
220.400    -0.38238  
220.500    -0.38259  
220.600    -0.38280  
220.700    -0.38300  
220.800    -0.38321  
220.900    -0.38342  
221.000    -0.38363  
221.100    -0.38384  
221.200    -0.38404  
221.300    -0.38425  
221.400    -0.38446  
221.500    -0.38467  
221.600    -0.38488  
221.700    -0.38508  
221.800    -0.38529  
221.900    -0.38550  
222.000    -0.38571  
222.100    -0.38592  
222.200    -0.38612  
222.300    -0.38633  
222.400    -0.38654  
222.500    -0.38675  
222.600    -0.38696  
222.700    -0.38716  
222.800    -0.38737  
222.900    -0.38758  
223.000    -0.38779  
223.100    -0.38799  
223.200    -0.38820  
223.300    -0.38841  
223.400    -0.38862  
223.500    -0.38882  
223.600    -0.38903  
223.700    -0.38924  
223.800    -0.38945  
223.900    -0.38965  
224.000    -0.38986  
224.100    -0.39007  
224.200    -0.39027  
224.300    -0.39048  
224.400    -0.39069  
224.500    -0.39090  
224.600    -0.39110  
224.700    -0.39131  
224.800    -0.39152  
224.900    -0.39172  
225.000    -0.39193  
225.100    -0.39214  
225.200    -0.39234  
225.300    -0.39255  
225.400    -0.39276  
225.500    -0.39297  
225.600    -0.39317  
225.700    -0.39338  
225.800    -0.39359  
225.900    -0.39379  
226.000    -0.39400  
226.100    -0.39421  
226.200    -0.39441  
226.300    -0.39462  
226.400    -0.39482  
226.500    -0.39503  
226.600    -0.39524  
226.700    -0.39544  
226.800    -0.39565  
226.900    -0.39586  
227.000    -0.39606  
227.100    -0.39627  
227.200    -0.39648  
227.300    -0.39668  
227.400    -0.39689  
227.500    -0.39709  
227.600    -0.39730  
227.700    -0.39751  
227.800    -0.39771  
227.900    -0.39792  
228.000    -0.39812  
228.100    -0.39833  
228.200    -0.39854  
228.300    -0.39874  
228.400    -0.39895  
228.500    -0.39915  
228.600    -0.39936  
228.700    -0.39957  
228.800    -0.39977  
228.900    -0.39998  
229.000    -0.40018  
229.100    -0.40039  
229.200    -0.40059  
229.300    -0.40080  
229.400    -0.40100  
229.500    -0.40121  
229.600    -0.40142  
229.700    -0.40162  
229.800    -0.40183  
229.900    -0.40203  
230.000    -0.40224  
230.100    -0.40244  
230.200    -0.40265  
230.300    -0.40285  
230.400    -0.40306  
230.500    -0.40326  
230.600    -0.40347  
230.700    -0.40367  
230.800    -0.40388  
230.900    -0.40408  
231.000    -0.40429  
231.100    -0.40449  
231.200    -0.40470  
231.300    -0.40490  
231.400    -0.40511  
231.500    -0.40531  
231.600    -0.40552  
231.700    -0.40572  
231.800    -0.40593  
231.900    -0.40613  
232.000    -0.40634  
232.100    -0.40654  
232.200    -0.40675  
232.300    -0.40695  
232.400    -0.40716  
232.500    -0.40736  
232.600    -0.40757  
232.700    -0.40777  
232.800    -0.40797  
232.900    -0.40818  
233.000    -0.40838  
233.100    -0.40859  
233.200    -0.40879  
233.300    -0.40900  
233.400    -0.40920  
233.500    -0.40940  
233.600    -0.40961  
233.700    -0.40981  
233.800    -0.41002  
233.900    -0.41022  
234.000    -0.41043  
234.100    -0.41063  
234.200    -0.41083  
234.300    -0.41104  
234.400    -0.41124  
234.500    -0.41144  
234.600    -0.41165  
234.700    -0.41185  
234.800    -0.41206  
234.900    -0.41226  
235.000    -0.41246  
235.100    -0.41267  
235.200    -0.41287  
235.300    -0.41308  
235.400    -0.41328  
235.500    -0.41348  
235.600    -0.41369  
235.700    -0.41389  
235.800    -0.41409  
235.900    -0.41430  
236.000    -0.41450  
236.100    -0.41470  
236.200    -0.41491  
236.300    -0.41511  
236.400    -0.41531  
236.500    -0.41552  
236.600    -0.41572  
236.700    -0.41592  
236.800    -0.41613  
236.900    -0.41633  
237.000    -0.41653  
237.100    -0.41673  
237.200    -0.41694  
237.300    -0.41714  
237.400    -0.41734  
237.500    -0.41755  
237.600    -0.41775  
237.700    -0.41795  
237.800    -0.41816  
237.900    -0.41836  
238.000    -0.41856  
238.100    -0.41876  
238.200    -0.41897  
238.300    -0.41917  
238.400    -0.41937  
238.500    -0.41957  
238.600    -0.41978  
238.700    -0.41998  
238.800    -0.42018  
238.900    -0.42038  
239.000    -0.42059  
239.100    -0.42079  
239.200    -0.42099  
239.300    -0.42119  
239.400    -0.42140  
239.500    -0.42160  
239.600    -0.42180  
239.700    -0.42200  
239.800    -0.42220  
239.900    -0.42241  
240.000    -0.42261  
240.100    -0.42281  
240.200    -0.42301  
240.300    -0.42322  
240.400    -0.42342  
240.500    -0.42362  
240.600    -0.42382  
240.700    -0.42402  
240.800    -0.42422  
240.900    -0.42443  
241.000    -0.42463  
241.100    -0.42483  
241.200    -0.42503  
241.300    -0.42523  
241.400    -0.42544  
241.500    -0.42564  
241.600    -0.42584  
241.700    -0.42604  
241.800    -0.42624  
241.900    -0.42644  
242.000    -0.42664  
242.100    -0.42685  
242.200    -0.42705  
242.300    -0.42725  
242.400    -0.42745  
242.500    -0.42765  
242.600    -0.42785  
242.700    -0.42805  
242.800    -0.42825  
242.900    -0.42846  
243.000    -0.42866  
243.100    -0.42886  
243.200    -0.42906  
243.300    -0.42926  
243.400    -0.42946  
243.500    -0.42966  
243.600    -0.42986  
243.700    -0.43006  
243.800    -0.43027  
243.900    -0.43047  
244.000    -0.43067  
244.100    -0.43087  
244.200    -0.43107  
244.300    -0.43127  
244.400    -0.43147  
244.500    -0.43167  
244.600    -0.43187  
244.700    -0.43207  
244.800    -0.43227  
244.900    -0.43247  
245.000    -0.43267  
245.100    -0.43287  
245.200    -0.43307  
245.300    -0.43327  
245.400    -0.43347  
245.500    -0.43367  
245.600    -0.43388  
245.700    -0.43408  
245.800    -0.43428  
245.900    -0.43448  
246.000    -0.43468  
246.100    -0.43488  
246.200    -0.43508  
246.300    -0.43528  
246.400    -0.43548  
246.500    -0.43568  
246.600    -0.43588  
246.700    -0.43608  
246.800    -0.43628  
246.900    -0.43648  
247.000    -0.43668  
247.100    -0.43688  
247.200    -0.43707  
247.300    -0.43727  
247.400    -0.43747  
247.500    -0.43767  
247.600    -0.43787  
247.700    -0.43807  
247.800    -0.43827  
247.900    -0.43847  
248.000    -0.43867  
248.100    -0.43887  
248.200    -0.43907  
248.300    -0.43927  
248.400    -0.43947  
248.500    -0.43967  
248.600    -0.43987  
248.700    -0.44007  
248.800    -0.44027  
248.900    -0.44047  
249.000    -0.44066  
249.100    -0.44086  
249.200    -0.44106  
249.300    -0.44126  
249.400    -0.44146  
249.500    -0.44166  
249.600    -0.44186  
249.700    -0.44206  
249.800    -0.44226  
249.900    -0.44246  
250.000    -0.44265  
250.100    -0.44285  
250.200    -0.44305  
250.300    -0.44325  
250.400    -0.44345  
250.500    -0.44365  
250.600    -0.44385  
250.700    -0.44404  
250.800    -0.44424  
250.900    -0.44444  
251.000    -0.44464  
251.100    -0.44484  
251.200    -0.44504  
251.300    -0.44524  
251.400    -0.44543  
251.500    -0.44563  
251.600    -0.44583  
251.700    -0.44603  
251.800    -0.44623  
251.900    -0.44643  
252.000    -0.44662  
252.100    -0.44682  
252.200    -0.44702  
252.300    -0.44722  
252.400    -0.44742  
252.500    -0.44761  
252.600    -0.44781  
252.700    -0.44801  
252.800    -0.44821  
252.900    -0.44841  
253.000    -0.44860  
253.100    -0.44880  
253.200    -0.44900  
253.300    -0.44920  
253.400    -0.44939  
253.500    -0.44959  
253.600    -0.44979  
253.700    -0.44999  
253.800    -0.45018  
253.900    -0.45038  
254.000    -0.45058  
254.100    -0.45078  
254.200    -0.45097  
254.300    -0.45117  
254.400    -0.45137  
254.500    -0.45157  
254.600    -0.45176  
254.700    -0.45196  
254.800    -0.45216  
254.900    -0.45235  
255.000    -0.45255  
255.100    -0.45275  
255.200    -0.45295  
255.300    -0.45314  
255.400    -0.45334  
255.500    -0.45354  
255.600    -0.45373  
255.700    -0.45393  
255.800    -0.45413  
255.900    -0.45432  
256.000    -0.45452  
256.100    -0.45472  
256.200    -0.45491  
256.300    -0.45511  
256.400    -0.45531  
256.500    -0.45550  
256.600    -0.45570  
256.700    -0.45590  
256.800    -0.45609  
256.900    -0.45629  
257.000    -0.45649  
257.100    -0.45668  
257.200    -0.45688  
257.300    -0.45708  
257.400    -0.45727  
257.500    -0.45747  
257.600    -0.45767  
257.700    -0.45786  
257.800    -0.45806  
257.900    -0.45825  
258.000    -0.45845  
258.100    -0.45865  
258.200    -0.45884  
258.300    -0.45904  
258.400    -0.45923  
258.500    -0.45943  
258.600    -0.45963  
258.700    -0.45982  
258.800    -0.46002  
258.900    -0.46021  
259.000    -0.46041  
259.100    -0.46061  
259.200    -0.46080  
259.300    -0.46100  
259.400    -0.46119  
259.500    -0.46139  
259.600    -0.46158  
259.700    -0.46178  
259.800    -0.46198  
259.900    -0.46217  
260.000    -0.46237  
260.100    -0.46256  
260.200    -0.46276  
260.300    -0.46295  
260.400    -0.46315  
260.500    -0.46334  
260.600    -0.46354  
260.700    -0.46373  
260.800    -0.46393  
260.900    -0.46412  
261.000    -0.46432  
261.100    -0.46451  
261.200    -0.46471  
261.300    -0.46490  
261.400    -0.46510  
261.500    -0.46529  
261.600    -0.46549  
261.700    -0.46568  
261.800    -0.46588  
261.900    -0.46607  
262.000    -0.46627  
262.100    -0.46646  
262.200    -0.46666  
262.300    -0.46685  
262.400    -0.46705  
262.500    -0.46724  
262.600    -0.46744  
262.700    -0.46763  
262.800    -0.46783  
262.900    -0.46802  
263.000    -0.46821  
263.100    -0.46841  
263.200    -0.46860  
263.300    -0.46880  
263.400    -0.46899  
263.500    -0.46919  
263.600    -0.46938  
263.700    -0.46958  
263.800    -0.46977  
263.900    -0.46996  
264.000    -0.47016  
264.100    -0.47035  
264.200    -0.47055  
264.300    -0.47074  
264.400    -0.47093  
264.500    -0.47113  
264.600    -0.47132  
264.700    -0.47152  
264.800    -0.47171  
264.900    -0.47190  
265.000    -0.47210  
265.100    -0.47229  
265.200    -0.47248  
265.300    -0.47268  
265.400    -0.47287  
265.500    -0.47307  
265.600    -0.47326  
265.700    -0.47345  
265.800    -0.47365  
265.900    -0.47384  
266.000    -0.47403  
266.100    -0.47423  
266.200    -0.47442  
266.300    -0.47461  
266.400    -0.47481  
266.500    -0.47500  
266.600    -0.47519  
266.700    -0.47539  
266.800    -0.47558  
266.900    -0.47577  
267.000    -0.47597  
267.100    -0.47616  
267.200    -0.47635  
267.300    -0.47654  
267.400    -0.47674  
267.500    -0.47693  
267.600    -0.47712  
267.700    -0.47732  
267.800    -0.47751  
267.900    -0.47770  
268.000    -0.47789  
268.100    -0.47809  
268.200    -0.47828  
268.300    -0.47847  
268.400    -0.47867  
268.500    -0.47886  
268.600    -0.47905  
268.700    -0.47924  
268.800    -0.47944  
268.900    -0.47963  
269.000    -0.47982  
269.100    -0.48001  
269.200    -0.48021  
269.300    -0.48040  
269.400    -0.48059  
269.500    -0.48078  
269.600    -0.48097  
269.700    -0.48117  
269.800    -0.48136  
269.900    -0.48155  
270.000    -0.48174  
270.100    -0.48194  
270.200    -0.48213  
270.300    -0.48232  
270.400    -0.48251  
270.500    -0.48270  
270.600    -0.48289  
270.700    -0.48309  
270.800    -0.48328  
270.900    -0.48347  
271.000    -0.48366  
271.100    -0.48385  
271.200    -0.48405  
271.300    -0.48424  
271.400    -0.48443  
271.500    -0.48462  
271.600    -0.48481  
271.700    -0.48500  
271.800    -0.48520  
271.900    -0.48539  
272.000    -0.48558  
272.100    -0.48577  
272.200    -0.48596  
272.300    -0.48615  
272.400    -0.48634  
272.500    -0.48653  
272.600    -0.48673  
272.700    -0.48692  
272.800    -0.48711  
272.900    -0.48730  
273.000    -0.48749  
273.100    -0.48768  
273.200    -0.48787  
273.300    -0.48806  
273.400    -0.48825  
273.500    -0.48845  
273.600    -0.48864  
273.700    -0.48883  
273.800    -0.48902  
273.900    -0.48921  
274.000    -0.48940  
274.100    -0.48959  
274.200    -0.48978  
274.300    -0.48997  
274.400    -0.49016  
274.500    -0.49035  
274.600    -0.49054  
274.700    -0.49073  
274.800    -0.49092  
274.900    -0.49111  
275.000    -0.49130  
275.100    -0.49150  
275.200    -0.49169  
275.300    -0.49188  
275.400    -0.49207  
275.500    -0.49226  
275.600    -0.49245  
275.700    -0.49264  
275.800    -0.49283  
275.900    -0.49302  
276.000    -0.49321  
276.100    -0.49340  
276.200    -0.49359  
276.300    -0.49378  
276.400    -0.49397  
276.500    -0.49416  
276.600    -0.49435  
276.700    -0.49454  
276.800    -0.49473  
276.900    -0.49492  
277.000    -0.49511  
277.100    -0.49530  
277.200    -0.49549  
277.300    -0.49567  
277.400    -0.49586  
277.500    -0.49605  
277.600    -0.49624  
277.700    -0.49643  
277.800    -0.49662  
277.900    -0.49681  
278.000    -0.49700  
278.100    -0.49719  
278.200    -0.49738  
278.300    -0.49757  
278.400    -0.49776  
278.500    -0.49795  
278.600    -0.49814  
278.700    -0.49833  
278.800    -0.49852  
278.900    -0.49870  
279.000    -0.49889  
279.100    -0.49908  
279.200    -0.49927  
279.300    -0.49946  
279.400    -0.49965  
279.500    -0.49984  
279.600    -0.50003  
279.700    -0.50022  
279.800    -0.50040  
279.900    -0.50059  
280.000    -0.50078  
280.100    -0.50097  
280.200    -0.50116  
280.300    -0.50135  
280.400    -0.50154  
280.500    -0.50173  
280.600    -0.50191  
280.700    -0.50210  
280.800    -0.50229  
280.900    -0.50248  
281.000    -0.50267  
281.100    -0.50286  
281.200    -0.50304  
281.300    -0.50323  
281.400    -0.50342  
281.500    -0.50361  
281.600    -0.50380  
281.700    -0.50399  
281.800    -0.50417  
281.900    -0.50436  
282.000    -0.50455  
282.100    -0.50474  
282.200    -0.50493  
282.300    -0.50511  
282.400    -0.50530  
282.500    -0.50549  
282.600    -0.50568  
282.700    -0.50586  
282.800    -0.50605  
282.900    -0.50624  
283.000    -0.50643  
283.100    -0.50662  
283.200    -0.50680  
283.300    -0.50699  
283.400    -0.50718  
283.500    -0.50737  
283.600    -0.50755  
283.700    -0.50774  
283.800    -0.50793  
283.900    -0.50812  
284.000    -0.50830  
284.100    -0.50849  
284.200    -0.50868  
284.300    -0.50887  
284.400    -0.50905  
284.500    -0.50924  
284.600    -0.50943  
284.700    -0.50961  
284.800    -0.50980  
284.900    -0.50999  
285.000    -0.51018  
285.100    -0.51036  
285.200    -0.51055  
285.300    -0.51074  
285.400    -0.51092  
285.500    -0.51111  
285.600    -0.51130  
285.700    -0.51148  
285.800    -0.51167  
285.900    -0.51186  
286.000    -0.51204  
286.100    -0.51223  
286.200    -0.51242  
286.300    -0.51260  
286.400    -0.51279  
286.500    -0.51298  
286.600    -0.51316  
286.700    -0.51335  
286.800    -0.51354  
286.900    -0.51372  
287.000    -0.51391  
287.100    -0.51410  
287.200    -0.51428  
287.300    -0.51447  
287.400    -0.51465  
287.500    -0.51484  
287.600    -0.51503  
287.700    -0.51521  
287.800    -0.51540  
287.900    -0.51558  
288.000    -0.51577  
288.100    -0.51596  
288.200    -0.51614  
288.300    -0.51633  
288.400    -0.51651  
288.500    -0.51670  
288.600    -0.51689  
288.700    -0.51707  
288.800    -0.51726  
288.900    -0.51744  
289.000    -0.51763  
289.100    -0.51781  
289.200    -0.51800  
289.300    -0.51819  
289.400    -0.51837  
289.500    -0.51856  
289.600    -0.51874  
289.700    -0.51893  
289.800    -0.51911  
289.900    -0.51930  
290.000    -0.51948  
290.100    -0.51967  
290.200    -0.51985  
290.300    -0.52004  
290.400    -0.52023  
290.500    -0.52041  
290.600    -0.52060  
290.700    -0.52078  
290.800    -0.52097  
290.900    -0.52115  
291.000    -0.52134  
291.100    -0.52152  
291.200    -0.52171  
291.300    -0.52189  
291.400    -0.52208  
291.500    -0.52226  
291.600    -0.52244  
291.700    -0.52263  
291.800    -0.52281  
291.900    -0.52300  
292.000    -0.52318  
292.100    -0.52337  
292.200    -0.52355  
292.300    -0.52374  
292.400    -0.52392  
292.500    -0.52411  
292.600    -0.52429  
292.700    -0.52448  
292.800    -0.52466  
292.900    -0.52484  
293.000    -0.52503  
293.100    -0.52521  
293.200    -0.52540  
293.300    -0.52558  
293.400    -0.52577  
293.500    -0.52595  
293.600    -0.52613  
293.700    -0.52632  
293.800    -0.52650  
293.900    -0.52669  
294.000    -0.52687  
294.100    -0.52705  
294.200    -0.52724  
294.300    -0.52742  
294.400    -0.52761  
294.500    -0.52779  
294.600    -0.52797  
294.700    -0.52816  
294.800    -0.52834  
294.900    -0.52852  
295.000    -0.52871  
295.100    -0.52889  
295.200    -0.52908  
295.300    -0.52926  
295.400    -0.52944  
295.500    -0.52963  
295.600    -0.52981  
295.700    -0.52999  
295.800    -0.53018  
295.900    -0.53036  
296.000    -0.53054  
296.100    -0.53073  
296.200    -0.53091  
296.300    -0.53109  
296.400    -0.53128  
296.500    -0.53146  
296.600    -0.53164  
296.700    -0.53182  
296.800    -0.53201  
296.900    -0.53219  
297.000    -0.53237  
297.100    -0.53256  
297.200    -0.53274  
297.300    -0.53292  
297.400    -0.53311  
297.500    -0.53329  
297.600    -0.53347  
297.700    -0.53365  
297.800    -0.53384  
297.900    -0.53402  
298.000    -0.53420  
298.100    -0.53438  
298.200    -0.53457  
298.300    -0.53475  
298.400    -0.53493  
298.500    -0.53511  
298.600    -0.53530  
298.700    -0.53548  
298.800    -0.53566  
298.900    -0.53584  
299.000    -0.53603  
299.100    -0.53621  
299.200    -0.53639  
299.300    -0.53657  
299.400    -0.53676  
299.500    -0.53694  
299.600    -0.53712  
299.700    -0.53730  
299.800    -0.53748  
299.900    -0.53767  
300.000    -0.53785  
300.100    -0.53803  
300.200    -0.53821  
300.300    -0.53839  
300.400    -0.53858  
300.500    -0.53876  
300.600    -0.53894  
300.700    -0.53912  
300.800    -0.53930  
300.900    -0.53948  
301.000    -0.53967  
301.100    -0.53985  
301.200    -0.54003  
301.300    -0.54021  
301.400    -0.54039  
301.500    -0.54057  
301.600    -0.54076  
301.700    -0.54094  
301.800    -0.54112  
301.900    -0.54130  
302.000    -0.54148  
302.100    -0.54166  
302.200    -0.54184  
302.300    -0.54202  
302.400    -0.54221  
302.500    -0.54239  
302.600    -0.54257  
302.700    -0.54275  
302.800    -0.54293  
302.900    -0.54311  
303.000    -0.54329  
303.100    -0.54347  
303.200    -0.54365  
303.300    -0.54383  
303.400    -0.54402  
303.500    -0.54420  
303.600    -0.54438  
303.700    -0.54456  
303.800    -0.54474  
303.900    -0.54492  
304.000    -0.54510  
304.100    -0.54528  
304.200    -0.54546  
304.300    -0.54564  
304.400    -0.54582  
304.500    -0.54600  
304.600    -0.54618  
304.700    -0.54636  
304.800    -0.54654  
304.900    -0.54672  
305.000    -0.54690  
305.100    -0.54708  
305.200    -0.54726  
305.300    -0.54744  
305.400    -0.54762  
305.500    -0.54780  
305.600    -0.54799  
305.700    -0.54817  
305.800    -0.54835  
305.900    -0.54853  
306.000    -0.54871  
306.100    -0.54889  
306.200    -0.54906  
306.300    -0.54924  
306.400    -0.54942  
306.500    -0.54960  
306.600    -0.54978  
306.700    -0.54996  
306.800    -0.55014  
306.900    -0.55032  
307.000    -0.55050  
307.100    -0.55068  
307.200    -0.55086  
307.300    -0.55104  
307.400    -0.55122  
307.500    -0.55140  
307.600    -0.55158  
307.700    -0.55176  
307.800    -0.55194  
307.900    -0.55212  
308.000    -0.55230  
308.100    -0.55248  
308.200    -0.55266  
308.300    -0.55283  
308.400    -0.55301  
308.500    -0.55319  
308.600    -0.55337  
308.700    -0.55355  
308.800    -0.55373  
308.900    -0.55391  
309.000    -0.55409  
309.100    -0.55427  
309.200    -0.55445  
309.300    -0.55462  
309.400    -0.55480  
309.500    -0.55498  
309.600    -0.55516  
309.700    -0.55534  
309.800    -0.55552  
309.900    -0.55570  
310.000    -0.55588  
310.100    -0.55605  
310.200    -0.55623  
310.300    -0.55641  
310.400    -0.55659  
310.500    -0.55677  
310.600    -0.55695  
310.700    -0.55713  
310.800    -0.55730  
310.900    -0.55748  
311.000    -0.55766  
311.100    -0.55784  
311.200    -0.55802  
311.300    -0.55820  
311.400    -0.55837  
311.500    -0.55855  
311.600    -0.55873  
311.700    -0.55891  
311.800    -0.55909  
311.900    -0.55926  
312.000    -0.55944  
312.100    -0.55962  
312.200    -0.55980  
312.300    -0.55998  
312.400    -0.56015  
312.500    -0.56033  
312.600    -0.56051  
312.700    -0.56069  
312.800    -0.56086  
312.900    -0.56104  
313.000    -0.56122  
313.100    -0.56140  
313.200    -0.56157  
313.300    -0.56175  
313.400    -0.56193  
313.500    -0.56211  
313.600    -0.56228  
313.700    -0.56246  
313.800    -0.56264  
313.900    -0.56282  
314.000    -0.56299  
314.100    -0.56317  
314.200    -0.56335  
314.300    -0.56353  
314.400    -0.56370  
314.500    -0.56388  
314.600    -0.56406  
314.700    -0.56423  
314.800    -0.56441  
314.900    -0.56459  
315.000    -0.56477  
315.100    -0.56494  
315.200    -0.56512  
315.300    -0.56530  
315.400    -0.56547  
315.500    -0.56565  
315.600    -0.56583  
315.700    -0.56600  
315.800    -0.56618  
315.900    -0.56636  
316.000    -0.56653  
316.100    -0.56671  
316.200    -0.56689  
316.300    -0.56706  
316.400    -0.56724  
316.500    -0.56742  
316.600    -0.56759  
316.700    -0.56777  
316.800    -0.56794  
316.900    -0.56812  
317.000    -0.56830  
317.100    -0.56847  
317.200    -0.56865  
317.300    -0.56883  
317.400    -0.56900  
317.500    -0.56918  
317.600    -0.56935  
317.700    -0.56953  
317.800    -0.56971  
317.900    -0.56988  
318.000    -0.57006  
318.100    -0.57023  
318.200    -0.57041  
318.300    -0.57059  
318.400    -0.57076  
318.500    -0.57094  
318.600    -0.57111  
318.700    -0.57129  
318.800    -0.57146  
318.900    -0.57164  
319.000    -0.57182  
319.100    -0.57199  
319.200    -0.57217  
319.300    -0.57234  
319.400    -0.57252  
319.500    -0.57269  
319.600    -0.57287  
319.700    -0.57304  
319.800    -0.57322  
319.900    -0.57339  
320.000    -0.57357  
320.100    -0.57375  
320.200    -0.57392  
320.300    -0.57410  
320.400    -0.57427  
320.500    -0.57445  
320.600    -0.57462  
320.700    -0.57480  
320.800    -0.57497  
320.900    -0.57515  
321.000    -0.57532  
321.100    -0.57550  
321.200    -0.57567  
321.300    -0.57585  
321.400    -0.57602  
321.500    -0.57620  
321.600    -0.57637  
321.700    -0.57654  
321.800    -0.57672  
321.900    -0.57689  
322.000    -0.57707  
322.100    -0.57724  
322.200    -0.57742  
322.300    -0.57759  
322.400    -0.57777  
322.500    -0.57794  
322.600    -0.57812  
322.700    -0.57829  
322.800    -0.57846  
322.900    -0.57864  
323.000    -0.57881  
323.100    -0.57899  
323.200    -0.57916  
323.300    -0.57934  
323.400    -0.57951  
323.500    -0.57968  
323.600    -0.57986  
323.700    -0.58003  
323.800    -0.58021  
323.900    -0.58038  
324.000    -0.58055  
324.100    -0.58073  
324.200    -0.58090  
324.300    -0.58108  
324.400    -0.58125  
324.500    -0.58142  
324.600    -0.58160  
324.700    -0.58177  
324.800    -0.58194  
324.900    -0.58212  
325.000    -0.58229  
325.100    -0.58247  
325.200    -0.58264  
325.300    -0.58281  
325.400    -0.58299  
325.500    -0.58316  
325.600    -0.58333  
325.700    -0.58351  
325.800    -0.58368  
325.900    -0.58385  
326.000    -0.58403  
326.100    -0.58420  
326.200    -0.58437  
326.300    -0.58455  
326.400    -0.58472  
326.500    -0.58489  
326.600    -0.58507  
326.700    -0.58524  
326.800    -0.58541  
326.900    -0.58558  
327.000    -0.58576  
327.100    -0.58593  
327.200    -0.58610  
327.300    -0.58628  
327.400    -0.58645  
327.500    -0.58662  
327.600    -0.58680  
327.700    -0.58697  
327.800    -0.58714  
327.900    -0.58731  
328.000    -0.58749  
328.100    -0.58766  
328.200    -0.58783  
328.300    -0.58800  
328.400    -0.58818  
328.500    -0.58835  
328.600    -0.58852  
328.700    -0.58869  
328.800    -0.58887  
328.900    -0.58904  
329.000    -0.58921  
329.100    -0.58938  
329.200    -0.58956  
329.300    -0.58973  
329.400    -0.58990  
329.500    -0.59007  
329.600    -0.59024  
329.700    -0.59042  
329.800    -0.59059  
329.900    -0.59076  
330.000    -0.59093  
330.100    -0.59110  
330.200    -0.59128  
330.300    -0.59145  
330.400    -0.59162  
330.500    -0.59179  
330.600    -0.59196  
330.700    -0.59213  
330.800    -0.59231  
330.900    -0.59248  
331.000    -0.59265  
331.100    -0.59282  
331.200    -0.59299  
331.300    -0.59316  
331.400    -0.59334  
331.500    -0.59351  
331.600    -0.59368  
331.700    -0.59385  
331.800    -0.59402  
331.900    -0.59419  
332.000    -0.59436  
332.100    -0.59454  
332.200    -0.59471  
332.300    -0.59488  
332.400    -0.59505  
332.500    -0.59522  
332.600    -0.59539  
332.700    -0.59556  
332.800    -0.59573  
332.900    -0.59591  
333.000    -0.59608  
333.100    -0.59625  
333.200    -0.59642  
333.300    -0.59659  
333.400    -0.59676  
333.500    -0.59693  
333.600    -0.59710  
333.700    -0.59727  
333.800    -0.59744  
333.900    -0.59761  
334.000    -0.59778  
334.100    -0.59795  
334.200    -0.59813  
334.300    -0.59830  
334.400    -0.59847  
334.500    -0.59864  
334.600    -0.59881  
334.700    -0.59898  
334.800    -0.59915  
334.900    -0.59932  
335.000    -0.59949  
335.100    -0.59966  
335.200    -0.59983  
335.300    -0.60000  
335.400    -0.60017  
335.500    -0.60034  
335.600    -0.60051  
335.700    -0.60068  
335.800    -0.60085  
335.900    -0.60102  
336.000    -0.60119  
336.100    -0.60136  
336.200    -0.60153  
336.300    -0.60170  
336.400    -0.60187  
336.500    -0.60204  
336.600    -0.60221  
336.700    -0.60238  
336.800    -0.60255  
336.900    -0.60272  
337.000    -0.60289  
337.100    -0.60306  
337.200    -0.60323  
337.300    -0.60340  
337.400    -0.60357  
337.500    -0.60374  
337.600    -0.60391  
337.700    -0.60408  
337.800    -0.60425  
337.900    -0.60442  
338.000    -0.60458  
338.100    -0.60475  
338.200    -0.60492  
338.300    -0.60509  
338.400    -0.60526  
338.500    -0.60543  
338.600    -0.60560  
338.700    -0.60577  
338.800    -0.60594  
338.900    -0.60611  
339.000    -0.60628  
339.100    -0.60645  
339.200    -0.60661  
339.300    -0.60678  
339.400    -0.60695  
339.500    -0.60712  
339.600    -0.60729  
339.700    -0.60746  
339.800    -0.60763  
339.900    -0.60780  
340.000    -0.60797  
340.100    -0.60813  
340.200    -0.60830  
340.300    -0.60847  
340.400    -0.60864  
340.500    -0.60881  
340.600    -0.60898  
340.700    -0.60914  
340.800    -0.60931  
340.900    -0.60948  
341.000    -0.60965  
341.100    -0.60982  
341.200    -0.60999  
341.300    -0.61016  
341.400    -0.61032  
341.500    -0.61049  
341.600    -0.61066  
341.700    -0.61083  
341.800    -0.61100  
341.900    -0.61116  
342.000    -0.61133  
342.100    -0.61150  
342.200    -0.61167  
342.300    -0.61184  
342.400    -0.61200  
342.500    -0.61217  
342.600    -0.61234  
342.700    -0.61251  
342.800    -0.61268  
342.900    -0.61284  
343.000    -0.61301  
343.100    -0.61318  
343.200    -0.61335  
343.300    -0.61351  
343.400    -0.61368  
343.500    -0.61385  
343.600    -0.61402  
343.700    -0.61418  
343.800    -0.61435  
343.900    -0.61452  
344.000    -0.61469  
344.100    -0.61485  
344.200    -0.61502  
344.300    -0.61519  
344.400    -0.61536  
344.500    -0.61552  
344.600    -0.61569  
344.700    -0.61586  
344.800    -0.61602  
344.900    -0.61619  
345.000    -0.61636  
345.100    -0.61653  
345.200    -0.61669  
345.300    -0.61686  
345.400    -0.61703  
345.500    -0.61719  
345.600    -0.61736  
345.700    -0.61753  
345.800    -0.61769  
345.900    -0.61786  
346.000    -0.61803  
346.100    -0.61819  
346.200    -0.61836  
346.300    -0.61853  
346.400    -0.61869  
346.500    -0.61886  
346.600    -0.61903  
346.700    -0.61919  
346.800    -0.61936  
346.900    -0.61953  
347.000    -0.61969  
347.100    -0.61986  
347.200    -0.62003  
347.300    -0.62019  
347.400    -0.62036  
347.500    -0.62052  
347.600    -0.62069  
347.700    -0.62086  
347.800    -0.62102  
347.900    -0.62119  
348.000    -0.62136  
348.100    -0.62152  
348.200    -0.62169  
348.300    -0.62185  
348.400    -0.62202  
348.500    -0.62219  
348.600    -0.62235  
348.700    -0.62252  
348.800    -0.62268  
348.900    -0.62285  
349.000    -0.62301  
349.100    -0.62318  
349.200    -0.62335  
349.300    -0.62351  
349.400    -0.62368  
349.500    -0.62384  
349.600    -0.62401  
349.700    -0.62417  
349.800    -0.62434  
349.900    -0.62451  
350.000    -0.62467  