 0.000     0.00000  
  0.100     0.00000  
  0.200     0.00001  
  0.300     0.00003  
  0.400     0.00008  
  0.500     0.00015  
  0.600     0.00024  
  0.700     0.00037  
  0.800     0.00053  
  0.900     0.00072  
  1.000     0.00095  
  1.100     0.00122  
  1.200     0.00153  
  1.300     0.00188  
  1.400     0.00226  
  1.500     0.00269  
  1.600     0.00317  
  1.700     0.00368  
  1.800     0.00423  
  1.900     0.00483  
  2.000     0.00547  
  2.100     0.00616  
  2.200     0.00689  
  2.300     0.00766  
  2.400     0.00847  
  2.500     0.00932  
  2.600     0.01022  
  2.700     0.01116  
  2.800     0.01214  
  2.900     0.01316  
  3.000     0.01422  
  3.100     0.01532  
  3.200     0.01647  
  3.300     0.01765  
  3.400     0.01887  
  3.500     0.02014  
  3.600     0.02144  
  3.700     0.02278  
  3.800     0.02415  
  3.900     0.02557  
  4.000     0.02702  
  4.100     0.02850  
  4.200     0.03003  
  4.300     0.03158  
  4.400     0.03318  
  4.500     0.03481  
  4.600     0.03647  
  4.700     0.03816  
  4.800     0.03989  
  4.900     0.04165  
  5.000     0.04345  
  5.100     0.04527  
  5.200     0.04713  
  5.300     0.04902  
  5.400     0.05093  
  5.500     0.05288  
  5.600     0.05486  
  5.700     0.05687  
  5.800     0.05890  
  5.900     0.06096  
  6.000     0.06306  
  6.100     0.06517  
  6.200     0.06732  
  6.300     0.06949  
  6.400     0.07169  
  6.500     0.07392  
  6.600     0.07617  
  6.700     0.07844  
  6.800     0.08074  
  6.900     0.08306  
  7.000     0.08541  
  7.100     0.08778  
  7.200     0.09018  
  7.300     0.09259  
  7.400     0.09503  
  7.500     0.09749  
  7.600     0.09998  
  7.700     0.10248  
  7.800     0.10501  
  7.900     0.10755  
  8.000     0.11012  
  8.100     0.11271  
  8.200     0.11531  
  8.300     0.11794  
  8.400     0.12058  
  8.500     0.12325  
  8.600     0.12593  
  8.700     0.12863  
  8.800     0.13135  
  8.900     0.13409  
  9.000     0.13684  
  9.100     0.13962  
  9.200     0.14240  
  9.300     0.14521  
  9.400     0.14803  
  9.500     0.15087  
  9.600     0.15372  
  9.700     0.15659  
  9.800     0.15948  
  9.900     0.16238  
 10.000     0.16529  
 10.100     0.16823  
 10.200     0.17117  
 10.300     0.17413  
 10.400     0.17710  
 10.500     0.18009  
 10.600     0.18309  
 10.700     0.18611  
 10.800     0.18913  
 10.900     0.19217  
 11.000     0.19523  
 11.100     0.19829  
 11.200     0.20137  
 11.300     0.20446  
 11.400     0.20757  
 11.500     0.21068  
 11.600     0.21381  
 11.700     0.21695  
 11.800     0.22010  
 11.900     0.22326  
 12.000     0.22643  
 12.100     0.22961  
 12.200     0.23281  
 12.300     0.23601  
 12.400     0.23923  
 12.500     0.24245  
 12.600     0.24569  
 12.700     0.24894  
 12.800     0.25219  
 12.900     0.25546  
 13.000     0.25873  
 13.100     0.26202  
 13.200     0.26531  
 13.300     0.26861  
 13.400     0.27193  
 13.500     0.27525  
 13.600     0.27858  
 13.700     0.28192  
 13.800     0.28526  
 13.900     0.28862  
 14.000     0.29198  
 14.100     0.29535  
 14.200     0.29873  
 14.300     0.30212  
 14.400     0.30552  
 14.500     0.30892  
 14.600     0.31234  
 14.700     0.31576  
 14.800     0.31918  
 14.900     0.32262  
 15.000     0.32606  
 15.100     0.32951  
 15.200     0.33296  
 15.300     0.33643  
 15.400     0.33990  
 15.500     0.34337  
 15.600     0.34686  
 15.700     0.35035  
 15.800     0.35384  
 15.900     0.35735  
 16.000     0.36086  
 16.100     0.36437  
 16.200     0.36789  
 16.300     0.37142  
 16.400     0.37496  
 16.500     0.37850  
 16.600     0.38204  
 16.700     0.38559  
 16.800     0.38915  
 16.900     0.39272  
 17.000     0.39628  
 17.100     0.39986  
 17.200     0.40344  
 17.300     0.40703  
 17.400     0.41062  
 17.500     0.41421  
 17.600     0.41781  
 17.700     0.42142  
 17.800     0.42503  
 17.900     0.42865  
 18.000     0.43227  
 18.100     0.43590  
 18.200     0.43953  
 18.300     0.44316  
 18.400     0.44681  
 18.500     0.45045  
 18.600     0.45410  
 18.700     0.45776  
 18.800     0.46142  
 18.900     0.46508  
 19.000     0.46875  
 19.100     0.47242  
 19.200     0.47610  
 19.300     0.47978  
 19.400     0.48347  
 19.500     0.48716  
 19.600     0.49085  
 19.700     0.49455  
 19.800     0.49825  
 19.900     0.50196  
 20.000     0.50567  
 20.100     0.50938  
 20.200     0.51310  
 20.300     0.51682  
 20.400     0.52055  
 20.500     0.52428  
 20.600     0.52801  
 20.700     0.53175  
 20.800     0.53549  
 20.900     0.53923  
 21.000     0.54298  
 21.100     0.54673  
 21.200     0.55049  
 21.300     0.55424  
 21.400     0.55800  
 21.500     0.56177  
 21.600     0.56554  
 21.700     0.56931  
 21.800     0.57309  
 21.900     0.57686  
 22.000     0.58065  
 22.100     0.58443  
 22.200     0.58822  
 22.300     0.59201  
 22.400     0.59580  
 22.500     0.59960  
 22.600     0.60340  
 22.700     0.60720  
 22.800     0.61101  
 22.900     0.61482  
 23.000     0.61863  
 23.100     0.62245  
 23.200     0.62626  
 23.300     0.63008  
 23.400     0.63391  
 23.500     0.63774  
 23.600     0.64156  
 23.700     0.64540  
 23.800     0.64923  
 23.900     0.65307  
 24.000     0.65691  
 24.100     0.66075  
 24.200     0.66460  
 24.300     0.66845  
 24.400     0.67230  
 24.500     0.67615  
 24.600     0.68001  
 24.700     0.68386  
 24.800     0.68772  
 24.900     0.69159  
 25.000     0.69545  
 25.100     0.69932  
 25.200     0.70319  
 25.300     0.70707  
 25.400     0.71094  
 25.500     0.71482  
 25.600     0.71870  
 25.700     0.72258  
 25.800     0.72647  
 25.900     0.73036  
 26.000     0.73425  
 26.100     0.73814  
 26.200     0.74203  
 26.300     0.74593  
 26.400     0.74983  
 26.500     0.75373  
 26.600     0.75763  
 26.700     0.76153  
 26.800     0.76544  
 26.900     0.76935  
 27.000     0.77326  
 27.100     0.77718  
 27.200     0.78109  
 27.300     0.78501  
 27.400     0.78893  
 27.500     0.79285  
 27.600     0.79678  
 27.700     0.80070  
 27.800     0.80463  
 27.900     0.80856  
 28.000     0.81249  
 28.100     0.81643  
 28.200     0.82036  
 28.300     0.82430  
 28.400     0.82824  
 28.500     0.83218  
 28.600     0.83612  
 28.700     0.84007  
 28.800     0.84402  
 28.900     0.84797  
 29.000     0.85192  
 29.100     0.85587  
 29.200     0.85982  
 29.300     0.86378  
 29.400     0.86774  
 29.500     0.87170  
 29.600     0.87566  
 29.700     0.87962  
 29.800     0.88359  
 29.900     0.88756  
 30.000     0.89153  
 30.100     0.89550  
 30.200     0.89947  
 30.300     0.90344  
 30.400     0.90742  
 30.500     0.91140  
 30.600     0.91538  
 30.700     0.91936  
 30.800     0.92334  
 30.900     0.92732  
 31.000     0.93131  
 31.100     0.93530  
 31.200     0.93928  
 31.300     0.94327  
 31.400     0.94727  
 31.500     0.95126  
 31.600     0.95526  
 31.700     0.95925  
 31.800     0.96325  
 31.900     0.96725  
 32.000     0.97125  
 32.100     0.97526  
 32.200     0.97926  
 32.300     0.98327  
 32.400     0.98727  
 32.500     0.99128  
 32.600     0.99529  
 32.700     0.99931  
 32.800     1.00332  
 32.900     1.00733  
 33.000     1.01135  
 33.100     1.01537  
 33.200     1.01939  
 33.300     1.02341  
 33.400     1.02743  
 33.500     1.03146  
 33.600     1.03548  
 33.700     1.03951  
 33.800     1.04353  
 33.900     1.04756  
 34.000     1.05160  
 34.100     1.05563  
 34.200     1.05966  
 34.300     1.06370  
 34.400     1.06773  
 34.500     1.07177  
 34.600     1.07581  
 34.700     1.07985  
 34.800     1.08389  
 34.900     1.08793  
 35.000     1.09198  
 35.100     1.09602  
 35.200     1.10007  
 35.300     1.10412  
 35.400     1.10817  
 35.500     1.11222  
 35.600     1.11627  
 35.700     1.12032  
 35.800     1.12438  
 35.900     1.12843  
 36.000     1.13249  
 36.100     1.13655  
 36.200     1.14061  
 36.300     1.14467  
 36.400     1.14873  
 36.500     1.15280  
 36.600     1.15686  
 36.700     1.16093  
 36.800     1.16499  
 36.900     1.16906  
 37.000     1.17313  
 37.100     1.17720  
 37.200     1.18127  
 37.300     1.18534  
 37.400     1.18942  
 37.500     1.19349  
 37.600     1.19757  
 37.700     1.20165  
 37.800     1.20573  
 37.900     1.20981  
 38.000     1.21389  
 38.100     1.21797  
 38.200     1.22205  
 38.300     1.22614  
 38.400     1.23022  
 38.500     1.23431  
 38.600     1.23840  
 38.700     1.24249  
 38.800     1.24658  
 38.900     1.25067  
 39.000     1.25476  
 39.100     1.25885  
 39.200     1.26295  
 39.300     1.26704  
 39.400     1.27114  
 39.500     1.27524  
 39.600     1.27933  
 39.700     1.28343  
 39.800     1.28753  
 39.900     1.29164  
 40.000     1.29574  
 40.100     1.29984  
 40.200     1.30395  
 40.300     1.30805  
 40.400     1.31216  
 40.500     1.31627  
 40.600     1.32038  
 40.700     1.32448  
 40.800     1.32860  
 40.900     1.33271  
 41.000     1.33682  
 41.100     1.34093  
 41.200     1.34505  
 41.300     1.34916  
 41.400     1.35328  
 41.500     1.35740  
 41.600     1.36152  
 41.700     1.36564  
 41.800     1.36976  
 41.900     1.37388  
 42.000     1.37800  
 42.100     1.38212  
 42.200     1.38625  
 42.300     1.39037  
 42.400     1.39450  
 42.500     1.39863  
 42.600     1.40275  
 42.700     1.40688  
 42.800     1.41101  
 42.900     1.41514  
 43.000     1.41927  
 43.100     1.42341  
 43.200     1.42754  
 43.300     1.43167  
 43.400     1.43581  
 43.500     1.43994  
 43.600     1.44408  
 43.700     1.44822  
 43.800     1.45236  
 43.900     1.45649  
 44.000     1.46064  
 44.100     1.46478  
 44.200     1.46892  
 44.300     1.47306  
 44.400     1.47720  
 44.500     1.48135  
 44.600     1.48549  
 44.700     1.48964  
 44.800     1.49379  
 44.900     1.49793  
 45.000     1.50208  
 45.100     1.50623  
 45.200     1.51038  
 45.300     1.51453  
 45.400     1.51868  
 45.500     1.52283  
 45.600     1.52699  
 45.700     1.53114  
 45.800     1.53529  
 45.900     1.53945  
 46.000     1.54361  
 46.100     1.54776  
 46.200     1.55192  
 46.300     1.55608  
 46.400     1.56024  
 46.500     1.56440  
 46.600     1.56856  
 46.700     1.57272  
 46.800     1.57688  
 46.900     1.58104  
 47.000     1.58521  
 47.100     1.58937  
 47.200     1.59353  
 47.300     1.59770  
 47.400     1.60187  
 47.500     1.60603  
 47.600     1.61020  
 47.700     1.61437  
 47.800     1.61854  
 47.900     1.62271  
 48.000     1.62688  
 48.100     1.63105  
 48.200     1.63522  
 48.300     1.63939  
 48.400     1.64356  
 48.500     1.64774  
 48.600     1.65191  
 48.700     1.65608  
 48.800     1.66026  
 48.900     1.66444  
 49.000     1.66861  
 49.100     1.67279  
 49.200     1.67697  
 49.300     1.68115  
 49.400     1.68532  
 49.500     1.68950  
 49.600     1.69368  
 49.700     1.69786  
 49.800     1.70205  
 49.900     1.70623  
 50.000     1.71041  
 50.100     1.71459  
 50.200     1.71878  
 50.300     1.72296  
 50.400     1.72715  
 50.500     1.73133  
 50.600     1.73552  
 50.700     1.73970  
 50.800     1.74389  
 50.900     1.74808  
 51.000     1.75227  
 51.100     1.75645  
 51.200     1.76064  
 51.300     1.76483  
 51.400     1.76902  
 51.500     1.77321  
 51.600     1.77741  
 51.700     1.78160  
 51.800     1.78579  
 51.900     1.78998  
 52.000     1.79418  
 52.100     1.79837  
 52.200     1.80256  
 52.300     1.80676  
 52.400     1.81095  
 52.500     1.81515  
 52.600     1.81934  
 52.700     1.82354  
 52.800     1.82774  
 52.900     1.83194  
 53.000     1.83613  
 53.100     1.84033  
 53.200     1.84453  
 53.300     1.84873  
 53.400     1.85293  
 53.500     1.85713  
 53.600     1.86133  
 53.700     1.86553  
 53.800     1.86973  
 53.900     1.87393  
 54.000     1.87814  
 54.100     1.88234  
 54.200     1.88654  
 54.300     1.89074  
 54.400     1.89495  
 54.500     1.89915  
 54.600     1.90336  
 54.700     1.90756  
 54.800     1.91177  
 54.900     1.91597  
 55.000     1.92018  
 55.100     1.92438  
 55.200     1.92859  
 55.300     1.93280  
 55.400     1.93701  
 55.500     1.94121  
 55.600     1.94542  
 55.700     1.94963  
 55.800     1.95384  
 55.900     1.95805  
 56.000     1.96226  
 56.100     1.96647  
 56.200     1.97068  
 56.300     1.97489  
 56.400     1.97910  
 56.500     1.98331  
 56.600     1.98752  
 56.700     1.99173  
 56.800     1.99594  
 56.900     2.00016  
 57.000     2.00437  
 57.100     2.00858  
 57.200     2.01279  
 57.300     2.01701  
 57.400     2.02122  
 57.500     2.02544  
 57.600     2.02965  
 57.700     2.03386  
 57.800     2.03808  
 57.900     2.04229  
 58.000     2.04651  
 58.100     2.05072  
 58.200     2.05494  
 58.300     2.05915  
 58.400     2.06337  
 58.500     2.06759  
 58.600     2.07180  
 58.700     2.07602  
 58.800     2.08024  
 58.900     2.08445  
 59.000     2.08867  
 59.100     2.09289  
 59.200     2.09711  
 59.300     2.10132  
 59.400     2.10554  
 59.500     2.10976  
 59.600     2.11398  
 59.700     2.11820  
 59.800     2.12242  
 59.900     2.12663  
 60.000     2.13085  
 60.100     2.13507  
 60.200     2.13929  
 60.300     2.14351  
 60.400     2.14773  
 60.500     2.15195  
 60.600     2.15617  
 60.700     2.16039  
 60.800     2.16461  
 60.900     2.16883  
 61.000     2.17305  
 61.100     2.17727  
 61.200     2.18149  
 61.300     2.18571  
 61.400     2.18993  
 61.500     2.19415  
 61.600     2.19837  
 61.700     2.20260  
 61.800     2.20682  
 61.900     2.21104  
 62.000     2.21526  
 62.100     2.21948  
 62.200     2.22370  
 62.300     2.22792  
 62.400     2.23214  
 62.500     2.23637  
 62.600     2.24059  
 62.700     2.24481  
 62.800     2.24903  
 62.900     2.25325  
 63.000     2.25747  
 63.100     2.26170  
 63.200     2.26592  
 63.300     2.27014  
 63.400     2.27436  
 63.500     2.27858  
 63.600     2.28280  
 63.700     2.28703  
 63.800     2.29125  
 63.900     2.29547  
 64.000     2.29969  
 64.100     2.30391  
 64.200     2.30814  
 64.300     2.31236  
 64.400     2.31658  
 64.500     2.32080  
 64.600     2.32502  
 64.700     2.32924  
 64.800     2.33347  
 64.900     2.33769  
 65.000     2.34191  
 65.100     2.34613  
 65.200     2.35035  
 65.300     2.35457  
 65.400     2.35879  
 65.500     2.36302  
 65.600     2.36724  
 65.700     2.37146  
 65.800     2.37568  
 65.900     2.37990  
 66.000     2.38412  
 66.100     2.38834  
 66.200     2.39256  
 66.300     2.39678  
 66.400     2.40100  
 66.500     2.40522  
 66.600     2.40944  
 66.700     2.41366  
 66.800     2.41788  
 66.900     2.42210  
 67.000     2.42632  
 67.100     2.43054  
 67.200     2.43476  
 67.300     2.43898  
 67.400     2.44320  
 67.500     2.44742  
 67.600     2.45164  
 67.700     2.45586  
 67.800     2.46007  
 67.900     2.46429  
 68.000     2.46851  
 68.100     2.47273  
 68.200     2.47695  
 68.300     2.48116  
 68.400     2.48538  
 68.500     2.48960  
 68.600     2.49381  
 68.700     2.49803  
 68.800     2.50225  
 68.900     2.50646  
 69.000     2.51068  
 69.100     2.51490  
 69.200     2.51911  
 69.300     2.52333  
 69.400     2.52754  
 69.500     2.53176  
 69.600     2.53597  
 69.700     2.54019  
 69.800     2.54440  
 69.900     2.54862  
 70.000     2.55283  
 70.100     2.55704  
 70.200     2.56126  
 70.300     2.56547  
 70.400     2.56968  
 70.500     2.57390  
 70.600     2.57811  
 70.700     2.58232  
 70.800     2.58653  
 70.900     2.59074  
 71.000     2.59496  
 71.100     2.59917  
 71.200     2.60338  
 71.300     2.60759  
 71.400     2.61180  
 71.500     2.61601  
 71.600     2.62022  
 71.700     2.62442  
 71.800     2.62863  
 71.900     2.63284  
 72.000     2.63705  
 72.100     2.64126  
 72.200     2.64547  
 72.300     2.64967  
 72.400     2.65388  
 72.500     2.65809  
 72.600     2.66229  
 72.700     2.66650  
 72.800     2.67070  
 72.900     2.67491  
 73.000     2.67911  
 73.100     2.68332  
 73.200     2.68752  
 73.300     2.69172  
 73.400     2.69593  
 73.500     2.70013  
 73.600     2.70433  
 73.700     2.70853  
 73.800     2.71274  
 73.900     2.71694  
 74.000     2.72114  
 74.100     2.72534  
 74.200     2.72954  
 74.300     2.73374  
 74.400     2.73794  
 74.500     2.74214  
 74.600     2.74633  
 74.700     2.75053  
 74.800     2.75473  
 74.900     2.75893  
 75.000     2.76312  
 75.100     2.76732  
 75.200     2.77151  
 75.300     2.77571  
 75.400     2.77990  
 75.500     2.78410  
 75.600     2.78829  
 75.700     2.79249  
 75.800     2.79668  
 75.900     2.80087  
 76.000     2.80506  
 76.100     2.80925  
 76.200     2.81345  
 76.300     2.81764  
 76.400     2.82183  
 76.500     2.82602  
 76.600     2.83020  
 76.700     2.83439  
 76.800     2.83858  
 76.900     2.84277  
 77.000     2.84696  
 77.100     2.85114  
 77.200     2.85533  
 77.300     2.85951  
 77.400     2.86370  
 77.500     2.86788  
 77.600     2.87207  
 77.700     2.87625  
 77.800     2.88043  
 77.900     2.88462  
 78.000     2.88880  
 78.100     2.89298  
 78.200     2.89716  
 78.300     2.90134  
 78.400     2.90552  
 78.500     2.90970  
 78.600     2.91388  
 78.700     2.91805  
 78.800     2.92223  
 78.900     2.92641  
 79.000     2.93058  
 79.100     2.93476  
 79.200     2.93893  
 79.300     2.94311  
 79.400     2.94728  
 79.500     2.95146  
 79.600     2.95563  
 79.700     2.95980  
 79.800     2.96397  
 79.900     2.96814  
 80.000     2.97231  
 80.100     2.97648  
 80.200     2.98065  
 80.300     2.98482  
 80.400     2.98899  
 80.500     2.99315  
 80.600     2.99732  
 80.700     3.00148  
 80.800     3.00565  
 80.900     3.00981  
 81.000     3.01398  
 81.100     3.01814  
 81.200     3.02230  
 81.300     3.02646  
 81.400     3.03063  
 81.500     3.03479  
 81.600     3.03895  
 81.700     3.04310  
 81.800     3.04726  
 81.900     3.05142  
 82.000     3.05558  
 82.100     3.05973  
 82.200     3.06389  
 82.300     3.06805  
 82.400     3.07220  
 82.500     3.07635  
 82.600     3.08051  
 82.700     3.08466  
 82.800     3.08881  
 82.900     3.09296  
 83.000     3.09711  
 83.100     3.10126  
 83.200     3.10541  
 83.300     3.10956  
 83.400     3.11370  
 83.500     3.11785  
 83.600     3.12199  
 83.700     3.12614  
 83.800     3.13028  
 83.900     3.13443  
 84.000     3.13857  
 84.100     3.14271  
 84.200     3.14685  
 84.300     3.15099  
 84.400     3.15513  
 84.500     3.15927  
 84.600     3.16341  
 84.700     3.16755  
 84.800     3.17168  
 84.900     3.17582  
 85.000     3.17995  
 85.100     3.18409  
 85.200     3.18822  
 85.300     3.19235  
 85.400     3.19649  
 85.500     3.20062  
 85.600     3.20475  
 85.700     3.20888  
 85.800     3.21301  
 85.900     3.21713  
 86.000     3.22126  
 86.100     3.22539  
 86.200     3.22951  
 86.300     3.23364  
 86.400     3.23776  
 86.500     3.24188  
 86.600     3.24600  
 86.700     3.25013  
 86.800     3.25425  
 86.900     3.25837  
 87.000     3.26248  
 87.100     3.26660  
 87.200     3.27072  
 87.300     3.27484  
 87.400     3.27895  
 87.500     3.28307  
 87.600     3.28718  
 87.700     3.29129  
 87.800     3.29540  
 87.900     3.29952  
 88.000     3.30363  
 88.100     3.30774  
 88.200     3.31184  
 88.300     3.31595  
 88.400     3.32006  
 88.500     3.32416  
 88.600     3.32827  
 88.700     3.33237  
 88.800     3.33648  
 88.900     3.34058  
 89.000     3.34468  
 89.100     3.34878  
 89.200     3.35288  
 89.300     3.35698  
 89.400     3.36107  
 89.500     3.36517  
 89.600     3.36927  
 89.700     3.37336  
 89.800     3.37746  
 89.900     3.38155  
 90.000     3.38564  
 90.100     3.38973  
 90.200     3.39382  
 90.300     3.39791  
 90.400     3.40200  
 90.500     3.40609  
 90.600     3.41017  
 90.700     3.41426  
 90.800     3.41834  
 90.900     3.42243  
 91.000     3.42651  
 91.100     3.43059  
 91.200     3.43467  
 91.300     3.43875  
 91.400     3.44283  
 91.500     3.44691  
 91.600     3.45099  
 91.700     3.45506  
 91.800     3.45914  
 91.900     3.46321  
 92.000     3.46728  
 92.100     3.47136  
 92.200     3.47543  
 92.300     3.47950  
 92.400     3.48357  
 92.500     3.48763  
 92.600     3.49170  
 92.700     3.49577  
 92.800     3.49983  
 92.900     3.50390  
 93.000     3.50796  
 93.100     3.51202  
 93.200     3.51608  
 93.300     3.52014  
 93.400     3.52420  
 93.500     3.52826  
 93.600     3.53232  
 93.700     3.53637  
 93.800     3.54043  
 93.900     3.54448  
 94.000     3.54853  
 94.100     3.55259  
 94.200     3.55664  
 94.300     3.56069  
 94.400     3.56473  
 94.500     3.56878  
 94.600     3.57283  
 94.700     3.57687  
 94.800     3.58092  
 94.900     3.58496  
 95.000     3.58900  
 95.100     3.59305  
 95.200     3.59709  
 95.300     3.60112  
 95.400     3.60516  
 95.500     3.60920  
 95.600     3.61323  
 95.700     3.61727  
 95.800     3.62130  
 95.900     3.62534  
 96.000     3.62937  
 96.100     3.63340  
 96.200     3.63743  
 96.300     3.64145  
 96.400     3.64548  
 96.500     3.64951  
 96.600     3.65353  
 96.700     3.65756  
 96.800     3.66158  
 96.900     3.66560  
 97.000     3.66962  
 97.100     3.67364  
 97.200     3.67766  
 97.300     3.68168  
 97.400     3.68569  
 97.500     3.68971  
 97.600     3.69372  
 97.700     3.69773  
 97.800     3.70175  
 97.900     3.70576  
 98.000     3.70977  
 98.100     3.71377  
 98.200     3.71778  
 98.300     3.72179  
 98.400     3.72579  
 98.500     3.72980  
 98.600     3.73380  
 98.700     3.73780  
 98.800     3.74180  
 98.900     3.74580  
 99.000     3.74980  
 99.100     3.75379  
 99.200     3.75779  
 99.300     3.76178  
 99.400     3.76578  
 99.500     3.76977  
 99.600     3.77376  
 99.700     3.77775  
 99.800     3.78174  
 99.900     3.78572  
100.000     3.78971  
100.100     3.79369  
100.200     3.79768  
100.300     3.80166  
100.400     3.80564  
100.500     3.80962  
100.600     3.81360  
100.700     3.81758  
100.800     3.82156  
100.900     3.82553  
101.000     3.82951  
101.100     3.83348  
101.200     3.83745  
101.300     3.84142  
101.400     3.84539  
101.500     3.84936  
101.600     3.85333  
101.700     3.85729  
101.800     3.86126  
101.900     3.86522  
102.000     3.86918  
102.100     3.87314  
102.200     3.87710  
102.300     3.88106  
102.400     3.88502  
102.500     3.88897  
102.600     3.89293  
102.700     3.89688  
102.800     3.90083  
102.900     3.90479  
103.000     3.90874  
103.100     3.91268  
103.200     3.91663  
103.300     3.92058  
103.400     3.92452  
103.500     3.92847  
103.600     3.93241  
103.700     3.93635  
103.800     3.94029  
103.900     3.94423  
104.000     3.94816  
104.100     3.95210  
104.200     3.95604  
104.300     3.95997  
104.400     3.96390  
104.500     3.96783  
104.600     3.97176  
104.700     3.97569  
104.800     3.97962  
104.900     3.98354  
105.000     3.98747  
105.100     3.99139  
105.200     3.99531  
105.300     3.99923  
105.400     4.00315  
105.500     4.00707  
105.600     4.01099  
105.700     4.01490  
105.800     4.01882  
105.900     4.02273  
106.000     4.02664  
106.100     4.03055  
106.200     4.03446  
106.300     4.03837  
106.400     4.04228  
106.500     4.04618  
106.600     4.05009  
106.700     4.05399  
106.800     4.05789  
106.900     4.06179  
107.000     4.06569  
107.100     4.06959  
107.200     4.07348  
107.300     4.07738  
107.400     4.08127  
107.500     4.08516  
107.600     4.08905  
107.700     4.09294  
107.800     4.09683  
107.900     4.10072  
108.000     4.10460  
108.100     4.10849  
108.200     4.11237  
108.300     4.11625  
108.400     4.12013  
108.500     4.12401  
108.600     4.12789  
108.700     4.13176  
108.800     4.13564  
108.900     4.13951  
109.000     4.14338  
109.100     4.14725  
109.200     4.15112  
109.300     4.15499  
109.400     4.15886  
109.500     4.16272  
109.600     4.16659  
109.700     4.17045  
109.800     4.17431  
109.900     4.17817  
110.000     4.18203  
110.100     4.18588  
110.200     4.18974  
110.300     4.19359  
110.400     4.19745  
110.500     4.20130  
110.600     4.20515  
110.700     4.20900  
110.800     4.21285  
110.900     4.21669  
111.000     4.22054  
111.100     4.22438  
111.200     4.22822  
111.300     4.23206  
111.400     4.23590  
111.500     4.23974  
111.600     4.24358  
111.700     4.24741  
111.800     4.25124  
111.900     4.25508  
112.000     4.25891  
112.100     4.26274  
112.200     4.26656  
112.300     4.27039  
112.400     4.27422  
112.500     4.27804  
112.600     4.28186  
112.700     4.28568  
112.800     4.28950  
112.900     4.29332  
113.000     4.29714  
113.100     4.30095  
113.200     4.30477  
113.300     4.30858  
113.400     4.31239  
113.500     4.31620  
113.600     4.32001  
113.700     4.32382  
113.800     4.32762  
113.900     4.33143  
114.000     4.33523  
114.100     4.33903  
114.200     4.34283  
114.300     4.34663  
114.400     4.35043  
114.500     4.35422  
114.600     4.35802  
114.700     4.36181  
114.800     4.36560  
114.900     4.36939  
115.000     4.37318  
115.100     4.37697  
115.200     4.38075  
115.300     4.38454  
115.400     4.38832  
115.500     4.39210  
115.600     4.39588  
115.700     4.39966  
115.800     4.40343  
115.900     4.40721  
116.000     4.41098  
116.100     4.41476  
116.200     4.41853  
116.300     4.42230  
116.400     4.42607  
116.500     4.42983  
116.600     4.43360  
116.700     4.43736  
116.800     4.44112  
116.900     4.44489  
117.000     4.44865  
117.100     4.45240  
117.200     4.45616  
117.300     4.45992  
117.400     4.46367  
117.500     4.46742  
117.600     4.47117  
117.700     4.47492  
117.800     4.47867  
117.900     4.48242  
118.000     4.48616  
118.100     4.48991  
118.200     4.49365  
118.300     4.49739  
118.400     4.50113  
118.500     4.50487  
118.600     4.50860  
118.700     4.51234  
118.800     4.51607  
118.900     4.51980  
119.000     4.52353  
119.100     4.52726  
119.200     4.53099  
119.300     4.53471  
119.400     4.53844  
119.500     4.54216  
119.600     4.54588  
119.700     4.54960  
119.800     4.55332  
119.900     4.55704  
120.000     4.56075  
120.100     4.56447  
120.200     4.56818  
120.300     4.57189  
120.400     4.57560  
120.500     4.57931  
120.600     4.58302  
120.700     4.58672  
120.800     4.59042  
120.900     4.59413  
121.000     4.59783  
121.100     4.60153  
121.200     4.60522  
121.300     4.60892  
121.400     4.61261  
121.500     4.61631  
121.600     4.62000  
121.700     4.62369  
121.800     4.62738  
121.900     4.63107  
122.000     4.63475  
122.100     4.63844  
122.200     4.64212  
122.300     4.64580  
122.400     4.64948  
122.500     4.65316  
122.600     4.65683  
122.700     4.66051  
122.800     4.66418  
122.900     4.66785  
123.000     4.67152  
123.100     4.67519  
123.200     4.67886  
123.300     4.68253  
123.400     4.68619  
123.500     4.68985  
123.600     4.69352  
123.700     4.69718  
123.800     4.70083  
123.900     4.70449  
124.000     4.70815  
124.100     4.71180  
124.200     4.71545  
124.300     4.71910  
124.400     4.72275  
124.500     4.72640  
124.600     4.73005  
124.700     4.73369  
124.800     4.73734  
124.900     4.74098  
125.000     4.74462  
125.100     4.74826  
125.200     4.75189  
125.300     4.75553  
125.400     4.75916  
125.500     4.76280  
125.600     4.76643  
125.700     4.77006  
125.800     4.77369  
125.900     4.77731  
126.000     4.78094  
126.100     4.78456  
126.200     4.78818  
126.300     4.79180  
126.400     4.79542  
126.500     4.79904  
126.600     4.80265  
126.700     4.80627  
126.800     4.80988  
126.900     4.81349  
127.000     4.81710  
127.100     4.82071  
127.200     4.82432  
127.300     4.82792  
127.400     4.83153  
127.500     4.83513  
127.600     4.83873  
127.700     4.84233  
127.800     4.84592  
127.900     4.84952  
128.000     4.85311  
128.100     4.85671  
128.200     4.86030  
128.300     4.86389  
128.400     4.86748  
128.500     4.87106  
128.600     4.87465  
128.700     4.87823  
128.800     4.88181  
128.900     4.88539  
129.000     4.88897  
129.100     4.89255  
129.200     4.89613  
129.300     4.89970  
129.400     4.90327  
129.500     4.90684  
129.600     4.91041  
129.700     4.91398  
129.800     4.91755  
129.900     4.92111  
130.000     4.92468  
130.100     4.92824  
130.200     4.93180  
130.300     4.93536  
130.400     4.93892  
130.500     4.94247  
130.600     4.94603  
130.700     4.94958  
130.800     4.95313  
130.900     4.95668  
131.000     4.96023  
131.100     4.96377  
131.200     4.96732  
131.300     4.97086  
131.400     4.97440  
131.500     4.97794  
131.600     4.98148  
131.700     4.98502  
131.800     4.98855  
131.900     4.99209  
132.000     4.99562  
132.100     4.99915  
132.200     5.00268  
132.300     5.00621  
132.400     5.00973  
132.500     5.01326  
132.600     5.01678  
132.700     5.02030  
132.800     5.02382  
132.900     5.02734  
133.000     5.03086  
133.100     5.03437  
133.200     5.03789  
133.300     5.04140  
133.400     5.04491  
133.500     5.04842  
133.600     5.05193  
133.700     5.05543  
133.800     5.05894  
133.900     5.06244  
134.000     5.06594  
134.100     5.06944  
134.200     5.07294  
134.300     5.07643  
134.400     5.07993  
134.500     5.08342  
134.600     5.08691  
134.700     5.09040  
134.800     5.09389  
134.900     5.09738  
135.000     5.10087  
135.100     5.10435  
135.200     5.10783  
135.300     5.11131  
135.400     5.11479  
135.500     5.11827  
135.600     5.12175  
135.700     5.12522  
135.800     5.12869  
135.900     5.13217  
136.000     5.13564  
136.100     5.13910  
136.200     5.14257  
136.300     5.14604  
136.400     5.14950  
136.500     5.15296  
136.600     5.15642  
136.700     5.15988  
136.800     5.16334  
136.900     5.16679  
137.000     5.17025  
137.100     5.17370  
137.200     5.17715  
137.300     5.18060  
137.400     5.18405  
137.500     5.18750  
137.600     5.19094  
137.700     5.19439  
137.800     5.19783  
137.900     5.20127  
138.000     5.20471  
138.100     5.20814  
138.200     5.21158  
138.300     5.21501  
138.400     5.21845  
138.500     5.22188  
138.600     5.22531  
138.700     5.22873  
138.800     5.23216  
138.900     5.23558  
139.000     5.23901  
139.100     5.24243  
139.200     5.24585  
139.300     5.24927  
139.400     5.25268  
139.500     5.25610  
139.600     5.25951  
139.700     5.26292  
139.800     5.26634  
139.900     5.26974  
140.000     5.27315  
140.100     5.27656  
140.200     5.27996  
140.300     5.28336  
140.400     5.28677  
140.500     5.29017  
140.600     5.29356  
140.700     5.29696  
140.800     5.30036  
140.900     5.30375  
141.000     5.30714  
141.100     5.31053  
141.200     5.31392  
141.300     5.31731  
141.400     5.32069  
141.500     5.32408  
141.600     5.32746  
141.700     5.33084  
141.800     5.33422  
141.900     5.33760  
142.000     5.34097  
142.100     5.34435  
142.200     5.34772  
142.300     5.35109  
142.400     5.35446  
142.500     5.35783  
142.600     5.36120  
142.700     5.36456  
142.800     5.36793  
142.900     5.37129  
143.000     5.37465  
143.100     5.37801  
143.200     5.38136  
143.300     5.38472  
143.400     5.38807  
143.500     5.39143  
143.600     5.39478  
143.700     5.39813  
143.800     5.40148  
143.900     5.40482  
144.000     5.40817  
144.100     5.41151  
144.200     5.41485  
144.300     5.41819  
144.400     5.42153  
144.500     5.42487  
144.600     5.42821  
144.700     5.43154  
144.800     5.43487  
144.900     5.43820  
145.000     5.44153  
145.100     5.44486  
145.200     5.44819  
145.300     5.45151  
145.400     5.45484  
145.500     5.45816  
145.600     5.46148  
145.700     5.46480  
145.800     5.46811  
145.900     5.47143  
146.000     5.47474  
146.100     5.47805  
146.200     5.48137  
146.300     5.48467  
146.400     5.48798  
146.500     5.49129  
146.600     5.49459  
146.700     5.49790  
146.800     5.50120  
146.900     5.50450  
147.000     5.50780  
147.100     5.51109  
147.200     5.51439  
147.300     5.51768  
147.400     5.52097  
147.500     5.52426  
147.600     5.52755  
147.700     5.53084  
147.800     5.53413  
147.900     5.53741  
148.000     5.54069  
148.100     5.54398  
148.200     5.54726  
148.300     5.55053  
148.400     5.55381  
148.500     5.55709  
148.600     5.56036  
148.700     5.56363  
148.800     5.56690  
148.900     5.57017  
149.000     5.57344  
149.100     5.57671  
149.200     5.57997  
149.300     5.58323  
149.400     5.58649  
149.500     5.58975  
149.600     5.59301  
149.700     5.59627  
149.800     5.59953  
149.900     5.60278  
150.000     5.60603  
150.100     5.60928  
150.200     5.61253  
150.300     5.61578  
150.400     5.61902  
150.500     5.62227  
150.600     5.62551  
150.700     5.62875  
150.800     5.63199  
150.900     5.63523  
151.000     5.63847  
151.100     5.64170  
151.200     5.64494  
151.300     5.64817  
151.400     5.65140  
151.500     5.65463  
151.600     5.65786  
151.700     5.66108  
151.800     5.66431  
151.900     5.66753  
152.000     5.67075  
152.100     5.67397  
152.200     5.67719  
152.300     5.68041  
152.400     5.68363  
152.500     5.68684  
152.600     5.69005  
152.700     5.69326  
152.800     5.69647  
152.900     5.69968  
153.000     5.70289  
153.100     5.70609  
153.200     5.70929  
153.300     5.71250  
153.400     5.71570  
153.500     5.71889  
153.600     5.72209  
153.700     5.72529  
153.800     5.72848  
153.900     5.73167  
154.000     5.73487  
154.100     5.73806  
154.200     5.74124  
154.300     5.74443  
154.400     5.74762  
154.500     5.75080  
154.600     5.75398  
154.700     5.75716  
154.800     5.76034  
154.900     5.76352  
155.000     5.76670  
155.100     5.76987  
155.200     5.77304  
155.300     5.77621  
155.400     5.77938  
155.500     5.78255  
155.600     5.78572  
155.700     5.78889  
155.800     5.79205  
155.900     5.79521  
156.000     5.79837  
156.100     5.80153  
156.200     5.80469  
156.300     5.80785  
156.400     5.81100  
156.500     5.81416  
156.600     5.81731  
156.700     5.82046  
156.800     5.82361  
156.900     5.82676  
157.000     5.82990  
157.100     5.83305  
157.200     5.83619  
157.300     5.83933  
157.400     5.84247  
157.500     5.84561  
157.600     5.84875  
157.700     5.85188  
157.800     5.85502  
157.900     5.85815  
158.000     5.86128  
158.100     5.86441  
158.200     5.86754  
158.300     5.87067  
158.400     5.87379  
158.500     5.87692  
158.600     5.88004  
158.700     5.88316  
158.800     5.88628  
158.900     5.88940  
159.000     5.89251  
159.100     5.89563  
159.200     5.89874  
159.300     5.90185  
159.400     5.90496  
159.500     5.90807  
159.600     5.91118  
159.700     5.91428  
159.800     5.91739  
159.900     5.92049  
160.000     5.92359  
160.100     5.92669  
160.200     5.92979  
160.300     5.93289  
160.400     5.93599  
160.500     5.93908  
160.600     5.94217  
160.700     5.94526  
160.800     5.94835  
160.900     5.95144  
161.000     5.95453  
161.100     5.95761  
161.200     5.96070  
161.300     5.96378  
161.400     5.96686  
161.500     5.96994  
161.600     5.97302  
161.700     5.97610  
161.800     5.97917  
161.900     5.98225  
162.000     5.98532  
162.100     5.98839  
162.200     5.99146  
162.300     5.99453  
162.400     5.99759  
162.500     6.00066  
162.600     6.00372  
162.700     6.00678  
162.800     6.00985  
162.900     6.01291  
163.000     6.01596  
163.100     6.01902  
163.200     6.02207  
163.300     6.02513  
163.400     6.02818  
163.500     6.03123  
163.600     6.03428  
163.700     6.03733  
163.800     6.04037  
163.900     6.04342  
164.000     6.04646  
164.100     6.04950  
164.200     6.05254  
164.300     6.05558  
164.400     6.05862  
164.500     6.06166  
164.600     6.06469  
164.700     6.06773  
164.800     6.07076  
164.900     6.07379  
165.000     6.07682  
165.100     6.07984  
165.200     6.08287  
165.300     6.08590  
165.400     6.08892  
165.500     6.09194  
165.600     6.09496  
165.700     6.09798  
165.800     6.10100  
165.900     6.10402  
166.000     6.10703  
166.100     6.11004  
166.200     6.11306  
166.300     6.11607  
166.400     6.11908  
166.500     6.12208  
166.600     6.12509  
166.700     6.12809  
166.800     6.13110  
166.900     6.13410  
167.000     6.13710  
167.100     6.14010  
167.200     6.14310  
167.300     6.14610  
167.400     6.14909  
167.500     6.15208  
167.600     6.15508  
167.700     6.15807  
167.800     6.16106  
167.900     6.16405  
168.000     6.16703  
168.100     6.17002  
168.200     6.17300  
168.300     6.17598  
168.400     6.17897  
168.500     6.18194  
168.600     6.18492  
168.700     6.18790  
168.800     6.19088  
168.900     6.19385  
169.000     6.19682  
169.100     6.19979  
169.200     6.20276  
169.300     6.20573  
169.400     6.20870  
169.500     6.21167  
169.600     6.21463  
169.700     6.21759  
169.800     6.22056  
169.900     6.22352  
170.000     6.22647  
170.100     6.22943  
170.200     6.23239  
170.300     6.23534  
170.400     6.23830  
170.500     6.24125  
170.600     6.24420  
170.700     6.24715  
170.800     6.25010  
170.900     6.25304  
171.000     6.25599  
171.100     6.25893  
171.200     6.26188  
171.300     6.26482  
171.400     6.26776  
171.500     6.27070  
171.600     6.27363  
171.700     6.27657  
171.800     6.27950  
171.900     6.28244  
172.000     6.28537  
172.100     6.28830  
172.200     6.29123  
172.300     6.29415  
172.400     6.29708  
172.500     6.30001  
172.600     6.30293  
172.700     6.30585  
172.800     6.30877  
172.900     6.31169  
173.000     6.31461  
173.100     6.31753  
173.200     6.32044  
173.300     6.32336  
173.400     6.32627  
173.500     6.32918  
173.600     6.33209  
173.700     6.33500  
173.800     6.33791  
173.900     6.34081  
174.000     6.34372  
174.100     6.34662  
174.200     6.34952  
174.300     6.35242  
174.400     6.35532  
174.500     6.35822  
174.600     6.36112  
174.700     6.36401  
174.800     6.36691  
174.900     6.36980  
175.000     6.37269  
175.100     6.37558  
175.200     6.37847  
175.300     6.38136  
175.400     6.38424  
175.500     6.38713  
175.600     6.39001  
175.700     6.39289  
175.800     6.39578  
175.900     6.39865  
176.000     6.40153  
176.100     6.40441  
176.200     6.40729  
176.300     6.41016  
176.400     6.41303  
176.500     6.41590  
176.600     6.41878  
176.700     6.42164  
176.800     6.42451  
176.900     6.42738  
177.000     6.43024  
177.100     6.43311  
177.200     6.43597  
177.300     6.43883  
177.400     6.44169  
177.500     6.44455  
177.600     6.44741  
177.700     6.45027  
177.800     6.45312  
177.900     6.45597  
178.000     6.45883  
178.100     6.46168  
178.200     6.46453  
178.300     6.46738  
178.400     6.47022  
178.500     6.47307  
178.600     6.47591  
178.700     6.47876  
178.800     6.48160  
178.900     6.48444  
179.000     6.48728  
179.100     6.49012  
179.200     6.49295  
179.300     6.49579  
179.400     6.49862  
179.500     6.50146  
179.600     6.50429  
179.700     6.50712  
179.800     6.50995  
179.900     6.51278  
180.000     6.51560  
180.100     6.51843  
180.200     6.52125  
180.300     6.52408  
180.400     6.52690  
180.500     6.52972  
180.600     6.53254  
180.700     6.53536  
180.800     6.53817  
180.900     6.54099  
181.000     6.54380  
181.100     6.54662  
181.200     6.54943  
181.300     6.55224  
181.400     6.55505  
181.500     6.55786  
181.600     6.56066  
181.700     6.56347  
181.800     6.56627  
181.900     6.56908  
182.000     6.57188  
182.100     6.57468  
182.200     6.57748  
182.300     6.58028  
182.400     6.58307  
182.500     6.58587  
182.600     6.58866  
182.700     6.59146  
182.800     6.59425  
182.900     6.59704  
183.000     6.59983  
183.100     6.60262  
183.200     6.60540  
183.300     6.60819  
183.400     6.61097  
183.500     6.61376  
183.600     6.61654  
183.700     6.61932  
183.800     6.62210  
183.900     6.62488  
184.000     6.62766  
184.100     6.63043  
184.200     6.63321  
184.300     6.63598  
184.400     6.63875  
184.500     6.64152  
184.600     6.64429  
184.700     6.64706  
184.800     6.64983  
184.900     6.65260  
185.000     6.65536  
185.100     6.65813  
185.200     6.66089  
185.300     6.66365  
185.400     6.66641  
185.500     6.66917  
185.600     6.67193  
185.700     6.67469  
185.800     6.67744  
185.900     6.68020  
186.000     6.68295  
186.100     6.68570  
186.200     6.68845  
186.300     6.69120  
186.400     6.69395  
186.500     6.69670  
186.600     6.69945  
186.700     6.70219  
186.800     6.70493  
186.900     6.70768  
187.000     6.71042  
187.100     6.71316  
187.200     6.71590  
187.300     6.71864  
187.400     6.72137  
187.500     6.72411  
187.600     6.72684  
187.700     6.72958  
187.800     6.73231  
187.900     6.73504  
188.000     6.73777  
188.100     6.74050  
188.200     6.74323  
188.300     6.74595  
188.400     6.74868  
188.500     6.75140  
188.600     6.75413  
188.700     6.75685  
188.800     6.75957  
188.900     6.76229  
189.000     6.76501  
189.100     6.76772  
189.200     6.77044  
189.300     6.77316  
189.400     6.77587  
189.500     6.77858  
189.600     6.78129  
189.700     6.78400  
189.800     6.78671  
189.900     6.78942  
190.000     6.79213  
190.100     6.79483  
190.200     6.79754  
190.300     6.80024  
190.400     6.80294  
190.500     6.80565  
190.600     6.80835  
190.700     6.81105  
190.800     6.81374  
190.900     6.81644  
191.000     6.81914  
191.100     6.82183  
191.200     6.82452  
191.300     6.82722  
191.400     6.82991  
191.500     6.83260  
191.600     6.83529  
191.700     6.83797  
191.800     6.84066  
191.900     6.84335  
192.000     6.84603  
192.100     6.84872  
192.200     6.85140  
192.300     6.85408  
192.400     6.85676  
192.500     6.85944  
192.600     6.86212  
192.700     6.86479  
192.800     6.86747  
192.900     6.87014  
193.000     6.87282  
193.100     6.87549  
193.200     6.87816  
193.300     6.88083  
193.400     6.88350  
193.500     6.88617  
193.600     6.88884  
193.700     6.89150  
193.800     6.89417  
193.900     6.89683  
194.000     6.89949  
194.100     6.90216  
194.200     6.90482  
194.300     6.90748  
194.400     6.91014  
194.500     6.91279  
194.600     6.91545  
194.700     6.91811  
194.800     6.92076  
194.900     6.92341  
195.000     6.92607  
195.100     6.92872  
195.200     6.93137  
195.300     6.93402  
195.400     6.93666  
195.500     6.93931  
195.600     6.94196  
195.700     6.94460  
195.800     6.94724  
195.900     6.94989  
196.000     6.95253  
196.100     6.95517  
196.200     6.95781  
196.300     6.96045  
196.400     6.96309  
196.500     6.96572  
196.600     6.96836  
196.700     6.97099  
196.800     6.97362  
196.900     6.97626  
197.000     6.97889  
197.100     6.98152  
197.200     6.98415  
197.300     6.98678  
197.400     6.98940  
197.500     6.99203  
197.600     6.99465  
197.700     6.99728  
197.800     6.99990  
197.900     7.00252  
198.000     7.00514  
198.100     7.00776  
198.200     7.01038  
198.300     7.01300  
198.400     7.01562  
198.500     7.01823  
198.600     7.02085  
198.700     7.02346  
198.800     7.02608  
198.900     7.02869  
199.000     7.03130  
199.100     7.03391  
199.200     7.03652  
199.300     7.03913  
199.400     7.04173  
199.500     7.04434  
199.600     7.04694  
199.700     7.04955  
199.800     7.05215  
199.900     7.05475  
200.000     7.05735  
200.100     7.05995  
200.200     7.06255  
200.300     7.06515  
200.400     7.06775  
200.500     7.07034  
200.600     7.07294  
200.700     7.07553  
200.800     7.07813  
200.900     7.08072  
201.000     7.08331  
201.100     7.08590  
201.200     7.08849  
201.300     7.09108  
201.400     7.09366  
201.500     7.09625  
201.600     7.09884  
201.700     7.10142  
201.800     7.10400  
201.900     7.10659  
202.000     7.10917  
202.100     7.11175  
202.200     7.11433  
202.300     7.11691  
202.400     7.11948  
202.500     7.12206  
202.600     7.12464  
202.700     7.12721  
202.800     7.12978  
202.900     7.13236  
203.000     7.13493  
203.100     7.13750  
203.200     7.14007  
203.300     7.14264  
203.400     7.14521  
203.500     7.14778  
203.600     7.15034  
203.700     7.15291  
203.800     7.15547  
203.900     7.15804  
204.000     7.16060  
204.100     7.16316  
204.200     7.16572  
204.300     7.16828  
204.400     7.17084  
204.500     7.17340  
204.600     7.17595  
204.700     7.17851  
204.800     7.18107  
204.900     7.18362  
205.000     7.18617  
205.100     7.18873  
205.200     7.19128  
205.300     7.19383  
205.400     7.19638  
205.500     7.19893  
205.600     7.20148  
205.700     7.20402  
205.800     7.20657  
205.900     7.20911  
206.000     7.21166  
206.100     7.21420  
206.200     7.21674  
206.300     7.21929  
206.400     7.22183  
206.500     7.22437  
206.600     7.22691  
206.700     7.22944  
206.800     7.23198  
206.900     7.23452  
207.000     7.23705  
207.100     7.23959  
207.200     7.24212  
207.300     7.24466  
207.400     7.24719  
207.500     7.24972  
207.600     7.25225  
207.700     7.25478  
207.800     7.25731  
207.900     7.25983  
208.000     7.26236  
208.100     7.26489  
208.200     7.26741  
208.300     7.26994  
208.400     7.27246  
208.500     7.27498  
208.600     7.27750  
208.700     7.28002  
208.800     7.28254  
208.900     7.28506  
209.000     7.28758  
209.100     7.29010  
209.200     7.29262  
209.300     7.29513  
209.400     7.29765  
209.500     7.30016  
209.600     7.30267  
209.700     7.30519  
209.800     7.30770  
209.900     7.31021  
210.000     7.31272  
210.100     7.31523  
210.200     7.31773  
210.300     7.32024  
210.400     7.32275  
210.500     7.32525  
210.600     7.32776  
210.700     7.33026  
210.800     7.33277  
210.900     7.33527  
211.000     7.33777  
211.100     7.34027  
211.200     7.34277  
211.300     7.34527  
211.400     7.34777  
211.500     7.35026  
211.600     7.35276  
211.700     7.35526  
211.800     7.35775  
211.900     7.36025  
212.000     7.36274  
212.100     7.36523  
212.200     7.36772  
212.300     7.37021  
212.400     7.37270  
212.500     7.37519  
212.600     7.37768  
212.700     7.38017  
212.800     7.38266  
212.900     7.38514  
213.000     7.38763  
213.100     7.39011  
213.200     7.39260  
213.300     7.39508  
213.400     7.39756  
213.500     7.40004  
213.600     7.40252  
213.700     7.40500  
213.800     7.40748  
213.900     7.40996  
214.000     7.41244  
214.100     7.41492  
214.200     7.41739  
214.300     7.41987  
214.400     7.42234  
214.500     7.42482  
214.600     7.42729  
214.700     7.42976  
214.800     7.43223  
214.900     7.43470  
215.000     7.43717  
215.100     7.43964  
215.200     7.44211  
215.300     7.44458  
215.400     7.44705  
215.500     7.44951  
215.600     7.45198  
215.700     7.45444  
215.800     7.45691  
215.900     7.45937  
216.000     7.46183  
216.100     7.46429  
216.200     7.46675  
216.300     7.46921  
216.400     7.47167  
216.500     7.47413  
216.600     7.47659  
216.700     7.47905  
216.800     7.48150  
216.900     7.48396  
217.000     7.48641  
217.100     7.48887  
217.200     7.49132  
217.300     7.49377  
217.400     7.49623  
217.500     7.49868  
217.600     7.50113  
217.700     7.50358  
217.800     7.50603  
217.900     7.50848  
218.000     7.51092  
218.100     7.51337  
218.200     7.51582  
218.300     7.51826  
218.400     7.52071  
218.500     7.52315  
218.600     7.52560  
218.700     7.52804  
218.800     7.53048  
218.900     7.53292  
219.000     7.53536  
219.100     7.53780  
219.200     7.54024  
219.300     7.54268  
219.400     7.54512  
219.500     7.54756  
219.600     7.55000  
219.700     7.55243  
219.800     7.55487  
219.900     7.55730  
220.000     7.55973  
220.100     7.56217  
220.200     7.56460  
220.300     7.56703  
220.400     7.56946  
220.500     7.57189  
220.600     7.57432  
220.700     7.57675  
220.800     7.57918  
220.900     7.58161  
221.000     7.58404  
221.100     7.58646  
221.200     7.58889  
221.300     7.59132  
221.400     7.59374  
221.500     7.59616  
221.600     7.59859  
221.700     7.60101  
221.800     7.60343  
221.900     7.60585  
222.000     7.60827  
222.100     7.61069  
222.200     7.61311  
222.300     7.61553  
222.400     7.61795  
222.500     7.62037  
222.600     7.62278  
222.700     7.62520  
222.800     7.62762  
222.900     7.63003  
223.000     7.63244  
223.100     7.63486  
223.200     7.63727  
223.300     7.63968  
223.400     7.64210  
223.500     7.64451  
223.600     7.64692  
223.700     7.64933  
223.800     7.65174  
223.900     7.65414  
224.000     7.65655  
224.100     7.65896  
224.200     7.66137  
224.300     7.66377  
224.400     7.66618  
224.500     7.66858  
224.600     7.67099  
224.700     7.67339  
224.800     7.67579  
224.900     7.67820  
225.000     7.68060  
225.100     7.68300  
225.200     7.68540  
225.300     7.68780  
225.400     7.69020  
225.500     7.69260  
225.600     7.69500  
225.700     7.69740  
225.800     7.69979  
225.900     7.70219  
226.000     7.70459  
226.100     7.70698  
226.200     7.70938  
226.300     7.71177  
226.400     7.71416  
226.500     7.71656  
226.600     7.71895  
226.700     7.72134  
226.800     7.72373  
226.900     7.72612  
227.000     7.72851  
227.100     7.73090  
227.200     7.73329  
227.300     7.73568  
227.400     7.73807  
227.500     7.74046  
227.600     7.74284  
227.700     7.74523  
227.800     7.74761  
227.900     7.75000  
228.000     7.75238  
228.100     7.75477  
228.200     7.75715  
228.300     7.75954  
228.400     7.76192  
228.500     7.76430  
228.600     7.76668  
228.700     7.76906  
228.800     7.77144  
228.900     7.77382  
229.000     7.77620  
229.100     7.77858  
229.200     7.78096  
229.300     7.78333  
229.400     7.78571  
229.500     7.78809  
229.600     7.79046  
229.700     7.79284  
229.800     7.79521  
229.900     7.79759  
230.000     7.79996  
230.100     7.80234  
230.200     7.80471  
230.300     7.80708  
230.400     7.80945  
230.500     7.81182  
230.600     7.81420  
230.700     7.81657  
230.800     7.81894  
230.900     7.82130  
231.000     7.82367  
231.100     7.82604  
231.200     7.82841  
231.300     7.83078  
231.400     7.83314  
231.500     7.83551  
231.600     7.83788  
231.700     7.84024  
231.800     7.84260  
231.900     7.84497  
232.000     7.84733  
232.100     7.84970  
232.200     7.85206  
232.300     7.85442  
232.400     7.85678  
232.500     7.85914  
232.600     7.86151  
232.700     7.86387  
232.800     7.86623  
232.900     7.86858  
233.000     7.87094  
233.100     7.87330  
233.200     7.87566  
233.300     7.87802  
233.400     7.88037  
233.500     7.88273  
233.600     7.88509  
233.700     7.88744  
233.800     7.88980  
233.900     7.89215  
234.000     7.89451  
234.100     7.89686  
234.200     7.89921  
234.300     7.90157  
234.400     7.90392  
234.500     7.90627  
234.600     7.90862  
234.700     7.91097  
234.800     7.91333  
234.900     7.91568  
235.000     7.91802  
235.100     7.92037  
235.200     7.92272  
235.300     7.92507  
235.400     7.92742  
235.500     7.92977  
235.600     7.93211  
235.700     7.93446  
235.800     7.93681  
235.900     7.93915  
236.000     7.94150  
236.100     7.94384  
236.200     7.94619  
236.300     7.94853  
236.400     7.95088  
236.500     7.95322  
236.600     7.95556  
236.700     7.95790  
236.800     7.96025  
236.900     7.96259  
237.000     7.96493  
237.100     7.96727  
237.200     7.96961  
237.300     7.97195  
237.400     7.97429  
237.500     7.97663  
237.600     7.97897  
237.700     7.98131  
237.800     7.98364  
237.900     7.98598  
238.000     7.98832  
238.100     7.99066  
238.200     7.99299  
238.300     7.99533  
238.400     7.99766  
238.500     8.00000  
238.600     8.00233  
238.700     8.00467  
238.800     8.00700  
238.900     8.00934  
239.000     8.01167  
239.100     8.01400  
239.200     8.01634  
239.300     8.01867  
239.400     8.02100  
239.500     8.02333  
239.600     8.02566  
239.700     8.02799  
239.800     8.03032  
239.900     8.03265  
240.000     8.03498  
240.100     8.03731  
240.200     8.03964  
240.300     8.04197  
240.400     8.04430  
240.500     8.04662  
240.600     8.04895  
240.700     8.05128  
240.800     8.05361  
240.900     8.05593  
241.000     8.05826  
241.100     8.06058  
241.200     8.06291  
241.300     8.06523  
241.400     8.06756  
241.500     8.06988  
241.600     8.07221  
241.700     8.07453  
241.800     8.07685  
241.900     8.07918  
242.000     8.08150  
242.100     8.08382  
242.200     8.08614  
242.300     8.08846  
242.400     8.09079  
242.500     8.09311  
242.600     8.09543  
242.700     8.09775  
242.800     8.10007  
242.900     8.10239  
243.000     8.10471  
243.100     8.10703  
243.200     8.10934  
243.300     8.11166  
243.400     8.11398  
243.500     8.11630  
243.600     8.11862  
243.700     8.12093  
243.800     8.12325  
243.900     8.12557  
244.000     8.12788  
244.100     8.13020  
244.200     8.13251  
244.300     8.13483  
244.400     8.13715  
244.500     8.13946  
244.600     8.14177  
244.700     8.14409  
244.800     8.14640  
244.900     8.14872  
245.000     8.15103  
245.100     8.15334  
245.200     8.15565  
245.300     8.15797  
245.400     8.16028  
245.500     8.16259  
245.600     8.16490  
245.700     8.16721  
245.800     8.16952  
245.900     8.17184  
246.000     8.17415  
246.100     8.17646  
246.200     8.17877  
246.300     8.18108  
246.400     8.18339  
246.500     8.18569  
246.600     8.18800  
246.700     8.19031  
246.800     8.19262  
246.900     8.19493  
247.000     8.19724  
247.100     8.19954  
247.200     8.20185  
247.300     8.20416  
247.400     8.20646  
247.500     8.20877  
247.600     8.21108  
247.700     8.21338  
247.800     8.21569  
247.900     8.21800  
248.000     8.22030  
248.100     8.22261  
248.200     8.22491  
248.300     8.22721  
248.400     8.22952  
248.500     8.23182  
248.600     8.23413  
248.700     8.23643  
248.800     8.23873  
248.900     8.24104  
249.000     8.24334  
249.100     8.24564  
249.200     8.24795  
249.300     8.25025  
249.400     8.25255  
249.500     8.25485  
249.600     8.25715  
249.700     8.25946  
249.800     8.26176  
249.900     8.26406  
250.000     8.26636  
250.100     8.26866  
250.200     8.27096  
250.300     8.27326  
250.400     8.27556  
250.500     8.27786  
250.600     8.28016  
250.700     8.28246  
250.800     8.28476  
250.900     8.28706  
251.000     8.28935  
251.100     8.29165  
251.200     8.29395  
251.300     8.29625  
251.400     8.29855  
251.500     8.30085  
251.600     8.30314  
251.700     8.30544  
251.800     8.30774  
251.900     8.31003  
252.000     8.31233  
252.100     8.31463  
252.200     8.31692  
252.300     8.31922  
252.400     8.32152  
252.500     8.32381  
252.600     8.32611  
252.700     8.32840  
252.800     8.33070  
252.900     8.33299  
253.000     8.33529  
253.100     8.33758  
253.200     8.33988  
253.300     8.34217  
253.400     8.34447  
253.500     8.34676  
253.600     8.34906  
253.700     8.35135  
253.800     8.35364  
253.900     8.35594  
254.000     8.35823  
254.100     8.36053  
254.200     8.36282  
254.300     8.36511  
254.400     8.36740  
254.500     8.36970  
254.600     8.37199  
254.700     8.37428  
254.800     8.37657  
254.900     8.37887  
255.000     8.38116  
255.100     8.38345  
255.200     8.38574  
255.300     8.38803  
255.400     8.39033  
255.500     8.39262  
255.600     8.39491  
255.700     8.39720  
255.800     8.39949  
255.900     8.40178  
256.000     8.40407  
256.100     8.40636  
256.200     8.40865  
256.300     8.41094  
256.400     8.41323  
256.500     8.41552  
256.600     8.41781  
256.700     8.42010  
256.800     8.42239  
256.900     8.42468  
257.000     8.42697  
257.100     8.42926  
257.200     8.43155  
257.300     8.43384  
257.400     8.43613  
257.500     8.43842  
257.600     8.44071  
257.700     8.44300  
257.800     8.44529  
257.900     8.44758  
258.000     8.44986  
258.100     8.45215  
258.200     8.45444  
258.300     8.45673  
258.400     8.45902  
258.500     8.46131  
258.600     8.46359  
258.700     8.46588  
258.800     8.46817  
258.900     8.47046  
259.000     8.47275  
259.100     8.47503  
259.200     8.47732  
259.300     8.47961  
259.400     8.48190  
259.500     8.48418  
259.600     8.48647  
259.700     8.48876  
259.800     8.49105  
259.900     8.49333  
260.000     8.49562  
260.100     8.49791  
260.200     8.50019  
260.300     8.50248  
260.400     8.50477  
260.500     8.50705  
260.600     8.50934  
260.700     8.51163  
260.800     8.51391  
260.900     8.51620  
261.000     8.51849  
261.100     8.52077  
261.200     8.52306  
261.300     8.52535  
261.400     8.52763  
261.500     8.52992  
261.600     8.53221  
261.700     8.53449  
261.800     8.53678  
261.900     8.53906  
262.000     8.54135  
262.100     8.54364  
262.200     8.54592  
262.300     8.54821  
262.400     8.55049  
262.500     8.55278  
262.600     8.55507  
262.700     8.55735  
262.800     8.55964  
262.900     8.56192  
263.000     8.56421  
263.100     8.56650  
263.200     8.56878  
263.300     8.57107  
263.400     8.57335  
263.500     8.57564  
263.600     8.57792  
263.700     8.58021  
263.800     8.58250  
263.900     8.58478  
264.000     8.58707  
264.100     8.58935  
264.200     8.59164  
264.300     8.59392  
264.400     8.59621  
264.500     8.59850  
264.600     8.60078  
264.700     8.60307  
264.800     8.60535  
264.900     8.60764  
265.000     8.60992  
265.100     8.61221  
265.200     8.61450  
265.300     8.61678  
265.400     8.61907  
265.500     8.62135  
265.600     8.62364  
265.700     8.62593  
265.800     8.62821  
265.900     8.63050  
266.000     8.63278  
266.100     8.63507  
266.200     8.63736  
266.300     8.63964  
266.400     8.64193  
266.500     8.64421  
266.600     8.64650  
266.700     8.64879  
266.800     8.65107  
266.900     8.65336  
267.000     8.65564  
267.100     8.65793  
267.200     8.66022  
267.300     8.66250  
267.400     8.66479  
267.500     8.66708  
267.600     8.66936  
267.700     8.67165  
267.800     8.67394  
267.900     8.67622  
268.000     8.67851  
268.100     8.68080  
268.200     8.68308  
268.300     8.68537  
268.400     8.68766  
268.500     8.68994  
268.600     8.69223  
268.700     8.69452  
268.800     8.69680  
268.900     8.69909  
269.000     8.70138  
269.100     8.70367  
269.200     8.70595  
269.300     8.70824  
269.400     8.71053  
269.500     8.71282  
269.600     8.71510  
269.700     8.71739  
269.800     8.71968  
269.900     8.72197  
270.000     8.72426  
270.100     8.72654  
270.200     8.72883  
270.300     8.73112  
270.400     8.73341  
270.500     8.73570  
270.600     8.73799  
270.700     8.74027  
270.800     8.74256  
270.900     8.74485  
271.000     8.74714  
271.100     8.74943  
271.200     8.75172  
271.300     8.75401  
271.400     8.75630  
271.500     8.75859  
271.600     8.76088  
271.700     8.76317  
271.800     8.76546  
271.900     8.76775  
272.000     8.77004  
272.100     8.77233  
272.200     8.77462  
272.300     8.77691  
272.400     8.77920  
272.500     8.78149  
272.600     8.78378  
272.700     8.78607  
272.800     8.78836  
272.900     8.79065  
273.000     8.79294  
273.100     8.79523  
273.200     8.79753  
273.300     8.79982  
273.400     8.80211  
273.500     8.80440  
273.600     8.80669  
273.700     8.80898  
273.800     8.81128  
273.900     8.81357  
274.000     8.81586  
274.100     8.81815  
274.200     8.82045  
274.300     8.82274  
274.400     8.82503  
274.500     8.82733  
274.600     8.82962  
274.700     8.83191  
274.800     8.83421  
274.900     8.83650  
275.000     8.83879  
275.100     8.84109  
275.200     8.84338  
275.300     8.84568  
275.400     8.84797  
275.500     8.85027  
275.600     8.85256  
275.700     8.85486  
275.800     8.85715  
275.900     8.85945  
276.000     8.86174  
276.100     8.86404  
276.200     8.86633  
276.300     8.86863  
276.400     8.87093  
276.500     8.87322  
276.600     8.87552  
276.700     8.87781  
276.800     8.88011  
276.900     8.88241  
277.000     8.88471  
277.100     8.88700  
277.200     8.88930  
277.300     8.89160  
277.400     8.89390  
277.500     8.89619  
277.600     8.89849  
277.700     8.90079  
277.800     8.90309  
277.900     8.90539  
278.000     8.90769  
278.100     8.90999  
278.200     8.91229  
278.300     8.91459  
278.400     8.91689  
278.500     8.91919  
278.600     8.92149  
278.700     8.92379  
278.800     8.92609  
278.900     8.92839  
279.000     8.93069  
279.100     8.93299  
279.200     8.93529  
279.300     8.93759  
279.400     8.93990  
279.500     8.94220  
279.600     8.94450  
279.700     8.94680  
279.800     8.94910  
279.900     8.95141  
280.000     8.95371  
280.100     8.95601  
280.200     8.95832  
280.300     8.96062  
280.400     8.96293  
280.500     8.96523  
280.600     8.96753  
280.700     8.96984  
280.800     8.97214  
280.900     8.97445  
281.000     8.97676  
281.100     8.97906  
281.200     8.98137  
281.300     8.98367  
281.400     8.98598  
281.500     8.98829  
281.600     8.99059  
281.700     8.99290  
281.800     8.99521  
281.900     8.99751  
282.000     8.99982  
282.100     9.00213  
282.200     9.00444  
282.300     9.00675  
282.400     9.00906  
282.500     9.01137  
282.600     9.01367  
282.700     9.01598  
282.800     9.01829  
282.900     9.02060  
283.000     9.02291  
283.100     9.02523  
283.200     9.02754  
283.300     9.02985  
283.400     9.03216  
283.500     9.03447  
283.600     9.03678  
283.700     9.03909  
283.800     9.04141  
283.900     9.04372  
284.000     9.04603  
284.100     9.04835  
284.200     9.05066  
284.300     9.05297  
284.400     9.05529  
284.500     9.05760  
284.600     9.05992  
284.700     9.06223  
284.800     9.06455  
284.900     9.06686  
285.000     9.06918  
285.100     9.07149  
285.200     9.07381  
285.300     9.07613  
285.400     9.07844  
285.500     9.08076  
285.600     9.08308  
285.700     9.08540  
285.800     9.08771  
285.900     9.09003  
286.000     9.09235  
286.100     9.09467  
286.200     9.09699  
286.300     9.09931  
286.400     9.10163  
286.500     9.10395  
286.600     9.10627  
286.700     9.10859  
286.800     9.11091  
286.900     9.11323  
287.000     9.11556  
287.100     9.11788  
287.200     9.12020  
287.300     9.12252  
287.400     9.12485  
287.500     9.12717  
287.600     9.12949  
287.700     9.13182  
287.800     9.13414  
287.900     9.13647  
288.000     9.13879  
288.100     9.14112  
288.200     9.14344  
288.300     9.14577  
288.400     9.14809  
288.500     9.15042  
288.600     9.15275  
288.700     9.15507  
288.800     9.15740  
288.900     9.15973  
289.000     9.16206  
289.100     9.16439  
289.200     9.16671  
289.300     9.16904  
289.400     9.17137  
289.500     9.17370  
289.600     9.17603  
289.700     9.17836  
289.800     9.18070  
289.900     9.18303  
290.000     9.18536  
290.100     9.18769  
290.200     9.19002  
290.300     9.19235  
290.400     9.19469  
290.500     9.19702  
290.600     9.19936  
290.700     9.20169  
290.800     9.20402  
290.900     9.20636  
291.000     9.20869  
291.100     9.21103  
291.200     9.21337  
291.300     9.21570  
291.400     9.21804  
291.500     9.22037  
291.600     9.22271  
291.700     9.22505  
291.800     9.22739  
291.900     9.22973  
292.000     9.23207  
292.100     9.23440  
292.200     9.23674  
292.300     9.23908  
292.400     9.24142  
292.500     9.24377  
292.600     9.24611  
292.700     9.24845  
292.800     9.25079  
292.900     9.25313  
293.000     9.25547  
293.100     9.25782  
293.200     9.26016  
293.300     9.26250  
293.400     9.26485  
293.500     9.26719  
293.600     9.26954  
293.700     9.27188  
293.800     9.27423  
293.900     9.27658  
294.000     9.27892  
294.100     9.28127  
294.200     9.28362  
294.300     9.28596  
294.400     9.28831  
294.500     9.29066  
294.600     9.29301  
294.700     9.29536  
294.800     9.29771  
294.900     9.30006  
295.000     9.30241  
295.100     9.30476  
295.200     9.30711  
295.300     9.30946  
295.400     9.31182  
295.500     9.31417  
295.600     9.31652  
295.700     9.31888  
295.800     9.32123  
295.900     9.32358  
296.000     9.32594  
296.100     9.32829  
296.200     9.33065  
296.300     9.33301  
296.400     9.33536  
296.500     9.33772  
296.600     9.34008  
296.700     9.34243  
296.800     9.34479  
296.900     9.34715  
297.000     9.34951  
297.100     9.35187  
297.200     9.35423  
297.300     9.35659  
297.400     9.35895  
297.500     9.36131  
297.600     9.36367  
297.700     9.36603  
297.800     9.36840  
297.900     9.37076  
298.000     9.37312  
298.100     9.37549  
298.200     9.37785  
298.300     9.38022  
298.400     9.38258  
298.500     9.38495  
298.600     9.38731  
298.700     9.38968  
298.800     9.39205  
298.900     9.39442  
299.000     9.39678  
299.100     9.39915  
299.200     9.40152  
299.300     9.40389  
299.400     9.40626  
299.500     9.40863  
299.600     9.41100  
299.700     9.41337  
299.800     9.41574  
299.900     9.41812  
300.000     9.42049  
300.100     9.42286  
300.200     9.42523  
300.300     9.42761  
300.400     9.42998  
300.500     9.43236  
300.600     9.43473  
300.700     9.43711  
300.800     9.43949  
300.900     9.44186  
301.000     9.44424  
301.100     9.44662  
301.200     9.44900  
301.300     9.45138  
301.400     9.45375  
301.500     9.45613  
301.600     9.45851  
301.700     9.46090  
301.800     9.46328  
301.900     9.46566  
302.000     9.46804  
302.100     9.47042  
302.200     9.47281  
302.300     9.47519  
302.400     9.47757  
302.500     9.47996  
302.600     9.48234  
302.700     9.48473  
302.800     9.48712  
302.900     9.48950  
303.000     9.49189  
303.100     9.49428  
303.200     9.49667  
303.300     9.49905  
303.400     9.50144  
303.500     9.50383  
303.600     9.50622  
303.700     9.50861  
303.800     9.51101  
303.900     9.51340  
304.000     9.51579  
304.100     9.51818  
304.200     9.52058  
304.300     9.52297  
304.400     9.52536  
304.500     9.52776  
304.600     9.53016  
304.700     9.53255  
304.800     9.53495  
304.900     9.53734  
305.000     9.53974  
305.100     9.54214  
305.200     9.54454  
305.300     9.54694  
305.400     9.54934  
305.500     9.55174  
305.600     9.55414  
305.700     9.55654  
305.800     9.55894  
305.900     9.56134  
306.000     9.56375  
306.100     9.56615  
306.200     9.56855  
306.300     9.57096  
306.400     9.57336  
306.500     9.57577  
306.600     9.57817  
306.700     9.58058  
306.800     9.58299  
306.900     9.58540  
307.000     9.58780  
307.100     9.59021  
307.200     9.59262  
307.300     9.59503  
307.400     9.59744  
307.500     9.59985  
307.600     9.60227  
307.700     9.60468  
307.800     9.60709  
307.900     9.60950  
308.000     9.61192  
308.100     9.61433  
308.200     9.61675  
308.300     9.61916  
308.400     9.62158  
308.500     9.62400  
308.600     9.62641  
308.700     9.62883  
308.800     9.63125  
308.900     9.63367  
309.000     9.63609  
309.100     9.63851  
309.200     9.64093  
309.300     9.64335  
309.400     9.64577  
309.500     9.64819  
309.600     9.65062  
309.700     9.65304  
309.800     9.65546  
309.900     9.65789  
310.000     9.66031  
310.100     9.66274  
310.200     9.66517  
310.300     9.66759  
310.400     9.67002  
310.500     9.67245  
310.600     9.67488  
310.700     9.67731  
310.800     9.67974  
310.900     9.68217  
311.000     9.68460  
311.100     9.68703  
311.200     9.68946  
311.300     9.69190  
311.400     9.69433  
311.500     9.69676  
311.600     9.69920  
311.700     9.70163  
311.800     9.70407  
311.900     9.70651  
312.000     9.70894  
312.100     9.71138  
312.200     9.71382  
312.300     9.71626  
312.400     9.71870  
312.500     9.72114  
312.600     9.72358  
312.700     9.72602  
312.800     9.72846  
312.900     9.73090  
313.000     9.73335  
313.100     9.73579  
313.200     9.73824  
313.300     9.74068  
313.400     9.74313  
313.500     9.74557  
313.600     9.74802  
313.700     9.75047  
313.800     9.75292  
313.900     9.75536  
314.000     9.75781  
314.100     9.76026  
314.200     9.76271  
314.300     9.76517  
314.400     9.76762  
314.500     9.77007  
314.600     9.77252  
314.700     9.77498  
314.800     9.77743  
314.900     9.77989  
315.000     9.78234  
315.100     9.78480  
315.200     9.78726  
315.300     9.78971  
315.400     9.79217  
315.500     9.79463  
315.600     9.79709  
315.700     9.79955  
315.800     9.80201  
315.900     9.80447  
316.000     9.80694  
316.100     9.80940  
316.200     9.81186  
316.300     9.81433  
316.400     9.81679  
316.500     9.81926  
316.600     9.82172  
316.700     9.82419  
316.800     9.82666  
316.900     9.82912  
317.000     9.83159  
317.100     9.83406  
317.200     9.83653  
317.300     9.83900  
317.400     9.84147  
317.500     9.84395  
317.600     9.84642  
317.700     9.84889  
317.800     9.85137  
317.900     9.85384  
318.000     9.85632  
318.100     9.85879  
318.200     9.86127  
318.300     9.86375  
318.400     9.86622  
318.500     9.86870  
318.600     9.87118  
318.700     9.87366  
318.800     9.87614  
318.900     9.87862  
319.000     9.88110  
319.100     9.88359  
319.200     9.88607  
319.300     9.88855  
319.400     9.89104  
319.500     9.89352  
319.600     9.89601  
319.700     9.89850  
319.800     9.90099  
319.900     9.90347  
320.000     9.90596  
320.100     9.90845  
320.200     9.91094  
320.300     9.91343  
320.400     9.91592  
320.500     9.91842  
320.600     9.92091  
320.700     9.92340  
320.800     9.92590  
320.900     9.92839  
321.000     9.93089  
321.100     9.93338  
321.200     9.93588  
321.300     9.93838  
321.400     9.94088  
321.500     9.94338  
321.600     9.94588  
321.700     9.94838  
321.800     9.95088  
321.900     9.95338  
322.000     9.95588  
322.100     9.95839  
322.200     9.96089  
322.300     9.96340  
322.400     9.96590  
322.500     9.96841  
322.600     9.97091  
322.700     9.97342  
322.800     9.97593  
322.900     9.97844  
323.000     9.98095  
323.100     9.98346  
323.200     9.98597  
323.300     9.98848  
323.400     9.99100  
323.500     9.99351  
323.600     9.99602  
323.700     9.99854  
323.800    10.00105  
323.900    10.00357  
324.000    10.00609  
324.100    10.00860  
324.200    10.01112  
324.300    10.01364  
324.400    10.01616  
324.500    10.01868  
324.600    10.02120  
324.700    10.02373  
324.800    10.02625  
324.900    10.02877  
325.000    10.03130  
325.100    10.03382  
325.200    10.03635  
325.300    10.03887  
325.400    10.04140  
325.500    10.04393  
325.600    10.04646  
325.700    10.04899  
325.800    10.05152  
325.900    10.05405  
326.000    10.05658  
326.100    10.05911  
326.200    10.06164  
326.300    10.06418  
326.400    10.06671  
326.500    10.06925  
326.600    10.07178  
326.700    10.07432  
326.800    10.07686  
326.900    10.07940  
327.000    10.08194  
327.100    10.08448  
327.200    10.08702  
327.300    10.08956  
327.400    10.09210  
327.500    10.09464  
327.600    10.09719  
327.700    10.09973  
327.800    10.10228  
327.900    10.10482  
328.000    10.10737  
328.100    10.10992  
328.200    10.11247  
328.300    10.11501  
328.400    10.11756  
328.500    10.12011  
328.600    10.12267  
328.700    10.12522  
328.800    10.12777  
328.900    10.13032  
329.000    10.13288  
329.100    10.13543  
329.200    10.13799  
329.300    10.14055  
329.400    10.14310  
329.500    10.14566  
329.600    10.14822  
329.700    10.15078  
329.800    10.15334  
329.900    10.15590  
330.000    10.15847  
330.100    10.16103  
330.200    10.16359  
330.300    10.16616  
330.400    10.16872  
330.500    10.17129  
330.600    10.17385  
330.700    10.17642  
330.800    10.17899  
330.900    10.18156  
331.000    10.18413  
331.100    10.18670  
331.200    10.18927  
331.300    10.19184  
331.400    10.19442  
331.500    10.19699  
331.600    10.19957  
331.700    10.20214  
331.800    10.20472  
331.900    10.20729  
332.000    10.20987  
332.100    10.21245  
332.200    10.21503  
332.300    10.21761  
332.400    10.22019  
332.500    10.22277  
332.600    10.22536  
332.700    10.22794  
332.800    10.23052  
332.900    10.23311  
333.000    10.23569  
333.100    10.23828  
333.200    10.24087  
333.300    10.24346  
333.400    10.24605  
333.500    10.24864  
333.600    10.25123  
333.700    10.25382  
333.800    10.25641  
333.900    10.25900  
334.000    10.26160  
334.100    10.26419  
334.200    10.26679  
334.300    10.26938  
334.400    10.27198  
334.500    10.27458  
334.600    10.27718  
334.700    10.27978  
334.800    10.28238  
334.900    10.28498  
335.000    10.28758  
335.100    10.29018  
335.200    10.29279  
335.300    10.29539  
335.400    10.29800  
335.500    10.30061  
335.600    10.30321  
335.700    10.30582  
335.800    10.30843  
335.900    10.31104  
336.000    10.31365  
336.100    10.31626  
336.200    10.31887  
336.300    10.32149  
336.400    10.32410  
336.500    10.32671  
336.600    10.32933  
336.700    10.33195  
336.800    10.33456  
336.900    10.33718  
337.000    10.33980  
337.100    10.34242  
337.200    10.34504  
337.300    10.34766  
337.400    10.35028  
337.500    10.35291  
337.600    10.35553  
337.700    10.35815  
337.800    10.36078  
337.900    10.36341  
338.000    10.36603  
338.100    10.36866  
338.200    10.37129  
338.300    10.37392  
338.400    10.37655  
338.500    10.37918  
338.600    10.38181  
338.700    10.38445  
338.800    10.38708  
338.900    10.38972  
339.000    10.39235  
339.100    10.39499  
339.200    10.39763  
339.300    10.40026  
339.400    10.40290  
339.500    10.40554  
339.600    10.40818  
339.700    10.41083  
339.800    10.41347  
339.900    10.41611  
340.000    10.41876  
340.100    10.42140  
340.200    10.42405  
340.300    10.42669  
340.400    10.42934  
340.500    10.43199  
340.600    10.43464  
340.700    10.43729  
340.800    10.43994  
340.900    10.44259  
341.000    10.44525  
341.100    10.44790  
341.200    10.45056  
341.300    10.45321  
341.400    10.45587  
341.500    10.45852  
341.600    10.46118  
341.700    10.46384  
341.800    10.46650  
341.900    10.46916  
342.000    10.47182  
342.100    10.47449  
342.200    10.47715  
342.300    10.47981  
342.400    10.48248  
342.500    10.48515  
342.600    10.48781  
342.700    10.49048  
342.800    10.49315  
342.900    10.49582  
343.000    10.49849  
343.100    10.50116  
343.200    10.50383  
343.300    10.50651  
343.400    10.50918  
343.500    10.51186  
343.600    10.51453  
343.700    10.51721  
343.800    10.51989  
343.900    10.52257  
344.000    10.52524  
344.100    10.52793  
344.200    10.53061  
344.300    10.53329  
344.400    10.53597  
344.500    10.53866  
344.600    10.54134  
344.700    10.54403  
344.800    10.54671  
344.900    10.54940  
345.000    10.55209  
345.100    10.55478  
345.200    10.55747  
345.300    10.56016  
345.400    10.56285  
345.500    10.56555  
345.600    10.56824  
345.700    10.57093  
345.800    10.57363  
345.900    10.57633  
346.000    10.57902  
346.100    10.58172  
346.200    10.58442  
346.300    10.58712  
346.400    10.58982  
346.500    10.59253  
346.600    10.59523  
346.700    10.59793  
346.800    10.60064  
346.900    10.60334  
347.000    10.60605  
347.100    10.60876  
347.200    10.61147  
347.300    10.61418  
347.400    10.61689  
347.500    10.61960  
347.600    10.62231  
347.700    10.62502  
347.800    10.62774  
347.900    10.63045  
348.000    10.63317  
348.100    10.63588  
348.200    10.63860  
348.300    10.64132  
348.400    10.64404  
348.500    10.64676  
348.600    10.64948  
348.700    10.65221  
348.800    10.65493  
348.900    10.65765  
349.000    10.66038  
349.100    10.66310  
349.200    10.66583  
349.300    10.66856  
349.400    10.67129  
349.500    10.67402  
349.600    10.67675  
349.700    10.67948  
349.800    10.68221  
349.900    10.68495  
350.000    10.68768  