0.000     0.00000  
  0.100     0.00000  
  0.200     0.00000  
  0.300     0.00000  
  0.400     0.00000  
  0.500     0.00000  
  0.600     0.00000  
  0.700     0.00000  
  0.800     0.00000  
  0.900     0.00000  
  1.000     0.00000  
  1.100     0.00000  
  1.200     0.00000  
  1.300     0.00000  
  1.400     0.00000  
  1.500     0.00000  
  1.600     0.00000  
  1.700     0.00000  
  1.800     0.00000  
  1.900     0.00000  
  2.000     0.00000  
  2.100     0.00000  
  2.200     0.00000  
  2.300     0.00000  
  2.400     0.00000  
  2.500     0.00000  
  2.600     0.00000  
  2.700     0.00000  
  2.800     0.00000  
  2.900     0.00000  
  3.000     0.00000  
  3.100     0.00000  
  3.200     0.00000  
  3.300     0.00000  
  3.400     0.00000  
  3.500     0.00000  
  3.600     0.00000  
  3.700     0.00000  
  3.800     0.00000  
  3.900     0.00000  
  4.000     0.00000  
  4.100     0.00000  
  4.200     0.00000  
  4.300     0.00000  
  4.400     0.00000  
  4.500     0.00000  
  4.600     0.00000  
  4.700     0.00000  
  4.800     0.00000  
  4.900     0.00000  
  5.000     0.00000  
  5.100     0.00000  
  5.200     0.00000  
  5.300     0.00000  
  5.400     0.00000  
  5.500     0.00000  
  5.600     0.00000  
  5.700     0.00000  
  5.800     0.00000  
  5.900     0.00000  
  6.000     0.00000  
  6.100    -0.00001  
  6.200    -0.00001  
  6.300    -0.00001  
  6.400    -0.00001  
  6.500    -0.00001  
  6.600    -0.00001  
  6.700    -0.00001  
  6.800    -0.00001  
  6.900    -0.00001  
  7.000    -0.00001  
  7.100    -0.00001  
  7.200    -0.00001  
  7.300    -0.00001  
  7.400    -0.00001  
  7.500    -0.00001  
  7.600    -0.00002  
  7.700    -0.00002  
  7.800    -0.00002  
  7.900    -0.00002  
  8.000    -0.00002  
  8.100    -0.00002  
  8.200    -0.00002  
  8.300    -0.00002  
  8.400    -0.00003  
  8.500    -0.00003  
  8.600    -0.00003  
  8.700    -0.00003  
  8.800    -0.00003  
  8.900    -0.00003  
  9.000    -0.00004  
  9.100    -0.00004  
  9.200    -0.00004  
  9.300    -0.00004  
  9.400    -0.00004  
  9.500    -0.00005  
  9.600    -0.00005  
  9.700    -0.00005  
  9.800    -0.00005  
  9.900    -0.00006  
 10.000    -0.00006  
 10.100    -0.00006  
 10.200    -0.00006  
 10.300    -0.00007  
 10.400    -0.00007  
 10.500    -0.00007  
 10.600    -0.00008  
 10.700    -0.00008  
 10.800    -0.00008  
 10.900    -0.00009  
 11.000    -0.00009  
 11.100    -0.00009  
 11.200    -0.00010  
 11.300    -0.00010  
 11.400    -0.00011  
 11.500    -0.00011  
 11.600    -0.00012  
 11.700    -0.00012  
 11.800    -0.00012  
 11.900    -0.00013  
 12.000    -0.00013  
 12.100    -0.00014  
 12.200    -0.00014  
 12.300    -0.00015  
 12.400    -0.00015  
 12.500    -0.00016  
 12.600    -0.00017  
 12.700    -0.00017  
 12.800    -0.00018  
 12.900    -0.00018  
 13.000    -0.00019  
 13.100    -0.00020  
 13.200    -0.00020  
 13.300    -0.00021  
 13.400    -0.00022  
 13.500    -0.00022  
 13.600    -0.00023  
 13.700    -0.00024  
 13.800    -0.00025  
 13.900    -0.00025  
 14.000    -0.00026  
 14.100    -0.00027  
 14.200    -0.00028  
 14.300    -0.00029  
 14.400    -0.00030  
 14.500    -0.00030  
 14.600    -0.00031  
 14.700    -0.00032  
 14.800    -0.00033  
 14.900    -0.00034  
 15.000    -0.00035  
 15.100    -0.00036  
 15.200    -0.00037  
 15.300    -0.00038  
 15.400    -0.00039  
 15.500    -0.00040  
 15.600    -0.00041  
 15.700    -0.00042  
 15.800    -0.00043  
 15.900    -0.00044  
 16.000    -0.00046  
 16.100    -0.00047  
 16.200    -0.00048  
 16.300    -0.00049  
 16.400    -0.00050  
 16.500    -0.00052  
 16.600    -0.00053  
 16.700    -0.00054  
 16.800    -0.00056  
 16.900    -0.00057  
 17.000    -0.00058  
 17.100    -0.00060  
 17.200    -0.00061  
 17.300    -0.00063  
 17.400    -0.00064  
 17.500    -0.00065  
 17.600    -0.00067  
 17.700    -0.00068  
 17.800    -0.00070  
 17.900    -0.00072  
 18.000    -0.00073  
 18.100    -0.00075  
 18.200    -0.00076  
 18.300    -0.00078  
 18.400    -0.00080  
 18.500    -0.00082  
 18.600    -0.00083  
 18.700    -0.00085  
 18.800    -0.00087  
 18.900    -0.00089  
 19.000    -0.00090  
 19.100    -0.00092  
 19.200    -0.00094  
 19.300    -0.00096  
 19.400    -0.00098  
 19.500    -0.00100  
 19.600    -0.00102  
 19.700    -0.00104  
 19.800    -0.00106  
 19.900    -0.00108  
 20.000    -0.00110  
 20.100    -0.00112  
 20.200    -0.00115  
 20.300    -0.00117  
 20.400    -0.00119  
 20.500    -0.00121  
 20.600    -0.00123  
 20.700    -0.00126  
 20.800    -0.00128  
 20.900    -0.00130  
 21.000    -0.00133  
 21.100    -0.00135  
 21.200    -0.00137  
 21.300    -0.00140  
 21.400    -0.00142  
 21.500    -0.00145  
 21.600    -0.00147  
 21.700    -0.00150  
 21.800    -0.00153  
 21.900    -0.00155  
 22.000    -0.00158  
 22.100    -0.00160  
 22.200    -0.00163  
 22.300    -0.00166  
 22.400    -0.00169  
 22.500    -0.00171  
 22.600    -0.00174  
 22.700    -0.00177  
 22.800    -0.00180  
 22.900    -0.00183  
 23.000    -0.00186  
 23.100    -0.00189  
 23.200    -0.00192  
 23.300    -0.00195  
 23.400    -0.00198  
 23.500    -0.00201  
 23.600    -0.00204  
 23.700    -0.00207  
 23.800    -0.00210  
 23.900    -0.00214  
 24.000    -0.00217  
 24.100    -0.00220  
 24.200    -0.00223  
 24.300    -0.00227  
 24.400    -0.00230  
 24.500    -0.00233  
 24.600    -0.00237  
 24.700    -0.00240  
 24.800    -0.00244  
 24.900    -0.00247  
 25.000    -0.00251  
 25.100    -0.00254  
 25.200    -0.00258  
 25.300    -0.00262  
 25.400    -0.00265  
 25.500    -0.00269  
 25.600    -0.00273  
 25.700    -0.00277  
 25.800    -0.00280  
 25.900    -0.00284  
 26.000    -0.00288  
 26.100    -0.00292  
 26.200    -0.00296  
 26.300    -0.00300  
 26.400    -0.00304  
 26.500    -0.00308  
 26.600    -0.00312  
 26.700    -0.00316  
 26.800    -0.00320  
 26.900    -0.00324  
 27.000    -0.00329  
 27.100    -0.00333  
 27.200    -0.00337  
 27.300    -0.00341  
 27.400    -0.00346  
 27.500    -0.00350  
 27.600    -0.00354  
 27.700    -0.00359  
 27.800    -0.00363  
 27.900    -0.00368  
 28.000    -0.00372  
 28.100    -0.00377  
 28.200    -0.00382  
 28.300    -0.00386  
 28.400    -0.00391  
 28.500    -0.00396  
 28.600    -0.00400  
 28.700    -0.00405  
 28.800    -0.00410  
 28.900    -0.00415  
 29.000    -0.00420  
 29.100    -0.00425  
 29.200    -0.00429  
 29.300    -0.00434  
 29.400    -0.00439  
 29.500    -0.00444  
 29.600    -0.00450  
 29.700    -0.00455  
 29.800    -0.00460  
 29.900    -0.00465  
 30.000    -0.00470  
 30.100    -0.00475  
 30.200    -0.00481  
 30.300    -0.00486  
 30.400    -0.00491  
 30.500    -0.00497  
 30.600    -0.00502  
 30.700    -0.00508  
 30.800    -0.00513  
 30.900    -0.00519  
 31.000    -0.00524  
 31.100    -0.00530  
 31.200    -0.00535  
 31.300    -0.00541  
 31.400    -0.00547  
 31.500    -0.00553  
 31.600    -0.00558  
 31.700    -0.00564  
 31.800    -0.00570  
 31.900    -0.00576  
 32.000    -0.00582  
 32.100    -0.00588  
 32.200    -0.00594  
 32.300    -0.00600  
 32.400    -0.00606  
 32.500    -0.00612  
 32.600    -0.00618  
 32.700    -0.00624  
 32.800    -0.00630  
 32.900    -0.00637  
 33.000    -0.00643  
 33.100    -0.00649  
 33.200    -0.00656  
 33.300    -0.00662  
 33.400    -0.00668  
 33.500    -0.00675  
 33.600    -0.00681  
 33.700    -0.00688  
 33.800    -0.00694  
 33.900    -0.00701  
 34.000    -0.00708  
 34.100    -0.00714  
 34.200    -0.00721  
 34.300    -0.00728  
 34.400    -0.00735  
 34.500    -0.00741  
 34.600    -0.00748  
 34.700    -0.00755  
 34.800    -0.00762  
 34.900    -0.00769  
 35.000    -0.00776  
 35.100    -0.00783  
 35.200    -0.00790  
 35.300    -0.00797  
 35.400    -0.00804  
 35.500    -0.00812  
 35.600    -0.00819  
 35.700    -0.00826  
 35.800    -0.00833  
 35.900    -0.00841  
 36.000    -0.00848  
 36.100    -0.00855  
 36.200    -0.00863  
 36.300    -0.00870  
 36.400    -0.00878  
 36.500    -0.00885  
 36.600    -0.00893  
 36.700    -0.00901  
 36.800    -0.00908  
 36.900    -0.00916  
 37.000    -0.00924  
 37.100    -0.00931  
 37.200    -0.00939  
 37.300    -0.00947  
 37.400    -0.00955  
 37.500    -0.00963  
 37.600    -0.00971  
 37.700    -0.00979  
 37.800    -0.00987  
 37.900    -0.00995  
 38.000    -0.01003  
 38.100    -0.01011  
 38.200    -0.01019  
 38.300    -0.01027  
 38.400    -0.01036  
 38.500    -0.01044  
 38.600    -0.01052  
 38.700    -0.01061  
 38.800    -0.01069  
 38.900    -0.01077  
 39.000    -0.01086  
 39.100    -0.01094  
 39.200    -0.01103  
 39.300    -0.01111  
 39.400    -0.01120  
 39.500    -0.01129  
 39.600    -0.01137  
 39.700    -0.01146  
 39.800    -0.01155  
 39.900    -0.01164  
 40.000    -0.01172  
 40.100    -0.01181  
 40.200    -0.01190  
 40.300    -0.01199  
 40.400    -0.01208  
 40.500    -0.01217  
 40.600    -0.01226  
 40.700    -0.01235  
 40.800    -0.01244  
 40.900    -0.01253  
 41.000    -0.01263  
 41.100    -0.01272  
 41.200    -0.01281  
 41.300    -0.01290  
 41.400    -0.01300  
 41.500    -0.01309  
 41.600    -0.01319  
 41.700    -0.01328  
 41.800    -0.01338  
 41.900    -0.01347  
 42.000    -0.01357  
 42.100    -0.01366  
 42.200    -0.01376  
 42.300    -0.01385  
 42.400    -0.01395  
 42.500    -0.01405  
 42.600    -0.01415  
 42.700    -0.01424  
 42.800    -0.01434  
 42.900    -0.01444  
 43.000    -0.01454  
 43.100    -0.01464  
 43.200    -0.01474  
 43.300    -0.01484  
 43.400    -0.01494  
 43.500    -0.01504  
 43.600    -0.01514  
 43.700    -0.01525  
 43.800    -0.01535  
 43.900    -0.01545  
 44.000    -0.01555  
 44.100    -0.01566  
 44.200    -0.01576  
 44.300    -0.01586  
 44.400    -0.01597  
 44.500    -0.01607  
 44.600    -0.01618  
 44.700    -0.01628  
 44.800    -0.01639  
 44.900    -0.01650  
 45.000    -0.01660  
 45.100    -0.01671  
 45.200    -0.01682  
 45.300    -0.01692  
 45.400    -0.01703  
 45.500    -0.01714  
 45.600    -0.01725  
 45.700    -0.01736  
 45.800    -0.01747  
 45.900    -0.01758  
 46.000    -0.01769  
 46.100    -0.01780  
 46.200    -0.01791  
 46.300    -0.01802  
 46.400    -0.01813  
 46.500    -0.01824  
 46.600    -0.01836  
 46.700    -0.01847  
 46.800    -0.01858  
 46.900    -0.01870  
 47.000    -0.01881  
 47.100    -0.01892  
 47.200    -0.01904  
 47.300    -0.01915  
 47.400    -0.01927  
 47.500    -0.01938  
 47.600    -0.01950  
 47.700    -0.01962  
 47.800    -0.01973  
 47.900    -0.01985  
 48.000    -0.01997  
 48.100    -0.02008  
 48.200    -0.02020  
 48.300    -0.02032  
 48.400    -0.02044  
 48.500    -0.02056  
 48.600    -0.02068  
 48.700    -0.02080  
 48.800    -0.02092  
 48.900    -0.02104  
 49.000    -0.02116  
 49.100    -0.02128  
 49.200    -0.02140  
 49.300    -0.02152  
 49.400    -0.02165  
 49.500    -0.02177  
 49.600    -0.02189  
 49.700    -0.02201  
 49.800    -0.02214  
 49.900    -0.02226  
 50.000    -0.02239  
 50.100    -0.02251  
 50.200    -0.02264  
 50.300    -0.02276  
 50.400    -0.02289  
 50.500    -0.02301  
 50.600    -0.02314  
 50.700    -0.02327  
 50.800    -0.02340  
 50.900    -0.02352  
 51.000    -0.02365  
 51.100    -0.02378  
 51.200    -0.02391  
 51.300    -0.02404  
 51.400    -0.02417  
 51.500    -0.02430  
 51.600    -0.02443  
 51.700    -0.02456  
 51.800    -0.02469  
 51.900    -0.02482  
 52.000    -0.02495  
 52.100    -0.02508  
 52.200    -0.02521  
 52.300    -0.02535  
 52.400    -0.02548  
 52.500    -0.02561  
 52.600    -0.02575  
 52.700    -0.02588  
 52.800    -0.02601  
 52.900    -0.02615  
 53.000    -0.02628  
 53.100    -0.02642  
 53.200    -0.02655  
 53.300    -0.02669  
 53.400    -0.02683  
 53.500    -0.02696  
 53.600    -0.02710  
 53.700    -0.02724  
 53.800    -0.02738  
 53.900    -0.02751  
 54.000    -0.02765  
 54.100    -0.02779  
 54.200    -0.02793  
 54.300    -0.02807  
 54.400    -0.02821  
 54.500    -0.02835  
 54.600    -0.02849  
 54.700    -0.02863  
 54.800    -0.02877  
 54.900    -0.02891  
 55.000    -0.02906  
 55.100    -0.02920  
 55.200    -0.02934  
 55.300    -0.02948  
 55.400    -0.02963  
 55.500    -0.02977  
 55.600    -0.02991  
 55.700    -0.03006  
 55.800    -0.03020  
 55.900    -0.03035  
 56.000    -0.03049  
 56.100    -0.03064  
 56.200    -0.03078  
 56.300    -0.03093  
 56.400    -0.03108  
 56.500    -0.03122  
 56.600    -0.03137  
 56.700    -0.03152  
 56.800    -0.03167  
 56.900    -0.03181  
 57.000    -0.03196  
 57.100    -0.03211  
 57.200    -0.03226  
 57.300    -0.03241  
 57.400    -0.03256  
 57.500    -0.03271  
 57.600    -0.03286  
 57.700    -0.03301  
 57.800    -0.03316  
 57.900    -0.03332  
 58.000    -0.03347  
 58.100    -0.03362  
 58.200    -0.03377  
 58.300    -0.03393  
 58.400    -0.03408  
 58.500    -0.03423  
 58.600    -0.03439  
 58.700    -0.03454  
 58.800    -0.03470  
 58.900    -0.03485  
 59.000    -0.03501  
 59.100    -0.03516  
 59.200    -0.03532  
 59.300    -0.03547  
 59.400    -0.03563  
 59.500    -0.03579  
 59.600    -0.03594  
 59.700    -0.03610  
 59.800    -0.03626  
 59.900    -0.03642  
 60.000    -0.03658  
 60.100    -0.03674  
 60.200    -0.03690  
 60.300    -0.03705  
 60.400    -0.03721  
 60.500    -0.03737  
 60.600    -0.03754  
 60.700    -0.03770  
 60.800    -0.03786  
 60.900    -0.03802  
 61.000    -0.03818  
 61.100    -0.03834  
 61.200    -0.03851  
 61.300    -0.03867  
 61.400    -0.03883  
 61.500    -0.03900  
 61.600    -0.03916  
 61.700    -0.03932  
 61.800    -0.03949  
 61.900    -0.03965  
 62.000    -0.03982  
 62.100    -0.03998  
 62.200    -0.04015  
 62.300    -0.04031  
 62.400    -0.04048  
 62.500    -0.04065  
 62.600    -0.04081  
 62.700    -0.04098  
 62.800    -0.04115  
 62.900    -0.04132  
 63.000    -0.04149  
 63.100    -0.04165  
 63.200    -0.04182  
 63.300    -0.04199  
 63.400    -0.04216  
 63.500    -0.04233  
 63.600    -0.04250  
 63.700    -0.04267  
 63.800    -0.04284  
 63.900    -0.04301  
 64.000    -0.04319  
 64.100    -0.04336  
 64.200    -0.04353  
 64.300    -0.04370  
 64.400    -0.04387  
 64.500    -0.04405  
 64.600    -0.04422  
 64.700    -0.04439  
 64.800    -0.04457  
 64.900    -0.04474  
 65.000    -0.04492  
 65.100    -0.04509  
 65.200    -0.04527  
 65.300    -0.04544  
 65.400    -0.04562  
 65.500    -0.04579  
 65.600    -0.04597  
 65.700    -0.04615  
 65.800    -0.04632  
 65.900    -0.04650  
 66.000    -0.04668  
 66.100    -0.04686  
 66.200    -0.04704  
 66.300    -0.04721  
 66.400    -0.04739  
 66.500    -0.04757  
 66.600    -0.04775  
 66.700    -0.04793  
 66.800    -0.04811  
 66.900    -0.04829  
 67.000    -0.04847  
 67.100    -0.04866  
 67.200    -0.04884  
 67.300    -0.04902  
 67.400    -0.04920  
 67.500    -0.04938  
 67.600    -0.04956  
 67.700    -0.04975  
 67.800    -0.04993  
 67.900    -0.05011  
 68.000    -0.05030  
 68.100    -0.05048  
 68.200    -0.05067  
 68.300    -0.05085  
 68.400    -0.05104  
 68.500    -0.05122  
 68.600    -0.05141  
 68.700    -0.05159  
 68.800    -0.05178  
 68.900    -0.05197  
 69.000    -0.05215  
 69.100    -0.05234  
 69.200    -0.05253  
 69.300    -0.05272  
 69.400    -0.05290  
 69.500    -0.05309  
 69.600    -0.05328  
 69.700    -0.05347  
 69.800    -0.05366  
 69.900    -0.05385  
 70.000    -0.05404  
 70.100    -0.05423  
 70.200    -0.05442  
 70.300    -0.05461  
 70.400    -0.05480  
 70.500    -0.05499  
 70.600    -0.05518  
 70.700    -0.05537  
 70.800    -0.05557  
 70.900    -0.05576  
 71.000    -0.05595  
 71.100    -0.05615  
 71.200    -0.05634  
 71.300    -0.05653  
 71.400    -0.05673  
 71.500    -0.05692  
 71.600    -0.05711  
 71.700    -0.05731  
 71.800    -0.05750  
 71.900    -0.05770  
 72.000    -0.05790  
 72.100    -0.05809  
 72.200    -0.05829  
 72.300    -0.05848  
 72.400    -0.05868  
 72.500    -0.05888  
 72.600    -0.05908  
 72.700    -0.05927  
 72.800    -0.05947  
 72.900    -0.05967  
 73.000    -0.05987  
 73.100    -0.06007  
 73.200    -0.06027  
 73.300    -0.06047  
 73.400    -0.06067  
 73.500    -0.06087  
 73.600    -0.06107  
 73.700    -0.06127  
 73.800    -0.06147  
 73.900    -0.06167  
 74.000    -0.06187  
 74.100    -0.06207  
 74.200    -0.06227  
 74.300    -0.06248  
 74.400    -0.06268  
 74.500    -0.06288  
 74.600    -0.06308  
 74.700    -0.06329  
 74.800    -0.06349  
 74.900    -0.06370  
 75.000    -0.06390  
 75.100    -0.06410  
 75.200    -0.06431  
 75.300    -0.06451  
 75.400    -0.06472  
 75.500    -0.06493  
 75.600    -0.06513  
 75.700    -0.06534  
 75.800    -0.06554  
 75.900    -0.06575  
 76.000    -0.06596  
 76.100    -0.06617  
 76.200    -0.06637  
 76.300    -0.06658  
 76.400    -0.06679  
 76.500    -0.06700  
 76.600    -0.06721  
 76.700    -0.06742  
 76.800    -0.06762  
 76.900    -0.06783  
 77.000    -0.06804  
 77.100    -0.06825  
 77.200    -0.06846  
 77.300    -0.06868  
 77.400    -0.06889  
 77.500    -0.06910  
 77.600    -0.06931  
 77.700    -0.06952  
 77.800    -0.06973  
 77.900    -0.06994  
 78.000    -0.07016  
 78.100    -0.07037  
 78.200    -0.07058  
 78.300    -0.07080  
 78.400    -0.07101  
 78.500    -0.07122  
 78.600    -0.07144  
 78.700    -0.07165  
 78.800    -0.07187  
 78.900    -0.07208  
 79.000    -0.07230  
 79.100    -0.07251  
 79.200    -0.07273  
 79.300    -0.07295  
 79.400    -0.07316  
 79.500    -0.07338  
 79.600    -0.07360  
 79.700    -0.07381  
 79.800    -0.07403  
 79.900    -0.07425  
 80.000    -0.07446  
 80.100    -0.07468  
 80.200    -0.07490  
 80.300    -0.07512  
 80.400    -0.07534  
 80.500    -0.07556  
 80.600    -0.07578  
 80.700    -0.07600  
 80.800    -0.07622  
 80.900    -0.07644  
 81.000    -0.07666  
 81.100    -0.07688  
 81.200    -0.07710  
 81.300    -0.07732  
 81.400    -0.07754  
 81.500    -0.07777  
 81.600    -0.07799  
 81.700    -0.07821  
 81.800    -0.07843  
 81.900    -0.07866  
 82.000    -0.07888  
 82.100    -0.07910  
 82.200    -0.07933  
 82.300    -0.07955  
 82.400    -0.07977  
 82.500    -0.08000  
 82.600    -0.08022  
 82.700    -0.08045  
 82.800    -0.08067  
 82.900    -0.08090  
 83.000    -0.08112  
 83.100    -0.08135  
 83.200    -0.08158  
 83.300    -0.08180  
 83.400    -0.08203  
 83.500    -0.08226  
 83.600    -0.08249  
 83.700    -0.08271  
 83.800    -0.08294  
 83.900    -0.08317  
 84.000    -0.08340  
 84.100    -0.08363  
 84.200    -0.08385  
 84.300    -0.08408  
 84.400    -0.08431  
 84.500    -0.08454  
 84.600    -0.08477  
 84.700    -0.08500  
 84.800    -0.08523  
 84.900    -0.08546  
 85.000    -0.08569  
 85.100    -0.08593  
 85.200    -0.08616  
 85.300    -0.08639  
 85.400    -0.08662  
 85.500    -0.08685  
 85.600    -0.08708  
 85.700    -0.08732  
 85.800    -0.08755  
 85.900    -0.08778  
 86.000    -0.08802  
 86.100    -0.08825  
 86.200    -0.08848  
 86.300    -0.08872  
 86.400    -0.08895  
 86.500    -0.08919  
 86.600    -0.08942  
 86.700    -0.08966  
 86.800    -0.08989  
 86.900    -0.09013  
 87.000    -0.09036  
 87.100    -0.09060  
 87.200    -0.09084  
 87.300    -0.09107  
 87.400    -0.09131  
 87.500    -0.09155  
 87.600    -0.09178  
 87.700    -0.09202  
 87.800    -0.09226  
 87.900    -0.09250  
 88.000    -0.09273  
 88.100    -0.09297  
 88.200    -0.09321  
 88.300    -0.09345  
 88.400    -0.09369  
 88.500    -0.09393  
 88.600    -0.09417  
 88.700    -0.09441  
 88.800    -0.09465  
 88.900    -0.09489  
 89.000    -0.09513  
 89.100    -0.09537  
 89.200    -0.09561  
 89.300    -0.09585  
 89.400    -0.09609  
 89.500    -0.09634  
 89.600    -0.09658  
 89.700    -0.09682  
 89.800    -0.09706  
 89.900    -0.09731  
 90.000    -0.09755  
 90.100    -0.09779  
 90.200    -0.09804  
 90.300    -0.09828  
 90.400    -0.09852  
 90.500    -0.09877  
 90.600    -0.09901  
 90.700    -0.09926  
 90.800    -0.09950  
 90.900    -0.09975  
 91.000    -0.09999  
 91.100    -0.10024  
 91.200    -0.10048  
 91.300    -0.10073  
 91.400    -0.10098  
 91.500    -0.10122  
 91.600    -0.10147  
 91.700    -0.10172  
 91.800    -0.10196  
 91.900    -0.10221  
 92.000    -0.10246  
 92.100    -0.10271  
 92.200    -0.10296  
 92.300    -0.10320  
 92.400    -0.10345  
 92.500    -0.10370  
 92.600    -0.10395  
 92.700    -0.10420  
 92.800    -0.10445  
 92.900    -0.10470  
 93.000    -0.10495  
 93.100    -0.10520  
 93.200    -0.10545  
 93.300    -0.10570  
 93.400    -0.10595  
 93.500    -0.10620  
 93.600    -0.10645  
 93.700    -0.10670  
 93.800    -0.10696  
 93.900    -0.10721  
 94.000    -0.10746  
 94.100    -0.10771  
 94.200    -0.10797  
 94.300    -0.10822  
 94.400    -0.10847  
 94.500    -0.10872  
 94.600    -0.10898  
 94.700    -0.10923  
 94.800    -0.10949  
 94.900    -0.10974  
 95.000    -0.10999  
 95.100    -0.11025  
 95.200    -0.11050  
 95.300    -0.11076  
 95.400    -0.11102  
 95.500    -0.11127  
 95.600    -0.11153  
 95.700    -0.11178  
 95.800    -0.11204  
 95.900    -0.11230  
 96.000    -0.11255  
 96.100    -0.11281  
 96.200    -0.11307  
 96.300    -0.11332  
 96.400    -0.11358  
 96.500    -0.11384  
 96.600    -0.11410  
 96.700    -0.11435  
 96.800    -0.11461  
 96.900    -0.11487  
 97.000    -0.11513  
 97.100    -0.11539  
 97.200    -0.11565  
 97.300    -0.11591  
 97.400    -0.11617  
 97.500    -0.11643  
 97.600    -0.11669  
 97.700    -0.11695  
 97.800    -0.11721  
 97.900    -0.11747  
 98.000    -0.11773  
 98.100    -0.11799  
 98.200    -0.11825  
 98.300    -0.11852  
 98.400    -0.11878  
 98.500    -0.11904  
 98.600    -0.11930  
 98.700    -0.11956  
 98.800    -0.11983  
 98.900    -0.12009  
 99.000    -0.12035  
 99.100    -0.12062  
 99.200    -0.12088  
 99.300    -0.12114  
 99.400    -0.12141  
 99.500    -0.12167  
 99.600    -0.12194  
 99.700    -0.12220  
 99.800    -0.12247  
 99.900    -0.12273  
100.000    -0.12300  
100.100    -0.12326  
100.200    -0.12353  
100.300    -0.12379  
100.400    -0.12406  
100.500    -0.12433  
100.600    -0.12459  
100.700    -0.12486  
100.800    -0.12513  
100.900    -0.12539  
101.000    -0.12566  
101.100    -0.12593  
101.200    -0.12619  
101.300    -0.12646  
101.400    -0.12673  
101.500    -0.12700  
101.600    -0.12727  
101.700    -0.12754  
101.800    -0.12781  
101.900    -0.12807  
102.000    -0.12834  
102.100    -0.12861  
102.200    -0.12888  
102.300    -0.12915  
102.400    -0.12942  
102.500    -0.12969  
102.600    -0.12996  
102.700    -0.13023  
102.800    -0.13051  
102.900    -0.13078  
103.000    -0.13105  
103.100    -0.13132  
103.200    -0.13159  
103.300    -0.13186  
103.400    -0.13214  
103.500    -0.13241  
103.600    -0.13268  
103.700    -0.13295  
103.800    -0.13323  
103.900    -0.13350  
104.000    -0.13377  
104.100    -0.13405  
104.200    -0.13432  
104.300    -0.13459  
104.400    -0.13487  
104.500    -0.13514  
104.600    -0.13542  
104.700    -0.13569  
104.800    -0.13597  
104.900    -0.13624  
105.000    -0.13652  
105.100    -0.13679  
105.200    -0.13707  
105.300    -0.13734  
105.400    -0.13762  
105.500    -0.13790  
105.600    -0.13817  
105.700    -0.13845  
105.800    -0.13873  
105.900    -0.13900  
106.000    -0.13928  
106.100    -0.13956  
106.200    -0.13984  
106.300    -0.14012  
106.400    -0.14039  
106.500    -0.14067  
106.600    -0.14095  
106.700    -0.14123  
106.800    -0.14151  
106.900    -0.14179  
107.000    -0.14207  
107.100    -0.14234  
107.200    -0.14262  
107.300    -0.14290  
107.400    -0.14318  
107.500    -0.14346  
107.600    -0.14374  
107.700    -0.14403  
107.800    -0.14431  
107.900    -0.14459  
108.000    -0.14487  
108.100    -0.14515  
108.200    -0.14543  
108.300    -0.14571  
108.400    -0.14599  
108.500    -0.14628  
108.600    -0.14656  
108.700    -0.14684  
108.800    -0.14712  
108.900    -0.14741  
109.000    -0.14769  
109.100    -0.14797  
109.200    -0.14826  
109.300    -0.14854  
109.400    -0.14882  
109.500    -0.14911  
109.600    -0.14939  
109.700    -0.14968  
109.800    -0.14996  
109.900    -0.15025  
110.000    -0.15053  
110.100    -0.15082  
110.200    -0.15110  
110.300    -0.15139  
110.400    -0.15167  
110.500    -0.15196  
110.600    -0.15224  
110.700    -0.15253  
110.800    -0.15282  
110.900    -0.15310  
111.000    -0.15339  
111.100    -0.15368  
111.200    -0.15396  
111.300    -0.15425  
111.400    -0.15454  
111.500    -0.15482  
111.600    -0.15511  
111.700    -0.15540  
111.800    -0.15569  
111.900    -0.15598  
112.000    -0.15626  
112.100    -0.15655  
112.200    -0.15684  
112.300    -0.15713  
112.400    -0.15742  
112.500    -0.15771  
112.600    -0.15800  
112.700    -0.15829  
112.800    -0.15858  
112.900    -0.15887  
113.000    -0.15916  
113.100    -0.15945  
113.200    -0.15974  
113.300    -0.16003  
113.400    -0.16032  
113.500    -0.16061  
113.600    -0.16090  
113.700    -0.16120  
113.800    -0.16149  
113.900    -0.16178  
114.000    -0.16207  
114.100    -0.16236  
114.200    -0.16266  
114.300    -0.16295  
114.400    -0.16324  
114.500    -0.16353  
114.600    -0.16383  
114.700    -0.16412  
114.800    -0.16441  
114.900    -0.16471  
115.000    -0.16500  
115.100    -0.16530  
115.200    -0.16559  
115.300    -0.16588  
115.400    -0.16618  
115.500    -0.16647  
115.600    -0.16677  
115.700    -0.16706  
115.800    -0.16736  
115.900    -0.16765  
116.000    -0.16795  
116.100    -0.16824  
116.200    -0.16854  
116.300    -0.16884  
116.400    -0.16913  
116.500    -0.16943  
116.600    -0.16972  
116.700    -0.17002  
116.800    -0.17032  
116.900    -0.17061  
117.000    -0.17091  
117.100    -0.17121  
117.200    -0.17151  
117.300    -0.17180  
117.400    -0.17210  
117.500    -0.17240  
117.600    -0.17270  
117.700    -0.17300  
117.800    -0.17329  
117.900    -0.17359  
118.000    -0.17389  
118.100    -0.17419  
118.200    -0.17449  
118.300    -0.17479  
118.400    -0.17509  
118.500    -0.17539  
118.600    -0.17569  
118.700    -0.17599  
118.800    -0.17629  
118.900    -0.17659  
119.000    -0.17689  
119.100    -0.17719  
119.200    -0.17749  
119.300    -0.17779  
119.400    -0.17809  
119.500    -0.17839  
119.600    -0.17870  
119.700    -0.17900  
119.800    -0.17930  
119.900    -0.17960  
120.000    -0.17990  
120.100    -0.18021  
120.200    -0.18051  
120.300    -0.18081  
120.400    -0.18111  
120.500    -0.18142  
120.600    -0.18172  
120.700    -0.18202  
120.800    -0.18233  
120.900    -0.18263  
121.000    -0.18293  
121.100    -0.18324  
121.200    -0.18354  
121.300    -0.18384  
121.400    -0.18415  
121.500    -0.18445  
121.600    -0.18476  
121.700    -0.18506  
121.800    -0.18537  
121.900    -0.18567  
122.000    -0.18598  
122.100    -0.18628  
122.200    -0.18659  
122.300    -0.18689  
122.400    -0.18720  
122.500    -0.18751  
122.600    -0.18781  
122.700    -0.18812  
122.800    -0.18843  
122.900    -0.18873  
123.000    -0.18904  
123.100    -0.18935  
123.200    -0.18965  
123.300    -0.18996  
123.400    -0.19027  
123.500    -0.19057  
123.600    -0.19088  
123.700    -0.19119  
123.800    -0.19150  
123.900    -0.19181  
124.000    -0.19211  
124.100    -0.19242  
124.200    -0.19273  
124.300    -0.19304  
124.400    -0.19335  
124.500    -0.19366  
124.600    -0.19397  
124.700    -0.19428  
124.800    -0.19459  
124.900    -0.19490  
125.000    -0.19521  
125.100    -0.19552  
125.200    -0.19583  
125.300    -0.19614  
125.400    -0.19645  
125.500    -0.19676  
125.600    -0.19707  
125.700    -0.19738  
125.800    -0.19769  
125.900    -0.19800  
126.000    -0.19831  
126.100    -0.19863  
126.200    -0.19894  
126.300    -0.19925  
126.400    -0.19956  
126.500    -0.19987  
126.600    -0.20019  
126.700    -0.20050  
126.800    -0.20081  
126.900    -0.20112  
127.000    -0.20144  
127.100    -0.20175  
127.200    -0.20206  
127.300    -0.20238  
127.400    -0.20269  
127.500    -0.20300  
127.600    -0.20332  
127.700    -0.20363  
127.800    -0.20394  
127.900    -0.20426  
128.000    -0.20457  
128.100    -0.20489  
128.200    -0.20520  
128.300    -0.20552  
128.400    -0.20583  
128.500    -0.20615  
128.600    -0.20646  
128.700    -0.20678  
128.800    -0.20709  
128.900    -0.20741  
129.000    -0.20772  
129.100    -0.20804  
129.200    -0.20835  
129.300    -0.20867  
129.400    -0.20899  
129.500    -0.20930  
129.600    -0.20962  
129.700    -0.20994  
129.800    -0.21025  
129.900    -0.21057  
130.000    -0.21089  
130.100    -0.21121  
130.200    -0.21152  
130.300    -0.21184  
130.400    -0.21216  
130.500    -0.21248  
130.600    -0.21279  
130.700    -0.21311  
130.800    -0.21343  
130.900    -0.21375  
131.000    -0.21407  
131.100    -0.21439  
131.200    -0.21470  
131.300    -0.21502  
131.400    -0.21534  
131.500    -0.21566  
131.600    -0.21598  
131.700    -0.21630  
131.800    -0.21662  
131.900    -0.21694  
132.000    -0.21726  
132.100    -0.21758  
132.200    -0.21790  
132.300    -0.21822  
132.400    -0.21854  
132.500    -0.21886  
132.600    -0.21918  
132.700    -0.21950  
132.800    -0.21982  
132.900    -0.22015  
133.000    -0.22047  
133.100    -0.22079  
133.200    -0.22111  
133.300    -0.22143  
133.400    -0.22175  
133.500    -0.22208  
133.600    -0.22240  
133.700    -0.22272  
133.800    -0.22304  
133.900    -0.22336  
134.000    -0.22369  
134.100    -0.22401  
134.200    -0.22433  
134.300    -0.22466  
134.400    -0.22498  
134.500    -0.22530  
134.600    -0.22563  
134.700    -0.22595  
134.800    -0.22627  
134.900    -0.22660  
135.000    -0.22692  
135.100    -0.22724  
135.200    -0.22757  
135.300    -0.22789  
135.400    -0.22822  
135.500    -0.22854  
135.600    -0.22887  
135.700    -0.22919  
135.800    -0.22952  
135.900    -0.22984  
136.000    -0.23017  
136.100    -0.23049  
136.200    -0.23082  
136.300    -0.23114  
136.400    -0.23147  
136.500    -0.23180  
136.600    -0.23212  
136.700    -0.23245  
136.800    -0.23277  
136.900    -0.23310  
137.000    -0.23343  
137.100    -0.23375  
137.200    -0.23408  
137.300    -0.23441  
137.400    -0.23473  
137.500    -0.23506  
137.600    -0.23539  
137.700    -0.23572  
137.800    -0.23604  
137.900    -0.23637  
138.000    -0.23670  
138.100    -0.23703  
138.200    -0.23735  
138.300    -0.23768  
138.400    -0.23801  
138.500    -0.23834  
138.600    -0.23867  
138.700    -0.23900  
138.800    -0.23933  
138.900    -0.23965  
139.000    -0.23998  
139.100    -0.24031  
139.200    -0.24064  
139.300    -0.24097  
139.400    -0.24130  
139.500    -0.24163  
139.600    -0.24196  
139.700    -0.24229  
139.800    -0.24262  
139.900    -0.24295  
140.000    -0.24328  
140.100    -0.24361  
140.200    -0.24394  
140.300    -0.24427  
140.400    -0.24460  
140.500    -0.24493  
140.600    -0.24527  
140.700    -0.24560  
140.800    -0.24593  
140.900    -0.24626  
141.000    -0.24659  
141.100    -0.24692  
141.200    -0.24725  
141.300    -0.24759  
141.400    -0.24792  
141.500    -0.24825  
141.600    -0.24858  
141.700    -0.24892  
141.800    -0.24925  
141.900    -0.24958  
142.000    -0.24991  
142.100    -0.25025  
142.200    -0.25058  
142.300    -0.25091  
142.400    -0.25124  
142.500    -0.25158  
142.600    -0.25191  
142.700    -0.25225  
142.800    -0.25258  
142.900    -0.25291  
143.000    -0.25325  
143.100    -0.25358  
143.200    -0.25391  
143.300    -0.25425  
143.400    -0.25458  
143.500    -0.25492  
143.600    -0.25525  
143.700    -0.25559  
143.800    -0.25592  
143.900    -0.25626  
144.000    -0.25659  
144.100    -0.25693  
144.200    -0.25726  
144.300    -0.25760  
144.400    -0.25793  
144.500    -0.25827  
144.600    -0.25860  
144.700    -0.25894  
144.800    -0.25928  
144.900    -0.25961  
145.000    -0.25995  
145.100    -0.26028  
145.200    -0.26062  
145.300    -0.26096  
145.400    -0.26129  
145.500    -0.26163  
145.600    -0.26197  
145.700    -0.26230  
145.800    -0.26264  
145.900    -0.26298  
146.000    -0.26332  
146.100    -0.26365  
146.200    -0.26399  
146.300    -0.26433  
146.400    -0.26467  
146.500    -0.26500  
146.600    -0.26534  
146.700    -0.26568  
146.800    -0.26602  
146.900    -0.26636  
147.000    -0.26670  
147.100    -0.26703  
147.200    -0.26737  
147.300    -0.26771  
147.400    -0.26805  
147.500    -0.26839  
147.600    -0.26873  
147.700    -0.26907  
147.800    -0.26941  
147.900    -0.26975  
148.000    -0.27008  
148.100    -0.27042  
148.200    -0.27076  
148.300    -0.27110  
148.400    -0.27144  
148.500    -0.27178  
148.600    -0.27212  
148.700    -0.27246  
148.800    -0.27280  
148.900    -0.27315  
149.000    -0.27349  
149.100    -0.27383  
149.200    -0.27417  
149.300    -0.27451  
149.400    -0.27485  
149.500    -0.27519  
149.600    -0.27553  
149.700    -0.27587  
149.800    -0.27621  
149.900    -0.27656  
150.000    -0.27690  
150.100    -0.27724  
150.200    -0.27758  
150.300    -0.27792  
150.400    -0.27827  
150.500    -0.27861  
150.600    -0.27895  
150.700    -0.27929  
150.800    -0.27964  
150.900    -0.27998  
151.000    -0.28032  
151.100    -0.28066  
151.200    -0.28101  
151.300    -0.28135  
151.400    -0.28169  
151.500    -0.28204  
151.600    -0.28238  
151.700    -0.28272  
151.800    -0.28307  
151.900    -0.28341  
152.000    -0.28375  
152.100    -0.28410  
152.200    -0.28444  
152.300    -0.28479  
152.400    -0.28513  
152.500    -0.28547  
152.600    -0.28582  
152.700    -0.28616  
152.800    -0.28651  
152.900    -0.28685  
153.000    -0.28720  
153.100    -0.28754  
153.200    -0.28789  
153.300    -0.28823  
153.400    -0.28858  
153.500    -0.28892  
153.600    -0.28927  
153.700    -0.28961  
153.800    -0.28996  
153.900    -0.29030  
154.000    -0.29065  
154.100    -0.29100  
154.200    -0.29134  
154.300    -0.29169  
154.400    -0.29203  
154.500    -0.29238  
154.600    -0.29273  
154.700    -0.29307  
154.800    -0.29342  
154.900    -0.29377  
155.000    -0.29411  
155.100    -0.29446  
155.200    -0.29481  
155.300    -0.29515  
155.400    -0.29550  
155.500    -0.29585  
155.600    -0.29620  
155.700    -0.29654  
155.800    -0.29689  
155.900    -0.29724  
156.000    -0.29759  
156.100    -0.29793  
156.200    -0.29828  
156.300    -0.29863  
156.400    -0.29898  
156.500    -0.29933  
156.600    -0.29967  
156.700    -0.30002  
156.800    -0.30037  
156.900    -0.30072  
157.000    -0.30107  
157.100    -0.30142  
157.200    -0.30177  
157.300    -0.30212  
157.400    -0.30246  
157.500    -0.30281  
157.600    -0.30316  
157.700    -0.30351  
157.800    -0.30386  
157.900    -0.30421  
158.000    -0.30456  
158.100    -0.30491  
158.200    -0.30526  
158.300    -0.30561  
158.400    -0.30596  
158.500    -0.30631  
158.600    -0.30666  
158.700    -0.30701  
158.800    -0.30736  
158.900    -0.30771  
159.000    -0.30806  
159.100    -0.30841  
159.200    -0.30876  
159.300    -0.30912  
159.400    -0.30947  
159.500    -0.30982  
159.600    -0.31017  
159.700    -0.31052  
159.800    -0.31087  
159.900    -0.31122  
160.000    -0.31157  
160.100    -0.31192  
160.200    -0.31228  
160.300    -0.31263  
160.400    -0.31298  
160.500    -0.31333  
160.600    -0.31368  
160.700    -0.31404  
160.800    -0.31439  
160.900    -0.31474  
161.000    -0.31509  
161.100    -0.31545  
161.200    -0.31580  
161.300    -0.31615  
161.400    -0.31650  
161.500    -0.31686  
161.600    -0.31721  
161.700    -0.31756  
161.800    -0.31792  
161.900    -0.31827  
162.000    -0.31862  
162.100    -0.31898  
162.200    -0.31933  
162.300    -0.31968  
162.400    -0.32004  
162.500    -0.32039  
162.600    -0.32074  
162.700    -0.32110  
162.800    -0.32145  
162.900    -0.32181  
163.000    -0.32216  
163.100    -0.32251  
163.200    -0.32287  
163.300    -0.32322  
163.400    -0.32358  
163.500    -0.32393  
163.600    -0.32429  
163.700    -0.32464  
163.800    -0.32500  
163.900    -0.32535  
164.000    -0.32571  
164.100    -0.32606  
164.200    -0.32642  
164.300    -0.32677  
164.400    -0.32713  
164.500    -0.32748  
164.600    -0.32784  
164.700    -0.32819  
164.800    -0.32855  
164.900    -0.32890  
165.000    -0.32926  
165.100    -0.32962  
165.200    -0.32997  
165.300    -0.33033  
165.400    -0.33068  
165.500    -0.33104  
165.600    -0.33140  
165.700    -0.33175  
165.800    -0.33211  
165.900    -0.33247  
166.000    -0.33282  
166.100    -0.33318  
166.200    -0.33354  
166.300    -0.33389  
166.400    -0.33425  
166.500    -0.33461  
166.600    -0.33496  
166.700    -0.33532  
166.800    -0.33568  
166.900    -0.33604  
167.000    -0.33639  
167.100    -0.33675  
167.200    -0.33711  
167.300    -0.33747  
167.400    -0.33783  
167.500    -0.33818  
167.600    -0.33854  
167.700    -0.33890  
167.800    -0.33926  
167.900    -0.33962  
168.000    -0.33997  
168.100    -0.34033  
168.200    -0.34069  
168.300    -0.34105  
168.400    -0.34141  
168.500    -0.34177  
168.600    -0.34213  
168.700    -0.34248  
168.800    -0.34284  
168.900    -0.34320  
169.000    -0.34356  
169.100    -0.34392  
169.200    -0.34428  
169.300    -0.34464  
169.400    -0.34500  
169.500    -0.34536  
169.600    -0.34572  
169.700    -0.34608  
169.800    -0.34644  
169.900    -0.34680  
170.000    -0.34716  
170.100    -0.34752  
170.200    -0.34788  
170.300    -0.34824  
170.400    -0.34860  
170.500    -0.34896  
170.600    -0.34932  
170.700    -0.34968  
170.800    -0.35004  
170.900    -0.35040  
171.000    -0.35076  
171.100    -0.35112  
171.200    -0.35148  
171.300    -0.35184  
171.400    -0.35220  
171.500    -0.35256  
171.600    -0.35292  
171.700    -0.35329  
171.800    -0.35365  
171.900    -0.35401  
172.000    -0.35437  
172.100    -0.35473  
172.200    -0.35509  
172.300    -0.35545  
172.400    -0.35582  
172.500    -0.35618  
172.600    -0.35654  
172.700    -0.35690  
172.800    -0.35726  
172.900    -0.35763  
173.000    -0.35799  
173.100    -0.35835  
173.200    -0.35871  
173.300    -0.35908  
173.400    -0.35944  
173.500    -0.35980  
173.600    -0.36016  
173.700    -0.36053  
173.800    -0.36089  
173.900    -0.36125  
174.000    -0.36161  
174.100    -0.36198  
174.200    -0.36234  
174.300    -0.36270  
174.400    -0.36307  
174.500    -0.36343  
174.600    -0.36379  
174.700    -0.36416  
174.800    -0.36452  
174.900    -0.36488  
175.000    -0.36525  
175.100    -0.36561  
175.200    -0.36597  
175.300    -0.36634  
175.400    -0.36670  
175.500    -0.36707  
175.600    -0.36743  
175.700    -0.36779  
175.800    -0.36816  
175.900    -0.36852  
176.000    -0.36889  
176.100    -0.36925  
176.200    -0.36961  
176.300    -0.36998  
176.400    -0.37034  
176.500    -0.37071  
176.600    -0.37107  
176.700    -0.37144  
176.800    -0.37180  
176.900    -0.37217  
177.000    -0.37253  
177.100    -0.37290  
177.200    -0.37326  
177.300    -0.37363  
177.400    -0.37399  
177.500    -0.37436  
177.600    -0.37472  
177.700    -0.37509  
177.800    -0.37545  
177.900    -0.37582  
178.000    -0.37619  
178.100    -0.37655  
178.200    -0.37692  
178.300    -0.37728  
178.400    -0.37765  
178.500    -0.37802  
178.600    -0.37838  
178.700    -0.37875  
178.800    -0.37911  
178.900    -0.37948  
179.000    -0.37985  
179.100    -0.38021  
179.200    -0.38058  
179.300    -0.38095  
179.400    -0.38131  
179.500    -0.38168  
179.600    -0.38205  
179.700    -0.38241  
179.800    -0.38278  
179.900    -0.38315  
180.000    -0.38351  
180.100    -0.38388  
180.200    -0.38425  
180.300    -0.38461  
180.400    -0.38498  
180.500    -0.38535  
180.600    -0.38572  
180.700    -0.38608  
180.800    -0.38645  
180.900    -0.38682  
181.000    -0.38719  
181.100    -0.38755  
181.200    -0.38792  
181.300    -0.38829  
181.400    -0.38866  
181.500    -0.38903  
181.600    -0.38939  
181.700    -0.38976  
181.800    -0.39013  
181.900    -0.39050  
182.000    -0.39087  
182.100    -0.39124  
182.200    -0.39160  
182.300    -0.39197  
182.400    -0.39234  
182.500    -0.39271  
182.600    -0.39308  
182.700    -0.39345  
182.800    -0.39382  
182.900    -0.39418  
183.000    -0.39455  
183.100    -0.39492  
183.200    -0.39529  
183.300    -0.39566  
183.400    -0.39603  
183.500    -0.39640  
183.600    -0.39677  
183.700    -0.39714  
183.800    -0.39751  
183.900    -0.39788  
184.000    -0.39824  
184.100    -0.39861  
184.200    -0.39898  
184.300    -0.39935  
184.400    -0.39972  
184.500    -0.40009  
184.600    -0.40046  
184.700    -0.40083  
184.800    -0.40120  
184.900    -0.40157  
185.000    -0.40194  
185.100    -0.40231  
185.200    -0.40268  
185.300    -0.40305  
185.400    -0.40342  
185.500    -0.40380  
185.600    -0.40417  
185.700    -0.40454  
185.800    -0.40491  
185.900    -0.40528  
186.000    -0.40565  
186.100    -0.40602  
186.200    -0.40639  
186.300    -0.40676  
186.400    -0.40713  
186.500    -0.40750  
186.600    -0.40787  
186.700    -0.40824  
186.800    -0.40862  
186.900    -0.40899  
187.000    -0.40936  
187.100    -0.40973  
187.200    -0.41010  
187.300    -0.41047  
187.400    -0.41084  
187.500    -0.41121  
187.600    -0.41159  
187.700    -0.41196  
187.800    -0.41233  
187.900    -0.41270  
188.000    -0.41307  
188.100    -0.41344  
188.200    -0.41382  
188.300    -0.41419  
188.400    -0.41456  
188.500    -0.41493  
188.600    -0.41531  
188.700    -0.41568  
188.800    -0.41605  
188.900    -0.41642  
189.000    -0.41679  
189.100    -0.41717  
189.200    -0.41754  
189.300    -0.41791  
189.400    -0.41828  
189.500    -0.41866  
189.600    -0.41903  
189.700    -0.41940  
189.800    -0.41978  
189.900    -0.42015  
190.000    -0.42052  
190.100    -0.42090  
190.200    -0.42127  
190.300    -0.42164  
190.400    -0.42201  
190.500    -0.42239  
190.600    -0.42276  
190.700    -0.42313  
190.800    -0.42351  
190.900    -0.42388  
191.000    -0.42425  
191.100    -0.42463  
191.200    -0.42500  
191.300    -0.42538  
191.400    -0.42575  
191.500    -0.42612  
191.600    -0.42650  
191.700    -0.42687  
191.800    -0.42724  
191.900    -0.42762  
192.000    -0.42799  
192.100    -0.42837  
192.200    -0.42874  
192.300    -0.42911  
192.400    -0.42949  
192.500    -0.42986  
192.600    -0.43024  
192.700    -0.43061  
192.800    -0.43099  
192.900    -0.43136  
193.000    -0.43173  
193.100    -0.43211  
193.200    -0.43248  
193.300    -0.43286  
193.400    -0.43323  
193.500    -0.43361  
193.600    -0.43398  
193.700    -0.43436  
193.800    -0.43473  
193.900    -0.43511  
194.000    -0.43548  
194.100    -0.43586  
194.200    -0.43623  
194.300    -0.43661  
194.400    -0.43698  
194.500    -0.43736  
194.600    -0.43773  
194.700    -0.43811  
194.800    -0.43849  
194.900    -0.43886  
195.000    -0.43924  
195.100    -0.43961  
195.200    -0.43999  
195.300    -0.44036  
195.400    -0.44074  
195.500    -0.44111  
195.600    -0.44149  
195.700    -0.44187  
195.800    -0.44224  
195.900    -0.44262  
196.000    -0.44299  
196.100    -0.44337  
196.200    -0.44375  
196.300    -0.44412  
196.400    -0.44450  
196.500    -0.44487  
196.600    -0.44525  
196.700    -0.44563  
196.800    -0.44600  
196.900    -0.44638  
197.000    -0.44676  
197.100    -0.44713  
197.200    -0.44751  
197.300    -0.44789  
197.400    -0.44826  
197.500    -0.44864  
197.600    -0.44902  
197.700    -0.44939  
197.800    -0.44977  
197.900    -0.45015  
198.000    -0.45052  
198.100    -0.45090  
198.200    -0.45128  
198.300    -0.45166  
198.400    -0.45203  
198.500    -0.45241  
198.600    -0.45279  
198.700    -0.45316  
198.800    -0.45354  
198.900    -0.45392  
199.000    -0.45430  
199.100    -0.45467  
199.200    -0.45505  
199.300    -0.45543  
199.400    -0.45581  
199.500    -0.45618  
199.600    -0.45656  
199.700    -0.45694  
199.800    -0.45732  
199.900    -0.45769  
200.000    -0.45807  
200.100    -0.45845  
200.200    -0.45883  
200.300    -0.45921  
200.400    -0.45958  
200.500    -0.45996  
200.600    -0.46034  
200.700    -0.46072  
200.800    -0.46110  
200.900    -0.46147  
201.000    -0.46185  
201.100    -0.46223  
201.200    -0.46261  
201.300    -0.46299  
201.400    -0.46337  
201.500    -0.46375  
201.600    -0.46412  
201.700    -0.46450  
201.800    -0.46488  
201.900    -0.46526  
202.000    -0.46564  
202.100    -0.46602  
202.200    -0.46640  
202.300    -0.46677  
202.400    -0.46715  
202.500    -0.46753  
202.600    -0.46791  
202.700    -0.46829  
202.800    -0.46867  
202.900    -0.46905  
203.000    -0.46943  
203.100    -0.46981  
203.200    -0.47019  
203.300    -0.47057  
203.400    -0.47095  
203.500    -0.47132  
203.600    -0.47170  
203.700    -0.47208  
203.800    -0.47246  
203.900    -0.47284  
204.000    -0.47322  
204.100    -0.47360  
204.200    -0.47398  
204.300    -0.47436  
204.400    -0.47474  
204.500    -0.47512  
204.600    -0.47550  
204.700    -0.47588  
204.800    -0.47626  
204.900    -0.47664  
205.000    -0.47702  
205.100    -0.47740  
205.200    -0.47778  
205.300    -0.47816  
205.400    -0.47854  
205.500    -0.47892  
205.600    -0.47930  
205.700    -0.47968  
205.800    -0.48006  
205.900    -0.48044  
206.000    -0.48082  
206.100    -0.48120  
206.200    -0.48158  
206.300    -0.48196  
206.400    -0.48234  
206.500    -0.48272  
206.600    -0.48310  
206.700    -0.48348  
206.800    -0.48387  
206.900    -0.48425  
207.000    -0.48463  
207.100    -0.48501  
207.200    -0.48539  
207.300    -0.48577  
207.400    -0.48615  
207.500    -0.48653  
207.600    -0.48691  
207.700    -0.48729  
207.800    -0.48767  
207.900    -0.48805  
208.000    -0.48844  
208.100    -0.48882  
208.200    -0.48920  
208.300    -0.48958  
208.400    -0.48996  
208.500    -0.49034  
208.600    -0.49072  
208.700    -0.49110  
208.800    -0.49149  
208.900    -0.49187  
209.000    -0.49225  
209.100    -0.49263  
209.200    -0.49301  
209.300    -0.49339  
209.400    -0.49377  
209.500    -0.49416  
209.600    -0.49454  
209.700    -0.49492  
209.800    -0.49530  
209.900    -0.49568  
210.000    -0.49606  
210.100    -0.49645  
210.200    -0.49683  
210.300    -0.49721  
210.400    -0.49759  
210.500    -0.49797  
210.600    -0.49836  
210.700    -0.49874  
210.800    -0.49912  
210.900    -0.49950  
211.000    -0.49989  
211.100    -0.50027  
211.200    -0.50065  
211.300    -0.50103  
211.400    -0.50141  
211.500    -0.50180  
211.600    -0.50218  
211.700    -0.50256  
211.800    -0.50294  
211.900    -0.50333  
212.000    -0.50371  
212.100    -0.50409  
212.200    -0.50447  
212.300    -0.50486  
212.400    -0.50524  
212.500    -0.50562  
212.600    -0.50600  
212.700    -0.50639  
212.800    -0.50677  
212.900    -0.50715  
213.000    -0.50754  
213.100    -0.50792  
213.200    -0.50830  
213.300    -0.50868  
213.400    -0.50907  
213.500    -0.50945  
213.600    -0.50983  
213.700    -0.51022  
213.800    -0.51060  
213.900    -0.51098  
214.000    -0.51137  
214.100    -0.51175  
214.200    -0.51213  
214.300    -0.51252  
214.400    -0.51290  
214.500    -0.51328  
214.600    -0.51367  
214.700    -0.51405  
214.800    -0.51443  
214.900    -0.51482  
215.000    -0.51520  
215.100    -0.51558  
215.200    -0.51597  
215.300    -0.51635  
215.400    -0.51673  
215.500    -0.51712  
215.600    -0.51750  
215.700    -0.51789  
215.800    -0.51827  
215.900    -0.51865  
216.000    -0.51904  
216.100    -0.51942  
216.200    -0.51980  
216.300    -0.52019  
216.400    -0.52057  
216.500    -0.52096  
216.600    -0.52134  
216.700    -0.52172  
216.800    -0.52211  
216.900    -0.52249  
217.000    -0.52288  
217.100    -0.52326  
217.200    -0.52364  
217.300    -0.52403  
217.400    -0.52441  
217.500    -0.52480  
217.600    -0.52518  
217.700    -0.52556  
217.800    -0.52595  
217.900    -0.52633  
218.000    -0.52672  
218.100    -0.52710  
218.200    -0.52749  
218.300    -0.52787  
218.400    -0.52826  
218.500    -0.52864  
218.600    -0.52902  
218.700    -0.52941  
218.800    -0.52979  
218.900    -0.53018  
219.000    -0.53056  
219.100    -0.53095  
219.200    -0.53133  
219.300    -0.53172  
219.400    -0.53210  
219.500    -0.53249  
219.600    -0.53287  
219.700    -0.53326  
219.800    -0.53364  
219.900    -0.53403  
220.000    -0.53441  
220.100    -0.53480  
220.200    -0.53518  
220.300    -0.53557  
220.400    -0.53595  
220.500    -0.53634  
220.600    -0.53672  
220.700    -0.53711  
220.800    -0.53749  
220.900    -0.53788  
221.000    -0.53826  
221.100    -0.53865  
221.200    -0.53903  
221.300    -0.53942  
221.400    -0.53980  
221.500    -0.54019  
221.600    -0.54057  
221.700    -0.54096  
221.800    -0.54134  
221.900    -0.54173  
222.000    -0.54212  
222.100    -0.54250  
222.200    -0.54289  
222.300    -0.54327  
222.400    -0.54366  
222.500    -0.54404  
222.600    -0.54443  
222.700    -0.54481  
222.800    -0.54520  
222.900    -0.54559  
223.000    -0.54597  
223.100    -0.54636  
223.200    -0.54674  
223.300    -0.54713  
223.400    -0.54751  
223.500    -0.54790  
223.600    -0.54829  
223.700    -0.54867  
223.800    -0.54906  
223.900    -0.54944  
224.000    -0.54983  
224.100    -0.55022  
224.200    -0.55060  
224.300    -0.55099  
224.400    -0.55137  
224.500    -0.55176  
224.600    -0.55215  
224.700    -0.55253  
224.800    -0.55292  
224.900    -0.55330  
225.000    -0.55369  
225.100    -0.55408  
225.200    -0.55446  
225.300    -0.55485  
225.400    -0.55524  
225.500    -0.55562  
225.600    -0.55601  
225.700    -0.55639  
225.800    -0.55678  
225.900    -0.55717  
226.000    -0.55755  
226.100    -0.55794  
226.200    -0.55833  
226.300    -0.55871  
226.400    -0.55910  
226.500    -0.55949  
226.600    -0.55987  
226.700    -0.56026  
226.800    -0.56065  
226.900    -0.56103  
227.000    -0.56142  
227.100    -0.56181  
227.200    -0.56219  
227.300    -0.56258  
227.400    -0.56297  
227.500    -0.56335  
227.600    -0.56374  
227.700    -0.56413  
227.800    -0.56451  
227.900    -0.56490  
228.000    -0.56529  
228.100    -0.56567  
228.200    -0.56606  
228.300    -0.56645  
228.400    -0.56683  
228.500    -0.56722  
228.600    -0.56761  
228.700    -0.56800  
228.800    -0.56838  
228.900    -0.56877  
229.000    -0.56916  
229.100    -0.56954  
229.200    -0.56993  
229.300    -0.57032  
229.400    -0.57070  
229.500    -0.57109  
229.600    -0.57148  
229.700    -0.57187  
229.800    -0.57225  
229.900    -0.57264  
230.000    -0.57303  
230.100    -0.57342  
230.200    -0.57380  
230.300    -0.57419  
230.400    -0.57458  
230.500    -0.57496  
230.600    -0.57535  
230.700    -0.57574  
230.800    -0.57613  
230.900    -0.57651  
231.000    -0.57690  
231.100    -0.57729  
231.200    -0.57768  
231.300    -0.57806  
231.400    -0.57845  
231.500    -0.57884  
231.600    -0.57923  
231.700    -0.57961  
231.800    -0.58000  
231.900    -0.58039  
232.000    -0.58078  
232.100    -0.58117  
232.200    -0.58155  
232.300    -0.58194  
232.400    -0.58233  
232.500    -0.58272  
232.600    -0.58310  
232.700    -0.58349  
232.800    -0.58388  
232.900    -0.58427  
233.000    -0.58465  
233.100    -0.58504  
233.200    -0.58543  
233.300    -0.58582  
233.400    -0.58621  
233.500    -0.58659  
233.600    -0.58698  
233.700    -0.58737  
233.800    -0.58776  
233.900    -0.58815  
234.000    -0.58853  
234.100    -0.58892  
234.200    -0.58931  
234.300    -0.58970  
234.400    -0.59009  
234.500    -0.59047  
234.600    -0.59086  
234.700    -0.59125  
234.800    -0.59164  
234.900    -0.59203  
235.000    -0.59241  
235.100    -0.59280  
235.200    -0.59319  
235.300    -0.59358  
235.400    -0.59397  
235.500    -0.59436  
235.600    -0.59474  
235.700    -0.59513  
235.800    -0.59552  
235.900    -0.59591  
236.000    -0.59630  
236.100    -0.59669  
236.200    -0.59707  
236.300    -0.59746  
236.400    -0.59785  
236.500    -0.59824  
236.600    -0.59863  
236.700    -0.59902  
236.800    -0.59940  
236.900    -0.59979  
237.000    -0.60018  
237.100    -0.60057  
237.200    -0.60096  
237.300    -0.60135  
237.400    -0.60173  
237.500    -0.60212  
237.600    -0.60251  
237.700    -0.60290  
237.800    -0.60329  
237.900    -0.60368  
238.000    -0.60407  
238.100    -0.60445  
238.200    -0.60484  
238.300    -0.60523  
238.400    -0.60562  
238.500    -0.60601  
238.600    -0.60640  
238.700    -0.60679  
238.800    -0.60718  
238.900    -0.60756  
239.000    -0.60795  
239.100    -0.60834  
239.200    -0.60873  
239.300    -0.60912  
239.400    -0.60951  
239.500    -0.60990  
239.600    -0.61029  
239.700    -0.61067  
239.800    -0.61106  
239.900    -0.61145  
240.000    -0.61184  
240.100    -0.61223  
240.200    -0.61262  
240.300    -0.61301  
240.400    -0.61340  
240.500    -0.61379  
240.600    -0.61417  
240.700    -0.61456  
240.800    -0.61495  
240.900    -0.61534  
241.000    -0.61573  
241.100    -0.61612  
241.200    -0.61651  
241.300    -0.61690  
241.400    -0.61729  
241.500    -0.61768  
241.600    -0.61806  
241.700    -0.61845  
241.800    -0.61884  
241.900    -0.61923  
242.000    -0.61962  
242.100    -0.62001  
242.200    -0.62040  
242.300    -0.62079  
242.400    -0.62118  
242.500    -0.62157  
242.600    -0.62196  
242.700    -0.62235  
242.800    -0.62274  
242.900    -0.62312  
243.000    -0.62351  
243.100    -0.62390  
243.200    -0.62429  
243.300    -0.62468  
243.400    -0.62507  
243.500    -0.62546  
243.600    -0.62585  
243.700    -0.62624  
243.800    -0.62663  
243.900    -0.62702  
244.000    -0.62741  
244.100    -0.62780  
244.200    -0.62819  
244.300    -0.62857  
244.400    -0.62896  
244.500    -0.62935  
244.600    -0.62974  
244.700    -0.63013  
244.800    -0.63052  
244.900    -0.63091  
245.000    -0.63130  
245.100    -0.63169  
245.200    -0.63208  
245.300    -0.63247  
245.400    -0.63286  
245.500    -0.63325  
245.600    -0.63364  
245.700    -0.63403  
245.800    -0.63442  
245.900    -0.63481  
246.000    -0.63520  
246.100    -0.63559  
246.200    -0.63598  
246.300    -0.63636  
246.400    -0.63675  
246.500    -0.63714  
246.600    -0.63753  
246.700    -0.63792  
246.800    -0.63831  
246.900    -0.63870  
247.000    -0.63909  
247.100    -0.63948  
247.200    -0.63987  
247.300    -0.64026  
247.400    -0.64065  
247.500    -0.64104  
247.600    -0.64143  
247.700    -0.64182  
247.800    -0.64221  
247.900    -0.64260  
248.000    -0.64299  
248.100    -0.64338  
248.200    -0.64377  
248.300    -0.64416  
248.400    -0.64455  
248.500    -0.64494  
248.600    -0.64533  
248.700    -0.64572  
248.800    -0.64611  
248.900    -0.64650  
249.000    -0.64689  
249.100    -0.64728  
249.200    -0.64767  
249.300    -0.64806  
249.400    -0.64844  
249.500    -0.64883  
249.600    -0.64922  
249.700    -0.64961  
249.800    -0.65000  
249.900    -0.65039  
250.000    -0.65078  
250.100    -0.65117  
250.200    -0.65156  
250.300    -0.65195  
250.400    -0.65234  
250.500    -0.65273  
250.600    -0.65312  
250.700    -0.65351  
250.800    -0.65390  
250.900    -0.65429  
251.000    -0.65468  
251.100    -0.65507  
251.200    -0.65546  
251.300    -0.65585  
251.400    -0.65624  
251.500    -0.65663  
251.600    -0.65702  
251.700    -0.65741  
251.800    -0.65780  
251.900    -0.65819  
252.000    -0.65858  
252.100    -0.65897  
252.200    -0.65936  
252.300    -0.65975  
252.400    -0.66014  
252.500    -0.66053  
252.600    -0.66092  
252.700    -0.66131  
252.800    -0.66170  
252.900    -0.66209  
253.000    -0.66248  
253.100    -0.66287  
253.200    -0.66326  
253.300    -0.66365  
253.400    -0.66404  
253.500    -0.66443  
253.600    -0.66482  
253.700    -0.66521  
253.800    -0.66560  
253.900    -0.66599  
254.000    -0.66638  
254.100    -0.66677  
254.200    -0.66716  
254.300    -0.66755  
254.400    -0.66794  
254.500    -0.66833  
254.600    -0.66872  
254.700    -0.66911  
254.800    -0.66950  
254.900    -0.66989  
255.000    -0.67028  
255.100    -0.67068  
255.200    -0.67107  
255.300    -0.67146  
255.400    -0.67185  
255.500    -0.67224  
255.600    -0.67263  
255.700    -0.67302  
255.800    -0.67341  
255.900    -0.67380  
256.000    -0.67419  
256.100    -0.67458  
256.200    -0.67497  
256.300    -0.67536  
256.400    -0.67575  
256.500    -0.67614  
256.600    -0.67653  
256.700    -0.67692  
256.800    -0.67731  
256.900    -0.67770  
257.000    -0.67809  
257.100    -0.67848  
257.200    -0.67887  
257.300    -0.67926  
257.400    -0.67965  
257.500    -0.68004  
257.600    -0.68043  
257.700    -0.68082  
257.800    -0.68121  
257.900    -0.68160  
258.000    -0.68199  
258.100    -0.68238  
258.200    -0.68277  
258.300    -0.68316  
258.400    -0.68355  
258.500    -0.68394  
258.600    -0.68433  
258.700    -0.68472  
258.800    -0.68511  
258.900    -0.68550  
259.000    -0.68589  
259.100    -0.68628  
259.200    -0.68667  
259.300    -0.68706  
259.400    -0.68745  
259.500    -0.68784  
259.600    -0.68823  
259.700    -0.68862  
259.800    -0.68901  
259.900    -0.68940  
260.000    -0.68979  
260.100    -0.69019  
260.200    -0.69058  
260.300    -0.69097  
260.400    -0.69136  
260.500    -0.69175  
260.600    -0.69214  
260.700    -0.69253  
260.800    -0.69292  
260.900    -0.69331  
261.000    -0.69370  
261.100    -0.69409  
261.200    -0.69448  
261.300    -0.69487  
261.400    -0.69526  
261.500    -0.69565  
261.600    -0.69604  
261.700    -0.69643  
261.800    -0.69682  
261.900    -0.69721  
262.000    -0.69760  
262.100    -0.69799  
262.200    -0.69838  
262.300    -0.69877  
262.400    -0.69916  
262.500    -0.69955  
262.600    -0.69994  
262.700    -0.70033  
262.800    -0.70072  
262.900    -0.70111  
263.000    -0.70150  
263.100    -0.70189  
263.200    -0.70228  
263.300    -0.70267  
263.400    -0.70306  
263.500    -0.70345  
263.600    -0.70384  
263.700    -0.70423  
263.800    -0.70462  
263.900    -0.70502  
264.000    -0.70541  
264.100    -0.70580  
264.200    -0.70619  
264.300    -0.70658  
264.400    -0.70697  
264.500    -0.70736  
264.600    -0.70775  
264.700    -0.70814  
264.800    -0.70853  
264.900    -0.70892  
265.000    -0.70931  
265.100    -0.70970  
265.200    -0.71009  
265.300    -0.71048  
265.400    -0.71087  
265.500    -0.71126  
265.600    -0.71165  
265.700    -0.71204  
265.800    -0.71243  
265.900    -0.71282  
266.000    -0.71321  
266.100    -0.71360  
266.200    -0.71399  
266.300    -0.71438  
266.400    -0.71477  
266.500    -0.71516  
266.600    -0.71555  
266.700    -0.71594  
266.800    -0.71633  
266.900    -0.71672  
267.000    -0.71711  
267.100    -0.71750  
267.200    -0.71789  
267.300    -0.71828  
267.400    -0.71867  
267.500    -0.71906  
267.600    -0.71945  
267.700    -0.71984  
267.800    -0.72023  
267.900    -0.72062  
268.000    -0.72101  
268.100    -0.72141  
268.200    -0.72180  
268.300    -0.72219  
268.400    -0.72258  
268.500    -0.72297  
268.600    -0.72336  
268.700    -0.72375  
268.800    -0.72414  
268.900    -0.72453  
269.000    -0.72492  
269.100    -0.72531  
269.200    -0.72570  
269.300    -0.72609  
269.400    -0.72648  
269.500    -0.72687  
269.600    -0.72726  
269.700    -0.72765  
269.800    -0.72804  
269.900    -0.72843  
270.000    -0.72882  
270.100    -0.72921  
270.200    -0.72960  
270.300    -0.72999  
270.400    -0.73038  
270.500    -0.73077  
270.600    -0.73116  
270.700    -0.73155  
270.800    -0.73194  
270.900    -0.73233  
271.000    -0.73272  
271.100    -0.73311  
271.200    -0.73350  
271.300    -0.73389  
271.400    -0.73428  
271.500    -0.73467  
271.600    -0.73506  
271.700    -0.73545  
271.800    -0.73584  
271.900    -0.73623  
272.000    -0.73662  
272.100    -0.73701  
272.200    -0.73740  
272.300    -0.73779  
272.400    -0.73818  
272.500    -0.73857  
272.600    -0.73896  
272.700    -0.73935  
272.800    -0.73974  
272.900    -0.74013  
273.000    -0.74052  
273.100    -0.74091  
273.200    -0.74130  
273.300    -0.74169  
273.400    -0.74208  
273.500    -0.74247  
273.600    -0.74286  
273.700    -0.74325  
273.800    -0.74364  
273.900    -0.74403  
274.000    -0.74442  
274.100    -0.74481  
274.200    -0.74520  
274.300    -0.74559  
274.400    -0.74598  
274.500    -0.74637  
274.600    -0.74676  
274.700    -0.74715  
274.800    -0.74754  
274.900    -0.74793  
275.000    -0.74832  
275.100    -0.74871  
275.200    -0.74910  
275.300    -0.74949  
275.400    -0.74988  
275.500    -0.75027  
275.600    -0.75066  
275.700    -0.75105  
275.800    -0.75144  
275.900    -0.75183  
276.000    -0.75222  
276.100    -0.75261  
276.200    -0.75300  
276.300    -0.75339  
276.400    -0.75378  
276.500    -0.75417  
276.600    -0.75456  
276.700    -0.75494  
276.800    -0.75533  
276.900    -0.75572  
277.000    -0.75611  
277.100    -0.75650  
277.200    -0.75689  
277.300    -0.75728  
277.400    -0.75767  
277.500    -0.75806  
277.600    -0.75845  
277.700    -0.75884  
277.800    -0.75923  
277.900    -0.75962  
278.000    -0.76001  
278.100    -0.76040  
278.200    -0.76079  
278.300    -0.76118  
278.400    -0.76157  
278.500    -0.76196  
278.600    -0.76235  
278.700    -0.76274  
278.800    -0.76313  
278.900    -0.76352  
279.000    -0.76391  
279.100    -0.76430  
279.200    -0.76469  
279.300    -0.76508  
279.400    -0.76547  
279.500    -0.76586  
279.600    -0.76624  
279.700    -0.76663  
279.800    -0.76702  
279.900    -0.76741  
280.000    -0.76780  
280.100    -0.76819  
280.200    -0.76858  
280.300    -0.76897  
280.400    -0.76936  
280.500    -0.76975  
280.600    -0.77014  
280.700    -0.77053  
280.800    -0.77092  
280.900    -0.77131  
281.000    -0.77170  
281.100    -0.77209  
281.200    -0.77248  
281.300    -0.77287  
281.400    -0.77326  
281.500    -0.77364  
281.600    -0.77403  
281.700    -0.77442  
281.800    -0.77481  
281.900    -0.77520  
282.000    -0.77559  
282.100    -0.77598  
282.200    -0.77637  
282.300    -0.77676  
282.400    -0.77715  
282.500    -0.77754  
282.600    -0.77793  
282.700    -0.77832  
282.800    -0.77871  
282.900    -0.77909  
283.000    -0.77948  
283.100    -0.77987  
283.200    -0.78026  
283.300    -0.78065  
283.400    -0.78104  
283.500    -0.78143  
283.600    -0.78182  
283.700    -0.78221  
283.800    -0.78260  
283.900    -0.78299  
284.000    -0.78338  
284.100    -0.78376  
284.200    -0.78415  
284.300    -0.78454  
284.400    -0.78493  
284.500    -0.78532  
284.600    -0.78571  
284.700    -0.78610  
284.800    -0.78649  
284.900    -0.78688  
285.000    -0.78727  
285.100    -0.78765  
285.200    -0.78804  
285.300    -0.78843  
285.400    -0.78882  
285.500    -0.78921  
285.600    -0.78960  
285.700    -0.78999  
285.800    -0.79038  
285.900    -0.79077  
286.000    -0.79116  
286.100    -0.79154  
286.200    -0.79193  
286.300    -0.79232  
286.400    -0.79271  
286.500    -0.79310  
286.600    -0.79349  
286.700    -0.79388  
286.800    -0.79427  
286.900    -0.79466  
287.000    -0.79504  
287.100    -0.79543  
287.200    -0.79582  
287.300    -0.79621  
287.400    -0.79660  
287.500    -0.79699  
287.600    -0.79738  
287.700    -0.79777  
287.800    -0.79815  
287.900    -0.79854  
288.000    -0.79893  
288.100    -0.79932  
288.200    -0.79971  
288.300    -0.80010  
288.400    -0.80049  
288.500    -0.80087  
288.600    -0.80126  
288.700    -0.80165  
288.800    -0.80204  
288.900    -0.80243  
289.000    -0.80282  
289.100    -0.80321  
289.200    -0.80359  
289.300    -0.80398  
289.400    -0.80437  
289.500    -0.80476  
289.600    -0.80515  
289.700    -0.80554  
289.800    -0.80593  
289.900    -0.80631  
290.000    -0.80670  
290.100    -0.80709  
290.200    -0.80748  
290.300    -0.80787  
290.400    -0.80826  
290.500    -0.80864  
290.600    -0.80903  
290.700    -0.80942  
290.800    -0.80981  
290.900    -0.81020  
291.000    -0.81059  
291.100    -0.81097  
291.200    -0.81136  
291.300    -0.81175  
291.400    -0.81214  
291.500    -0.81253  
291.600    -0.81292  
291.700    -0.81330  
291.800    -0.81369  
291.900    -0.81408  
292.000    -0.81447  
292.100    -0.81486  
292.200    -0.81524  
292.300    -0.81563  
292.400    -0.81602  
292.500    -0.81641  
292.600    -0.81680  
292.700    -0.81718  
292.800    -0.81757  
292.900    -0.81796  
293.000    -0.81835  
293.100    -0.81874  
293.200    -0.81913  
293.300    -0.81951  
293.400    -0.81990  
293.500    -0.82029  
293.600    -0.82068  
293.700    -0.82106  
293.800    -0.82145  
293.900    -0.82184  
294.000    -0.82223  
294.100    -0.82262  
294.200    -0.82300  
294.300    -0.82339  
294.400    -0.82378  
294.500    -0.82417  
294.600    -0.82456  
294.700    -0.82494  
294.800    -0.82533  
294.900    -0.82572  
295.000    -0.82611  
295.100    -0.82649  
295.200    -0.82688  
295.300    -0.82727  
295.400    -0.82766  
295.500    -0.82805  
295.600    -0.82843  
295.700    -0.82882  
295.800    -0.82921  
295.900    -0.82960  
296.000    -0.82998  
296.100    -0.83037  
296.200    -0.83076  
296.300    -0.83115  
296.400    -0.83153  
296.500    -0.83192  
296.600    -0.83231  
296.700    -0.83270  
296.800    -0.83308  
296.900    -0.83347  
297.000    -0.83386  
297.100    -0.83425  
297.200    -0.83463  
297.300    -0.83502  
297.400    -0.83541  
297.500    -0.83580  
297.600    -0.83618  
297.700    -0.83657  
297.800    -0.83696  
297.900    -0.83735  
298.000    -0.83773  
298.100    -0.83812  
298.200    -0.83851  
298.300    -0.83889  
298.400    -0.83928  
298.500    -0.83967  
298.600    -0.84006  
298.700    -0.84044  
298.800    -0.84083  
298.900    -0.84122  
299.000    -0.84161  
299.100    -0.84199  
299.200    -0.84238  
299.300    -0.84277  
299.400    -0.84315  
299.500    -0.84354  
299.600    -0.84393  
299.700    -0.84431  
299.800    -0.84470  
299.900    -0.84509  
300.000    -0.84548  
300.100    -0.84586  
300.200    -0.84625  
300.300    -0.84664  
300.400    -0.84702  
300.500    -0.84741  
300.600    -0.84780  
300.700    -0.84818  
300.800    -0.84857  
300.900    -0.84896  
301.000    -0.84934  
301.100    -0.84973  
301.200    -0.85012  
301.300    -0.85051  
301.400    -0.85089  
301.500    -0.85128  
301.600    -0.85167  
301.700    -0.85205  
301.800    -0.85244  
301.900    -0.85283  
302.000    -0.85321  
302.100    -0.85360  
302.200    -0.85399  
302.300    -0.85437  
302.400    -0.85476  
302.500    -0.85515  
302.600    -0.85553  
302.700    -0.85592  
302.800    -0.85630  
302.900    -0.85669  
303.000    -0.85708  
303.100    -0.85746  
303.200    -0.85785  
303.300    -0.85824  
303.400    -0.85862  
303.500    -0.85901  
303.600    -0.85940  
303.700    -0.85978  
303.800    -0.86017  
303.900    -0.86055  
304.000    -0.86094  
304.100    -0.86133  
304.200    -0.86171  
304.300    -0.86210  
304.400    -0.86249  
304.500    -0.86287  
304.600    -0.86326  
304.700    -0.86364  
304.800    -0.86403  
304.900    -0.86442  
305.000    -0.86480  
305.100    -0.86519  
305.200    -0.86558  
305.300    -0.86596  
305.400    -0.86635  
305.500    -0.86673  
305.600    -0.86712  
305.700    -0.86751  
305.800    -0.86789  
305.900    -0.86828  
306.000    -0.86866  
306.100    -0.86905  
306.200    -0.86943  
306.300    -0.86982  
306.400    -0.87021  
306.500    -0.87059  
306.600    -0.87098  
306.700    -0.87136  
306.800    -0.87175  
306.900    -0.87214  
307.000    -0.87252  
307.100    -0.87291  
307.200    -0.87329  
307.300    -0.87368  
307.400    -0.87406  
307.500    -0.87445  
307.600    -0.87484  
307.700    -0.87522  
307.800    -0.87561  
307.900    -0.87599  
308.000    -0.87638  
308.100    -0.87676  
308.200    -0.87715  
308.300    -0.87753  
308.400    -0.87792  
308.500    -0.87830  
308.600    -0.87869  
308.700    -0.87908  
308.800    -0.87946  
308.900    -0.87985  
309.000    -0.88023  
309.100    -0.88062  
309.200    -0.88100  
309.300    -0.88139  
309.400    -0.88177  
309.500    -0.88216  
309.600    -0.88254  
309.700    -0.88293  
309.800    -0.88331  
309.900    -0.88370  
310.000    -0.88408  
310.100    -0.88447  
310.200    -0.88485  
310.300    -0.88524  
310.400    -0.88562  
310.500    -0.88601  
310.600    -0.88639  
310.700    -0.88678  
310.800    -0.88716  
310.900    -0.88755  
311.000    -0.88793  
311.100    -0.88832  
311.200    -0.88870  
311.300    -0.88909  
311.400    -0.88947  
311.500    -0.88986  
311.600    -0.89024  
311.700    -0.89063  
311.800    -0.89101  
311.900    -0.89140  
312.000    -0.89178  
312.100    -0.89217  
312.200    -0.89255  
312.300    -0.89294  
312.400    -0.89332  
312.500    -0.89371  
312.600    -0.89409  
312.700    -0.89447  
312.800    -0.89486  
312.900    -0.89524  
313.000    -0.89563  
313.100    -0.89601  
313.200    -0.89640  
313.300    -0.89678  
313.400    -0.89717  
313.500    -0.89755  
313.600    -0.89793  
313.700    -0.89832  
313.800    -0.89870  
313.900    -0.89909  
314.000    -0.89947  
314.100    -0.89986  
314.200    -0.90024  
314.300    -0.90062  
314.400    -0.90101  
314.500    -0.90139  
314.600    -0.90178  
314.700    -0.90216  
314.800    -0.90255  
314.900    -0.90293  
315.000    -0.90331  
315.100    -0.90370  
315.200    -0.90408  
315.300    -0.90447  
315.400    -0.90485  
315.500    -0.90523  
315.600    -0.90562  
315.700    -0.90600  
315.800    -0.90639  
315.900    -0.90677  
316.000    -0.90715  
316.100    -0.90754  
316.200    -0.90792  
316.300    -0.90831  
316.400    -0.90869  
316.500    -0.90907  
316.600    -0.90946  
316.700    -0.90984  
316.800    -0.91022  
316.900    -0.91061  
317.000    -0.91099  
317.100    -0.91138  
317.200    -0.91176  
317.300    -0.91214  
317.400    -0.91253  
317.500    -0.91291  
317.600    -0.91329  
317.700    -0.91368  
317.800    -0.91406  
317.900    -0.91444  
318.000    -0.91483  
318.100    -0.91521  
318.200    -0.91559  
318.300    -0.91598  
318.400    -0.91636  
318.500    -0.91674  
318.600    -0.91713  
318.700    -0.91751  
318.800    -0.91789  
318.900    -0.91828  
319.000    -0.91866  
319.100    -0.91904  
319.200    -0.91943  
319.300    -0.91981  
319.400    -0.92019  
319.500    -0.92058  
319.600    -0.92096  
319.700    -0.92134  
319.800    -0.92173  
319.900    -0.92211  
320.000    -0.92249  
320.100    -0.92287  
320.200    -0.92326  
320.300    -0.92364  
320.400    -0.92402  
320.500    -0.92441  
320.600    -0.92479  
320.700    -0.92517  
320.800    -0.92555  
320.900    -0.92594  
321.000    -0.92632  
321.100    -0.92670  
321.200    -0.92708  
321.300    -0.92747  
321.400    -0.92785  
321.500    -0.92823  
321.600    -0.92862  
321.700    -0.92900  
321.800    -0.92938  
321.900    -0.92976  
322.000    -0.93015  
322.100    -0.93053  
322.200    -0.93091  
322.300    -0.93129  
322.400    -0.93168  
322.500    -0.93206  
322.600    -0.93244  
322.700    -0.93282  
322.800    -0.93320  
322.900    -0.93359  
323.000    -0.93397  
323.100    -0.93435  
323.200    -0.93473  
323.300    -0.93512  
323.400    -0.93550  
323.500    -0.93588  
323.600    -0.93626  
323.700    -0.93664  
323.800    -0.93703  
323.900    -0.93741  
324.000    -0.93779  
324.100    -0.93817  
324.200    -0.93855  
324.300    -0.93894  
324.400    -0.93932  
324.500    -0.93970  
324.600    -0.94008  
324.700    -0.94046  
324.800    -0.94085  
324.900    -0.94123  
325.000    -0.94161  
325.100    -0.94199  
325.200    -0.94237  
325.300    -0.94275  
325.400    -0.94314  
325.500    -0.94352  
325.600    -0.94390  
325.700    -0.94428  
325.800    -0.94466  
325.900    -0.94504  
326.000    -0.94543  
326.100    -0.94581  
326.200    -0.94619  
326.300    -0.94657  
326.400    -0.94695  
326.500    -0.94733  
326.600    -0.94771  
326.700    -0.94810  
326.800    -0.94848  
326.900    -0.94886  
327.000    -0.94924  
327.100    -0.94962  
327.200    -0.95000  
327.300    -0.95038  
327.400    -0.95076  
327.500    -0.95114  
327.600    -0.95153  
327.700    -0.95191  
327.800    -0.95229  
327.900    -0.95267  
328.000    -0.95305  
328.100    -0.95343  
328.200    -0.95381  
328.300    -0.95419  
328.400    -0.95457  
328.500    -0.95495  
328.600    -0.95534  
328.700    -0.95572  
328.800    -0.95610  
328.900    -0.95648  
329.000    -0.95686  
329.100    -0.95724  
329.200    -0.95762  
329.300    -0.95800  
329.400    -0.95838  
329.500    -0.95876  
329.600    -0.95914  
329.700    -0.95952  
329.800    -0.95990  
329.900    -0.96028  
330.000    -0.96067  
330.100    -0.96105  
330.200    -0.96143  
330.300    -0.96181  
330.400    -0.96219  
330.500    -0.96257  
330.600    -0.96295  
330.700    -0.96333  
330.800    -0.96371  
330.900    -0.96409  
331.000    -0.96447  
331.100    -0.96485  
331.200    -0.96523  
331.300    -0.96561  
331.400    -0.96599  
331.500    -0.96637  
331.600    -0.96675  
331.700    -0.96713  
331.800    -0.96751  
331.900    -0.96789  
332.000    -0.96827  
332.100    -0.96865  
332.200    -0.96903  
332.300    -0.96941  
332.400    -0.96979  
332.500    -0.97017  
332.600    -0.97055  
332.700    -0.97093  
332.800    -0.97131  
332.900    -0.97169  
333.000    -0.97207  
333.100    -0.97245  
333.200    -0.97283  
333.300    -0.97321  
333.400    -0.97359  
333.500    -0.97397  
333.600    -0.97435  
333.700    -0.97472  
333.800    -0.97510  
333.900    -0.97548  
334.000    -0.97586  
334.100    -0.97624  
334.200    -0.97662  
334.300    -0.97700  
334.400    -0.97738  
334.500    -0.97776  
334.600    -0.97814  
334.700    -0.97852  
334.800    -0.97890  
334.900    -0.97928  
335.000    -0.97966  
335.100    -0.98004  
335.200    -0.98041  
335.300    -0.98079  
335.400    -0.98117  
335.500    -0.98155  
335.600    -0.98193  
335.700    -0.98231  
335.800    -0.98269  
335.900    -0.98307  
336.000    -0.98345  
336.100    -0.98382  
336.200    -0.98420  
336.300    -0.98458  
336.400    -0.98496  
336.500    -0.98534  
336.600    -0.98572  
336.700    -0.98610  
336.800    -0.98648  
336.900    -0.98685  
337.000    -0.98723  
337.100    -0.98761  
337.200    -0.98799  
337.300    -0.98837  
337.400    -0.98875  
337.500    -0.98913  
337.600    -0.98950  
337.700    -0.98988  
337.800    -0.99026  
337.900    -0.99064  
338.000    -0.99102  
338.100    -0.99140  
338.200    -0.99177  
338.300    -0.99215  
338.400    -0.99253  
338.500    -0.99291  
338.600    -0.99329  
338.700    -0.99366  
338.800    -0.99404  
338.900    -0.99442  
339.000    -0.99480  
339.100    -0.99518  
339.200    -0.99555  
339.300    -0.99593  
339.400    -0.99631  
339.500    -0.99669  
339.600    -0.99707  
339.700    -0.99744  
339.800    -0.99782  
339.900    -0.99820  
340.000    -0.99858  
340.100    -0.99895  
340.200    -0.99933  
340.300    -0.99971  
340.400    -1.00009  
340.500    -1.00047  
340.600    -1.00084  
340.700    -1.00122  
340.800    -1.00160  
340.900    -1.00198  
341.000    -1.00235  
341.100    -1.00273  
341.200    -1.00311  
341.300    -1.00348  
341.400    -1.00386  
341.500    -1.00424  
341.600    -1.00462  
341.700    -1.00499  
341.800    -1.00537  
341.900    -1.00575  
342.000    -1.00613  
342.100    -1.00650  
342.200    -1.00688  
342.300    -1.00726  
342.400    -1.00763  
342.500    -1.00801  
342.600    -1.00839  
342.700    -1.00876  
342.800    -1.00914  
342.900    -1.00952  
343.000    -1.00990  
343.100    -1.01027  
343.200    -1.01065  
343.300    -1.01103  
343.400    -1.01140  
343.500    -1.01178  
343.600    -1.01216  
343.700    -1.01253  
343.800    -1.01291  
343.900    -1.01329  
344.000    -1.01366  
344.100    -1.01404  
344.200    -1.01442  
344.300    -1.01479  
344.400    -1.01517  
344.500    -1.01554  
344.600    -1.01592  
344.700    -1.01630  
344.800    -1.01667  
344.900    -1.01705  
345.000    -1.01743  
345.100    -1.01780  
345.200    -1.01818  
345.300    -1.01855  
345.400    -1.01893  
345.500    -1.01931  
345.600    -1.01968  
345.700    -1.02006  
345.800    -1.02044  
345.900    -1.02081  
346.000    -1.02119  
346.100    -1.02156  
346.200    -1.02194  
346.300    -1.02231  
346.400    -1.02269  
346.500    -1.02307  
346.600    -1.02344  
346.700    -1.02382  
346.800    -1.02419  
346.900    -1.02457  
347.000    -1.02494  
347.100    -1.02532  
347.200    -1.02570  
347.300    -1.02607  
347.400    -1.02645  
347.500    -1.02682  
347.600    -1.02720  
347.700    -1.02757  
347.800    -1.02795  
347.900    -1.02832  
348.000    -1.02870  
348.100    -1.02908  
348.200    -1.02945  
348.300    -1.02983  
348.400    -1.03020  
348.500    -1.03058  
348.600    -1.03095  
348.700    -1.03133  
348.800    -1.03170  
348.900    -1.03208  
349.000    -1.03245  
349.100    -1.03283  
349.200    -1.03320  
349.300    -1.03358  
349.400    -1.03395  
349.500    -1.03433  
349.600    -1.03470  
349.700    -1.03508  
349.800    -1.03545  
349.900    -1.03583  
350.000    -1.03620  