0.000     0.00000  
  0.100     0.00000  
  0.200     0.00000  
  0.300     0.00000  
  0.400     0.00000  
  0.500     0.00000  
  0.600     0.00000  
  0.700     0.00000  
  0.800     0.00000  
  0.900     0.00000  
  1.000     0.00000  
  1.100     0.00000  
  1.200     0.00000  
  1.300     0.00000  
  1.400     0.00000  
  1.500     0.00000  
  1.600     0.00000  
  1.700    -0.00001  
  1.800    -0.00001  
  1.900    -0.00001  
  2.000    -0.00001  
  2.100    -0.00001  
  2.200    -0.00001  
  2.300    -0.00002  
  2.400    -0.00002  
  2.500    -0.00002  
  2.600    -0.00003  
  2.700    -0.00003  
  2.800    -0.00004  
  2.900    -0.00004  
  3.000    -0.00005  
  3.100    -0.00006  
  3.200    -0.00006  
  3.300    -0.00007  
  3.400    -0.00008  
  3.500    -0.00009  
  3.600    -0.00010  
  3.700    -0.00011  
  3.800    -0.00012  
  3.900    -0.00014  
  4.000    -0.00015  
  4.100    -0.00017  
  4.200    -0.00018  
  4.300    -0.00020  
  4.400    -0.00022  
  4.500    -0.00024  
  4.600    -0.00026  
  4.700    -0.00028  
  4.800    -0.00030  
  4.900    -0.00032  
  5.000    -0.00035  
  5.100    -0.00038  
  5.200    -0.00040  
  5.300    -0.00043  
  5.400    -0.00046  
  5.500    -0.00049  
  5.600    -0.00053  
  5.700    -0.00056  
  5.800    -0.00060  
  5.900    -0.00064  
  6.000    -0.00068  
  6.100    -0.00072  
  6.200    -0.00076  
  6.300    -0.00080  
  6.400    -0.00085  
  6.500    -0.00090  
  6.600    -0.00095  
  6.700    -0.00100  
  6.800    -0.00105  
  6.900    -0.00111  
  7.000    -0.00116  
  7.100    -0.00122  
  7.200    -0.00128  
  7.300    -0.00134  
  7.400    -0.00141  
  7.500    -0.00147  
  7.600    -0.00154  
  7.700    -0.00161  
  7.800    -0.00169  
  7.900    -0.00176  
  8.000    -0.00184  
  8.100    -0.00192  
  8.200    -0.00200  
  8.300    -0.00208  
  8.400    -0.00216  
  8.500    -0.00225  
  8.600    -0.00234  
  8.700    -0.00243  
  8.800    -0.00253  
  8.900    -0.00262  
  9.000    -0.00272  
  9.100    -0.00282  
  9.200    -0.00292  
  9.300    -0.00303  
  9.400    -0.00314  
  9.500    -0.00324  
  9.600    -0.00336  
  9.700    -0.00347  
  9.800    -0.00359  
  9.900    -0.00371  
 10.000    -0.00383  
 10.100    -0.00395  
 10.200    -0.00408  
 10.300    -0.00421  
 10.400    -0.00434  
 10.500    -0.00448  
 10.600    -0.00461  
 10.700    -0.00475  
 10.800    -0.00489  
 10.900    -0.00504  
 11.000    -0.00518  
 11.100    -0.00533  
 11.200    -0.00549  
 11.300    -0.00564  
 11.400    -0.00580  
 11.500    -0.00596  
 11.600    -0.00612  
 11.700    -0.00628  
 11.800    -0.00645  
 11.900    -0.00662  
 12.000    -0.00679  
 12.100    -0.00697  
 12.200    -0.00715  
 12.300    -0.00733  
 12.400    -0.00751  
 12.500    -0.00770  
 12.600    -0.00789  
 12.700    -0.00808  
 12.800    -0.00827  
 12.900    -0.00847  
 13.000    -0.00867  
 13.100    -0.00887  
 13.200    -0.00908  
 13.300    -0.00929  
 13.400    -0.00950  
 13.500    -0.00971  
 13.600    -0.00993  
 13.700    -0.01014  
 13.800    -0.01037  
 13.900    -0.01059  
 14.000    -0.01082  
 14.100    -0.01105  
 14.200    -0.01128  
 14.300    -0.01152  
 14.400    -0.01175  
 14.500    -0.01199  
 14.600    -0.01224  
 14.700    -0.01249  
 14.800    -0.01273  
 14.900    -0.01299  
 15.000    -0.01324  
 15.100    -0.01350  
 15.200    -0.01376  
 15.300    -0.01402  
 15.400    -0.01429  
 15.500    -0.01456  
 15.600    -0.01483  
 15.700    -0.01511  
 15.800    -0.01538  
 15.900    -0.01566  
 16.000    -0.01595  
 16.100    -0.01623  
 16.200    -0.01652  
 16.300    -0.01681  
 16.400    -0.01711  
 16.500    -0.01741  
 16.600    -0.01771  
 16.700    -0.01801  
 16.800    -0.01832  
 16.900    -0.01863  
 17.000    -0.01894  
 17.100    -0.01925  
 17.200    -0.01957  
 17.300    -0.01989  
 17.400    -0.02021  
 17.500    -0.02054  
 17.600    -0.02087  
 17.700    -0.02120  
 17.800    -0.02153  
 17.900    -0.02187  
 18.000    -0.02221  
 18.100    -0.02255  
 18.200    -0.02290  
 18.300    -0.02325  
 18.400    -0.02360  
 18.500    -0.02395  
 18.600    -0.02431  
 18.700    -0.02467  
 18.800    -0.02503  
 18.900    -0.02540  
 19.000    -0.02576  
 19.100    -0.02614  
 19.200    -0.02651  
 19.300    -0.02689  
 19.400    -0.02727  
 19.500    -0.02765  
 19.600    -0.02803  
 19.700    -0.02842  
 19.800    -0.02881  
 19.900    -0.02921  
 20.000    -0.02960  
 20.100    -0.03000  
 20.200    -0.03040  
 20.300    -0.03081  
 20.400    -0.03122  
 20.500    -0.03163  
 20.600    -0.03204  
 20.700    -0.03246  
 20.800    -0.03288  
 20.900    -0.03330  
 21.000    -0.03372  
 21.100    -0.03415  
 21.200    -0.03458  
 21.300    -0.03501  
 21.400    -0.03545  
 21.500    -0.03589  
 21.600    -0.03633  
 21.700    -0.03677  
 21.800    -0.03722  
 21.900    -0.03767  
 22.000    -0.03812  
 22.100    -0.03857  
 22.200    -0.03903  
 22.300    -0.03949  
 22.400    -0.03996  
 22.500    -0.04042  
 22.600    -0.04089  
 22.700    -0.04136  
 22.800    -0.04184  
 22.900    -0.04231  
 23.000    -0.04279  
 23.100    -0.04328  
 23.200    -0.04376  
 23.300    -0.04425  
 23.400    -0.04474  
 23.500    -0.04523  
 23.600    -0.04573  
 23.700    -0.04623  
 23.800    -0.04673  
 23.900    -0.04723  
 24.000    -0.04774  
 24.100    -0.04825  
 24.200    -0.04876  
 24.300    -0.04927  
 24.400    -0.04979  
 24.500    -0.05031  
 24.600    -0.05083  
 24.700    -0.05136  
 24.800    -0.05189  
 24.900    -0.05242  
 25.000    -0.05295  
 25.100    -0.05349  
 25.200    -0.05403  
 25.300    -0.05457  
 25.400    -0.05511  
 25.500    -0.05566  
 25.600    -0.05621  
 25.700    -0.05676  
 25.800    -0.05732  
 25.900    -0.05787  
 26.000    -0.05843  
 26.100    -0.05899  
 26.200    -0.05956  
 26.300    -0.06013  
 26.400    -0.06070  
 26.500    -0.06127  
 26.600    -0.06185  
 26.700    -0.06242  
 26.800    -0.06300  
 26.900    -0.06359  
 27.000    -0.06417  
 27.100    -0.06476  
 27.200    -0.06535  
 27.300    -0.06595  
 27.400    -0.06654  
 27.500    -0.06714  
 27.600    -0.06774  
 27.700    -0.06835  
 27.800    -0.06895  
 27.900    -0.06956  
 28.000    -0.07017  
 28.100    -0.07079  
 28.200    -0.07140  
 28.300    -0.07202  
 28.400    -0.07264  
 28.500    -0.07327  
 28.600    -0.07389  
 28.700    -0.07452  
 28.800    -0.07515  
 28.900    -0.07579  
 29.000    -0.07642  
 29.100    -0.07706  
 29.200    -0.07770  
 29.300    -0.07835  
 29.400    -0.07899  
 29.500    -0.07964  
 29.600    -0.08029  
 29.700    -0.08095  
 29.800    -0.08160  
 29.900    -0.08226  
 30.000    -0.08292  
 30.100    -0.08359  
 30.200    -0.08425  
 30.300    -0.08492  
 30.400    -0.08559  
 30.500    -0.08626  
 30.600    -0.08694  
 30.700    -0.08762  
 30.800    -0.08830  
 30.900    -0.08898  
 31.000    -0.08967  
 31.100    -0.09035  
 31.200    -0.09104  
 31.300    -0.09174  
 31.400    -0.09243  
 31.500    -0.09313  
 31.600    -0.09383  
 31.700    -0.09453  
 31.800    -0.09524  
 31.900    -0.09594  
 32.000    -0.09665  
 32.100    -0.09736  
 32.200    -0.09808  
 32.300    -0.09879  
 32.400    -0.09951  
 32.500    -0.10023  
 32.600    -0.10096  
 32.700    -0.10168  
 32.800    -0.10241  
 32.900    -0.10314  
 33.000    -0.10387  
 33.100    -0.10461  
 33.200    -0.10534  
 33.300    -0.10608  
 33.400    -0.10682  
 33.500    -0.10757  
 33.600    -0.10832  
 33.700    -0.10906  
 33.800    -0.10981  
 33.900    -0.11057  
 34.000    -0.11132  
 34.100    -0.11208  
 34.200    -0.11284  
 34.300    -0.11360  
 34.400    -0.11437  
 34.500    -0.11513  
 34.600    -0.11590  
 34.700    -0.11667  
 34.800    -0.11745  
 34.900    -0.11822  
 35.000    -0.11900  
 35.100    -0.11978  
 35.200    -0.12056  
 35.300    -0.12135  
 35.400    -0.12213  
 35.500    -0.12292  
 35.600    -0.12371  
 35.700    -0.12451  
 35.800    -0.12530  
 35.900    -0.12610  
 36.000    -0.12690  
 36.100    -0.12770  
 36.200    -0.12851  
 36.300    -0.12931  
 36.400    -0.13012  
 36.500    -0.13093  
 36.600    -0.13175  
 36.700    -0.13256  
 36.800    -0.13338  
 36.900    -0.13420  
 37.000    -0.13502  
 37.100    -0.13584  
 37.200    -0.13667  
 37.300    -0.13750  
 37.400    -0.13833  
 37.500    -0.13916  
 37.600    -0.13999  
 37.700    -0.14083  
 37.800    -0.14167  
 37.900    -0.14251  
 38.000    -0.14335  
 38.100    -0.14420  
 38.200    -0.14504  
 38.300    -0.14589  
 38.400    -0.14674  
 38.500    -0.14760  
 38.600    -0.14845  
 38.700    -0.14931  
 38.800    -0.15017  
 38.900    -0.15103  
 39.000    -0.15189  
 39.100    -0.15276  
 39.200    -0.15363  
 39.300    -0.15450  
 39.400    -0.15537  
 39.500    -0.15624  
 39.600    -0.15712  
 39.700    -0.15799  
 39.800    -0.15887  
 39.900    -0.15976  
 40.000    -0.16064  
 40.100    -0.16152  
 40.200    -0.16241  
 40.300    -0.16330  
 40.400    -0.16419  
 40.500    -0.16509  
 40.600    -0.16598  
 40.700    -0.16688  
 40.800    -0.16778  
 40.900    -0.16868  
 41.000    -0.16959  
 41.100    -0.17049  
 41.200    -0.17140  
 41.300    -0.17231  
 41.400    -0.17322  
 41.500    -0.17413  
 41.600    -0.17505  
 41.700    -0.17597  
 41.800    -0.17688  
 41.900    -0.17781  
 42.000    -0.17873  
 42.100    -0.17965  
 42.200    -0.18058  
 42.300    -0.18151  
 42.400    -0.18244  
 42.500    -0.18337  
 42.600    -0.18431  
 42.700    -0.18524  
 42.800    -0.18618  
 42.900    -0.18712  
 43.000    -0.18807  
 43.100    -0.18901  
 43.200    -0.18996  
 43.300    -0.19090  
 43.400    -0.19185  
 43.500    -0.19280  
 43.600    -0.19376  
 43.700    -0.19471  
 43.800    -0.19567  
 43.900    -0.19663  
 44.000    -0.19759  
 44.100    -0.19855  
 44.200    -0.19952  
 44.300    -0.20048  
 44.400    -0.20145  
 44.500    -0.20242  
 44.600    -0.20339  
 44.700    -0.20437  
 44.800    -0.20534  
 44.900    -0.20632  
 45.000    -0.20730  
 45.100    -0.20828  
 45.200    -0.20926  
 45.300    -0.21025  
 45.400    -0.21123  
 45.500    -0.21222  
 45.600    -0.21321  
 45.700    -0.21420  
 45.800    -0.21520  
 45.900    -0.21619  
 46.000    -0.21719  
 46.100    -0.21819  
 46.200    -0.21919  
 46.300    -0.22019  
 46.400    -0.22120  
 46.500    -0.22220  
 46.600    -0.22321  
 46.700    -0.22422  
 46.800    -0.22523  
 46.900    -0.22624  
 47.000    -0.22726  
 47.100    -0.22827  
 47.200    -0.22929  
 47.300    -0.23031  
 47.400    -0.23133  
 47.500    -0.23236  
 47.600    -0.23338  
 47.700    -0.23441  
 47.800    -0.23544  
 47.900    -0.23647  
 48.000    -0.23750  
 48.100    -0.23853  
 48.200    -0.23957  
 48.300    -0.24060  
 48.400    -0.24164  
 48.500    -0.24268  
 48.600    -0.24372  
 48.700    -0.24477  
 48.800    -0.24581  
 48.900    -0.24686  
 49.000    -0.24791  
 49.100    -0.24896  
 49.200    -0.25001  
 49.300    -0.25106  
 49.400    -0.25212  
 49.500    -0.25317  
 49.600    -0.25423  
 49.700    -0.25529  
 49.800    -0.25635  
 49.900    -0.25742  
 50.000    -0.25848  
 50.100    -0.25955  
 50.200    -0.26062  
 50.300    -0.26169  
 50.400    -0.26276  
 50.500    -0.26383  
 50.600    -0.26491  
 50.700    -0.26598  
 50.800    -0.26706  
 50.900    -0.26814  
 51.000    -0.26922  
 51.100    -0.27030  
 51.200    -0.27139  
 51.300    -0.27247  
 51.400    -0.27356  
 51.500    -0.27465  
 51.600    -0.27574  
 51.700    -0.27683  
 51.800    -0.27792  
 51.900    -0.27902  
 52.000    -0.28011  
 52.100    -0.28121  
 52.200    -0.28231  
 52.300    -0.28341  
 52.400    -0.28452  
 52.500    -0.28562  
 52.600    -0.28673  
 52.700    -0.28783  
 52.800    -0.28894  
 52.900    -0.29005  
 53.000    -0.29117  
 53.100    -0.29228  
 53.200    -0.29339  
 53.300    -0.29451  
 53.400    -0.29563  
 53.500    -0.29675  
 53.600    -0.29787  
 53.700    -0.29899  
 53.800    -0.30011  
 53.900    -0.30124  
 54.000    -0.30237  
 54.100    -0.30350  
 54.200    -0.30463  
 54.300    -0.30576  
 54.400    -0.30689  
 54.500    -0.30802  
 54.600    -0.30916  
 54.700    -0.31030  
 54.800    -0.31144  
 54.900    -0.31258  
 55.000    -0.31372  
 55.100    -0.31486  
 55.200    -0.31600  
 55.300    -0.31715  
 55.400    -0.31830  
 55.500    -0.31945  
 55.600    -0.32060  
 55.700    -0.32175  
 55.800    -0.32290  
 55.900    -0.32406  
 56.000    -0.32521  
 56.100    -0.32637  
 56.200    -0.32753  
 56.300    -0.32869  
 56.400    -0.32985  
 56.500    -0.33101  
 56.600    -0.33218  
 56.700    -0.33334  
 56.800    -0.33451  
 56.900    -0.33568  
 57.000    -0.33685  
 57.100    -0.33802  
 57.200    -0.33919  
 57.300    -0.34037  
 57.400    -0.34154  
 57.500    -0.34272  
 57.600    -0.34390  
 57.700    -0.34508  
 57.800    -0.34626  
 57.900    -0.34744  
 58.000    -0.34863  
 58.100    -0.34981  
 58.200    -0.35100  
 58.300    -0.35218  
 58.400    -0.35337  
 58.500    -0.35456  
 58.600    -0.35576  
 58.700    -0.35695  
 58.800    -0.35814  
 58.900    -0.35934  
 59.000    -0.36054  
 59.100    -0.36174  
 59.200    -0.36294  
 59.300    -0.36414  
 59.400    -0.36534  
 59.500    -0.36654  
 59.600    -0.36775  
 59.700    -0.36895  
 59.800    -0.37016  
 59.900    -0.37137  
 60.000    -0.37258  
 60.100    -0.37379  
 60.200    -0.37501  
 60.300    -0.37622  
 60.400    -0.37744  
 60.500    -0.37865  
 60.600    -0.37987  
 60.700    -0.38109  
 60.800    -0.38231  
 60.900    -0.38353  
 61.000    -0.38476  
 61.100    -0.38598  
 61.200    -0.38720  
 61.300    -0.38843  
 61.400    -0.38966  
 61.500    -0.39089  
 61.600    -0.39212  
 61.700    -0.39335  
 61.800    -0.39458  
 61.900    -0.39582  
 62.000    -0.39706  
 62.100    -0.39829  
 62.200    -0.39953  
 62.300    -0.40077  
 62.400    -0.40201  
 62.500    -0.40325  
 62.600    -0.40450  
 62.700    -0.40574  
 62.800    -0.40699  
 62.900    -0.40823  
 63.000    -0.40948  
 63.100    -0.41073  
 63.200    -0.41198  
 63.300    -0.41323  
 63.400    -0.41448  
 63.500    -0.41574  
 63.600    -0.41699  
 63.700    -0.41825  
 63.800    -0.41951  
 63.900    -0.42077  
 64.000    -0.42203  
 64.100    -0.42329  
 64.200    -0.42455  
 64.300    -0.42581  
 64.400    -0.42708  
 64.500    -0.42834  
 64.600    -0.42961  
 64.700    -0.43088  
 64.800    -0.43215  
 64.900    -0.43342  
 65.000    -0.43469  
 65.100    -0.43596  
 65.200    -0.43724  
 65.300    -0.43851  
 65.400    -0.43979  
 65.500    -0.44106  
 65.600    -0.44234  
 65.700    -0.44362  
 65.800    -0.44490  
 65.900    -0.44618  
 66.000    -0.44747  
 66.100    -0.44875  
 66.200    -0.45004  
 66.300    -0.45132  
 66.400    -0.45261  
 66.500    -0.45390  
 66.600    -0.45519  
 66.700    -0.45648  
 66.800    -0.45777  
 66.900    -0.45907  
 67.000    -0.46036  
 67.100    -0.46166  
 67.200    -0.46295  
 67.300    -0.46425  
 67.400    -0.46555  
 67.500    -0.46685  
 67.600    -0.46815  
 67.700    -0.46945  
 67.800    -0.47075  
 67.900    -0.47206  
 68.000    -0.47336  
 68.100    -0.47467  
 68.200    -0.47598  
 68.300    -0.47729  
 68.400    -0.47859  
 68.500    -0.47991  
 68.600    -0.48122  
 68.700    -0.48253  
 68.800    -0.48384  
 68.900    -0.48516  
 69.000    -0.48647  
 69.100    -0.48779  
 69.200    -0.48911  
 69.300    -0.49043  
 69.400    -0.49175  
 69.500    -0.49307  
 69.600    -0.49439  
 69.700    -0.49571  
 69.800    -0.49704  
 69.900    -0.49836  
 70.000    -0.49969  
 70.100    -0.50102  
 70.200    -0.50234  
 70.300    -0.50367  
 70.400    -0.50500  
 70.500    -0.50634  
 70.600    -0.50767  
 70.700    -0.50900  
 70.800    -0.51034  
 70.900    -0.51167  
 71.000    -0.51301  
 71.100    -0.51434  
 71.200    -0.51568  
 71.300    -0.51702  
 71.400    -0.51836  
 71.500    -0.51970  
 71.600    -0.52105  
 71.700    -0.52239  
 71.800    -0.52373  
 71.900    -0.52508  
 72.000    -0.52643  
 72.100    -0.52777  
 72.200    -0.52912  
 72.300    -0.53047  
 72.400    -0.53182  
 72.500    -0.53317  
 72.600    -0.53452  
 72.700    -0.53588  
 72.800    -0.53723  
 72.900    -0.53859  
 73.000    -0.53994  
 73.100    -0.54130  
 73.200    -0.54266  
 73.300    -0.54401  
 73.400    -0.54537  
 73.500    -0.54674  
 73.600    -0.54810  
 73.700    -0.54946  
 73.800    -0.55082  
 73.900    -0.55219  
 74.000    -0.55355  
 74.100    -0.55492  
 74.200    -0.55629  
 74.300    -0.55765  
 74.400    -0.55902  
 74.500    -0.56039  
 74.600    -0.56177  
 74.700    -0.56314  
 74.800    -0.56451  
 74.900    -0.56588  
 75.000    -0.56726  
 75.100    -0.56863  
 75.200    -0.57001  
 75.300    -0.57139  
 75.400    -0.57277  
 75.500    -0.57414  
 75.600    -0.57552  
 75.700    -0.57691  
 75.800    -0.57829  
 75.900    -0.57967  
 76.000    -0.58105  
 76.100    -0.58244  
 76.200    -0.58382  
 76.300    -0.58521  
 76.400    -0.58660  
 76.500    -0.58798  
 76.600    -0.58937  
 76.700    -0.59076  
 76.800    -0.59215  
 76.900    -0.59355  
 77.000    -0.59494  
 77.100    -0.59633  
 77.200    -0.59773  
 77.300    -0.59912  
 77.400    -0.60052  
 77.500    -0.60191  
 77.600    -0.60331  
 77.700    -0.60471  
 77.800    -0.60611  
 77.900    -0.60751  
 78.000    -0.60891  
 78.100    -0.61031  
 78.200    -0.61171  
 78.300    -0.61312  
 78.400    -0.61452  
 78.500    -0.61593  
 78.600    -0.61733  
 78.700    -0.61874  
 78.800    -0.62015  
 78.900    -0.62155  
 79.000    -0.62296  
 79.100    -0.62437  
 79.200    -0.62579  
 79.300    -0.62720  
 79.400    -0.62861  
 79.500    -0.63002  
 79.600    -0.63144  
 79.700    -0.63285  
 79.800    -0.63427  
 79.900    -0.63568  
 80.000    -0.63710  
 80.100    -0.63852  
 80.200    -0.63994  
 80.300    -0.64136  
 80.400    -0.64278  
 80.500    -0.64420  
 80.600    -0.64562  
 80.700    -0.64705  
 80.800    -0.64847  
 80.900    -0.64989  
 81.000    -0.65132  
 81.100    -0.65275  
 81.200    -0.65417  
 81.300    -0.65560  
 81.400    -0.65703  
 81.500    -0.65846  
 81.600    -0.65989  
 81.700    -0.66132  
 81.800    -0.66275  
 81.900    -0.66418  
 82.000    -0.66562  
 82.100    -0.66705  
 82.200    -0.66848  
 82.300    -0.66992  
 82.400    -0.67136  
 82.500    -0.67279  
 82.600    -0.67423  
 82.700    -0.67567  
 82.800    -0.67711  
 82.900    -0.67855  
 83.000    -0.67999  
 83.100    -0.68143  
 83.200    -0.68287  
 83.300    -0.68432  
 83.400    -0.68576  
 83.500    -0.68720  
 83.600    -0.68865  
 83.700    -0.69009  
 83.800    -0.69154  
 83.900    -0.69299  
 84.000    -0.69444  
 84.100    -0.69588  
 84.200    -0.69733  
 84.300    -0.69878  
 84.400    -0.70023  
 84.500    -0.70169  
 84.600    -0.70314  
 84.700    -0.70459  
 84.800    -0.70605  
 84.900    -0.70750  
 85.000    -0.70895  
 85.100    -0.71041  
 85.200    -0.71187  
 85.300    -0.71332  
 85.400    -0.71478  
 85.500    -0.71624  
 85.600    -0.71770  
 85.700    -0.71916  
 85.800    -0.72062  
 85.900    -0.72208  
 86.000    -0.72354  
 86.100    -0.72501  
 86.200    -0.72647  
 86.300    -0.72794  
 86.400    -0.72940  
 86.500    -0.73087  
 86.600    -0.73233  
 86.700    -0.73380  
 86.800    -0.73527  
 86.900    -0.73673  
 87.000    -0.73820  
 87.100    -0.73967  
 87.200    -0.74114  
 87.300    -0.74261  
 87.400    -0.74409  
 87.500    -0.74556  
 87.600    -0.74703  
 87.700    -0.74850  
 87.800    -0.74998  
 87.900    -0.75145  
 88.000    -0.75293  
 88.100    -0.75441  
 88.200    -0.75588  
 88.300    -0.75736  
 88.400    -0.75884  
 88.500    -0.76032  
 88.600    -0.76180  
 88.700    -0.76328  
 88.800    -0.76476  
 88.900    -0.76624  
 89.000    -0.76772  
 89.100    -0.76920  
 89.200    -0.77068  
 89.300    -0.77217  
 89.400    -0.77365  
 89.500    -0.77514  
 89.600    -0.77662  
 89.700    -0.77811  
 89.800    -0.77960  
 89.900    -0.78108  
 90.000    -0.78257  
 90.100    -0.78406  
 90.200    -0.78555  
 90.300    -0.78704  
 90.400    -0.78853  
 90.500    -0.79002  
 90.600    -0.79151  
 90.700    -0.79301  
 90.800    -0.79450  
 90.900    -0.79599  
 91.000    -0.79749  
 91.100    -0.79898  
 91.200    -0.80048  
 91.300    -0.80197  
 91.400    -0.80347  
 91.500    -0.80497  
 91.600    -0.80646  
 91.700    -0.80796  
 91.800    -0.80946  
 91.900    -0.81096  
 92.000    -0.81246  
 92.100    -0.81396  
 92.200    -0.81546  
 92.300    -0.81696  
 92.400    -0.81847  
 92.500    -0.81997  
 92.600    -0.82147  
 92.700    -0.82298  
 92.800    -0.82448  
 92.900    -0.82599  
 93.000    -0.82749  
 93.100    -0.82900  
 93.200    -0.83051  
 93.300    -0.83201  
 93.400    -0.83352  
 93.500    -0.83503  
 93.600    -0.83654  
 93.700    -0.83805  
 93.800    -0.83956  
 93.900    -0.84107  
 94.000    -0.84258  
 94.100    -0.84409  
 94.200    -0.84561  
 94.300    -0.84712  
 94.400    -0.84863  
 94.500    -0.85015  
 94.600    -0.85166  
 94.700    -0.85318  
 94.800    -0.85469  
 94.900    -0.85621  
 95.000    -0.85773  
 95.100    -0.85924  
 95.200    -0.86076  
 95.300    -0.86228  
 95.400    -0.86380  
 95.500    -0.86532  
 95.600    -0.86684  
 95.700    -0.86836  
 95.800    -0.86988  
 95.900    -0.87140  
 96.000    -0.87292  
 96.100    -0.87445  
 96.200    -0.87597  
 96.300    -0.87749  
 96.400    -0.87902  
 96.500    -0.88054  
 96.600    -0.88207  
 96.700    -0.88359  
 96.800    -0.88512  
 96.900    -0.88665  
 97.000    -0.88817  
 97.100    -0.88970  
 97.200    -0.89123  
 97.300    -0.89276  
 97.400    -0.89429  
 97.500    -0.89582  
 97.600    -0.89735  
 97.700    -0.89888  
 97.800    -0.90041  
 97.900    -0.90194  
 98.000    -0.90347  
 98.100    -0.90500  
 98.200    -0.90654  
 98.300    -0.90807  
 98.400    -0.90961  
 98.500    -0.91114  
 98.600    -0.91268  
 98.700    -0.91421  
 98.800    -0.91575  
 98.900    -0.91728  
 99.000    -0.91882  
 99.100    -0.92036  
 99.200    -0.92190  
 99.300    -0.92343  
 99.400    -0.92497  
 99.500    -0.92651  
 99.600    -0.92805  
 99.700    -0.92959  
 99.800    -0.93113  
 99.900    -0.93267  
100.000    -0.93421  
100.100    -0.93576  
100.200    -0.93730  
100.300    -0.93884  
100.400    -0.94039  
100.500    -0.94193  
100.600    -0.94347  
100.700    -0.94502  
100.800    -0.94656  
100.900    -0.94811  
101.000    -0.94966  
101.100    -0.95120  
101.200    -0.95275  
101.300    -0.95430  
101.400    -0.95584  
101.500    -0.95739  
101.600    -0.95894  
101.700    -0.96049  
101.800    -0.96204  
101.900    -0.96359  
102.000    -0.96514  
102.100    -0.96669  
102.200    -0.96824  
102.300    -0.96980  
102.400    -0.97135  
102.500    -0.97290  
102.600    -0.97445  
102.700    -0.97601  
102.800    -0.97756  
102.900    -0.97911  
103.000    -0.98067  
103.100    -0.98222  
103.200    -0.98378  
103.300    -0.98534  
103.400    -0.98689  
103.500    -0.98845  
103.600    -0.99001  
103.700    -0.99156  
103.800    -0.99312  
103.900    -0.99468  
104.000    -0.99624  
104.100    -0.99780  
104.200    -0.99936  
104.300    -1.00092  
104.400    -1.00248  
104.500    -1.00404  
104.600    -1.00560  
104.700    -1.00716  
104.800    -1.00873  
104.900    -1.01029  
105.000    -1.01185  
105.100    -1.01341  
105.200    -1.01498  
105.300    -1.01654  
105.400    -1.01811  
105.500    -1.01967  
105.600    -1.02124  
105.700    -1.02280  
105.800    -1.02437  
105.900    -1.02593  
106.000    -1.02750  
106.100    -1.02907  
106.200    -1.03063  
106.300    -1.03220  
106.400    -1.03377  
106.500    -1.03534  
106.600    -1.03691  
106.700    -1.03848  
106.800    -1.04005  
106.900    -1.04162  
107.000    -1.04319  
107.100    -1.04476  
107.200    -1.04633  
107.300    -1.04790  
107.400    -1.04947  
107.500    -1.05104  
107.600    -1.05262  
107.700    -1.05419  
107.800    -1.05576  
107.900    -1.05734  
108.000    -1.05891  
108.100    -1.06048  
108.200    -1.06206  
108.300    -1.06363  
108.400    -1.06521  
108.500    -1.06678  
108.600    -1.06836  
108.700    -1.06994  
108.800    -1.07151  
108.900    -1.07309  
109.000    -1.07467  
109.100    -1.07625  
109.200    -1.07782  
109.300    -1.07940  
109.400    -1.08098  
109.500    -1.08256  
109.600    -1.08414  
109.700    -1.08572  
109.800    -1.08730  
109.900    -1.08888  
110.000    -1.09046  
110.100    -1.09204  
110.200    -1.09362  
110.300    -1.09520  
110.400    -1.09679  
110.500    -1.09837  
110.600    -1.09995  
110.700    -1.10153  
110.800    -1.10312  
110.900    -1.10470  
111.000    -1.10628  
111.100    -1.10787  
111.200    -1.10945  
111.300    -1.11104  
111.400    -1.11262  
111.500    -1.11421  
111.600    -1.11579  
111.700    -1.11738  
111.800    -1.11897  
111.900    -1.12055  
112.000    -1.12214  
112.100    -1.12373  
112.200    -1.12531  
112.300    -1.12690  
112.400    -1.12849  
112.500    -1.13008  
112.600    -1.13167  
112.700    -1.13326  
112.800    -1.13485  
112.900    -1.13644  
113.000    -1.13803  
113.100    -1.13962  
113.200    -1.14121  
113.300    -1.14280  
113.400    -1.14439  
113.500    -1.14598  
113.600    -1.14757  
113.700    -1.14916  
113.800    -1.15075  
113.900    -1.15235  
114.000    -1.15394  
114.100    -1.15553  
114.200    -1.15713  
114.300    -1.15872  
114.400    -1.16031  
114.500    -1.16191  
114.600    -1.16350  
114.700    -1.16510  
114.800    -1.16669  
114.900    -1.16829  
115.000    -1.16988  
115.100    -1.17148  
115.200    -1.17307  
115.300    -1.17467  
115.400    -1.17626  
115.500    -1.17786  
115.600    -1.17946  
115.700    -1.18106  
115.800    -1.18265  
115.900    -1.18425  
116.000    -1.18585  
116.100    -1.18745  
116.200    -1.18905  
116.300    -1.19064  
116.400    -1.19224  
116.500    -1.19384  
116.600    -1.19544  
116.700    -1.19704  
116.800    -1.19864  
116.900    -1.20024  
117.000    -1.20184  
117.100    -1.20344  
117.200    -1.20504  
117.300    -1.20664  
117.400    -1.20825  
117.500    -1.20985  
117.600    -1.21145  
117.700    -1.21305  
117.800    -1.21465  
117.900    -1.21626  
118.000    -1.21786  
118.100    -1.21946  
118.200    -1.22107  
118.300    -1.22267  
118.400    -1.22427  
118.500    -1.22588  
118.600    -1.22748  
118.700    -1.22908  
118.800    -1.23069  
118.900    -1.23229  
119.000    -1.23390  
119.100    -1.23550  
119.200    -1.23711  
119.300    -1.23871  
119.400    -1.24032  
119.500    -1.24193  
119.600    -1.24353  
119.700    -1.24514  
119.800    -1.24675  
119.900    -1.24835  
120.000    -1.24996  
120.100    -1.25157  
120.200    -1.25317  
120.300    -1.25478  
120.400    -1.25639  
120.500    -1.25800  
120.600    -1.25961  
120.700    -1.26122  
120.800    -1.26282  
120.900    -1.26443  
121.000    -1.26604  
121.100    -1.26765  
121.200    -1.26926  
121.300    -1.27087  
121.400    -1.27248  
121.500    -1.27409  
121.600    -1.27570  
121.700    -1.27731  
121.800    -1.27892  
121.900    -1.28053  
122.000    -1.28214  
122.100    -1.28376  
122.200    -1.28537  
122.300    -1.28698  
122.400    -1.28859  
122.500    -1.29020  
122.600    -1.29182  
122.700    -1.29343  
122.800    -1.29504  
122.900    -1.29665  
123.000    -1.29827  
123.100    -1.29988  
123.200    -1.30149  
123.300    -1.30311  
123.400    -1.30472  
123.500    -1.30633  
123.600    -1.30795  
123.700    -1.30956  
123.800    -1.31118  
123.900    -1.31279  
124.000    -1.31440  
124.100    -1.31602  
124.200    -1.31763  
124.300    -1.31925  
124.400    -1.32087  
124.500    -1.32248  
124.600    -1.32410  
124.700    -1.32571  
124.800    -1.32733  
124.900    -1.32894  
125.000    -1.33056  
125.100    -1.33218  
125.200    -1.33379  
125.300    -1.33541  
125.400    -1.33703  
125.500    -1.33864  
125.600    -1.34026  
125.700    -1.34188  
125.800    -1.34350  
125.900    -1.34511  
126.000    -1.34673  
126.100    -1.34835  
126.200    -1.34997  
126.300    -1.35159  
126.400    -1.35320  
126.500    -1.35482  
126.600    -1.35644  
126.700    -1.35806  
126.800    -1.35968  
126.900    -1.36130  
127.000    -1.36292  
127.100    -1.36454  
127.200    -1.36616  
127.300    -1.36778  
127.400    -1.36940  
127.500    -1.37102  
127.600    -1.37264  
127.700    -1.37426  
127.800    -1.37588  
127.900    -1.37750  
128.000    -1.37912  
128.100    -1.38074  
128.200    -1.38236  
128.300    -1.38398  
128.400    -1.38560  
128.500    -1.38722  
128.600    -1.38884  
128.700    -1.39047  
128.800    -1.39209  
128.900    -1.39371  
129.000    -1.39533  
129.100    -1.39695  
129.200    -1.39857  
129.300    -1.40020  
129.400    -1.40182  
129.500    -1.40344  
129.600    -1.40506  
129.700    -1.40669  
129.800    -1.40831  
129.900    -1.40993  
130.000    -1.41155  
130.100    -1.41318  
130.200    -1.41480  
130.300    -1.41642  
130.400    -1.41805  
130.500    -1.41967  
130.600    -1.42130  
130.700    -1.42292  
130.800    -1.42454  
130.900    -1.42617  
131.000    -1.42779  
131.100    -1.42942  
131.200    -1.43104  
131.300    -1.43266  
131.400    -1.43429  
131.500    -1.43591  
131.600    -1.43754  
131.700    -1.43916  
131.800    -1.44079  
131.900    -1.44241  
132.000    -1.44404  
132.100    -1.44566  
132.200    -1.44729  
132.300    -1.44891  
132.400    -1.45054  
132.500    -1.45216  
132.600    -1.45379  
132.700    -1.45542  
132.800    -1.45704  
132.900    -1.45867  
133.000    -1.46029  
133.100    -1.46192  
133.200    -1.46355  
133.300    -1.46517  
133.400    -1.46680  
133.500    -1.46842  
133.600    -1.47005  
133.700    -1.47168  
133.800    -1.47330  
133.900    -1.47493  
134.000    -1.47656  
134.100    -1.47818  
134.200    -1.47981  
134.300    -1.48144  
134.400    -1.48307  
134.500    -1.48469  
134.600    -1.48632  
134.700    -1.48795  
134.800    -1.48957  
134.900    -1.49120  
135.000    -1.49283  
135.100    -1.49446  
135.200    -1.49608  
135.300    -1.49771  
135.400    -1.49934  
135.500    -1.50097  
135.600    -1.50260  
135.700    -1.50422  
135.800    -1.50585  
135.900    -1.50748  
136.000    -1.50911  
136.100    -1.51074  
136.200    -1.51236  
136.300    -1.51399  
136.400    -1.51562  
136.500    -1.51725  
136.600    -1.51888  
136.700    -1.52051  
136.800    -1.52214  
136.900    -1.52376  
137.000    -1.52539  
137.100    -1.52702  
137.200    -1.52865  
137.300    -1.53028  
137.400    -1.53191  
137.500    -1.53354  
137.600    -1.53517  
137.700    -1.53679  
137.800    -1.53842  
137.900    -1.54005  
138.000    -1.54168  
138.100    -1.54331  
138.200    -1.54494  
138.300    -1.54657  
138.400    -1.54820  
138.500    -1.54983  
138.600    -1.55146  
138.700    -1.55309  
138.800    -1.55472  
138.900    -1.55635  
139.000    -1.55798  
139.100    -1.55961  
139.200    -1.56124  
139.300    -1.56286  
139.400    -1.56449  
139.500    -1.56612  
139.600    -1.56775  
139.700    -1.56938  
139.800    -1.57101  
139.900    -1.57264  
140.000    -1.57427  
140.100    -1.57590  
140.200    -1.57753  
140.300    -1.57916  
140.400    -1.58079  
140.500    -1.58242  
140.600    -1.58405  
140.700    -1.58568  
140.800    -1.58731  
140.900    -1.58894  
141.000    -1.59057  
141.100    -1.59220  
141.200    -1.59383  
141.300    -1.59546  
141.400    -1.59709  
141.500    -1.59872  
141.600    -1.60035  
141.700    -1.60198  
141.800    -1.60361  
141.900    -1.60524  
142.000    -1.60687  
142.100    -1.60850  
142.200    -1.61013  
142.300    -1.61176  
142.400    -1.61339  
142.500    -1.61503  
142.600    -1.61666  
142.700    -1.61829  
142.800    -1.61992  
142.900    -1.62155  
143.000    -1.62318  
143.100    -1.62481  
143.200    -1.62644  
143.300    -1.62807  
143.400    -1.62970  
143.500    -1.63133  
143.600    -1.63296  
143.700    -1.63459  
143.800    -1.63622  
143.900    -1.63785  
144.000    -1.63948  
144.100    -1.64111  
144.200    -1.64274  
144.300    -1.64437  
144.400    -1.64600  
144.500    -1.64763  
144.600    -1.64926  
144.700    -1.65089  
144.800    -1.65252  
144.900    -1.65415  
145.000    -1.65578  
145.100    -1.65741  
145.200    -1.65904  
145.300    -1.66067  
145.400    -1.66230  
145.500    -1.66393  
145.600    -1.66556  
145.700    -1.66719  
145.800    -1.66882  
145.900    -1.67045  
146.000    -1.67208  
146.100    -1.67372  
146.200    -1.67535  
146.300    -1.67698  
146.400    -1.67861  
146.500    -1.68024  
146.600    -1.68187  
146.700    -1.68350  
146.800    -1.68513  
146.900    -1.68675  
147.000    -1.68838  
147.100    -1.69001  
147.200    -1.69164  
147.300    -1.69327  
147.400    -1.69490  
147.500    -1.69653  
147.600    -1.69816  
147.700    -1.69979  
147.800    -1.70142  
147.900    -1.70305  
148.000    -1.70468  
148.100    -1.70631  
148.200    -1.70794  
148.300    -1.70957  
148.400    -1.71120  
148.500    -1.71283  
148.600    -1.71446  
148.700    -1.71609  
148.800    -1.71772  
148.900    -1.71935  
149.000    -1.72098  
149.100    -1.72261  
149.200    -1.72423  
149.300    -1.72586  
149.400    -1.72749  
149.500    -1.72912  
149.600    -1.73075  
149.700    -1.73238  
149.800    -1.73401  
149.900    -1.73564
150.000    -1.73727  
150.100    -1.73890  
150.200    -1.74052  
150.300    -1.74215  
150.400    -1.74378  
150.500    -1.74541  
150.600    -1.74704  
150.700    -1.74867  
150.800    -1.75030  
150.900    -1.75192  
151.000    -1.75355  
151.100    -1.75518  
151.200    -1.75681  
151.300    -1.75844  
151.400    -1.76007  
151.500    -1.76169  
151.600    -1.76332  
151.700    -1.76495  
151.800    -1.76658  
151.900    -1.76821  
152.000    -1.76983  
152.100    -1.77146  
152.200    -1.77309  
152.300    -1.77472  
152.400    -1.77634  
152.500    -1.77797  
152.600    -1.77960  
152.700    -1.78123  
152.800    -1.78285  
152.900    -1.78448  
153.000    -1.78611  
153.100    -1.78774  
153.200    -1.78936  
153.300    -1.79099  
153.400    -1.79262  
153.500    -1.79424  
153.600    -1.79587  
153.700    -1.79750  
153.800    -1.79912  
153.900    -1.80075  
154.000    -1.80238  
154.100    -1.80400  
154.200    -1.80563  
154.300    -1.80726  
154.400    -1.80888  
154.500    -1.81051  
154.600    -1.81214  
154.700    -1.81376  
154.800    -1.81539  
154.900    -1.81701  
155.000    -1.81864  
155.100    -1.82027  
155.200    -1.82189  
155.300    -1.82352  
155.400    -1.82514  
155.500    -1.82677  
155.600    -1.82839  
155.700    -1.83002  
155.800    -1.83164  
155.900    -1.83327  
156.000    -1.83489  
156.100    -1.83652  
156.200    -1.83814  
156.300    -1.83977  
156.400    -1.84139  
156.500    -1.84302  
156.600    -1.84464  
156.700    -1.84627  
156.800    -1.84789  
156.900    -1.84952  
157.000    -1.85114  
157.100    -1.85276  
157.200    -1.85439  
157.300    -1.85601  
157.400    -1.85764  
157.500    -1.85926  
157.600    -1.86088  
157.700    -1.86251  
157.800    -1.86413  
157.900    -1.86575  
158.000    -1.86738  
158.100    -1.86900  
158.200    -1.87062  
158.300    -1.87225  
158.400    -1.87387  
158.500    -1.87549  
158.600    -1.87712  
158.700    -1.87874  
158.800    -1.88036  
158.900    -1.88198  
159.000    -1.88360  
159.100    -1.88523  
159.200    -1.88685  
159.300    -1.88847  
159.400    -1.89009  
159.500    -1.89171  
159.600    -1.89334  
159.700    -1.89496  
159.800    -1.89658  
159.900    -1.89820  
160.000    -1.89982  
160.100    -1.90144  
160.200    -1.90306  
160.300    -1.90469  
160.400    -1.90631  
160.500    -1.90793  
160.600    -1.90955  
160.700    -1.91117  
160.800    -1.91279  
160.900    -1.91441  
161.000    -1.91603  
161.100    -1.91765  
161.200    -1.91927  
161.300    -1.92089  
161.400    -1.92251  
161.500    -1.92413  
161.600    -1.92575  
161.700    -1.92737  
161.800    -1.92899  
161.900    -1.93061  
162.000    -1.93222  
162.100    -1.93384  
162.200    -1.93546  
162.300    -1.93708  
162.400    -1.93870  
162.500    -1.94032  
162.600    -1.94194  
162.700    -1.94355  
162.800    -1.94517  
162.900    -1.94679  
163.000    -1.94841  
163.100    -1.95003  
163.200    -1.95164  
163.300    -1.95326  
163.400    -1.95488  
163.500    -1.95650  
163.600    -1.95811  
163.700    -1.95973  
163.800    -1.96135  
163.900    -1.96296  
164.000    -1.96458  
164.100    -1.96620  
164.200    -1.96781  
164.300    -1.96943  
164.400    -1.97104  
164.500    -1.97266  
164.600    -1.97428  
164.700    -1.97589  
164.800    -1.97751  
164.900    -1.97912  
165.000    -1.98074  
165.100    -1.98235  
165.200    -1.98397  
165.300    -1.98558  
165.400    -1.98720  
165.500    -1.98881  
165.600    -1.99043  
165.700    -1.99204  
165.800    -1.99366  
165.900    -1.99527  
166.000    -1.99688  
166.100    -1.99850  
166.200    -2.00011  
166.300    -2.00172  
166.400    -2.00334  
166.500    -2.00495  
166.600    -2.00656  
166.700    -2.00818  
166.800    -2.00979  
166.900    -2.01140  
167.000    -2.01301  
167.100    -2.01463  
167.200    -2.01624  
167.300    -2.01785  
167.400    -2.01946  
167.500    -2.02107  
167.600    -2.02268  
167.700    -2.02430  
167.800    -2.02591  
167.900    -2.02752  
168.000    -2.02913  
168.100    -2.03074  
168.200    -2.03235  
168.300    -2.03396  
168.400    -2.03557  
168.500    -2.03718  
168.600    -2.03879  
168.700    -2.04040  
168.800    -2.04201  
168.900    -2.04362  
169.000    -2.04523  
169.100    -2.04684  
169.200    -2.04845  
169.300    -2.05006  
169.400    -2.05167  
169.500    -2.05327  
169.600    -2.05488  
169.700    -2.05649  
169.800    -2.05810  
169.900    -2.05971  
170.000    -2.06131  
170.100    -2.06292  
170.200    -2.06453  
170.300    -2.06614  
170.400    -2.06774  
170.500    -2.06935  
170.600    -2.07096  
170.700    -2.07256  
170.800    -2.07417  
170.900    -2.07578  
171.000    -2.07738  
171.100    -2.07899  
171.200    -2.08060  
171.300    -2.08220  
171.400    -2.08381  
171.500    -2.08541  
171.600    -2.08702  
171.700    -2.08862  
171.800    -2.09023  
171.900    -2.09183  
172.000    -2.09343  
172.100    -2.09504  
172.200    -2.09664  
172.300    -2.09825  
172.400    -2.09985  
172.500    -2.10145  
172.600    -2.10306  
172.700    -2.10466  
172.800    -2.10626  
172.900    -2.10787  
173.000    -2.10947  
173.100    -2.11107  
173.200    -2.11267  
173.300    -2.11428  
173.400    -2.11588  
173.500    -2.11748  
173.600    -2.11908  
173.700    -2.12068  
173.800    -2.12228  
173.900    -2.12388  
174.000    -2.12548  
174.100    -2.12709  
174.200    -2.12869  
174.300    -2.13029  
174.400    -2.13189  
174.500    -2.13349  
174.600    -2.13509  
174.700    -2.13669  
174.800    -2.13829  
174.900    -2.13988  
175.000    -2.14148  
175.100    -2.14308  
175.200    -2.14468  
175.300    -2.14628  
175.400    -2.14788  
175.500    -2.14948  
175.600    -2.15107  
175.700    -2.15267  
175.800    -2.15427  
175.900    -2.15587  
176.000    -2.15746  
176.100    -2.15906  
176.200    -2.16066  
176.300    -2.16225  
176.400    -2.16385  
176.500    -2.16545  
176.600    -2.16704  
176.700    -2.16864  
176.800    -2.17023  
176.900    -2.17183  
177.000    -2.17342  
177.100    -2.17502  
177.200    -2.17661  
177.300    -2.17821  
177.400    -2.17980  
177.500    -2.18140  
177.600    -2.18299  
177.700    -2.18458  
177.800    -2.18618  
177.900    -2.18777  
178.000    -2.18936  
178.100    -2.19096  
178.200    -2.19255  
178.300    -2.19414  
178.400    -2.19574  
178.500    -2.19733  
178.600    -2.19892  
178.700    -2.20051  
178.800    -2.20210  
178.900    -2.20370  
179.000    -2.20529  
179.100    -2.20688  
179.200    -2.20847  
179.300    -2.21006  
179.400    -2.21165  
179.500    -2.21324  
179.600    -2.21483  
179.700    -2.21642  
179.800    -2.21801  
179.900    -2.21960  
180.000    -2.22119  
180.100    -2.22278  
180.200    -2.22436  
180.300    -2.22595  
180.400    -2.22754  
180.500    -2.22913  
180.600    -2.23072  
180.700    -2.23230  
180.800    -2.23389  
180.900    -2.23548  
181.000    -2.23707  
181.100    -2.23865  
181.200    -2.24024  
181.300    -2.24183  
181.400    -2.24341  
181.500    -2.24500  
181.600    -2.24658  
181.700    -2.24817  
181.800    -2.24975  
181.900    -2.25134  
182.000    -2.25292  
182.100    -2.25451  
182.200    -2.25609  
182.300    -2.25768  
182.400    -2.25926  
182.500    -2.26085  
182.600    -2.26243  
182.700    -2.26401  
182.800    -2.26560  
182.900    -2.26718  
183.000    -2.26876  
183.100    -2.27034  
183.200    -2.27193  
183.300    -2.27351  
183.400    -2.27509  
183.500    -2.27667  
183.600    -2.27825  
183.700    -2.27984  
183.800    -2.28142  
183.900    -2.28300  
184.000    -2.28458  
184.100    -2.28616  
184.200    -2.28774  
184.300    -2.28932  
184.400    -2.29090  
184.500    -2.29248  
184.600    -2.29406  
184.700    -2.29564  
184.800    -2.29721  
184.900    -2.29879  
185.000    -2.30037  
185.100    -2.30195  
185.200    -2.30353  
185.300    -2.30511  
185.400    -2.30668  
185.500    -2.30826  
185.600    -2.30984  
185.700    -2.31141  
185.800    -2.31299  
185.900    -2.31457  
186.000    -2.31614  
186.100    -2.31772  
186.200    -2.31929  
186.300    -2.32087  
186.400    -2.32244  
186.500    -2.32402  
186.600    -2.32559  
186.700    -2.32717  
186.800    -2.32874  
186.900    -2.33032  
187.000    -2.33189  
187.100    -2.33346  
187.200    -2.33504  
187.300    -2.33661  
187.400    -2.33818  
187.500    -2.33975  
187.600    -2.34133  
187.700    -2.34290  
187.800    -2.34447  
187.900    -2.34604  
188.000    -2.34761  
188.100    -2.34918  
188.200    -2.35075  
188.300    -2.35233  
188.400    -2.35390  
188.500    -2.35547  
188.600    -2.35704  
188.700    -2.35861  
188.800    -2.36018  
188.900    -2.36174  
189.000    -2.36331  
189.100    -2.36488  
189.200    -2.36645  
189.300    -2.36802  
189.400    -2.36959  
189.500    -2.37115  
189.600    -2.37272  
189.700    -2.37429  
189.800    -2.37586  
189.900    -2.37742  
190.000    -2.37899  
190.100    -2.38056  
190.200    -2.38212  
190.300    -2.38369  
190.400    -2.38525  
190.500    -2.38682  
190.600    -2.38838  
190.700    -2.38995  
190.800    -2.39151  
190.900    -2.39308  
191.000    -2.39464  
191.100    -2.39621  
191.200    -2.39777  
191.300    -2.39933  
191.400    -2.40090  
191.500    -2.40246  
191.600    -2.40402  
191.700    -2.40558  
191.800    -2.40715  
191.900    -2.40871  
192.000    -2.41027  
192.100    -2.41183  
192.200    -2.41339  
192.300    -2.41495  
192.400    -2.41651  
192.500    -2.41807  
192.600    -2.41963  
192.700    -2.42119  
192.800    -2.42275  
192.900    -2.42431  
193.000    -2.42587  
193.100    -2.42743  
193.200    -2.42899  
193.300    -2.43055  
193.400    -2.43211  
193.500    -2.43366  
193.600    -2.43522  
193.700    -2.43678  
193.800    -2.43833  
193.900    -2.43989  
194.000    -2.44145  
194.100    -2.44300  
194.200    -2.44456  
194.300    -2.44612  
194.400    -2.44767  
194.500    -2.44923  
194.600    -2.45078  
194.700    -2.45234  
194.800    -2.45389  
194.900    -2.45545  
195.000    -2.45700  
195.100    -2.45855  
195.200    -2.46011  
195.300    -2.46166  
195.400    -2.46321  
195.500    -2.46476  
195.600    -2.46632  
195.700    -2.46787  
195.800    -2.46942  
195.900    -2.47097  
196.000    -2.47252  
196.100    -2.47408  
196.200    -2.47563  
196.300    -2.47718  
196.400    -2.47873  
196.500    -2.48028  
196.600    -2.48183  
196.700    -2.48338  
196.800    -2.48492  
196.900    -2.48647  
197.000    -2.48802  
197.100    -2.48957  
197.200    -2.49112  
197.300    -2.49267  
197.400    -2.49421  
197.500    -2.49576  
197.600    -2.49731  
197.700    -2.49885  
197.800    -2.50040  
197.900    -2.50195  
198.000    -2.50349  
198.100    -2.50504  
198.200    -2.50658  
198.300    -2.50813  
198.400    -2.50967  
198.500    -2.51122  
198.600    -2.51276  
198.700    -2.51431  
198.800    -2.51585  
198.900    -2.51739  
199.000    -2.51894  
199.100    -2.52048  
199.200    -2.52202  
199.300    -2.52357  
199.400    -2.52511  
199.500    -2.52665  
199.600    -2.52819  
199.700    -2.52973  
199.800    -2.53127  
199.900    -2.53281  
200.000    -2.53435  
200.100    -2.53589  
200.200    -2.53743  
200.300    -2.53897  
200.400    -2.54051  
200.500    -2.54205  
200.600    -2.54359  
200.700    -2.54513  
200.800    -2.54667  
200.900    -2.54821  
201.000    -2.54974  
201.100    -2.55128  
201.200    -2.55282  
201.300    -2.55435  
201.400    -2.55589  
201.500    -2.55743  
201.600    -2.55896  
201.700    -2.56050  
201.800    -2.56203  
201.900    -2.56357  
202.000    -2.56510  
202.100    -2.56664  
202.200    -2.56817  
202.300    -2.56971  
202.400    -2.57124  
202.500    -2.57277  
202.600    -2.57431  
202.700    -2.57584  
202.800    -2.57737  
202.900    -2.57890  
203.000    -2.58044  
203.100    -2.58197  
203.200    -2.58350  
203.300    -2.58503  
203.400    -2.58656  
203.500    -2.58809  
203.600    -2.58962  
203.700    -2.59115  
203.800    -2.59268  
203.900    -2.59421  
204.000    -2.59574  
204.100    -2.59727  
204.200    -2.59880  
204.300    -2.60032  
204.400    -2.60185  
204.500    -2.60338  
204.600    -2.60491  
204.700    -2.60643  
204.800    -2.60796  
204.900    -2.60949  
205.000    -2.61101  
205.100    -2.61254  
205.200    -2.61407  
205.300    -2.61559  
205.400    -2.61712  
205.500    -2.61864  
205.600    -2.62016  
205.700    -2.62169  
205.800    -2.62321  
205.900    -2.62474  
206.000    -2.62626  
206.100    -2.62778  
206.200    -2.62930  
206.300    -2.63083  
206.400    -2.63235  
206.500    -2.63387  
206.600    -2.63539  
206.700    -2.63691  
206.800    -2.63843  
206.900    -2.63995  
207.000    -2.64147  
207.100    -2.64299  
207.200    -2.64451  
207.300    -2.64603  
207.400    -2.64755  
207.500    -2.64907  
207.600    -2.65059  
207.700    -2.65211  
207.800    -2.65363  
207.900    -2.65514  
208.000    -2.65666  
208.100    -2.65818  
208.200    -2.65969  
208.300    -2.66121  
208.400    -2.66273  
208.500    -2.66424  
208.600    -2.66576  
208.700    -2.66727  
208.800    -2.66879  
208.900    -2.67030  
209.000    -2.67182  
209.100    -2.67333  
209.200    -2.67484  
209.300    -2.67636  
209.400    -2.67787  
209.500    -2.67938  
209.600    -2.68089  
209.700    -2.68241  
209.800    -2.68392  
209.900    -2.68543  
210.000    -2.68694  
210.100    -2.68845  
210.200    -2.68996  
210.300    -2.69147  
210.400    -2.69298  
210.500    -2.69449  
210.600    -2.69600  
210.700    -2.69751  
210.800    -2.69902  
210.900    -2.70053  
211.000    -2.70204  
211.100    -2.70354  
211.200    -2.70505  
211.300    -2.70656  
211.400    -2.70806  
211.500    -2.70957  
211.600    -2.71108  
211.700    -2.71258  
211.800    -2.71409  
211.900    -2.71559  
212.000    -2.71710  
212.100    -2.71860  
212.200    -2.72011  
212.300    -2.72161  
212.400    -2.72312  
212.500    -2.72462  
212.600    -2.72612  
212.700    -2.72763  
212.800    -2.72913  
212.900    -2.73063  
213.000    -2.73213  
213.100    -2.73363  
213.200    -2.73514  
213.300    -2.73664  
213.400    -2.73814  
213.500    -2.73964  
213.600    -2.74114  
213.700    -2.74264  
213.800    -2.74414  
213.900    -2.74564  
214.000    -2.74713  
214.100    -2.74863  
214.200    -2.75013  
214.300    -2.75163  
214.400    -2.75313  
214.500    -2.75462  
214.600    -2.75612  
214.700    -2.75762  
214.800    -2.75911  
214.900    -2.76061  
215.000    -2.76210  
215.100    -2.76360  
215.200    -2.76509  
215.300    -2.76659  
215.400    -2.76808  
215.500    -2.76958  
215.600    -2.77107  
215.700    -2.77256  
215.800    -2.77406  
215.900    -2.77555  
216.000    -2.77704  
216.100    -2.77853  
216.200    -2.78003  
216.300    -2.78152  
216.400    -2.78301  
216.500    -2.78450  
216.600    -2.78599  
216.700    -2.78748  
216.800    -2.78897  
216.900    -2.79046  
217.000    -2.79195  
217.100    -2.79344  
217.200    -2.79493  
217.300    -2.79641  
217.400    -2.79790  
217.500    -2.79939  
217.600    -2.80088  
217.700    -2.80236  
217.800    -2.80385  
217.900    -2.80534  
218.000    -2.80682  
218.100    -2.80831  
218.200    -2.80979  
218.300    -2.81128  
218.400    -2.81276  
218.500    -2.81425  
218.600    -2.81573  
218.700    -2.81721  
218.800    -2.81870  
218.900    -2.82018  
219.000    -2.82166  
219.100    -2.82315  
219.200    -2.82463  
219.300    -2.82611  
219.400    -2.82759  
219.500    -2.82907  
219.600    -2.83055  
219.700    -2.83203  
219.800    -2.83351  
219.900    -2.83499  
220.000    -2.83647  
220.100    -2.83795  
220.200    -2.83943  
220.300    -2.84091  
220.400    -2.84239  
220.500    -2.84386  
220.600    -2.84534  
220.700    -2.84682  
220.800    -2.84830  
220.900    -2.84977  
221.000    -2.85125  
221.100    -2.85272  
221.200    -2.85420  
221.300    -2.85567  
221.400    -2.85715  
221.500    -2.85862  
221.600    -2.86010  
221.700    -2.86157  
221.800    -2.86304  
221.900    -2.86452  
222.000    -2.86599  
222.100    -2.86746  
222.200    -2.86893  
222.300    -2.87041  
222.400    -2.87188  
222.500    -2.87335  
222.600    -2.87482  
222.700    -2.87629  
222.800    -2.87776  
222.900    -2.87923  
223.000    -2.88070  
223.100    -2.88217  
223.200    -2.88364  
223.300    -2.88511  
223.400    -2.88657  
223.500    -2.88804  
223.600    -2.88951  
223.700    -2.89098  
223.800    -2.89244  
223.900    -2.89391  
224.000    -2.89538  
224.100    -2.89684  
224.200    -2.89831  
224.300    -2.89977  
224.400    -2.90124  
224.500    -2.90270  
224.600    -2.90417  
224.700    -2.90563  
224.800    -2.90709  
224.900    -2.90856  
225.000    -2.91002  
225.100    -2.91148  
225.200    -2.91294  
225.300    -2.91440  
225.400    -2.91587  
225.500    -2.91733  
225.600    -2.91879  
225.700    -2.92025  
225.800    -2.92171  
225.900    -2.92317  
226.000    -2.92463  
226.100    -2.92609  
226.200    -2.92754  
226.300    -2.92900  
226.400    -2.93046  
226.500    -2.93192  
226.600    -2.93338  
226.700    -2.93483  
226.800    -2.93629  
226.900    -2.93774  
227.000    -2.93920  
227.100    -2.94066  
227.200    -2.94211  
227.300    -2.94357  
227.400    -2.94502  
227.500    -2.94648  
227.600    -2.94793  
227.700    -2.94938  
227.800    -2.95084  
227.900    -2.95229  
228.000    -2.95374  
228.100    -2.95519  
228.200    -2.95664  
228.300    -2.95810  
228.400    -2.95955  
228.500    -2.96100  
228.600    -2.96245  
228.700    -2.96390  
228.800    -2.96535  
228.900    -2.96680  
229.000    -2.96825  
229.100    -2.96969  
229.200    -2.97114  
229.300    -2.97259  
229.400    -2.97404  
229.500    -2.97549  
229.600    -2.97693  
229.700    -2.97838  
229.800    -2.97983  
229.900    -2.98127  
230.000    -2.98272  
230.100    -2.98416  
230.200    -2.98561  
230.300    -2.98705  
230.400    -2.98850  
230.500    -2.98994  
230.600    -2.99138  
230.700    -2.99283  
230.800    -2.99427  
230.900    -2.99571  
231.000    -2.99715  
231.100    -2.99859  
231.200    -3.00004  
231.300    -3.00148  
231.400    -3.00292  
231.500    -3.00436  
231.600    -3.00580  
231.700    -3.00724  
231.800    -3.00868  
231.900    -3.01011  
232.000    -3.01155  
232.100    -3.01299  
232.200    -3.01443  
232.300    -3.01587  
232.400    -3.01730  
232.500    -3.01874  
232.600    -3.02018  
232.700    -3.02161  
232.800    -3.02305  
232.900    -3.02448  
233.000    -3.02592  
233.100    -3.02735  
233.200    -3.02879  
233.300    -3.03022  
233.400    -3.03165  
233.500    -3.03309  
233.600    -3.03452  
233.700    -3.03595  
233.800    -3.03738  
233.900    -3.03882  
234.000    -3.04025  
234.100    -3.04168  
234.200    -3.04311  
234.300    -3.04454  
234.400    -3.04597  
234.500    -3.04740  
234.600    -3.04883  
234.700    -3.05026  
234.800    -3.05169  
234.900    -3.05311  
235.000    -3.05454  
235.100    -3.05597  
235.200    -3.05740  
235.300    -3.05882  
235.400    -3.06025  
235.500    -3.06168  
235.600    -3.06310  
235.700    -3.06453  
235.800    -3.06595  
235.900    -3.06738  
236.000    -3.06880  
236.100    -3.07022  
236.200    -3.07165  
236.300    -3.07307  
236.400    -3.07449  
236.500    -3.07592  
236.600    -3.07734  
236.700    -3.07876  
236.800    -3.08018  
236.900    -3.08160  
237.000    -3.08302  
237.100    -3.08444  
237.200    -3.08586  
237.300    -3.08728  
237.400    -3.08870  
237.500    -3.09012  
237.600    -3.09154  
237.700    -3.09296  
237.800    -3.09437  
237.900    -3.09579  
238.000    -3.09721  
238.100    -3.09862  
238.200    -3.10004  
238.300    -3.10146  
238.400    -3.10287  
238.500    -3.10429  
238.600    -3.10570  
238.700    -3.10712  
238.800    -3.10853  
238.900    -3.10994  
239.000    -3.11136  
239.100    -3.11277  
239.200    -3.11418  
239.300    -3.11560  
239.400    -3.11701  
239.500    -3.11842  
239.600    -3.11983  
239.700    -3.12124  
239.800    -3.12265  
239.900    -3.12406  
240.000    -3.12547  
240.100    -3.12688  
240.200    -3.12829  
240.300    -3.12970  
240.400    -3.13111  
240.500    -3.13251  
240.600    -3.13392  
240.700    -3.13533  
240.800    -3.13674  
240.900    -3.13814  
241.000    -3.13955  
241.100    -3.14095  
241.200    -3.14236  
241.300    -3.14376  
241.400    -3.14517  
241.500    -3.14657  
241.600    -3.14798  
241.700    -3.14938  
241.800    -3.15078  
241.900    -3.15219  
242.000    -3.15359  
242.100    -3.15499  
242.200    -3.15639  
242.300    -3.15779  
242.400    -3.15919  
242.500    -3.16059  
242.600    -3.16199  
242.700    -3.16339  
242.800    -3.16479  
242.900    -3.16619  
243.000    -3.16759  
243.100    -3.16899  
243.200    -3.17039  
243.300    -3.17178  
243.400    -3.17318  
243.500    -3.17458  
243.600    -3.17598  
243.700    -3.17737  
243.800    -3.17877  
243.900    -3.18016  
244.000    -3.18156  
244.100    -3.18295  
244.200    -3.18435  
244.300    -3.18574  
244.400    -3.18713  
244.500    -3.18853  
244.600    -3.18992  
244.700    -3.19131  
244.800    -3.19270  
244.900    -3.19410  
245.000    -3.19549  
245.100    -3.19688  
245.200    -3.19827  
245.300    -3.19966  
245.400    -3.20105  
245.500    -3.20244  
245.600    -3.20383  
245.700    -3.20522  
245.800    -3.20660  
245.900    -3.20799  
246.000    -3.20938  
246.100    -3.21077  
246.200    -3.21215  
246.300    -3.21354  
246.400    -3.21493  
246.500    -3.21631  
246.600    -3.21770  
246.700    -3.21908  
246.800    -3.22047  
246.900    -3.22185  
247.000    -3.22323  
247.100    -3.22462  
247.200    -3.22600  
247.300    -3.22738  
247.400    -3.22877  
247.500    -3.23015  
247.600    -3.23153  
247.700    -3.23291  
247.800    -3.23429  
247.900    -3.23567  
248.000    -3.23705  
248.100    -3.23843  
248.200    -3.23981  
248.300    -3.24119  
248.400    -3.24257  
248.500    -3.24395  
248.600    -3.24533  
248.700    -3.24670  
248.800    -3.24808  
248.900    -3.24946  
249.000    -3.25083  
249.100    -3.25221  
249.200    -3.25359  
249.300    -3.25496  
249.400    -3.25634  
249.500    -3.25771  
249.600    -3.25908  
249.700    -3.26046  
249.800    -3.26183  
249.900    -3.26320  
250.000    -3.26458  
250.100    -3.26595  
250.200    -3.26732  
250.300    -3.26869  
250.400    -3.27006  
250.500    -3.27143  
250.600    -3.27281  
250.700    -3.27418  
250.800    -3.27554  
250.900    -3.27691  
251.000    -3.27828  
251.100    -3.27965  
251.200    -3.28102  
251.300    -3.28239  
251.400    -3.28375  
251.500    -3.28512  
251.600    -3.28649  
251.700    -3.28785  
251.800    -3.28922  
251.900    -3.29059  
252.000    -3.29195  
252.100    -3.29332  
252.200    -3.29468  
252.300    -3.29604  
252.400    -3.29741  
252.500    -3.29877  
252.600    -3.30013  
252.700    -3.30150  
252.800    -3.30286  
252.900    -3.30422  
253.000    -3.30558  
253.100    -3.30694  
253.200    -3.30830  
253.300    -3.30966  
253.400    -3.31102  
253.500    -3.31238  
253.600    -3.31374  
253.700    -3.31510  
253.800    -3.31646  
253.900    -3.31782  
254.000    -3.31917  
254.100    -3.32053  
254.200    -3.32189  
254.300    -3.32325  
254.400    -3.32460  
254.500    -3.32596  
254.600    -3.32731  
254.700    -3.32867  
254.800    -3.33002  
254.900    -3.33138  
255.000    -3.33273  
255.100    -3.33408  
255.200    -3.33544  
255.300    -3.33679  
255.400    -3.33814  
255.500    -3.33949  
255.600    -3.34084  
255.700    -3.34220  
255.800    -3.34355  
255.900    -3.34490  
256.000    -3.34625  
256.100    -3.34760  
256.200    -3.34895  
256.300    -3.35029  
256.400    -3.35164  
256.500    -3.35299  
256.600    -3.35434  
256.700    -3.35569  
256.800    -3.35703  
256.900    -3.35838  
257.000    -3.35973  
257.100    -3.36107  
257.200    -3.36242  
257.300    -3.36376  
257.400    -3.36511  
257.500    -3.36645  
257.600    -3.36780  
257.700    -3.36914  
257.800    -3.37048  
257.900    -3.37182  
258.000    -3.37317  
258.100    -3.37451  
258.200    -3.37585  
258.300    -3.37719  
258.400    -3.37853  
258.500    -3.37987  
258.600    -3.38121  
258.700    -3.38255  
258.800    -3.38389  
258.900    -3.38523  
259.000    -3.38657  
259.100    -3.38791  
259.200    -3.38925  
259.300    -3.39058  
259.400    -3.39192  
259.500    -3.39326  
259.600    -3.39459  
259.700    -3.39593  
259.800    -3.39727  
259.900    -3.39860  
260.000    -3.39993  
260.100    -3.40127  
260.200    -3.40260  
260.300    -3.40394  
260.400    -3.40527  
260.500    -3.40660  
260.600    -3.40794  
260.700    -3.40927  
260.800    -3.41060  
260.900    -3.41193  
261.000    -3.41326  
261.100    -3.41459  
261.200    -3.41592  
261.300    -3.41725  
261.400    -3.41858  
261.500    -3.41991  
261.600    -3.42124  
261.700    -3.42257  
261.800    -3.42390  
261.900    -3.42522  
262.000    -3.42655  
262.100    -3.42788  
262.200    -3.42920  
262.300    -3.43053  
262.400    -3.43185  
262.500    -3.43318  
262.600    -3.43450  
262.700    -3.43583  
262.800    -3.43715  
262.900    -3.43848  
263.000    -3.43980  
263.100    -3.44112  
263.200    -3.44244  
263.300    -3.44377  
263.400    -3.44509  
263.500    -3.44641  
263.600    -3.44773  
263.700    -3.44905  
263.800    -3.45037  
263.900    -3.45169  
264.000    -3.45301  
264.100    -3.45433  
264.200    -3.45565  
264.300    -3.45697  
264.400    -3.45828  
264.500    -3.45960  
264.600    -3.46092  
264.700    -3.46224  
264.800    -3.46355  
264.900    -3.46487  
265.000    -3.46618  
265.100    -3.46750  
265.200    -3.46881  
265.300    -3.47013  
265.400    -3.47144  
265.500    -3.47275  
265.600    -3.47407  
265.700    -3.47538  
265.800    -3.47669  
265.900    -3.47801  
266.000    -3.47932  
266.100    -3.48063  
266.200    -3.48194  
266.300    -3.48325  
266.400    -3.48456  
266.500    -3.48587  
266.600    -3.48718  
266.700    -3.48849  
266.800    -3.48980  
266.900    -3.49110  
267.000    -3.49241  
267.100    -3.49372  
267.200    -3.49503  
267.300    -3.49633  
267.400    -3.49764  
267.500    -3.49894  
267.600    -3.50025  
267.700    -3.50155  
267.800    -3.50286  
267.900    -3.50416  
268.000    -3.50547  
268.100    -3.50677  
268.200    -3.50807  
268.300    -3.50938  
268.400    -3.51068  
268.500    -3.51198  
268.600    -3.51328  
268.700    -3.51458  
268.800    -3.51588  
268.900    -3.51718  
269.000    -3.51848  
269.100    -3.51978  
269.200    -3.52108  
269.300    -3.52238  
269.400    -3.52368  
269.500    -3.52498  
269.600    -3.52627  
269.700    -3.52757  
269.800    -3.52887  
269.900    -3.53017  
270.000    -3.53146  
270.100    -3.53276  
270.200    -3.53405  
270.300    -3.53535  
270.400    -3.53664  
270.500    -3.53793  
270.600    -3.53923  
270.700    -3.54052  
270.800    -3.54181  
270.900    -3.54311  
271.000    -3.54440  
271.100    -3.54569  
271.200    -3.54698  
271.300    -3.54827  
271.400    -3.54956  
271.500    -3.55085  
271.600    -3.55214  
271.700    -3.55343  
271.800    -3.55472  
271.900    -3.55601  
272.000    -3.55730  
272.100    -3.55858  
272.200    -3.55987  
272.300    -3.56116  
272.400    -3.56245  
272.500    -3.56373  
272.600    -3.56502  
272.700    -3.56630  
272.800    -3.56759  
272.900    -3.56887  
273.000    -3.57016  
273.100    -3.57144  
273.200    -3.57272  
273.300    -3.57401  
273.400    -3.57529  
273.500    -3.57657  
273.600    -3.57785  
273.700    -3.57913  
273.800    -3.58041  
273.900    -3.58170  
274.000    -3.58298  
274.100    -3.58426  
274.200    -3.58553  
274.300    -3.58681  
274.400    -3.58809  
274.500    -3.58937  
274.600    -3.59065  
274.700    -3.59193  
274.800    -3.59320  
274.900    -3.59448  
275.000    -3.59575  
275.100    -3.59703  
275.200    -3.59831  
275.300    -3.59958  
275.400    -3.60086  
275.500    -3.60213  
275.600    -3.60340  
275.700    -3.60468  
275.800    -3.60595  
275.900    -3.60722  
276.000    -3.60849  
276.100    -3.60977  
276.200    -3.61104  
276.300    -3.61231  
276.400    -3.61358  
276.500    -3.61485  
276.600    -3.61612  
276.700    -3.61739  
276.800    -3.61866  
276.900    -3.61993  
277.000    -3.62120  
277.100    -3.62246  
277.200    -3.62373  
277.300    -3.62500  
277.400    -3.62626  
277.500    -3.62753  
277.600    -3.62880  
277.700    -3.63006  
277.800    -3.63133  
277.900    -3.63259  
278.000    -3.63386  
278.100    -3.63512  
278.200    -3.63638  
278.300    -3.63765  
278.400    -3.63891  
278.500    -3.64017  
278.600    -3.64143  
278.700    -3.64269  
278.800    -3.64396  
278.900    -3.64522  
279.000    -3.64648  
279.100    -3.64774  
279.200    -3.64900  
279.300    -3.65025  
279.400    -3.65151  
279.500    -3.65277  
279.600    -3.65403  
279.700    -3.65529  
279.800    -3.65654  
279.900    -3.65780  
280.000    -3.65906  
280.100    -3.66031  
280.200    -3.66157  
280.300    -3.66282  
280.400    -3.66408  
280.500    -3.66533  
280.600    -3.66659  
280.700    -3.66784  
280.800    -3.66909  
280.900    -3.67035  
281.000    -3.67160  
281.100    -3.67285  
281.200    -3.67410  
281.300    -3.67535  
281.400    -3.67660  
281.500    -3.67785  
281.600    -3.67910  
281.700    -3.68035  
281.800    -3.68160  
281.900    -3.68285  
282.000    -3.68410  
282.100    -3.68535  
282.200    -3.68659  
282.300    -3.68784  
282.400    -3.68909  
282.500    -3.69033  
282.600    -3.69158  
282.700    -3.69283  
282.800    -3.69407  
282.900    -3.69531  
283.000    -3.69656  
283.100    -3.69780  
283.200    -3.69905  
283.300    -3.70029  
283.400    -3.70153  
283.500    -3.70277  
283.600    -3.70402  
283.700    -3.70526  
283.800    -3.70650  
283.900    -3.70774  
284.000    -3.70898  
284.100    -3.71022  
284.200    -3.71146  
284.300    -3.71270  
284.400    -3.71394  
284.500    -3.71517  
284.600    -3.71641  
284.700    -3.71765  
284.800    -3.71889  
284.900    -3.72012  
285.000    -3.72136  
285.100    -3.72260  
285.200    -3.72383  
285.300    -3.72507  
285.400    -3.72630  
285.500    -3.72754  
285.600    -3.72877  
285.700    -3.73000  
285.800    -3.73124  
285.900    -3.73247  
286.000    -3.73370  
286.100    -3.73493  
286.200    -3.73616  
286.300    -3.73739  
286.400    -3.73863  
286.500    -3.73986  
286.600    -3.74109  
286.700    -3.74231  
286.800    -3.74354  
286.900    -3.74477  
287.000    -3.74600  
287.100    -3.74723  
287.200    -3.74846  
287.300    -3.74968  
287.400    -3.75091  
287.500    -3.75214  
287.600    -3.75336  
287.700    -3.75459  
287.800    -3.75581  
287.900    -3.75704  
288.000    -3.75826  
288.100    -3.75948  
288.200    -3.76071  
288.300    -3.76193  
288.400    -3.76315  
288.500    -3.76438  
288.600    -3.76560  
288.700    -3.76682  
288.800    -3.76804  
288.900    -3.76926  
289.000    -3.77048  
289.100    -3.77170  
289.200    -3.77292  
289.300    -3.77414  
289.400    -3.77536  
289.500    -3.77658  
289.600    -3.77779  
289.700    -3.77901  
289.800    -3.78023  
289.900    -3.78144  
290.000    -3.78266  
290.100    -3.78388  
290.200    -3.78509  
290.300    -3.78631  
290.400    -3.78752  
290.500    -3.78873  
290.600    -3.78995  
290.700    -3.79116  
290.800    -3.79237  
290.900    -3.79359  
291.000    -3.79480  
291.100    -3.79601  
291.200    -3.79722  
291.300    -3.79843  
291.400    -3.79964  
291.500    -3.80085  
291.600    -3.80206  
291.700    -3.80327  
291.800    -3.80448  
291.900    -3.80569  
292.000    -3.80690  
292.100    -3.80811  
292.200    -3.80931  
292.300    -3.81052  
292.400    -3.81173  
292.500    -3.81293  
292.600    -3.81414  
292.700    -3.81534  
292.800    -3.81655  
292.900    -3.81775  
293.000    -3.81896  
293.100    -3.82016  
293.200    -3.82137  
293.300    -3.82257  
293.400    -3.82377  
293.500    -3.82497  
293.600    -3.82617  
293.700    -3.82738  
293.800    -3.82858  
293.900    -3.82978  
294.000    -3.83098  
294.100    -3.83218  
294.200    -3.83338  
294.300    -3.83458  
294.400    -3.83577  
294.500    -3.83697  
294.600    -3.83817  
294.700    -3.83937  
294.800    -3.84056  
294.900    -3.84176  
295.000    -3.84296  
295.100    -3.84415  
295.200    -3.84535  
295.300    -3.84654  
295.400    -3.84774  
295.500    -3.84893  
295.600    -3.85012  
295.700    -3.85132  
295.800    -3.85251  
295.900    -3.85370  
296.000    -3.85489  
296.100    -3.85609  
296.200    -3.85728  
296.300    -3.85847  
296.400    -3.85966  
296.500    -3.86085  
296.600    -3.86204  
296.700    -3.86323  
296.800    -3.86442  
296.900    -3.86560  
297.000    -3.86679  
297.100    -3.86798  
297.200    -3.86917  
297.300    -3.87035  
297.400    -3.87154  
297.500    -3.87273  
297.600    -3.87391  
297.700    -3.87510  
297.800    -3.87628  
297.900    -3.87747  
298.000    -3.87865  
298.100    -3.87983  
298.200    -3.88102  
298.300    -3.88220  
298.400    -3.88338  
298.500    -3.88456  
298.600    -3.88575  
298.700    -3.88693  
298.800    -3.88811  
298.900    -3.88929  
299.000    -3.89047  
299.100    -3.89165  
299.200    -3.89283  
299.300    -3.89401  
299.400    -3.89518  
299.500    -3.89636  
299.600    -3.89754  
299.700    -3.89872  
299.800    -3.89989  
299.900    -3.90107  
300.000    -3.90225  
300.100    -3.90342  
300.200    -3.90460  
300.300    -3.90577  
300.400    -3.90694  
300.500    -3.90812  
300.600    -3.90929  
300.700    -3.91047  
300.800    -3.91164  
300.900    -3.91281  
301.000    -3.91398  
301.100    -3.91515  
301.200    -3.91632  
301.300    -3.91750  
301.400    -3.91867  
301.500    -3.91984  
301.600    -3.92100  
301.700    -3.92217  
301.800    -3.92334  
301.900    -3.92451  
302.000    -3.92568  
302.100    -3.92685  
302.200    -3.92801  
302.300    -3.92918  
302.400    -3.93035  
302.500    -3.93151  
302.600    -3.93268  
302.700    -3.93384  
302.800    -3.93501  
302.900    -3.93617  
303.000    -3.93733  
303.100    -3.93850  
303.200    -3.93966  
303.300    -3.94082  
303.400    -3.94199  
303.500    -3.94315  
303.600    -3.94431  
303.700    -3.94547  
303.800    -3.94663  
303.900    -3.94779  
304.000    -3.94895  
304.100    -3.95011  
304.200    -3.95127  
304.300    -3.95243  
304.400    -3.95359  
304.500    -3.95474  
304.600    -3.95590  
304.700    -3.95706  
304.800    -3.95821  
304.900    -3.95937  
305.000    -3.96053  
305.100    -3.96168  
305.200    -3.96284  
305.300    -3.96399  
305.400    -3.96514  
305.500    -3.96630  
305.600    -3.96745  
305.700    -3.96860  
305.800    -3.96976  
305.900    -3.97091  
306.000    -3.97206  
306.100    -3.97321  
306.200    -3.97436  
306.300    -3.97551  
306.400    -3.97666  
306.500    -3.97781  
306.600    -3.97896  
306.700    -3.98011  
306.800    -3.98126  
306.900    -3.98241  
307.000    -3.98356  
307.100    -3.98470  
307.200    -3.98585  
307.300    -3.98700  
307.400    -3.98814  
307.500    -3.98929  
307.600    -3.99043  
307.700    -3.99158  
307.800    -3.99272  
307.900    -3.99387  
308.000    -3.99501  
308.100    -3.99615  
308.200    -3.99730  
308.300    -3.99844  
308.400    -3.99958  
308.500    -4.00072  
308.600    -4.00186  
308.700    -4.00300  
308.800    -4.00414  
308.900    -4.00528  
309.000    -4.00642  
309.100    -4.00756  
309.200    -4.00870  
309.300    -4.00984  
309.400    -4.01098  
309.500    -4.01212  
309.600    -4.01325  
309.700    -4.01439  
309.800    -4.01553  
309.900    -4.01666  
310.000    -4.01780  
310.100    -4.01893  
310.200    -4.02007  
310.300    -4.02120  
310.400    -4.02233  
310.500    -4.02347  
310.600    -4.02460  
310.700    -4.02573  
310.800    -4.02687  
310.900    -4.02800  
311.000    -4.02913  
311.100    -4.03026  
311.200    -4.03139  
311.300    -4.03252  
311.400    -4.03365  
311.500    -4.03478  
311.600    -4.03591  
311.700    -4.03704  
311.800    -4.03817  
311.900    -4.03929  
312.000    -4.04042  
312.100    -4.04155  
312.200    -4.04268  
312.300    -4.04380  
312.400    -4.04493  
312.500    -4.04605  
312.600    -4.04718  
312.700    -4.04830  
312.800    -4.04943  
312.900    -4.05055  
313.000    -4.05167  
313.100    -4.05280  
313.200    -4.05392  
313.300    -4.05504  
313.400    -4.05616  
313.500    -4.05728  
313.600    -4.05841  
313.700    -4.05953  
313.800    -4.06065  
313.900    -4.06177  
314.000    -4.06289  
314.100    -4.06400  
314.200    -4.06512  
314.300    -4.06624  
314.400    -4.06736  
314.500    -4.06848  
314.600    -4.06959  
314.700    -4.07071  
314.800    -4.07183  
314.900    -4.07294  
315.000    -4.07406  
315.100    -4.07517  
315.200    -4.07629  
315.300    -4.07740  
315.400    -4.07851  
315.500    -4.07963  
315.600    -4.08074  
315.700    -4.08185  
315.800    -4.08296  
315.900    -4.08408  
316.000    -4.08519  
316.100    -4.08630  
316.200    -4.08741  
316.300    -4.08852  
316.400    -4.08963  
316.500    -4.09074  
316.600    -4.09185  
316.700    -4.09295  
316.800    -4.09406  
316.900    -4.09517  
317.000    -4.09628  
317.100    -4.09738  
317.200    -4.09849  
317.300    -4.09960  
317.400    -4.10070  
317.500    -4.10181  
317.600    -4.10291  
317.700    -4.10402  
317.800    -4.10512  
317.900    -4.10622  
318.000    -4.10733  
318.100    -4.10843  
318.200    -4.10953  
318.300    -4.11063  
318.400    -4.11173  
318.500    -4.11284  
318.600    -4.11394  
318.700    -4.11504  
318.800    -4.11614  
318.900    -4.11724  
319.000    -4.11834  
319.100    -4.11943  
319.200    -4.12053  
319.300    -4.12163  
319.400    -4.12273  
319.500    -4.12382  
319.600    -4.12492  
319.700    -4.12602  
319.800    -4.12711  
319.900    -4.12821  
320.000    -4.12930  
320.100    -4.13040  
320.200    -4.13149  
320.300    -4.13259  
320.400    -4.13368  
320.500    -4.13477  
320.600    -4.13587  
320.700    -4.13696  
320.800    -4.13805  
320.900    -4.13914  
321.000    -4.14023  
321.100    -4.14132  
321.200    -4.14241  
321.300    -4.14350  
321.400    -4.14459  
321.500    -4.14568  
321.600    -4.14677  
321.700    -4.14786  
321.800    -4.14895  
321.900    -4.15003  
322.000    -4.15112  
322.100    -4.15221  
322.200    -4.15329  
322.300    -4.15438  
322.400    -4.15547  
322.500    -4.15655  
322.600    -4.15763  
322.700    -4.15872  
322.800    -4.15980  
322.900    -4.16089  
323.000    -4.16197  
323.100    -4.16305  
323.200    -4.16413  
323.300    -4.16522  
323.400    -4.16630  
323.500    -4.16738  
323.600    -4.16846  
323.700    -4.16954  
323.800    -4.17062  
323.900    -4.17170  
324.000    -4.17278  
324.100    -4.17386  
324.200    -4.17493  
324.300    -4.17601  
324.400    -4.17709  
324.500    -4.17817  
324.600    -4.17924  
324.700    -4.18032  
324.800    -4.18139  
324.900    -4.18247  
325.000    -4.18355  
325.100    -4.18462  
325.200    -4.18569  
325.300    -4.18677  
325.400    -4.18784  
325.500    -4.18891  
325.600    -4.18999  
325.700    -4.19106  
325.800    -4.19213  
325.900    -4.19320  
326.000    -4.19427  
326.100    -4.19534  
326.200    -4.19641  
326.300    -4.19748  
326.400    -4.19855  
326.500    -4.19962  
326.600    -4.20069  
326.700    -4.20176  
326.800    -4.20283  
326.900    -4.20389  
327.000    -4.20496  
327.100    -4.20603  
327.200    -4.20709  
327.300    -4.20816  
327.400    -4.20922  
327.500    -4.21029  
327.600    -4.21135  
327.700    -4.21242  
327.800    -4.21348  
327.900    -4.21455  
328.000    -4.21561  
328.100    -4.21667  
328.200    -4.21773  
328.300    -4.21879  
328.400    -4.21986  
328.500    -4.22092  
328.600    -4.22198  
328.700    -4.22304  
328.800    -4.22410  
328.900    -4.22516  
329.000    -4.22622  
329.100    -4.22727  
329.200    -4.22833  
329.300    -4.22939  
329.400    -4.23045  
329.500    -4.23151  
329.600    -4.23256  
329.700    -4.23362  
329.800    -4.23467  
329.900    -4.23573  
330.000    -4.23678  
330.100    -4.23784  
330.200    -4.23889  
330.300    -4.23995  
330.400    -4.24100  
330.500    -4.24205  
330.600    -4.24311  
330.700    -4.24416  
330.800    -4.24521  
330.900    -4.24626  
331.000    -4.24731  
331.100    -4.24836  
331.200    -4.24941  
331.300    -4.25046  
331.400    -4.25151  
331.500    -4.25256  
331.600    -4.25361  
331.700    -4.25466  
331.800    -4.25571  
331.900    -4.25675  
332.000    -4.25780  
332.100    -4.25885  
332.200    -4.25989  
332.300    -4.26094  
332.400    -4.26198  
332.500    -4.26303  
332.600    -4.26407  
332.700    -4.26512  
332.800    -4.26616  
332.900    -4.26721  
333.000    -4.26825  
333.100    -4.26929  
333.200    -4.27033  
333.300    -4.27137  
333.400    -4.27242  
333.500    -4.27346  
333.600    -4.27450  
333.700    -4.27554  
333.800    -4.27658  
333.900    -4.27762  
334.000    -4.27866  
334.100    -4.27970  
334.200    -4.28073  
334.300    -4.28177  
334.400    -4.28281  
334.500    -4.28385  
334.600    -4.28488  
334.700    -4.28592  
334.800    -4.28695  
334.900    -4.28799  
335.000    -4.28903  
335.100    -4.29006  
335.200    -4.29109  
335.300    -4.29213  
335.400    -4.29316  
335.500    -4.29419  
335.600    -4.29523  
335.700    -4.29626  
335.800    -4.29729  
335.900    -4.29832  
336.000    -4.29935  
336.100    -4.30038  
336.200    -4.30141  
336.300    -4.30244  
336.400    -4.30347  
336.500    -4.30450  
336.600    -4.30553  
336.700    -4.30656  
336.800    -4.30759  
336.900    -4.30862  
337.000    -4.30964  
337.100    -4.31067  
337.200    -4.31170  
337.300    -4.31272  
337.400    -4.31375  
337.500    -4.31477  
337.600    -4.31580  
337.700    -4.31682  
337.800    -4.31785  
337.900    -4.31887  
338.000    -4.31989  
338.100    -4.32092  
338.200    -4.32194  
338.300    -4.32296  
338.400    -4.32398  
338.500    -4.32500  
338.600    -4.32602  
338.700    -4.32704  
338.800    -4.32806  
338.900    -4.32908  
339.000    -4.33010  
339.100    -4.33112  
339.200    -4.33214  
339.300    -4.33316  
339.400    -4.33417  
339.500    -4.33519  
339.600    -4.33621  
339.700    -4.33723  
339.800    -4.33824  
339.900    -4.33926  
340.000    -4.34027  
340.100    -4.34129  
340.200    -4.34230  
340.300    -4.34332  
340.400    -4.34433  
340.500    -4.34534  
340.600    -4.34635  
340.700    -4.34737  
340.800    -4.34838  
340.900    -4.34939  
341.000    -4.35040  
341.100    -4.35141  
341.200    -4.35242  
341.300    -4.35343  
341.400    -4.35444  
341.500    -4.35545  
341.600    -4.35646  
341.700    -4.35747  
341.800    -4.35848  
341.900    -4.35949  
342.000    -4.36049  
342.100    -4.36150  
342.200    -4.36251  
342.300    -4.36351  
342.400    -4.36452  
342.500    -4.36552  
342.600    -4.36653  
342.700    -4.36753  
342.800    -4.36854  
342.900    -4.36954  
343.000    -4.37054  
343.100    -4.37155  
343.200    -4.37255  
343.300    -4.37355  
343.400    -4.37455  
343.500    -4.37555  
343.600    -4.37656  
343.700    -4.37756  
343.800    -4.37856  
343.900    -4.37956  
344.000    -4.38056  
344.100    -4.38155  
344.200    -4.38255  
344.300    -4.38355  
344.400    -4.38455  
344.500    -4.38555  
344.600    -4.38654  
344.700    -4.38754  
344.800    -4.38854  
344.900    -4.38953  
345.000    -4.39053  
345.100    -4.39152  
345.200    -4.39252  
345.300    -4.39351  
345.400    -4.39450  
345.500    -4.39550  
345.600    -4.39649  
345.700    -4.39748  
345.800    -4.39848  
345.900    -4.39947  
346.000    -4.40046  
346.100    -4.40145  
346.200    -4.40244  
346.300    -4.40343  
346.400    -4.40442  
346.500    -4.40541  
346.600    -4.40640  
346.700    -4.40739  
346.800    -4.40838  
346.900    -4.40936  
347.000    -4.41035  
347.100    -4.41134  
347.200    -4.41232  
347.300    -4.41331  
347.400    -4.41430  
347.500    -4.41528  
347.600    -4.41627  
347.700    -4.41725  
347.800    -4.41824  
347.900    -4.41922  
348.000    -4.42020  
348.100    -4.42119  
348.200    -4.42217  
348.300    -4.42315  
348.400    -4.42413  
348.500    -4.42512  
348.600    -4.42610  
348.700    -4.42708  
348.800    -4.42806  
348.900    -4.42904  
349.000    -4.43002  
349.100    -4.43100  
349.200    -4.43197  
349.300    -4.43295  
349.400    -4.43393  
349.500    -4.43491  
349.600    -4.43589  
349.700    -4.43686  
349.800    -4.43784  
349.900    -4.43881  
350.000    -4.43979  