0.000     0.00000  
  0.100     0.00002  
  0.200     0.00012  
  0.300     0.00032  
  0.400     0.00065  
  0.500     0.00112  
  0.600     0.00175  
  0.700     0.00254  
  0.800     0.00350  
  0.900     0.00465  
  1.000     0.00598  
  1.100     0.00750  
  1.200     0.00921  
  1.300     0.01113  
  1.400     0.01324  
  1.500     0.01555  
  1.600     0.01807  
  1.700     0.02080  
  1.800     0.02373  
  1.900     0.02686  
  2.000     0.03021  
  2.100     0.03376  
  2.200     0.03751  
  2.300     0.04148  
  2.400     0.04565  
  2.500     0.05002  
  2.600     0.05460  
  2.700     0.05938  
  2.800     0.06436  
  2.900     0.06955  
  3.000     0.07493  
  3.100     0.08051  
  3.200     0.08629  
  3.300     0.09226  
  3.400     0.09843  
  3.500     0.10479  
  3.600     0.11134  
  3.700     0.11808  
  3.800     0.12500  
  3.900     0.13211  
  4.000     0.13940  
  4.100     0.14688  
  4.200     0.15453  
  4.300     0.16237  
  4.400     0.17037  
  4.500     0.17856  
  4.600     0.18691  
  4.700     0.19544  
  4.800     0.20413  
  4.900     0.21299  
  5.000     0.22202  
  5.100     0.23121  
  5.200     0.24056  
  5.300     0.25007  
  5.400     0.25974  
  5.500     0.26956  
  5.600     0.27954  
  5.700     0.28967  
  5.800     0.29995  
  5.900     0.31038  
  6.000     0.32095  
  6.100     0.33168  
  6.200     0.34254  
  6.300     0.35355  
  6.400     0.36469  
  6.500     0.37598  
  6.600     0.38740  
  6.700     0.39896  
  6.800     0.41065  
  6.900     0.42247  
  7.000     0.43442  
  7.100     0.44650  
  7.200     0.45871  
  7.300     0.47104  
  7.400     0.48350  
  7.500     0.49608  
  7.600     0.50878  
  7.700     0.52160  
  7.800     0.53454  
  7.900     0.54760  
  8.000     0.56076  
  8.100     0.57405  
  8.200     0.58744  
  8.300     0.60095  
  8.400     0.61457  
  8.500     0.62829  
  8.600     0.64212  
  8.700     0.65606  
  8.800     0.67010  
  8.900     0.68424  
  9.000     0.69848  
  9.100     0.71283  
  9.200     0.72727  
  9.300     0.74181  
  9.400     0.75645  
  9.500     0.77118  
  9.600     0.78601  
  9.700     0.80093  
  9.800     0.81594  
  9.900     0.83105  
 10.000     0.84624  
 10.100     0.86152  
 10.200     0.87689  
 10.300     0.89234  
 10.400     0.90788  
 10.500     0.92351  
 10.600     0.93922  
 10.700     0.95500  
 10.800     0.97087  
 10.900     0.98682  
 11.000     1.00285  
 11.100     1.01896  
 11.200     1.03515  
 11.300     1.05141  
 11.400     1.06774  
 11.500     1.08415  
 11.600     1.10063  
 11.700     1.11719  
 11.800     1.13381  
 11.900     1.15051  
 12.000     1.16728  
 12.100     1.18411  
 12.200     1.20102  
 12.300     1.21799  
 12.400     1.23502  
 12.500     1.25212  
 12.600     1.26929  
 12.700     1.28652  
 12.800     1.30381  
 12.900     1.32117  
 13.000     1.33859  
 13.100     1.35606  
 13.200     1.37360  
 13.300     1.39120  
 13.400     1.40885  
 13.500     1.42656  
 13.600     1.44433  
 13.700     1.46216  
 13.800     1.48004  
 13.900     1.49798  
 14.000     1.51596  
 14.100     1.53401  
 14.200     1.55210  
 14.300     1.57025  
 14.400     1.58845  
 14.500     1.60670  
 14.600     1.62500  
 14.700     1.64335  
 14.800     1.66175  
 14.900     1.68020  
 15.000     1.69869  
 15.100     1.71723  
 15.200     1.73582  
 15.300     1.75445  
 15.400     1.77313  
 15.500     1.79186  
 15.600     1.81063  
 15.700     1.82944  
 15.800     1.84829  
 15.900     1.86719  
 16.000     1.88613  
 16.100     1.90511  
 16.200     1.92413  
 16.300     1.94319  
 16.400     1.96229  
 16.500     1.98143  
 16.600     2.00061  
 16.700     2.01982  
 16.800     2.03908  
 16.900     2.05837  
 17.000     2.07770  
 17.100     2.09706  
 17.200     2.11646  
 17.300     2.13590  
 17.400     2.15537  
 17.500     2.17488  
 17.600     2.19442  
 17.700     2.21399  
 17.800     2.23359  
 17.900     2.25323  
 18.000     2.27290  
 18.100     2.29260  
 18.200     2.31234  
 18.300     2.33210  
 18.400     2.35190  
 18.500     2.37172  
 18.600     2.39158  
 18.700     2.41146  
 18.800     2.43137  
 18.900     2.45131  
 19.000     2.47128  
 19.100     2.49128  
 19.200     2.51131  
 19.300     2.53136  
 19.400     2.55143  
 19.500     2.57154  
 19.600     2.59167  
 19.700     2.61182  
 19.800     2.63200  
 19.900     2.65221  
 20.000     2.67244  
 20.100     2.69269  
 20.200     2.71297  
 20.300     2.73327  
 20.400     2.75360  
 20.500     2.77394  
 20.600     2.79431  
 20.700     2.81470  
 20.800     2.83512  
 20.900     2.85555  
 21.000     2.87601  
 21.100     2.89648  
 21.200     2.91698  
 21.300     2.93750  
 21.400     2.95803  
 21.500     2.97859  
 21.600     2.99916  
 21.700     3.01976  
 21.800     3.04037  
 21.900     3.06100  
 22.000     3.08165  
 22.100     3.10232  
 22.200     3.12301  
 22.300     3.14371  
 22.400     3.16443  
 22.500     3.18517  
 22.600     3.20592  
 22.700     3.22669  
 22.800     3.24747  
 22.900     3.26827  
 23.000     3.28909  
 23.100     3.30992  
 23.200     3.33077  
 23.300     3.35163  
 23.400     3.37251  
 23.500     3.39340  
 23.600     3.41430  
 23.700     3.43522  
 23.800     3.45615  
 23.900     3.47709  
 24.000     3.49805  
 24.100     3.51902  
 24.200     3.54000  
 24.300     3.56100  
 24.400     3.58200  
 24.500     3.60302  
 24.600     3.62405  
 24.700     3.64509  
 24.800     3.66615  
 24.900     3.68721  
 25.000     3.70829  
 25.100     3.72937  
 25.200     3.75047  
 25.300     3.77157  
 25.400     3.79269  
 25.500     3.81381  
 25.600     3.83495  
 25.700     3.85609  
 25.800     3.87725  
 25.900     3.89841  
 26.000     3.91958  
 26.100     3.94076  
 26.200     3.96195  
 26.300     3.98315  
 26.400     4.00435  
 26.500     4.02556  
 26.600     4.04678  
 26.700     4.06801  
 26.800     4.08925  
 26.900     4.11049  
 27.000     4.13174  
 27.100     4.15299  
 27.200     4.17426  
 27.300     4.19553  
 27.400     4.21680  
 27.500     4.23808  
 27.600     4.25937  
 27.700     4.28066  
 27.800     4.30196  
 27.900     4.32326  
 28.000     4.34457  
 28.100     4.36589  
 28.200     4.38721  
 28.300     4.40853  
 28.400     4.42986  
 28.500     4.45119  
 28.600     4.47253  
 28.700     4.49387  
 28.800     4.51522  
 28.900     4.53657  
 29.000     4.55792  
 29.100     4.57928  
 29.200     4.60064  
 29.300     4.62200  
 29.400     4.64337  
 29.500     4.66474  
 29.600     4.68611  
 29.700     4.70748  
 29.800     4.72886  
 29.900     4.75024  
 30.000     4.77163  
 30.100     4.79301  
 30.200     4.81440  
 30.300     4.83579  
 30.400     4.85718  
 30.500     4.87857  
 30.600     4.89996  
 30.700     4.92136  
 30.800     4.94275  
 30.900     4.96415  
 31.000     4.98555  
 31.100     5.00695  
 31.200     5.02835  
 31.300     5.04975  
 31.400     5.07115  
 31.500     5.09255  
 31.600     5.11395  
 31.700     5.13536  
 31.800     5.15676  
 31.900     5.17816  
 32.000     5.19956  
 32.100     5.22096  
 32.200     5.24236  
 32.300     5.26377  
 32.400     5.28517  
 32.500     5.30657  
 32.600     5.32796  
 32.700     5.34936  
 32.800     5.37076  
 32.900     5.39215  
 33.000     5.41355  
 33.100     5.43494  
 33.200     5.45633  
 33.300     5.47772  
 33.400     5.49911  
 33.500     5.52049  
 33.600     5.54188  
 33.700     5.56326  
 33.800     5.58464  
 33.900     5.60602  
 34.000     5.62739  
 34.100     5.64877  
 34.200     5.67014  
 34.300     5.69151  
 34.400     5.71287  
 34.500     5.73423  
 34.600     5.75559  
 34.700     5.77695  
 34.800     5.79830  
 34.900     5.81966  
 35.000     5.84100  
 35.100     5.86235  
 35.200     5.88369  
 35.300     5.90503  
 35.400     5.92636  
 35.500     5.94769  
 35.600     5.96901  
 35.700     5.99034  
 35.800     6.01166  
 35.900     6.03297  
 36.000     6.05428  
 36.100     6.07559  
 36.200     6.09689  
 36.300     6.11819  
 36.400     6.13948  
 36.500     6.16077  
 36.600     6.18205  
 36.700     6.20333  
 36.800     6.22460  
 36.900     6.24587  
 37.000     6.26714  
 37.100     6.28840  
 37.200     6.30965  
 37.300     6.33090  
 37.400     6.35215  
 37.500     6.37339  
 37.600     6.39462  
 37.700     6.41585  
 37.800     6.43707  
 37.900     6.45829  
 38.000     6.47950  
 38.100     6.50070  
 38.200     6.52190  
 38.300     6.54310  
 38.400     6.56429  
 38.500     6.58547  
 38.600     6.60664  
 38.700     6.62781  
 38.800     6.64898  
 38.900     6.67013  
 39.000     6.69128  
 39.100     6.71243  
 39.200     6.73357  
 39.300     6.75470  
 39.400     6.77582  
 39.500     6.79694  
 39.600     6.81805  
 39.700     6.83916  
 39.800     6.86025  
 39.900     6.88135  
 40.000     6.90243  
 40.100     6.92351  
 40.200     6.94458  
 40.300     6.96564  
 40.400     6.98669  
 40.500     7.00774  
 40.600     7.02878  
 40.700     7.04981  
 40.800     7.07084  
 40.900     7.09186  
 41.000     7.11287  
 41.100     7.13387  
 41.200     7.15486  
 41.300     7.17585  
 41.400     7.19683  
 41.500     7.21780  
 41.600     7.23877  
 41.700     7.25972  
 41.800     7.28067  
 41.900     7.30161  
 42.000     7.32254  
 42.100     7.34346  
 42.200     7.36438  
 42.300     7.38528  
 42.400     7.40618  
 42.500     7.42707  
 42.600     7.44795  
 42.700     7.46882  
 42.800     7.48969  
 42.900     7.51054  
 43.000     7.53139  
 43.100     7.55222  
 43.200     7.57305  
 43.300     7.59387  
 43.400     7.61468  
 43.500     7.63549  
 43.600     7.65628  
 43.700     7.67706  
 43.800     7.69784  
 43.900     7.71860  
 44.000     7.73936  
 44.100     7.76011  
 44.200     7.78085  
 44.300     7.80157  
 44.400     7.82229  
 44.500     7.84300  
 44.600     7.86370  
 44.700     7.88440  
 44.800     7.90508  
 44.900     7.92575  
 45.000     7.94641  
 45.100     7.96706  
 45.200     7.98771  
 45.300     8.00834  
 45.400     8.02896  
 45.500     8.04958  
 45.600     8.07018  
 45.700     8.09077  
 45.800     8.11136  
 45.900     8.13193  
 46.000     8.15249  
 46.100     8.17305  
 46.200     8.19359  
 46.300     8.21412  
 46.400     8.23464  
 46.500     8.25516  
 46.600     8.27566  
 46.700     8.29615  
 46.800     8.31663  
 46.900     8.33710  
 47.000     8.35756  
 47.100     8.37801  
 47.200     8.39845  
 47.300     8.41888  
 47.400     8.43930  
 47.500     8.45971  
 47.600     8.48010  
 47.700     8.50049  
 47.800     8.52086  
 47.900     8.54123  
 48.000     8.56158  
 48.100     8.58192  
 48.200     8.60226  
 48.300     8.62258  
 48.400     8.64289  
 48.500     8.66319  
 48.600     8.68347  
 48.700     8.70375  
 48.800     8.72402  
 48.900     8.74427  
 49.000     8.76451  
 49.100     8.78475  
 49.200     8.80497  
 49.300     8.82518  
 49.400     8.84537  
 49.500     8.86556  
 49.600     8.88574  
 49.700     8.90590  
 49.800     8.92605  
 49.900     8.94619  
 50.000     8.96632  
 50.100     8.98644  
 50.200     9.00655  
 50.300     9.02664  
 50.400     9.04672  
 50.500     9.06680  
 50.600     9.08686  
 50.700     9.10690  
 50.800     9.12694  
 50.900     9.14696  
 51.000     9.16698  
 51.100     9.18698  
 51.200     9.20697  
 51.300     9.22694  
 51.400     9.24691  
 51.500     9.26686  
 51.600     9.28680  
 51.700     9.30673  
 51.800     9.32665  
 51.900     9.34655  
 52.000     9.36644  
 52.100     9.38632  
 52.200     9.40619  
 52.300     9.42605  
 52.400     9.44589  
 52.500     9.46572  
 52.600     9.48554  
 52.700     9.50535  
 52.800     9.52515  
 52.900     9.54493  
 53.000     9.56470  
 53.100     9.58446  
 53.200     9.60420  
 53.300     9.62393  
 53.400     9.64366  
 53.500     9.66336  
 53.600     9.68306  
 53.700     9.70274  
 53.800     9.72241  
 53.900     9.74207  
 54.000     9.76171  
 54.100     9.78135  
 54.200     9.80097  
 54.300     9.82057  
 54.400     9.84017  
 54.500     9.85975  
 54.600     9.87932  
 54.700     9.89887  
 54.800     9.91842  
 54.900     9.93795  
 55.000     9.95746  
 55.100     9.97697  
 55.200     9.99646  
 55.300    10.01594  
 55.400    10.03540  
 55.500    10.05486  
 55.600    10.07430  
 55.700    10.09372  
 55.800    10.11314  
 55.900    10.13254  
 56.000    10.15193  
 56.100    10.17130  
 56.200    10.19066  
 56.300    10.21001  
 56.400    10.22934  
 56.500    10.24867  
 56.600    10.26798  
 56.700    10.28727  
 56.800    10.30655  
 56.900    10.32582  
 57.000    10.34508  
 57.100    10.36432  
 57.200    10.38355  
 57.300    10.40277  
 57.400    10.42197  
 57.500    10.44116  
 57.600    10.46033  
 57.700    10.47949  
 57.800    10.49864  
 57.900    10.51778  
 58.000    10.53690  
 58.100    10.55601  
 58.200    10.57510  
 58.300    10.59419  
 58.400    10.61325  
 58.500    10.63231  
 58.600    10.65135  
 58.700    10.67038  
 58.800    10.68939  
 58.900    10.70839  
 59.000    10.72738  
 59.100    10.74635  
 59.200    10.76531  
 59.300    10.78425  
 59.400    10.80319  
 59.500    10.82210  
 59.600    10.84101  
 59.700    10.85990  
 59.800    10.87877  
 59.900    10.89764  
 60.000    10.91649  
 60.100    10.93532  
 60.200    10.95414  
 60.300    10.97295  
 60.400    10.99175  
 60.500    11.01053  
 60.600    11.02929  
 60.700    11.04804  
 60.800    11.06678  
 60.900    11.08551  
 61.000    11.10422  
 61.100    11.12291  
 61.200    11.14159  
 61.300    11.16026  
 61.400    11.17892  
 61.500    11.19756  
 61.600    11.21618  
 61.700    11.23480  
 61.800    11.25339  
 61.900    11.27198  
 62.000    11.29055  
 62.100    11.30910  
 62.200    11.32765  
 62.300    11.34617  
 62.400    11.36469  
 62.500    11.38319  
 62.600    11.40167  
 62.700    11.42014  
 62.800    11.43860  
 62.900    11.45704  
 63.000    11.47547  
 63.100    11.49389  
 63.200    11.51229  
 63.300    11.53067  
 63.400    11.54904  
 63.500    11.56740  
 63.600    11.58574  
 63.700    11.60407  
 63.800    11.62239  
 63.900    11.64069  
 64.000    11.65897  
 64.100    11.67724  
 64.200    11.69550  
 64.300    11.71374  
 64.400    11.73197  
 64.500    11.75019  
 64.600    11.76839  
 64.700    11.78657  
 64.800    11.80474  
 64.900    11.82290  
 65.000    11.84104  
 65.100    11.85917  
 65.200    11.87728  
 65.300    11.89538  
 65.400    11.91346  
 65.500    11.93153  
 65.600    11.94959  
 65.700    11.96763  
 65.800    11.98565  
 65.900    12.00367  
 66.000    12.02166  
 66.100    12.03965  
 66.200    12.05761  
 66.300    12.07557  
 66.400    12.09351  
 66.500    12.11143  
 66.600    12.12934  
 66.700    12.14723  
 66.800    12.16511  
 66.900    12.18298  
 67.000    12.20083  
 67.100    12.21867  
 67.200    12.23649  
 67.300    12.25430  
 67.400    12.27209  
 67.500    12.28987  
 67.600    12.30763  
 67.700    12.32538  
 67.800    12.34311  
 67.900    12.36083  
 68.000    12.37854  
 68.100    12.39623  
 68.200    12.41390  
 68.300    12.43156  
 68.400    12.44921  
 68.500    12.46684  
 68.600    12.48446  
 68.700    12.50206  
 68.800    12.51964  
 68.900    12.53721  
 69.000    12.55477  
 69.100    12.57231  
 69.200    12.58984  
 69.300    12.60735  
 69.400    12.62485  
 69.500    12.64234  
 69.600    12.65980  
 69.700    12.67726  
 69.800    12.69470  
 69.900    12.71212  
 70.000    12.72953  
 70.100    12.74692  
 70.200    12.76430  
 70.300    12.78167  
 70.400    12.79902  
 70.500    12.81635  
 70.600    12.83367  
 70.700    12.85098  
 70.800    12.86827  
 70.900    12.88554  
 71.000    12.90280  
 71.100    12.92005  
 71.200    12.93728  
 71.300    12.95449  
 71.400    12.97169  
 71.500    12.98888  
 71.600    13.00605  
 71.700    13.02321  
 71.800    13.04035  
 71.900    13.05747  
 72.000    13.07458  
 72.100    13.09168  
 72.200    13.10876  
 72.300    13.12583  
 72.400    13.14288  
 72.500    13.15991  
 72.600    13.17694  
 72.700    13.19394  
 72.800    13.21093  
 72.900    13.22791  
 73.000    13.24487  
 73.100    13.26182  
 73.200    13.27875  
 73.300    13.29567  
 73.400    13.31257  
 73.500    13.32945  
 73.600    13.34632  
 73.700    13.36318  
 73.800    13.38002  
 73.900    13.39685  
 74.000    13.41366  
 74.100    13.43046  
 74.200    13.44724  
 74.300    13.46400  
 74.400    13.48076  
 74.500    13.49749  
 74.600    13.51421  
 74.700    13.53092  
 74.800    13.54761  
 74.900    13.56429  
 75.000    13.58095  
 75.100    13.59759  
 75.200    13.61422  
 75.300    13.63084  
 75.400    13.64744  
 75.500    13.66403  
 75.600    13.68060  
 75.700    13.69715  
 75.800    13.71369  
 75.900    13.73022  
 76.000    13.74673  
 76.100    13.76322  
 76.200    13.77970  
 76.300    13.79617  
 76.400    13.81262  
 76.500    13.82905  
 76.600    13.84547  
 76.700    13.86188  
 76.800    13.87827  
 76.900    13.89464  
 77.000    13.91100  
 77.100    13.92735  
 77.200    13.94368  
 77.300    13.95999  
 77.400    13.97629  
 77.500    13.99257  
 77.600    14.00884  
 77.700    14.02510  
 77.800    14.04133  
 77.900    14.05756  
 78.000    14.07377  
 78.100    14.08996  
 78.200    14.10614  
 78.300    14.12230  
 78.400    14.13845  
 78.500    14.15458  
 78.600    14.17070  
 78.700    14.18680  
 78.800    14.20289  
 78.900    14.21896  
 79.000    14.23502  
 79.100    14.25106  
 79.200    14.26709  
 79.300    14.28310  
 79.400    14.29910  
 79.500    14.31508  
 79.600    14.33105  
 79.700    14.34700  
 79.800    14.36294  
 79.900    14.37886  
 80.000    14.39476  
 80.100    14.41066  
 80.200    14.42653  
 80.300    14.44239  
 80.400    14.45824  
 80.500    14.47407  
 80.600    14.48988  
 80.700    14.50569  
 80.800    14.52147  
 80.900    14.53724  
 81.000    14.55300  
 81.100    14.56874  
 81.200    14.58446  
 81.300    14.60017  
 81.400    14.61587  
 81.500    14.63155  
 81.600    14.64721  
 81.700    14.66286  
 81.800    14.67849  
 81.900    14.69411  
 82.000    14.70972  
 82.100    14.72531  
 82.200    14.74088  
 82.300    14.75644  
 82.400    14.77198  
 82.500    14.78751  
 82.600    14.80302  
 82.700    14.81852  
 82.800    14.83401  
 82.900    14.84947  
 83.000    14.86493  
 83.100    14.88037  
 83.200    14.89579  
 83.300    14.91120  
 83.400    14.92659  
 83.500    14.94197  
 83.600    14.95733  
 83.700    14.97268  
 83.800    14.98801  
 83.900    15.00333  
 84.000    15.01863  
 84.100    15.03392  
 84.200    15.04919  
 84.300    15.06445  
 84.400    15.07969  
 84.500    15.09492  
 84.600    15.11013  
 84.700    15.12533  
 84.800    15.14051  
 84.900    15.15567  
 85.000    15.17083  
 85.100    15.18596  
 85.200    15.20108  
 85.300    15.21619  
 85.400    15.23128  
 85.500    15.24636  
 85.600    15.26142  
 85.700    15.27647  
 85.800    15.29150  
 85.900    15.30652  
 86.000    15.32152  
 86.100    15.33650  
 86.200    15.35147  
 86.300    15.36643  
 86.400    15.38137  
 86.500    15.39630  
 86.600    15.41121  
 86.700    15.42611  
 86.800    15.44099  
 86.900    15.45585  
 87.000    15.47071  
 87.100    15.48554  
 87.200    15.50036  
 87.300    15.51517  
 87.400    15.52996  
 87.500    15.54474  
 87.600    15.55950  
 87.700    15.57425  
 87.800    15.58898  
 87.900    15.60369  
 88.000    15.61840  
 88.100    15.63308  
 88.200    15.64775  
 88.300    15.66241  
 88.400    15.67705  
 88.500    15.69168  
 88.600    15.70629  
 88.700    15.72089  
 88.800    15.73547  
 88.900    15.75004  
 89.000    15.76459  
 89.100    15.77913  
 89.200    15.79365  
 89.300    15.80816  
 89.400    15.82265  
 89.500    15.83713  
 89.600    15.85159  
 89.700    15.86604  
 89.800    15.88047  
 89.900    15.89489  
 90.000    15.90929  
 90.100    15.92368  
 90.200    15.93805  
 90.300    15.95241  
 90.400    15.96676  
 90.500    15.98108  
 90.600    15.99540  
 90.700    16.00970  
 90.800    16.02398  
 90.900    16.03825  
 91.000    16.05251  
 91.100    16.06675  
 91.200    16.08097  
 91.300    16.09518  
 91.400    16.10938  
 91.500    16.12356  
 91.600    16.13772  
 91.700    16.15187  
 91.800    16.16601  
 91.900    16.18013  
 92.000    16.19424  
 92.100    16.20833  
 92.200    16.22240  
 92.300    16.23647  
 92.400    16.25051  
 92.500    16.26455  
 92.600    16.27856  
 92.700    16.29257  
 92.800    16.30655  
 92.900    16.32053  
 93.000    16.33449  
 93.100    16.34843  
 93.200    16.36236  
 93.300    16.37627  
 93.400    16.39017  
 93.500    16.40406  
 93.600    16.41793  
 93.700    16.43178  
 93.800    16.44563  
 93.900    16.45945  
 94.000    16.47326  
 94.100    16.48706  
 94.200    16.50084  
 94.300    16.51461  
 94.400    16.52836  
 94.500    16.54210  
 94.600    16.55582  
 94.700    16.56953  
 94.800    16.58323  
 94.900    16.59691  
 95.000    16.61057  
 95.100    16.62422  
 95.200    16.63786  
 95.300    16.65148  
 95.400    16.66508  
 95.500    16.67867  
 95.600    16.69225  
 95.700    16.70581  
 95.800    16.71936  
 95.900    16.73290  
 96.000    16.74641  
 96.100    16.75992  
 96.200    16.77341  
 96.300    16.78688  
 96.400    16.80034  
 96.500    16.81379  
 96.600    16.82722  
 96.700    16.84064  
 96.800    16.85404  
 96.900    16.86743  
 97.000    16.88080  
 97.100    16.89416  
 97.200    16.90750  
 97.300    16.92083  
 97.400    16.93415  
 97.500    16.94745  
 97.600    16.96073  
 97.700    16.97401  
 97.800    16.98726  
 97.900    17.00051  
 98.000    17.01373  
 98.100    17.02695  
 98.200    17.04015  
 98.300    17.05333  
 98.400    17.06650  
 98.500    17.07966  
 98.600    17.09280  
 98.700    17.10593  
 98.800    17.11904  
 98.900    17.13214  
 99.000    17.14522  
 99.100    17.15829  
 99.200    17.17135  
 99.300    17.18439  
 99.400    17.19742  
 99.500    17.21043  
 99.600    17.22342  
 99.700    17.23641  
 99.800    17.24938  
 99.900    17.26233  
100.000    17.27527  
100.100    17.28820  
100.200    17.30111  
100.300    17.31401  
100.400    17.32689  
100.500    17.33976  
100.600    17.35261  
100.700    17.36545  
100.800    17.37828  
100.900    17.39109  
101.000    17.40389  
101.100    17.41667  
101.200    17.42944  
101.300    17.44220  
101.400    17.45494  
101.500    17.46766  
101.600    17.48037  
101.700    17.49307  
101.800    17.50576  
101.900    17.51842  
102.000    17.53108  
102.100    17.54372  
102.200    17.55635  
102.300    17.56896  
102.400    17.58156  
102.500    17.59414  
102.600    17.60671  
102.700    17.61927  
102.800    17.63181  
102.900    17.64434  
103.000    17.65685  
103.100    17.66935  
103.200    17.68184  
103.300    17.69431  
103.400    17.70677  
103.500    17.71921  
103.600    17.73164  
103.700    17.74405  
103.800    17.75646  
103.900    17.76884  
104.000    17.78121  
104.100    17.79357  
104.200    17.80592  
104.300    17.81825  
104.400    17.83057  
104.500    17.84287  
104.600    17.85516  
104.700    17.86743  
104.800    17.87969  
104.900    17.89194  
105.000    17.90417  
105.100    17.91639  
105.200    17.92860  
105.300    17.94079  
105.400    17.95296  
105.500    17.96513  
105.600    17.97728  
105.700    17.98941  
105.800    18.00153  
105.900    18.01364  
106.000    18.02573  
106.100    18.03781  
106.200    18.04988  
106.300    18.06193  
106.400    18.07397  
106.500    18.08599  
106.600    18.09800  
106.700    18.11000  
106.800    18.12198  
106.900    18.13395  
107.000    18.14591  
107.100    18.15785  
107.200    18.16978  
107.300    18.18169  
107.400    18.19359  
107.500    18.20547  
107.600    18.21735  
107.700    18.22921  
107.800    18.24105  
107.900    18.25288  
108.000    18.26470  
108.100    18.27650  
108.200    18.28829  
108.300    18.30007  
108.400    18.31183  
108.500    18.32358  
108.600    18.33532  
108.700    18.34704  
108.800    18.35874  
108.900    18.37044  
109.000    18.38212  
109.100    18.39379  
109.200    18.40544  
109.300    18.41708  
109.400    18.42870  
109.500    18.44032  
109.600    18.45192  
109.700    18.46350  
109.800    18.47507  
109.900    18.48663  
110.000    18.49817  
110.100    18.50971  
110.200    18.52122  
110.300    18.53273  
110.400    18.54422  
110.500    18.55569  
110.600    18.56716  
110.700    18.57861  
110.800    18.59004  
110.900    18.60147  
111.000    18.61288  
111.100    18.62427  
111.200    18.63565  
111.300    18.64702  
111.400    18.65838  
111.500    18.66972  
111.600    18.68105  
111.700    18.69236  
111.800    18.70366  
111.900    18.71495  
112.000    18.72623  
112.100    18.73749  
112.200    18.74874  
112.300    18.75997  
112.400    18.77119  
112.500    18.78240  
112.600    18.79360  
112.700    18.80478  
112.800    18.81595  
112.900    18.82710  
113.000    18.83824  
113.100    18.84937  
113.200    18.86048  
113.300    18.87159  
113.400    18.88267  
113.500    18.89375  
113.600    18.90481  
113.700    18.91586  
113.800    18.92689  
113.900    18.93792  
114.000    18.94892  
114.100    18.95992  
114.200    18.97090  
114.300    18.98187  
114.400    18.99283  
114.500    19.00377  
114.600    19.01470  
114.700    19.02562  
114.800    19.03652  
114.900    19.04741  
115.000    19.05829  
115.100    19.06915  
115.200    19.08000  
115.300    19.09084  
115.400    19.10166  
115.500    19.11248  
115.600    19.12327  
115.700    19.13406  
115.800    19.14483  
115.900    19.15559  
116.000    19.16634  
116.100    19.17707  
116.200    19.18779  
116.300    19.19850  
116.400    19.20919  
116.500    19.21987  
116.600    19.23054  
116.700    19.24120  
116.800    19.25184  
116.900    19.26247  
117.000    19.27308  
117.100    19.28369  
117.200    19.29428  
117.300    19.30485  
117.400    19.31542  
117.500    19.32597  
117.600    19.33651  
117.700    19.34703  
117.800    19.35755  
117.900    19.36805  
118.000    19.37853  
118.100    19.38901  
118.200    19.39947  
118.300    19.40992  
118.400    19.42036  
118.500    19.43078  
118.600    19.44119  
118.700    19.45159  
118.800    19.46197  
118.900    19.47234  
119.000    19.48270  
119.100    19.49305  
119.200    19.50338  
119.300    19.51370  
119.400    19.52401  
119.500    19.53431  
119.600    19.54459  
119.700    19.55486  
119.800    19.56511  
119.900    19.57536  
120.000    19.58559  
120.100    19.59581  
120.200    19.60602  
120.300    19.61621  
120.400    19.62639  
120.500    19.63656  
120.600    19.64672  
120.700    19.65686  
120.800    19.66699  
120.900    19.67711  
121.000    19.68721  
121.100    19.69731  
121.200    19.70739  
121.300    19.71746  
121.400    19.72751  
121.500    19.73755  
121.600    19.74758  
121.700    19.75760  
121.800    19.76761  
121.900    19.77760  
122.000    19.78758  
122.100    19.79755  
122.200    19.80750  
122.300    19.81744  
122.400    19.82737  
122.500    19.83729  
122.600    19.84720  
122.700    19.85709  
122.800    19.86697  
122.900    19.87684  
123.000    19.88670  
123.100    19.89654  
123.200    19.90637  
123.300    19.91619  
123.400    19.92599  
123.500    19.93579  
123.600    19.94557  
123.700    19.95534  
123.800    19.96510  
123.900    19.97484  
124.000    19.98457  
124.100    19.99429  
124.200    20.00400  
124.300    20.01370  
124.400    20.02338  
124.500    20.03305  
124.600    20.04271  
124.700    20.05235  
124.800    20.06199  
124.900    20.07161  
125.000    20.08122  
125.100    20.09082  
125.200    20.10040  
125.300    20.10998  
125.400    20.11954  
125.500    20.12909  
125.600    20.13862  
125.700    20.14815  
125.800    20.15766  
125.900    20.16716  
126.000    20.17665  
126.100    20.18612  
126.200    20.19559  
126.300    20.20504  
126.400    20.21448  
126.500    20.22391  
126.600    20.23332  
126.700    20.24273  
126.800    20.25212  
126.900    20.26150  
127.000    20.27086  
127.100    20.28022  
127.200    20.28956  
127.300    20.29890  
127.400    20.30821  
127.500    20.31752  
127.600    20.32682  
127.700    20.33610  
127.800    20.34537  
127.900    20.35463  
128.000    20.36388  
128.100    20.37312  
128.200    20.38234  
128.300    20.39155  
128.400    20.40075  
128.500    20.40994  
128.600    20.41912  
128.700    20.42828  
128.800    20.43744  
128.900    20.44658  
129.000    20.45571  
129.100    20.46482  
129.200    20.47393  
129.300    20.48302  
129.400    20.49210  
129.500    20.50117  
129.600    20.51023  
129.700    20.51928  
129.800    20.52831  
129.900    20.53734  
130.000    20.54635  
130.100    20.55535  
130.200    20.56434  
130.300    20.57331  
130.400    20.58228  
130.500    20.59123  
130.600    20.60017  
130.700    20.60910  
130.800    20.61802  
130.900    20.62692  
131.000    20.63582  
131.100    20.64470  
131.200    20.65357  
131.300    20.66243  
131.400    20.67128  
131.500    20.68012  
131.600    20.68894  
131.700    20.69775  
131.800    20.70656  
131.900    20.71535  
132.000    20.72412  
132.100    20.73289  
132.200    20.74165  
132.300    20.75039  
132.400    20.75912  
132.500    20.76785  
132.600    20.77656  
132.700    20.78525  
132.800    20.79394  
132.900    20.80262  
133.000    20.81128  
133.100    20.81993  
133.200    20.82857  
133.300    20.83720  
133.400    20.84582  
133.500    20.85443  
133.600    20.86302  
133.700    20.87161  
133.800    20.88018  
133.900    20.88874  
134.000    20.89729  
134.100    20.90583  
134.200    20.91436  
134.300    20.92287  
134.400    20.93138  
134.500    20.93987  
134.600    20.94835  
134.700    20.95682  
134.800    20.96528  
134.900    20.97373  
135.000    20.98217  
135.100    20.99059  
135.200    20.99901  
135.300    21.00741  
135.400    21.01580  
135.500    21.02418  
135.600    21.03255  
135.700    21.04091  
135.800    21.04926  
135.900    21.05759  
136.000    21.06592  
136.100    21.07423  
136.200    21.08253  
136.300    21.09083  
136.400    21.09911  
136.500    21.10738  
136.600    21.11563  
136.700    21.12388  
136.800    21.13212  
136.900    21.14034  
137.000    21.14856  
137.100    21.15676  
137.200    21.16495  
137.300    21.17313  
137.400    21.18130  
137.500    21.18946  
137.600    21.19761  
137.700    21.20574  
137.800    21.21387  
137.900    21.22198  
138.000    21.23009  
138.100    21.23818  
138.200    21.24626  
138.300    21.25433  
138.400    21.26239  
138.500    21.27044  
138.600    21.27848  
138.700    21.28651  
138.800    21.29452  
138.900    21.30253  
139.000    21.31052  
139.100    21.31851  
139.200    21.32648  
139.300    21.33444  
139.400    21.34240  
139.500    21.35034  
139.600    21.35827  
139.700    21.36618  
139.800    21.37409  
139.900    21.38199  
140.000    21.38988  
140.100    21.39775  
140.200    21.40562  
140.300    21.41347  
140.400    21.42131  
140.500    21.42915  
140.600    21.43697  
140.700    21.44478  
140.800    21.45258  
140.900    21.46037  
141.000    21.46815  
141.100    21.47592  
141.200    21.48368  
141.300    21.49142  
141.400    21.49916  
141.500    21.50689  
141.600    21.51460  
141.700    21.52231  
141.800    21.53000  
141.900    21.53769  
142.000    21.54536  
142.100    21.55302  
142.200    21.56067  
142.300    21.56831  
142.400    21.57595  
142.500    21.58357  
142.600    21.59118  
142.700    21.59878  
142.800    21.60636  
142.900    21.61394  
143.000    21.62151  
143.100    21.62907  
143.200    21.63661  
143.300    21.64415  
143.400    21.65168  
143.500    21.65919  
143.600    21.66670  
143.700    21.67419  
143.800    21.68168  
143.900    21.68915  
144.000    21.69661  
144.100    21.70407  
144.200    21.71151  
144.300    21.71894  
144.400    21.72636  
144.500    21.73378  
144.600    21.74118  
144.700    21.74857  
144.800    21.75595  
144.900    21.76332  
145.000    21.77068  
145.100    21.77803  
145.200    21.78537  
145.300    21.79270  
145.400    21.80002  
145.500    21.80732  
145.600    21.81462  
145.700    21.82191  
145.800    21.82919  
145.900    21.83646  
146.000    21.84371  
146.100    21.85096  
146.200    21.85820  
146.300    21.86543  
146.400    21.87264  
146.500    21.87985  
146.600    21.88705  
146.700    21.89423  
146.800    21.90141  
146.900    21.90858  
147.000    21.91573  
147.100    21.92288  
147.200    21.93001  
147.300    21.93714  
147.400    21.94426  
147.500    21.95136  
147.600    21.95846  
147.700    21.96554  
147.800    21.97262  
147.900    21.97968  
148.000    21.98674  
148.100    21.99378  
148.200    22.00082  
148.300    22.00785  
148.400    22.01486  
148.500    22.02187  
148.600    22.02886  
148.700    22.03585  
148.800    22.04282  
148.900    22.04979  
149.000    22.05675  
149.100    22.06369  
149.200    22.07063  
149.300    22.07755  
149.400    22.08447  
149.500    22.09138  
149.600    22.09827  
149.700    22.10516  
149.800    22.11204  
149.900    22.11890  
150.000    22.12576  
150.100    22.13261  
150.200    22.13945  
150.300    22.14627  
150.400    22.15309  
150.500    22.15990  
150.600    22.16670  
150.700    22.17349  
150.800    22.18027  
150.900    22.18703  
151.000    22.19379  
151.100    22.20054  
151.200    22.20728  
151.300    22.21401  
151.400    22.22073  
151.500    22.22745  
151.600    22.23415  
151.700    22.24084  
151.800    22.24752  
151.900    22.25419  
152.000    22.26085  
152.100    22.26751  
152.200    22.27415  
152.300    22.28078  
152.400    22.28741  
152.500    22.29402  
152.600    22.30063  
152.700    22.30722  
152.800    22.31381  
152.900    22.32039  
153.000    22.32695  
153.100    22.33351  
153.200    22.34006  
153.300    22.34660  
153.400    22.35312  
153.500    22.35964  
153.600    22.36615  
153.700    22.37265  
153.800    22.37914  
153.900    22.38562  
154.000    22.39210  
154.100    22.39856  
154.200    22.40501  
154.300    22.41145  
154.400    22.41789  
154.500    22.42431  
154.600    22.43073  
154.700    22.43713  
154.800    22.44353  
154.900    22.44992  
155.000    22.45629  
155.100    22.46266  
155.200    22.46902  
155.300    22.47537  
155.400    22.48171  
155.500    22.48804  
155.600    22.49436  
155.700    22.50068  
155.800    22.50698  
155.900    22.51327  
156.000    22.51956  
156.100    22.52583  
156.200    22.53210  
156.300    22.53835  
156.400    22.54460  
156.500    22.55084  
156.600    22.55707  
156.700    22.56329  
156.800    22.56950  
156.900    22.57570  
157.000    22.58189  
157.100    22.58807  
157.200    22.59425  
157.300    22.60041  
157.400    22.60657  
157.500    22.61271  
157.600    22.61885  
157.700    22.62498  
157.800    22.63110  
157.900    22.63721  
158.000    22.64331  
158.100    22.64940  
158.200    22.65548  
158.300    22.66156  
158.400    22.66762  
158.500    22.67368  
158.600    22.67972  
158.700    22.68576  
158.800    22.69179  
158.900    22.69781  
159.000    22.70382  
159.100    22.70982  
159.200    22.71581  
159.300    22.72179  
159.400    22.72777  
159.500    22.73373  
159.600    22.73969  
159.700    22.74564  
159.800    22.75157  
159.900    22.75750  
160.000    22.76342  
160.100    22.76934  
160.200    22.77524  
160.300    22.78113  
160.400    22.78702  
160.500    22.79289  
160.600    22.79876  
160.700    22.80462  
160.800    22.81047  
160.900    22.81631  
161.000    22.82214  
161.100    22.82797  
161.200    22.83378  
161.300    22.83958  
161.400    22.84538  
161.500    22.85117  
161.600    22.85695  
161.700    22.86272  
161.800    22.86848  
161.900    22.87423  
162.000    22.87998  
162.100    22.88571  
162.200    22.89144  
162.300    22.89716  
162.400    22.90287  
162.500    22.90857  
162.600    22.91426  
162.700    22.91994  
162.800    22.92562  
162.900    22.93128  
163.000    22.93694  
163.100    22.94259  
163.200    22.94823  
163.300    22.95386  
163.400    22.95948  
163.500    22.96509  
163.600    22.97070  
163.700    22.97630  
163.800    22.98188  
163.900    22.98746  
164.000    22.99303  
164.100    22.99860  
164.200    23.00415  
164.300    23.00970  
164.400    23.01523  
164.500    23.02076  
164.600    23.02628  
164.700    23.03179  
164.800    23.03730  
164.900    23.04279  
165.000    23.04828  
165.100    23.05375  
165.200    23.05922  
165.300    23.06468  
165.400    23.07013  
165.500    23.07558  
165.600    23.08101  
165.700    23.08644  
165.800    23.09186  
165.900    23.09727  
166.000    23.10267  
166.100    23.10806  
166.200    23.11345  
166.300    23.11882  
166.400    23.12419  
166.500    23.12955  
166.600    23.13490  
166.700    23.14024  
166.800    23.14558  
166.900    23.15090  
167.000    23.15622  
167.100    23.16153  
167.200    23.16683  
167.300    23.17212  
167.400    23.17741  
167.500    23.18269  
167.600    23.18795  
167.700    23.19321  
167.800    23.19847  
167.900    23.20371  
168.000    23.20894  
168.100    23.21417  
168.200    23.21939  
168.300    23.22460  
168.400    23.22980  
168.500    23.23500  
168.600    23.24018  
168.700    23.24536  
168.800    23.25053  
168.900    23.25569  
169.000    23.26085  
169.100    23.26599  
169.200    23.27113  
169.300    23.27626  
169.400    23.28138  
169.500    23.28649  
169.600    23.29160  
169.700    23.29669  
169.800    23.30178  
169.900    23.30686  
170.000    23.31193  
170.100    23.31700  
170.200    23.32205  
170.300    23.32710  
170.400    23.33214  
170.500    23.33717  
170.600    23.34220  
170.700    23.34721  
170.800    23.35222  
170.900    23.35722  
171.000    23.36222  
171.100    23.36720  
171.200    23.37218  
171.300    23.37714  
171.400    23.38210  
171.500    23.38706  
171.600    23.39200  
171.700    23.39694  
171.800    23.40187  
171.900    23.40679  
172.000    23.41170  
172.100    23.41660  
172.200    23.42150  
172.300    23.42639  
172.400    23.43127  
172.500    23.43615  
172.600    23.44101  
172.700    23.44587  
172.800    23.45072  
172.900    23.45556  
173.000    23.46040  
173.100    23.46522  
173.200    23.47004  
173.300    23.47485  
173.400    23.47966  
173.500    23.48445  
173.600    23.48924  
173.700    23.49402  
173.800    23.49879  
173.900    23.50355  
174.000    23.50831  
174.100    23.51306  
174.200    23.51780  
174.300    23.52253  
174.400    23.52726  
174.500    23.53198  
174.600    23.53669  
174.700    23.54139  
174.800    23.54609  
174.900    23.55077  
175.000    23.55545  
175.100    23.56013  
175.200    23.56479  
175.300    23.56945  
175.400    23.57410  
175.500    23.57874  
175.600    23.58337  
175.700    23.58800  
175.800    23.59262  
175.900    23.59723  
176.000    23.60183  
176.100    23.60643  
176.200    23.61102  
176.300    23.61560  
176.400    23.62017  
176.500    23.62474  
176.600    23.62929  
176.700    23.63384  
176.800    23.63839  
176.900    23.64292  
177.000    23.64745  
177.100    23.65197  
177.200    23.65649  
177.300    23.66099  
177.400    23.66549  
177.500    23.66998  
177.600    23.67447  
177.700    23.67894  
177.800    23.68341  
177.900    23.68787  
178.000    23.69232  
178.100    23.69677  
178.200    23.70121  
178.300    23.70564  
178.400    23.71007  
178.500    23.71448  
178.600    23.71889  
178.700    23.72329  
178.800    23.72769  
178.900    23.73208  
179.000    23.73646  
179.100    23.74083  
179.200    23.74519  
179.300    23.74955  
179.400    23.75390  
179.500    23.75825  
179.600    23.76258  
179.700    23.76691  
179.800    23.77123  
179.900    23.77555  
180.000    23.77985  
180.100    23.78415  
180.200    23.78845  
180.300    23.79273  
180.400    23.79701  
180.500    23.80128  
180.600    23.80555  
180.700    23.80980  
180.800    23.81405  
180.900    23.81829  
181.000    23.82253  
181.100    23.82676  
181.200    23.83098  
181.300    23.83519  
181.400    23.83940  
181.500    23.84360  
181.600    23.84779  
181.700    23.85197  
181.800    23.85615  
181.900    23.86032  
182.000    23.86448  
182.100    23.86864  
182.200    23.87279  
182.300    23.87693  
182.400    23.88107  
182.500    23.88519  
182.600    23.88932  
182.700    23.89343  
182.800    23.89754  
182.900    23.90164  
183.000    23.90573  
183.100    23.90981  
183.200    23.91389  
183.300    23.91796  
183.400    23.92203  
183.500    23.92609  
183.600    23.93014  
183.700    23.93418  
183.800    23.93822  
183.900    23.94225  
184.000    23.94627  
184.100    23.95029  
184.200    23.95430  
184.300    23.95830  
184.400    23.96229  
184.500    23.96628  
184.600    23.97026  
184.700    23.97424  
184.800    23.97820  
184.900    23.98216  
185.000    23.98612  
185.100    23.99007  
185.200    23.99401  
185.300    23.99794  
185.400    24.00186  
185.500    24.00578  
185.600    24.00970  
185.700    24.01360  
185.800    24.01750  
185.900    24.02139  
186.000    24.02528  
186.100    24.02916  
186.200    24.03303  
186.300    24.03689  
186.400    24.04075  
186.500    24.04460  
186.600    24.04845  
186.700    24.05229  
186.800    24.05612  
186.900    24.05994  
187.000    24.06376  
187.100    24.06757  
187.200    24.07137  
187.300    24.07517  
187.400    24.07896  
187.500    24.08275  
187.600    24.08652  
187.700    24.09029  
187.800    24.09406  
187.900    24.09781  
188.000    24.10156  
188.100    24.10531  
188.200    24.10905  
188.300    24.11278  
188.400    24.11650  
188.500    24.12022  
188.600    24.12393  
188.700    24.12763  
188.800    24.13133  
188.900    24.13502  
189.000    24.13871  
189.100    24.14238  
189.200    24.14605  
189.300    24.14972  
189.400    24.15338  
189.500    24.15703  
189.600    24.16067  
189.700    24.16431  
189.800    24.16794  
189.900    24.17157  
190.000    24.17519  
190.100    24.17880  
190.200    24.18240  
190.300    24.18600  
190.400    24.18960  
190.500    24.19318  
190.600    24.19676  
190.700    24.20034  
190.800    24.20390  
190.900    24.20746  
191.000    24.21102  
191.100    24.21457  
191.200    24.21811  
191.300    24.22164  
191.400    24.22517  
191.500    24.22869  
191.600    24.23221  
191.700    24.23572  
191.800    24.23922  
191.900    24.24271  
192.000    24.24620  
192.100    24.24969  
192.200    24.25316  
192.300    24.25664  
192.400    24.26010  
192.500    24.26356  
192.600    24.26701  
192.700    24.27045  
192.800    24.27389  
192.900    24.27733  
193.000    24.28075  
193.100    24.28417  
193.200    24.28759  
193.300    24.29099  
193.400    24.29440  
193.500    24.29779  
193.600    24.30118  
193.700    24.30456  
193.800    24.30794  
193.900    24.31131  
194.000    24.31467  
194.100    24.31803  
194.200    24.32138  
194.300    24.32473  
194.400    24.32806  
194.500    24.33140  
194.600    24.33472  
194.700    24.33804  
194.800    24.34136  
194.900    24.34467  
195.000    24.34797  
195.100    24.35126  
195.200    24.35455  
195.300    24.35783  
195.400    24.36111  
195.500    24.36438  
195.600    24.36765  
195.700    24.37091  
195.800    24.37416  
195.900    24.37740  
196.000    24.38064  
196.100    24.38388  
196.200    24.38711  
196.300    24.39033  
196.400    24.39355  
196.500    24.39676  
196.600    24.39996  
196.700    24.40316  
196.800    24.40635  
196.900    24.40953  
197.000    24.41271  
197.100    24.41589  
197.200    24.41905  
197.300    24.42222  
197.400    24.42537  
197.500    24.42852  
197.600    24.43166  
197.700    24.43480  
197.800    24.43793  
197.900    24.44106  
198.000    24.44418  
198.100    24.44729  
198.200    24.45040  
198.300    24.45350  
198.400    24.45660  
198.500    24.45969  
198.600    24.46277  
198.700    24.46585  
198.800    24.46892  
198.900    24.47199  
199.000    24.47505  
199.100    24.47810  
199.200    24.48115  
199.300    24.48419  
199.400    24.48723  
199.500    24.49026  
199.600    24.49329  
199.700    24.49630  
199.800    24.49932  
199.900    24.50233  
200.000    24.50533  
200.100    24.50832  
200.200    24.51131  
200.300    24.51430  
200.400    24.51727  
200.500    24.52025  
200.600    24.52321  
200.700    24.52617  
200.800    24.52913  
200.900    24.53208  
201.000    24.53502  
201.100    24.53796  
201.200    24.54089  
201.300    24.54382  
201.400    24.54674  
201.500    24.54965  
201.600    24.55256  
201.700    24.55547  
201.800    24.55836  
201.900    24.56126  
202.000    24.56414  
202.100    24.56702  
202.200    24.56990  
202.300    24.57277  
202.400    24.57563  
202.500    24.57849  
202.600    24.58134  
202.700    24.58418  
202.800    24.58702  
202.900    24.58986  
203.000    24.59269  
203.100    24.59551  
203.200    24.59833  
203.300    24.60114  
203.400    24.60395  
203.500    24.60675  
203.600    24.60955  
203.700    24.61234  
203.800    24.61512  
203.900    24.61790  
204.000    24.62067  
204.100    24.62344  
204.200    24.62620  
204.300    24.62896  
204.400    24.63171  
204.500    24.63446  
204.600    24.63720  
204.700    24.63993  
204.800    24.64266  
204.900    24.64538  
205.000    24.64810  
205.100    24.65081  
205.200    24.65352  
205.300    24.65622  
205.400    24.65891  
205.500    24.66160  
205.600    24.66429  
205.700    24.66697  
205.800    24.66964  
205.900    24.67231  
206.000    24.67497  
206.100    24.67763  
206.200    24.68028  
206.300    24.68293  
206.400    24.68557  
206.500    24.68821  
206.600    24.69084  
206.700    24.69346  
206.800    24.69608  
206.900    24.69869  
207.000    24.70130  
207.100    24.70391  
207.200    24.70650  
207.300    24.70910  
207.400    24.71168  
207.500    24.71426  
207.600    24.71684  
207.700    24.71941  
207.800    24.72198  
207.900    24.72454  
208.000    24.72709  
208.100    24.72964  
208.200    24.73219  
208.300    24.73473  
208.400    24.73726  
208.500    24.73979  
208.600    24.74231  
208.700    24.74483  
208.800    24.74734  
208.900    24.74985  
209.000    24.75235  
209.100    24.75485  
209.200    24.75734  
209.300    24.75982  
209.400    24.76230  
209.500    24.76478  
209.600    24.76725  
209.700    24.76972  
209.800    24.77217  
209.900    24.77463  
210.000    24.77708  
210.100    24.77952  
210.200    24.78196  
210.300    24.78440  
210.400    24.78682  
210.500    24.78925  
210.600    24.79167  
210.700    24.79408  
210.800    24.79649  
210.900    24.79889  
211.000    24.80129  
211.100    24.80368  
211.200    24.80607  
211.300    24.80845  
211.400    24.81083  
211.500    24.81320  
211.600    24.81556  
211.700    24.81793  
211.800    24.82028  
211.900    24.82263  
212.000    24.82498  
212.100    24.82732  
212.200    24.82966  
212.300    24.83199  
212.400    24.83431  
212.500    24.83663  
212.600    24.83895  
212.700    24.84126  
212.800    24.84357  
212.900    24.84587  
213.000    24.84816  
213.100    24.85045  
213.200    24.85274  
213.300    24.85502  
213.400    24.85730  
213.500    24.85957  
213.600    24.86183  
213.700    24.86409  
213.800    24.86635  
213.900    24.86860  
214.000    24.87084  
214.100    24.87308  
214.200    24.87532  
214.300    24.87755  
214.400    24.87977  
214.500    24.88200  
214.600    24.88421  
214.700    24.88642  
214.800    24.88863  
214.900    24.89083  
215.000    24.89302  
215.100    24.89521  
215.200    24.89740  
215.300    24.89958  
215.400    24.90176  
215.500    24.90393  
215.600    24.90610  
215.700    24.90826  
215.800    24.91041  
215.900    24.91257  
216.000    24.91471  
216.100    24.91686  
216.200    24.91899  
216.300    24.92112  
216.400    24.92325  
216.500    24.92537  
216.600    24.92749  
216.700    24.92961  
216.800    24.93171  
216.900    24.93382  
217.000    24.93592  
217.100    24.93801  
217.200    24.94010  
217.300    24.94218  
217.400    24.94426  
217.500    24.94634  
217.600    24.94841  
217.700    24.95047  
217.800    24.95253  
217.900    24.95459  
218.000    24.95664  
218.100    24.95868  
218.200    24.96072  
218.300    24.96276  
218.400    24.96479  
218.500    24.96682  
218.600    24.96884  
218.700    24.97086  
218.800    24.97287  
218.900    24.97488  
219.000    24.97688  
219.100    24.97888  
219.200    24.98087  
219.300    24.98286  
219.400    24.98485  
219.500    24.98683  
219.600    24.98880  
219.700    24.99077  
219.800    24.99274  
219.900    24.99470  
220.000    24.99666  
220.100    24.99861  
220.200    25.00056  
220.300    25.00250  
220.400    25.00444  
220.500    25.00637  
220.600    25.00830  
220.700    25.01022  
220.800    25.01214  
220.900    25.01406  
221.000    25.01597  
221.100    25.01787  
221.200    25.01978  
221.300    25.02167  
221.400    25.02356  
221.500    25.02545  
221.600    25.02733  
221.700    25.02921  
221.800    25.03109  
221.900    25.03296  
222.000    25.03482  
222.100    25.03668  
222.200    25.03854  
222.300    25.04039  
222.400    25.04223  
222.500    25.04408  
222.600    25.04591  
222.700    25.04775  
222.800    25.04958  
222.900    25.05140  
223.000    25.05322  
223.100    25.05503  
223.200    25.05684  
223.300    25.05865  
223.400    25.06045  
223.500    25.06225  
223.600    25.06404  
223.700    25.06583  
223.800    25.06761  
223.900    25.06939  
224.000    25.07117  
224.100    25.07294  
224.200    25.07470  
224.300    25.07647  
224.400    25.07822  
224.500    25.07998  
224.600    25.08172  
224.700    25.08347  
224.800    25.08521  
224.900    25.08694  
225.000    25.08867  
225.100    25.09040  
225.200    25.09212  
225.300    25.09384  
225.400    25.09555  
225.500    25.09726  
225.600    25.09897  
225.700    25.10067  
225.800    25.10236  
225.900    25.10405  
226.000    25.10574  
226.100    25.10742  
226.200    25.10910  
226.300    25.11078  
226.400    25.11245  
226.500    25.11411  
226.600    25.11577  
226.700    25.11743  
226.800    25.11908  
226.900    25.12073  
227.000    25.12237  
227.100    25.12401  
227.200    25.12565  
227.300    25.12728  
227.400    25.12891  
227.500    25.13053  
227.600    25.13215  
227.700    25.13376  
227.800    25.13537  
227.900    25.13698  
228.000    25.13858  
228.100    25.14018  
228.200    25.14177  
228.300    25.14336  
228.400    25.14494  
228.500    25.14652  
228.600    25.14810  
228.700    25.14967  
228.800    25.15124  
228.900    25.15280  
229.000    25.15436  
229.100    25.15592  
229.200    25.15747  
229.300    25.15901  
229.400    25.16056  
229.500    25.16210  
229.600    25.16363  
229.700    25.16516  
229.800    25.16669  
229.900    25.16821  
230.000    25.16973  
230.100    25.17124  
230.200    25.17275  
230.300    25.17425  
230.400    25.17576  
230.500    25.17725  
230.600    25.17875  
230.700    25.18023  
230.800    25.18172  
230.900    25.18320  
231.000    25.18468  
231.100    25.18615  
231.200    25.18762  
231.300    25.18908  
231.400    25.19054  
231.500    25.19200  
231.600    25.19345  
231.700    25.19490  
231.800    25.19634  
231.900    25.19778  
232.000    25.19922  
232.100    25.20065  
232.200    25.20208  
232.300    25.20350  
232.400    25.20492  
232.500    25.20634  
232.600    25.20775  
232.700    25.20916  
232.800    25.21056  
232.900    25.21196  
233.000    25.21336  
233.100    25.21475  
233.200    25.21614  
233.300    25.21752  
233.400    25.21890  
233.500    25.22028  
233.600    25.22165  
233.700    25.22302  
233.800    25.22438  
233.900    25.22574  
234.000    25.22710  
234.100    25.22845  
234.200    25.22980  
234.300    25.23114  
234.400    25.23248  
234.500    25.23382  
234.600    25.23515  
234.700    25.23648  
234.800    25.23781  
234.900    25.23913  
235.000    25.24044  
235.100    25.24176  
235.200    25.24307  
235.300    25.24437  
235.400    25.24567  
235.500    25.24697  
235.600    25.24826  
235.700    25.24955  
235.800    25.25084  
235.900    25.25212  
236.000    25.25340  
236.100    25.25467  
236.200    25.25595  
236.300    25.25721  
236.400    25.25848  
236.500    25.25973  
236.600    25.26099  
236.700    25.26224  
236.800    25.26349  
236.900    25.26473  
237.000    25.26597  
237.100    25.26721  
237.200    25.26844  
237.300    25.26967  
237.400    25.27089  
237.500    25.27211  
237.600    25.27333  
237.700    25.27455  
237.800    25.27576  
237.900    25.27696  
238.000    25.27816  
238.100    25.27936  
238.200    25.28056  
238.300    25.28175  
238.400    25.28293  
238.500    25.28412  
238.600    25.28530  
238.700    25.28647  
238.800    25.28765  
238.900    25.28881  
239.000    25.28998  
239.100    25.29114  
239.200    25.29230  
239.300    25.29345  
239.400    25.29460  
239.500    25.29575  
239.600    25.29689  
239.700    25.29803  
239.800    25.29916  
239.900    25.30030  
240.000    25.30142  
240.100    25.30255  
240.200    25.30367  
240.300    25.30478  
240.400    25.30590  
240.500    25.30701  
240.600    25.30811  
240.700    25.30922  
240.800    25.31031  
240.900    25.31141  
241.000    25.31250  
241.100    25.31359  
241.200    25.31467  
241.300    25.31575  
241.400    25.31683  
241.500    25.31790  
241.600    25.31897  
241.700    25.32004  
241.800    25.32110  
241.900    25.32216  
242.000    25.32322  
242.100    25.32427  
242.200    25.32531  
242.300    25.32636  
242.400    25.32740  
242.500    25.32844  
242.600    25.32947  
242.700    25.33050  
242.800    25.33153  
242.900    25.33255  
243.000    25.33357  
243.100    25.33459  
243.200    25.33560  
243.300    25.33661  
243.400    25.33762  
243.500    25.33862  
243.600    25.33962  
243.700    25.34061  
243.800    25.34160  
243.900    25.34259  
244.000    25.34357  
244.100    25.34456  
244.200    25.34553  
244.300    25.34651  
244.400    25.34748  
244.500    25.34844  
244.600    25.34941  
244.700    25.35037  
244.800    25.35133  
244.900    25.35228  
245.000    25.35323  
245.100    25.35417  
245.200    25.35512  
245.300    25.35606  
245.400    25.35699  
245.500    25.35792  
245.600    25.35885  
245.700    25.35978  
245.800    25.36070  
245.900    25.36162  
246.000    25.36254  
246.100    25.36345  
246.200    25.36436  
246.300    25.36526  
246.400    25.36616  
246.500    25.36706  
246.600    25.36796  
246.700    25.36885  
246.800    25.36974  
246.900    25.37062  
247.000    25.37150  
247.100    25.37238  
247.200    25.37326  
247.300    25.37413  
247.400    25.37500  
247.500    25.37586  
247.600    25.37672  
247.700    25.37758  
247.800    25.37843  
247.900    25.37929  
248.000    25.38013  
248.100    25.38098  
248.200    25.38182  
248.300    25.38266  
248.400    25.38349  
248.500    25.38432  
248.600    25.38515  
248.700    25.38598  
248.800    25.38680  
248.900    25.38762  
249.000    25.38843  
249.100    25.38924  
249.200    25.39005  
249.300    25.39085  
249.400    25.39166  
249.500    25.39245  
249.600    25.39325  
249.700    25.39404  
249.800    25.39483  
249.900    25.39562  
250.000    25.39640  
250.100    25.39718  
250.200    25.39795  
250.300    25.39872  
250.400    25.39949  
250.500    25.40026  
250.600    25.40102  
250.700    25.40178  
250.800    25.40254  
250.900    25.40329  
251.000    25.40404  
251.100    25.40479  
251.200    25.40553  
251.300    25.40627  
251.400    25.40701  
251.500    25.40774  
251.600    25.40847  
251.700    25.40920  
251.800    25.40992  
251.900    25.41065  
252.000    25.41136  
252.100    25.41208  
252.200    25.41279  
252.300    25.41350  
252.400    25.41420  
252.500    25.41490  
252.600    25.41560  
252.700    25.41630  
252.800    25.41699  
252.900    25.41768  
253.000    25.41837  
253.100    25.41905  
253.200    25.41973  
253.300    25.42041  
253.400    25.42108  
253.500    25.42175  
253.600    25.42242  
253.700    25.42308  
253.800    25.42375  
253.900    25.42440  
254.000    25.42506  
254.100    25.42571  
254.200    25.42636  
254.300    25.42701  
254.400    25.42765  
254.500    25.42829  
254.600    25.42893  
254.700    25.42956  
254.800    25.43019  
254.900    25.43082  
255.000    25.43144  
255.100    25.43206  
255.200    25.43268  
255.300    25.43330  
255.400    25.43391  
255.500    25.43452  
255.600    25.43512  
255.700    25.43573  
255.800    25.43633  
255.900    25.43692  
256.000    25.43752  
256.100    25.43811  
256.200    25.43870  
256.300    25.43928  
256.400    25.43987  
256.500    25.44044  
256.600    25.44102  
256.700    25.44159  
256.800    25.44216  
256.900    25.44273  
257.000    25.44329  
257.100    25.44386  
257.200    25.44441  
257.300    25.44497  
257.400    25.44552  
257.500    25.44607  
257.600    25.44662  
257.700    25.44716  
257.800    25.44770  
257.900    25.44824  
258.000    25.44877  
258.100    25.44930  
258.200    25.44983  
258.300    25.45036  
258.400    25.45088  
258.500    25.45140  
258.600    25.45192  
258.700    25.45243  
258.800    25.45294  
258.900    25.45345  
259.000    25.45395  
259.100    25.45446  
259.200    25.45496  
259.300    25.45545  
259.400    25.45595  
259.500    25.45644  
259.600    25.45692  
259.700    25.45741  
259.800    25.45789  
259.900    25.45837  
260.000    25.45885  
260.100    25.45932  
260.200    25.45979  
260.300    25.46026  
260.400    25.46072  
260.500    25.46119  
260.600    25.46164  
260.700    25.46210  
260.800    25.46255  
260.900    25.46300  
261.000    25.46345  
261.100    25.46390  
261.200    25.46434  
261.300    25.46478  
261.400    25.46522  
261.500    25.46565  
261.600    25.46608  
261.700    25.46651  
261.800    25.46693  
261.900    25.46736  
262.000    25.46778  
262.100    25.46819  
262.200    25.46861  
262.300    25.46902  
262.400    25.46943  
262.500    25.46983  
262.600    25.47023  
262.700    25.47063  
262.800    25.47103  
262.900    25.47143  
263.000    25.47182  
263.100    25.47221  
263.200    25.47259  
263.300    25.47298  
263.400    25.47336  
263.500    25.47373  
263.600    25.47411  
263.700    25.47448  
263.800    25.47485  
263.900    25.47522  
264.000    25.47558  
264.100    25.47595  
264.200    25.47630  
264.300    25.47666  
264.400    25.47701  
264.500    25.47736  
264.600    25.47771  
264.700    25.47806  
264.800    25.47840  
264.900    25.47874  
265.000    25.47908  
265.100    25.47941  
265.200    25.47974  
265.300    25.48007  
265.400    25.48040  
265.500    25.48072  
265.600    25.48104  
265.700    25.48136  
265.800    25.48168  
265.900    25.48199  
266.000    25.48230  
266.100    25.48261  
266.200    25.48291  
266.300    25.48322  
266.400    25.48352  
266.500    25.48381  
266.600    25.48411  
266.700    25.48440  
266.800    25.48469  
266.900    25.48497  
267.000    25.48526  
267.100    25.48554  
267.200    25.48582  
267.300    25.48609  
267.400    25.48637  
267.500    25.48664  
267.600    25.48691  
267.700    25.48717  
267.800    25.48744  
267.900    25.48770  
268.000    25.48795  
268.100    25.48821  
268.200    25.48846  
268.300    25.48871  
268.400    25.48896  
268.500    25.48920  
268.600    25.48945  
268.700    25.48969  
268.800    25.48992  
268.900    25.49016  
269.000    25.49039  
269.100    25.49062  
269.200    25.49085  
269.300    25.49107  
269.400    25.49129  
269.500    25.49151  
269.600    25.49173  
269.700    25.49194  
269.800    25.49215  
269.900    25.49236  
270.000    25.49257  
270.100    25.49277  
270.200    25.49298  
270.300    25.49317  
270.400    25.49337  
270.500    25.49357  
270.600    25.49376  
270.700    25.49395  
270.800    25.49413  
270.900    25.49432  
271.000    25.49450  
271.100    25.49468  
271.200    25.49485  
271.300    25.49503  
271.400    25.49520  
271.500    25.49537  
271.600    25.49553  
271.700    25.49570  
271.800    25.49586  
271.900    25.49602  
272.000    25.49618  
272.100    25.49633  
272.200    25.49648  
272.300    25.49663  
272.400    25.49678  
272.500    25.49692  
272.600    25.49706  
272.700    25.49720  
272.800    25.49734  
272.900    25.49748  
273.000    25.49761  
273.100    25.49774  
273.200    25.49787  
273.300    25.49799  
273.400    25.49811  
273.500    25.49823  
273.600    25.49835  
273.700    25.49847  
273.800    25.49858  
273.900    25.49869  
274.000    25.49880  
274.100    25.49890  
274.200    25.49901  
274.300    25.49911  
274.400    25.49921  
274.500    25.49930  
274.600    25.49939  
274.700    25.49949  
274.800    25.49958  
274.900    25.49966  
275.000    25.49975  
275.100    25.49983  
275.200    25.49991  
275.300    25.49998  
275.400    25.50006  
275.500    25.50013  
275.600    25.50020  
275.700    25.50027  
275.800    25.50033  
275.900    25.50040  
276.000    25.50046  
276.100    25.50052  
276.200    25.50057  
276.300    25.50063  
276.400    25.50068  
276.500    25.50073  
276.600    25.50077  
276.700    25.50082  
276.800    25.50086  
276.900    25.50090  
277.000    25.50094  
277.100    25.50097  
277.200    25.50100  
277.300    25.50104  
277.400    25.50106  
277.500    25.50109  
277.600    25.50111  
277.700    25.50113  
277.800    25.50115  
277.900    25.50117  
278.000    25.50118  
278.100    25.50120  
278.200    25.50121  
278.300    25.50121  
278.400    25.50122  
278.500    25.50122  
278.600    25.50122  
278.700    25.50122  
278.800    25.50122  
278.900    25.50121  
279.000    25.50120  
279.100    25.50119  
279.200    25.50118  
279.300    25.50117  
279.400    25.50115  
279.500    25.50113  
279.600    25.50111  
279.700    25.50108  
279.800    25.50106  
279.900    25.50103  
280.000    25.50100  
280.100    25.50097  
280.200    25.50093  
280.300    25.50090  
280.400    25.50086  
280.500    25.50081  
280.600    25.50077  
280.700    25.50072  
280.800    25.50068  
280.900    25.50063  
281.000    25.50057  
281.100    25.50052  
281.200    25.50046  
281.300    25.50040  
281.400    25.50034  
281.500    25.50028  
281.600    25.50021  
281.700    25.50014  
281.800    25.50007  
281.900    25.50000  
282.000    25.49993  
282.100    25.49985  
282.200    25.49977  
282.300    25.49969  
282.400    25.49961  
282.500    25.49952  
282.600    25.49944  
282.700    25.49935  
282.800    25.49926  
282.900    25.49916  
283.000    25.49907  
283.100    25.49897  
283.200    25.49887  
283.300    25.49877  
283.400    25.49866  
283.500    25.49856  
283.600    25.49845  
283.700    25.49834  
283.800    25.49822  
283.900    25.49811  
284.000    25.49799  
284.100    25.49787  
284.200    25.49775  
284.300    25.49763  
284.400    25.49750  
284.500    25.49738  
284.600    25.49725  
284.700    25.49711  
284.800    25.49698  
284.900    25.49684  
285.000    25.49671  
285.100    25.49657  
285.200    25.49643  
285.300    25.49628  
285.400    25.49613  
285.500    25.49599  
285.600    25.49584  
285.700    25.49568  
285.800    25.49553  
285.900    25.49537  
286.000    25.49521  
286.100    25.49505  
286.200    25.49489  
286.300    25.49473  
286.400    25.49456  
286.500    25.49439  
286.600    25.49422  
286.700    25.49405  
286.800    25.49387  
286.900    25.49370  
287.000    25.49352  
287.100    25.49334  
287.200    25.49315  
287.300    25.49297  
287.400    25.49278  
287.500    25.49259  
287.600    25.49240  
287.700    25.49221  
287.800    25.49201  
287.900    25.49182  
288.000    25.49162  
288.100    25.49142  
288.200    25.49121  
288.300    25.49101  
288.400    25.49080  
288.500    25.49059  
288.600    25.49038  
288.700    25.49017  
288.800    25.48995  
288.900    25.48974  
289.000    25.48952  
289.100    25.48930  
289.200    25.48908  
289.300    25.48885  
289.400    25.48862  
289.500    25.48840  
289.600    25.48817  
289.700    25.48793  
289.800    25.48770  
289.900    25.48746  
290.000    25.48722  
290.100    25.48698  
290.200    25.48674  
290.300    25.48650  
290.400    25.48625  
290.500    25.48600  
290.600    25.48575  
290.700    25.48550  
290.800    25.48525  
290.900    25.48499  
291.000    25.48473  
291.100    25.48448  
291.200    25.48421  
291.300    25.48395  
291.400    25.48369  
291.500    25.48342  
291.600    25.48315  
291.700    25.48288  
291.800    25.48261  
291.900    25.48233  
292.000    25.48205  
292.100    25.48178  
292.200    25.48150  
292.300    25.48121  
292.400    25.48093  
292.500    25.48064  
292.600    25.48035  
292.700    25.48007  
292.800    25.47977  
292.900    25.47948  
293.000    25.47918  
293.100    25.47889  
293.200    25.47859  
293.300    25.47829  
293.400    25.47798  
293.500    25.47768  
293.600    25.47737  
293.700    25.47706  
293.800    25.47675  
293.900    25.47644  
294.000    25.47613  
294.100    25.47581  
294.200    25.47550  
294.300    25.47518  
294.400    25.47485  
294.500    25.47453  
294.600    25.47421  
294.700    25.47388  
294.800    25.47355  
294.900    25.47322  
295.000    25.47289  
295.100    25.47256  
295.200    25.47222  
295.300    25.47188  
295.400    25.47154  
295.500    25.47120  
295.600    25.47086  
295.700    25.47051  
295.800    25.47017  
295.900    25.46982  
296.000    25.46947  
296.100    25.46912  
296.200    25.46876  
296.300    25.46841  
296.400    25.46805  
296.500    25.46769  
296.600    25.46733  
296.700    25.46697  
296.800    25.46660  
296.900    25.46624  
297.000    25.46587  
297.100    25.46550  
297.200    25.46513  
297.300    25.46475  
297.400    25.46438  
297.500    25.46400  
297.600    25.46362  
297.700    25.46324  
297.800    25.46286  
297.900    25.46248  
298.000    25.46209  
298.100    25.46171  
298.200    25.46132  
298.300    25.46093  
298.400    25.46053  
298.500    25.46014  
298.600    25.45974  
298.700    25.45935  
298.800    25.45895  
298.900    25.45855  
299.000    25.45814  
299.100    25.45774  
299.200    25.45733  
299.300    25.45692  
299.400    25.45652  
299.500    25.45610  
299.600    25.45569  
299.700    25.45528  
299.800    25.45486  
299.900    25.45444  
300.000    25.45402 
300.100    25.45360  
300.200    25.45318  
300.300    25.45275  
300.400    25.45233  
300.500    25.45190  
300.600    25.45147  
300.700    25.45104  
300.800    25.45060  
300.900    25.45017  
301.000    25.44973  
301.100    25.44929  
301.200    25.44885  
301.300    25.44841  
301.400    25.44797  
301.500    25.44752  
301.600    25.44708  
301.700    25.44663  
301.800    25.44618  
301.900    25.44573  
302.000    25.44528  
302.100    25.44482  
302.200    25.44436  
302.300    25.44391  
302.400    25.44345  
302.500    25.44299  
302.600    25.44252  
302.700    25.44206  
302.800    25.44159  
302.900    25.44112  
303.000    25.44066  
303.100    25.44018  
303.200    25.43971  
303.300    25.43924  
303.400    25.43876  
303.500    25.43828  
303.600    25.43780  
303.700    25.43732  
303.800    25.43684  
303.900    25.43636  
304.000    25.43587  
304.100    25.43539  
304.200    25.43490  
304.300    25.43441  
304.400    25.43391  
304.500    25.43342  
304.600    25.43293  
304.700    25.43243  
304.800    25.43193  
304.900    25.43143  
305.000    25.43093  
305.100    25.43043  
305.200    25.42992  
305.300    25.42942  
305.400    25.42891  
305.500    25.42840  
305.600    25.42789  
305.700    25.42738  
305.800    25.42686  
305.900    25.42635  
306.000    25.42583  
306.100    25.42531  
306.200    25.42479  
306.300    25.42427  
306.400    25.42375  
306.500    25.42322  
306.600    25.42270  
306.700    25.42217  
306.800    25.42164  
306.900    25.42111  
307.000    25.42058  
307.100    25.42004  
307.200    25.41951  
307.300    25.41897  
307.400    25.41843  
307.500    25.41789  
307.600    25.41735  
307.700    25.41681  
307.800    25.41626  
307.900    25.41571  
308.000    25.41517  
308.100    25.41462  
308.200    25.41407  
308.300    25.41352  
308.400    25.41296  
308.500    25.41241  
308.600    25.41185  
308.700    25.41129  
308.800    25.41073  
308.900    25.41017  
309.000    25.40961  
309.100    25.40904  
309.200    25.40848  
309.300    25.40791  
309.400    25.40734  
309.500    25.40677  
309.600    25.40620  
309.700    25.40563  
309.800    25.40505  
309.900    25.40448  
310.000    25.40390  
310.100    25.40332  
310.200    25.40274  
310.300    25.40216  
310.400    25.40158  
310.500    25.40099  
310.600    25.40041  
310.700    25.39982  
310.800    25.39923  
310.900    25.39864  
311.000    25.39805  
311.100    25.39745  
311.200    25.39686  
311.300    25.39626  
311.400    25.39567  
311.500    25.39507  
311.600    25.39447  
311.700    25.39386  
311.800    25.39326  
311.900    25.39266  
312.000    25.39205  
312.100    25.39144  
312.200    25.39083  
312.300    25.39022  
312.400    25.38961  
312.500    25.38900  
312.600    25.38838  
312.700    25.38777  
312.800    25.38715  
312.900    25.38653  
313.000    25.38591  
313.100    25.38529  
313.200    25.38466  
313.300    25.38404  
313.400    25.38341  
313.500    25.38279  
313.600    25.38216  
313.700    25.38153  
313.800    25.38090  
313.900    25.38026  
314.000    25.37963  
314.100    25.37899  
314.200    25.37836  
314.300    25.37772  
314.400    25.37708  
314.500    25.37644  
314.600    25.37579  
314.700    25.37515  
314.800    25.37451  
314.900    25.37386  
315.000    25.37321  
315.100    25.37256  
315.200    25.37191  
315.300    25.37126  
315.400    25.37061  
315.500    25.36995  
315.600    25.36929  
315.700    25.36864  
315.800    25.36798  
315.900    25.36732  
316.000    25.36666  
316.100    25.36599  
316.200    25.36533  
316.300    25.36466  
316.400    25.36400  
316.500    25.36333  
316.600    25.36266  
316.700    25.36199  
316.800    25.36132  
316.900    25.36064  
317.000    25.35997  
317.100    25.35929  
317.200    25.35861  
317.300    25.35794  
317.400    25.35726  
317.500    25.35657  
317.600    25.35589  
317.700    25.35521  
317.800    25.35452  
317.900    25.35384  
318.000    25.35315  
318.100    25.35246  
318.200    25.35177  
318.300    25.35108  
318.400    25.35038  
318.500    25.34969  
318.600    25.34899  
318.700    25.34830  
318.800    25.34760  
318.900    25.34690  
319.000    25.34620  
319.100    25.34549  
319.200    25.34479  
319.300    25.34409  
319.400    25.34338  
319.500    25.34267  
319.600    25.34196  
319.700    25.34125  
319.800    25.34054  
319.900    25.33983  
320.000    25.33912  
320.100    25.33840  
320.200    25.33769  
320.300    25.33697  
320.400    25.33625  
320.500    25.33553  
320.600    25.33481  
320.700    25.33409  
320.800    25.33336  
320.900    25.33264  
321.000    25.33191  
321.100    25.33119  
321.200    25.33046  
321.300    25.32973  
321.400    25.32900  
321.500    25.32826  
321.600    25.32753  
321.700    25.32680  
321.800    25.32606  
321.900    25.32532  
322.000    25.32458  
322.100    25.32384  
322.200    25.32310  
322.300    25.32236  
322.400    25.32162  
322.500    25.32087  
322.600    25.32013  
322.700    25.31938  
322.800    25.31863  
322.900    25.31788  
323.000    25.31713  
323.100    25.31638  
323.200    25.31563  
323.300    25.31487  
323.400    25.31412  
323.500    25.31336  
323.600    25.31260  
323.700    25.31184  
323.800    25.31108  
323.900    25.31032  
324.000    25.30956  
324.100    25.30880  
324.200    25.30803  
324.300    25.30727  
324.400    25.30650  
324.500    25.30573  
324.600    25.30496  
324.700    25.30419  
324.800    25.30342  
324.900    25.30264  
325.000    25.30187  
325.100    25.30109  
325.200    25.30032  
325.300    25.29954  
325.400    25.29876  
325.500    25.29798  
325.600    25.29720  
325.700    25.29642  
325.800    25.29563  
325.900    25.29485  
326.000    25.29406  
326.100    25.29328  
326.200    25.29249  
326.300    25.29170  
326.400    25.29091  
326.500    25.29012  
326.600    25.28932  
326.700    25.28853  
326.800    25.28773  
326.900    25.28694  
327.000    25.28614  
327.100    25.28534  
327.200    25.28454  
327.300    25.28374  
327.400    25.28294  
327.500    25.28214  
327.600    25.28133  
327.700    25.28053  
327.800    25.27972  
327.900    25.27891  
328.000    25.27810  
328.100    25.27729  
328.200    25.27648  
328.300    25.27567  
328.400    25.27486  
328.500    25.27404  
328.600    25.27323  
328.700    25.27241  
328.800    25.27160  
328.900    25.27078  
329.000    25.26996  
329.100    25.26914  
329.200    25.26831  
329.300    25.26749  
329.400    25.26667  
329.500    25.26584  
329.600    25.26502  
329.700    25.26419  
329.800    25.26336  
329.900    25.26253  
330.000    25.26170  
330.100    25.26087  
330.200    25.26004  
330.300    25.25920  
330.400    25.25837  
330.500    25.25753  
330.600    25.25669  
330.700    25.25586  
330.800    25.25502  
330.900    25.25418  
331.000    25.25334  
331.100    25.25249  
331.200    25.25165  
331.300    25.25081  
331.400    25.24996  
331.500    25.24911  
331.600    25.24827  
331.700    25.24742  
331.800    25.24657  
331.900    25.24572  
332.000    25.24486  
332.100    25.24401  
332.200    25.24316  
332.300    25.24230  
332.400    25.24145  
332.500    25.24059  
332.600    25.23973  
332.700    25.23887  
332.800    25.23801  
332.900    25.23715  
333.000    25.23629  
333.100    25.23543  
333.200    25.23456  
333.300    25.23370  
333.400    25.23283  
333.500    25.23196  
333.600    25.23109  
333.700    25.23022  
333.800    25.22935  
333.900    25.22848  
334.000    25.22761  
334.100    25.22674  
334.200    25.22586  
334.300    25.22499  
334.400    25.22411  
334.500    25.22323  
334.600    25.22235  
334.700    25.22148  
334.800    25.22059  
334.900    25.21971  
335.000    25.21883  
335.100    25.21795  
335.200    25.21706  
335.300    25.21618  
335.400    25.21529  
335.500    25.21440  
335.600    25.21352  
335.700    25.21263  
335.800    25.21174  
335.900    25.21084  
336.000    25.20995  
336.100    25.20906  
336.200    25.20816  
336.300    25.20727  
336.400    25.20637  
336.500    25.20548  
336.600    25.20458  
336.700    25.20368  
336.800    25.20278  
336.900    25.20188  
337.000    25.20097  
337.100    25.20007  
337.200    25.19917  
337.300    25.19826  
337.400    25.19736  
337.500    25.19645  
337.600    25.19554  
337.700    25.19463  
337.800    25.19372  
337.900    25.19281  
338.000    25.19190  
338.100    25.19099  
338.200    25.19008  
338.300    25.18916  
338.400    25.18825  
338.500    25.18733  
338.600    25.18641  
338.700    25.18549  
338.800    25.18457  
338.900    25.18365  
339.000    25.18273  
339.100    25.18181  
339.200    25.18089  
339.300    25.17997  
339.400    25.17904  
339.500    25.17811  
339.600    25.17719  
339.700    25.17626  
339.800    25.17533  
339.900    25.17440  
340.000    25.17347  
340.100    25.17254  
340.200    25.17161  
340.300    25.17068  
340.400    25.16974  
340.500    25.16881  
340.600    25.16787  
340.700    25.16694  
340.800    25.16600  
340.900    25.16506  
341.000    25.16412  
341.100    25.16318  
341.200    25.16224  
341.300    25.16130  
341.400    25.16035  
341.500    25.15941  
341.600    25.15847  
341.700    25.15752  
341.800    25.15657  
341.900    25.15563  
342.000    25.15468  
342.100    25.15373  
342.200    25.15278  
342.300    25.15183  
342.400    25.15088  
342.500    25.14992  
342.600    25.14897  
342.700    25.14802  
342.800    25.14706  
342.900    25.14611  
343.000    25.14515  
343.100    25.14419  
343.200    25.14323  
343.300    25.14227  
343.400    25.14131  
343.500    25.14035  
343.600    25.13939  
343.700    25.13843  
343.800    25.13746  
343.900    25.13650  
344.000    25.13553  
344.100    25.13457  
344.200    25.13360  
344.300    25.13263  
344.400    25.13166  
344.500    25.13069  
344.600    25.12972  
344.700    25.12875  
344.800    25.12778  
344.900    25.12680  
345.000    25.12583  
345.100    25.12485  
345.200    25.12388  
345.300    25.12290  
345.400    25.12192  
345.500    25.12095  
345.600    25.11997  
345.700    25.11899  
345.800    25.11801  
345.900    25.11703  
346.000    25.11604  
346.100    25.11506  
346.200    25.11408  
346.300    25.11309  
346.400    25.11210  
346.500    25.11112  
346.600    25.11013  
346.700    25.10914  
346.800    25.10815  
346.900    25.10716  
347.000    25.10617  
347.100    25.10518  
347.200    25.10419  
347.300    25.10320  
347.400    25.10220  
347.500    25.10121  
347.600    25.10021  
347.700    25.09922  
347.800    25.09822  
347.900    25.09722  
348.000    25.09622  
348.100    25.09523  
348.200    25.09422  
348.300    25.09322  
348.400    25.09222  
348.500    25.09122  
348.600    25.09022  
348.700    25.08921  
348.800    25.08821  
348.900    25.08720  
349.000    25.08620  
349.100    25.08519  
349.200    25.08418  
349.300    25.08317  
349.400    25.08216  
349.500    25.08115  
349.600    25.08014  
349.700    25.07913  
349.800    25.07812  
349.900    25.07710  
350.000    25.07609   