 0.000     0.00000  
  0.100    -0.00083  
  0.200    -0.00397  
  0.300    -0.00910  
  0.400    -0.01589  
  0.500    -0.02410  
  0.600    -0.03356  
  0.700    -0.04413  
  0.800    -0.05569  
  0.900    -0.06815  
  1.000    -0.08144  
  1.100    -0.09547  
  1.200    -0.11019  
  1.300    -0.12555  
  1.400    -0.14149  
  1.500    -0.15798  
  1.600    -0.17497  
  1.700    -0.19243  
  1.800    -0.21032  
  1.900    -0.22862  
  2.000    -0.24730  
  2.100    -0.26633  
  2.200    -0.28569  
  2.300    -0.30536  
  2.400    -0.32532  
  2.500    -0.34554  
  2.600    -0.36602  
  2.700    -0.38674  
  2.800    -0.40767  
  2.900    -0.42881  
  3.000    -0.45015  
  3.100    -0.47166  
  3.200    -0.49335  
  3.300    -0.51519  
  3.400    -0.53718  
  3.500    -0.55930  
  3.600    -0.58155  
  3.700    -0.60392  
  3.800    -0.62641  
  3.900    -0.64899  
  4.000    -0.67167  
  4.100    -0.69444  
  4.200    -0.71729  
  4.300    -0.74021  
  4.400    -0.76321  
  4.500    -0.78626  
  4.600    -0.80938  
  4.700    -0.83255  
  4.800    -0.85577  
  4.900    -0.87903  
  5.000    -0.90232  
  5.100    -0.92566  
  5.200    -0.94902  
  5.300    -0.97241  
  5.400    -0.99583  
  5.500    -1.01926  
  5.600    -1.04272  
  5.700    -1.06618  
  5.800    -1.08965  
  5.900    -1.11314  
  6.000    -1.13662  
  6.100    -1.16011  
  6.200    -1.18360  
  6.300    -1.20709  
  6.400    -1.23057  
  6.500    -1.25405  
  6.600    -1.27751  
  6.700    -1.30097  
  6.800    -1.32441  
  6.900    -1.34784  
  7.000    -1.37125  
  7.100    -1.39464  
  7.200    -1.41801  
  7.300    -1.44136  
  7.400    -1.46469  
  7.500    -1.48800  
  7.600    -1.51128  
  7.700    -1.53454  
  7.800    -1.55777  
  7.900    -1.58097  
  8.000    -1.60413  
  8.100    -1.62727  
  8.200    -1.65038  
  8.300    -1.67346  
  8.400    -1.69650  
  8.500    -1.71951  
  8.600    -1.74248  
  8.700    -1.76542  
  8.800    -1.78832  
  8.900    -1.81118  
  9.000    -1.83401  
  9.100    -1.85679  
  9.200    -1.87954  
  9.300    -1.90225  
  9.400    -1.92492  
  9.500    -1.94755  
  9.600    -1.97014  
  9.700    -1.99269  
  9.800    -2.01519  
  9.900    -2.03766  
 10.000    -2.06008  
 10.100    -2.08245  
 10.200    -2.10479  
 10.300    -2.12708  
 10.400    -2.14933  
 10.500    -2.17153  
 10.600    -2.19369  
 10.700    -2.21580  
 10.800    -2.23787  
 10.900    -2.25990  
 11.000    -2.28187  
 11.100    -2.30381  
 11.200    -2.32570  
 11.300    -2.34754  
 11.400    -2.36934  
 11.500    -2.39109  
 11.600    -2.41279  
 11.700    -2.43445  
 11.800    -2.45606  
 11.900    -2.47763  
 12.000    -2.49915  
 12.100    -2.52062  
 12.200    -2.54205  
 12.300    -2.56343  
 12.400    -2.58476  
 12.500    -2.60605  
 12.600    -2.62729  
 12.700    -2.64848  
 12.800    -2.66963  
 12.900    -2.69073  
 13.000    -2.71178  
 13.100    -2.73279  
 13.200    -2.75375  
 13.300    -2.77467  
 13.400    -2.79553  
 13.500    -2.81636  
 13.600    -2.83713  
 13.700    -2.85786  
 13.800    -2.87854  
 13.900    -2.89918  
 14.000    -2.91977  
 14.100    -2.94031  
 14.200    -2.96081  
 14.300    -2.98126  
 14.400    -3.00167  
 14.500    -3.02203  
 14.600    -3.04234  
 14.700    -3.06261  
 14.800    -3.08284  
 14.900    -3.10301  
 15.000    -3.12315  
 15.100    -3.14323  
 15.200    -3.16328  
 15.300    -3.18328  
 15.400    -3.20323  
 15.500    -3.22314  
 15.600    -3.24300  
 15.700    -3.26282  
 15.800    -3.28260  
 15.900    -3.30233  
 16.000    -3.32201  
 16.100    -3.34166  
 16.200    -3.36125  
 16.300    -3.38081  
 16.400    -3.40032  
 16.500    -3.41979  
 16.600    -3.43922  
 16.700    -3.45860  
 16.800    -3.47794  
 16.900    -3.49723  
 17.000    -3.51649  
 17.100    -3.53570  
 17.200    -3.55487  
 17.300    -3.57399  
 17.400    -3.59308  
 17.500    -3.61212  
 17.600    -3.63112  
 17.700    -3.65008  
 17.800    -3.66899  
 17.900    -3.68787  
 18.000    -3.70670  
 18.100    -3.72550  
 18.200    -3.74425  
 18.300    -3.76296  
 18.400    -3.78163  
 18.500    -3.80026  
 18.600    -3.81885  
 18.700    -3.83740  
 18.800    -3.85591  
 18.900    -3.87438  
 19.000    -3.89281  
 19.100    -3.91120  
 19.200    -3.92956  
 19.300    -3.94787  
 19.400    -3.96614  
 19.500    -3.98437  
 19.600    -4.00257  
 19.700    -4.02073  
 19.800    -4.03885  
 19.900    -4.05693  
 20.000    -4.07497  
 20.100    -4.09297  
 20.200    -4.11094  
 20.300    -4.12886  
 20.400    -4.14676  
 20.500    -4.16461  
 20.600    -4.18242  
 20.700    -4.20020  
 20.800    -4.21795  
 20.900    -4.23565  
 21.000    -4.25332  
 21.100    -4.27095  
 21.200    -4.28855  
 21.300    -4.30611  
 21.400    -4.32363  
 21.500    -4.34112  
 21.600    -4.35857  
 21.700    -4.37599  
 21.800    -4.39337  
 21.900    -4.41071  
 22.000    -4.42802  
 22.100    -4.44530  
 22.200    -4.46254  
 22.300    -4.47975  
 22.400    -4.49692  
 22.500    -4.51406  
 22.600    -4.53116  
 22.700    -4.54823  
 22.800    -4.56526  
 22.900    -4.58226  
 23.000    -4.59923  
 23.100    -4.61617  
 23.200    -4.63307  
 23.300    -4.64993  
 23.400    -4.66677  
 23.500    -4.68357  
 23.600    -4.70034  
 23.700    -4.71707  
 23.800    -4.73378  
 23.900    -4.75045  
 24.000    -4.76709  
 24.100    -4.78369  
 24.200    -4.80027  
 24.300    -4.81681  
 24.400    -4.83332  
 24.500    -4.84980  
 24.600    -4.86625  
 24.700    -4.88267  
 24.800    -4.89905  
 24.900    -4.91541  
 25.000    -4.93173  
 25.100    -4.94803  
 25.200    -4.96429  
 25.300    -4.98052  
 25.400    -4.99673  
 25.500    -5.01290  
 25.600    -5.02904  
 25.700    -5.04515  
 25.800    -5.06123  
 25.900    -5.07729  
 26.000    -5.09331  
 26.100    -5.10930  
 26.200    -5.12527  
 26.300    -5.14120  
 26.400    -5.15711  
 26.500    -5.17299  
 26.600    -5.18883  
 26.700    -5.20465  
 26.800    -5.22045  
 26.900    -5.23621  
 27.000    -5.25194  
 27.100    -5.26765  
 27.200    -5.28333  
 27.300    -5.29898  
 27.400    -5.31460  
 27.500    -5.33020  
 27.600    -5.34577  
 27.700    -5.36131  
 27.800    -5.37682  
 27.900    -5.39231  
 28.000    -5.40776  
 28.100    -5.42320  
 28.200    -5.43860  
 28.300    -5.45398  
 28.400    -5.46933  
 28.500    -5.48466  
 28.600    -5.49996  
 28.700    -5.51523  
 28.800    -5.53047  
 28.900    -5.54570  
 29.000    -5.56089  
 29.100    -5.57606  
 29.200    -5.59120  
 29.300    -5.60632  
 29.400    -5.62141  
 29.500    -5.63648  
 29.600    -5.65152  
 29.700    -5.66654  
 29.800    -5.68153  
 29.900    -5.69650  
 30.000    -5.71144  
 30.100    -5.72635  
 30.200    -5.74125  
 30.300    -5.75611  
 30.400    -5.77096  
 30.500    -5.78578  
 30.600    -5.80057  
 30.700    -5.81534  
 30.800    -5.83009  
 30.900    -5.84482  
 31.000    -5.85952  
 31.100    -5.87419  
 31.200    -5.88884  
 31.300    -5.90347  
 31.400    -5.91808  
 31.500    -5.93266  
 31.600    -5.94722  
 31.700    -5.96176  
 31.800    -5.97627  
 31.900    -5.99076  
 32.000    -6.00523  
 32.100    -6.01967  
 32.200    -6.03409  
 32.300    -6.04849  
 32.400    -6.06287  
 32.500    -6.07723  
 32.600    -6.09156  
 32.700    -6.10587  
 32.800    -6.12016  
 32.900    -6.13443  
 33.000    -6.14867  
 33.100    -6.16290  
 33.200    -6.17710  
 33.300    -6.19128  
 33.400    -6.20544  
 33.500    -6.21958  
 33.600    -6.23369  
 33.700    -6.24779  
 33.800    -6.26186  
 33.900    -6.27592  
 34.000    -6.28995  
 34.100    -6.30396  
 34.200    -6.31795  
 34.300    -6.33192  
 34.400    -6.34587  
 34.500    -6.35980  
 34.600    -6.37371  
 34.700    -6.38760  
 34.800    -6.40147  
 34.900    -6.41532  
 35.000    -6.42915  
 35.100    -6.44296  
 35.200    -6.45674  
 35.300    -6.47051  
 35.400    -6.48426  
 35.500    -6.49799  
 35.600    -6.51170  
 35.700    -6.52539  
 35.800    -6.53906  
 35.900    -6.55272  
 36.000    -6.56635  
 36.100    -6.57996  
 36.200    -6.59356  
 36.300    -6.60713  
 36.400    -6.62069  
 36.500    -6.63423  
 36.600    -6.64775  
 36.700    -6.66125  
 36.800    -6.67473  
 36.900    -6.68819  
 37.000    -6.70164  
 37.100    -6.71506  
 37.200    -6.72847  
 37.300    -6.74186  
 37.400    -6.75523  
 37.500    -6.76859  
 37.600    -6.78192  
 37.700    -6.79524  
 37.800    -6.80854  
 37.900    -6.82183  
 38.000    -6.83509  
 38.100    -6.84834  
 38.200    -6.86157  
 38.300    -6.87478  
 38.400    -6.88798  
 38.500    -6.90115  
 38.600    -6.91431  
 38.700    -6.92746  
 38.800    -6.94058  
 38.900    -6.95369  
 39.000    -6.96678  
 39.100    -6.97986  
 39.200    -6.99292  
 39.300    -7.00596  
 39.400    -7.01898  
 39.500    -7.03199  
 39.600    -7.04498  
 39.700    -7.05796  
 39.800    -7.07092  
 39.900    -7.08386  
 40.000    -7.09679  
 40.100    -7.10970  
 40.200    -7.12259  
 40.300    -7.13547  
 40.400    -7.14833  
 40.500    -7.16117  
 40.600    -7.17400  
 40.700    -7.18682  
 40.800    -7.19962  
 40.900    -7.21240  
 41.000    -7.22517  
 41.100    -7.23792  
 41.200    -7.25065  
 41.300    -7.26337  
 41.400    -7.27608  
 41.500    -7.28877  
 41.600    -7.30144  
 41.700    -7.31410  
 41.800    -7.32674  
 41.900    -7.33937  
 42.000    -7.35198  
 42.100    -7.36458  
 42.200    -7.37717  
 42.300    -7.38973  
 42.400    -7.40229  
 42.500    -7.41483  
 42.600    -7.42735  
 42.700    -7.43986  
 42.800    -7.45236  
 42.900    -7.46484  
 43.000    -7.47731  
 43.100    -7.48976  
 43.200    -7.50219  
 43.300    -7.51462  
 43.400    -7.52703  
 43.500    -7.53942  
 43.600    -7.55180  
 43.700    -7.56417  
 43.800    -7.57652  
 43.900    -7.58886  
 44.000    -7.60119  
 44.100    -7.61350  
 44.200    -7.62579  
 44.300    -7.63808  
 44.400    -7.65035  
 44.500    -7.66260  
 44.600    -7.67484  
 44.700    -7.68707  
 44.800    -7.69929  
 44.900    -7.71149  
 45.000    -7.72368  
 45.100    -7.73586  
 45.200    -7.74802  
 45.300    -7.76017  
 45.400    -7.77230  
 45.500    -7.78442  
 45.600    -7.79653  
 45.700    -7.80863  
 45.800    -7.82071  
 45.900    -7.83279  
 46.000    -7.84484  
 46.100    -7.85689  
 46.200    -7.86892  
 46.300    -7.88094  
 46.400    -7.89295  
 46.500    -7.90494  
 46.600    -7.91692  
 46.700    -7.92889  
 46.800    -7.94085  
 46.900    -7.95279  
 47.000    -7.96472  
 47.100    -7.97664  
 47.200    -7.98855  
 47.300    -8.00044  
 47.400    -8.01233  
 47.500    -8.02420  
 47.600    -8.03606  
 47.700    -8.04790  
 47.800    -8.05974  
 47.900    -8.07156  
 48.000    -8.08337  
 48.100    -8.09517  
 48.200    -8.10695  
 48.300    -8.11873  
 48.400    -8.13049  
 48.500    -8.14224  
 48.600    -8.15398  
 48.700    -8.16571  
 48.800    -8.17743  
 48.900    -8.18913  
 49.000    -8.20083  
 49.100    -8.21251  
 49.200    -8.22418  
 49.300    -8.23584  
 49.400    -8.24749  
 49.500    -8.25912  
 49.600    -8.27075  
 49.700    -8.28236  
 49.800    -8.29397  
 49.900    -8.30556  
 50.000    -8.31714  
 50.100    -8.32871  
 50.200    -8.34027  
 50.300    -8.35182  
 50.400    -8.36335  
 50.500    -8.37488  
 50.600    -8.38640  
 50.700    -8.39790  
 50.800    -8.40939  
 50.900    -8.42088  
 51.000    -8.43235  
 51.100    -8.44381  
 51.200    -8.45526  
 51.300    -8.46670  
 51.400    -8.47813  
 51.500    -8.48955  
 51.600    -8.50096  
 51.700    -8.51236  
 51.800    -8.52375  
 51.900    -8.53513  
 52.000    -8.54650  
 52.100    -8.55785  
 52.200    -8.56920  
 52.300    -8.58054  
 52.400    -8.59187  
 52.500    -8.60318  
 52.600    -8.61449  
 52.700    -8.62579  
 52.800    -8.63707  
 52.900    -8.64835  
 53.000    -8.65962  
 53.100    -8.67088  
 53.200    -8.68212  
 53.300    -8.69336  
 53.400    -8.70459  
 53.500    -8.71581  
 53.600    -8.72701  
 53.700    -8.73821  
 53.800    -8.74940  
 53.900    -8.76058  
 54.000    -8.77175  
 54.100    -8.78291  
 54.200    -8.79406  
 54.300    -8.80520  
 54.400    -8.81634  
 54.500    -8.82746  
 54.600    -8.83857  
 54.700    -8.84967  
 54.800    -8.86077  
 54.900    -8.87185  
 55.000    -8.88293  
 55.100    -8.89400  
 55.200    -8.90505  
 55.300    -8.91610  
 55.400    -8.92714  
 55.500    -8.93817  
 55.600    -8.94919  
 55.700    -8.96021  
 55.800    -8.97121  
 55.900    -8.98220  
 56.000    -8.99319  
 56.100    -9.00417  
 56.200    -9.01513  
 56.300    -9.02609  
 56.400    -9.03704  
 56.500    -9.04798  
 56.600    -9.05892  
 56.700    -9.06984  
 56.800    -9.08075  
 56.900    -9.09166  
 57.000    -9.10256  
 57.100    -9.11345  
 57.200    -9.12433  
 57.300    -9.13520  
 57.400    -9.14607  
 57.500    -9.15692  
 57.600    -9.16777  
 57.700    -9.17861  
 57.800    -9.18944  
 57.900    -9.20026  
 58.000    -9.21107  
 58.100    -9.22188  
 58.200    -9.23267  
 58.300    -9.24346  
 58.400    -9.25424  
 58.500    -9.26501  
 58.600    -9.27578  
 58.700    -9.28653  
 58.800    -9.29728  
 58.900    -9.30802  
 59.000    -9.31875  
 59.100    -9.32948  
 59.200    -9.34019  
 59.300    -9.35090  
 59.400    -9.36160  
 59.500    -9.37229  
 59.600    -9.38298  
 59.700    -9.39365  
 59.800    -9.40432  
 59.900    -9.41498  
 60.000    -9.42564  
 60.100    -9.43628  
 60.200    -9.44692  
 60.300    -9.45755  
 60.400    -9.46817  
 60.500    -9.47878  
 60.600    -9.48939  
 60.700    -9.49999  
 60.800    -9.51058  
 60.900    -9.52117  
 61.000    -9.53174  
 61.100    -9.54231  
 61.200    -9.55287  
 61.300    -9.56343  
 61.400    -9.57398  
 61.500    -9.58451  
 61.600    -9.59505  
 61.700    -9.60557  
 61.800    -9.61609  
 61.900    -9.62660  
 62.000    -9.63710  
 62.100    -9.64760  
 62.200    -9.65809  
 62.300    -9.66857  
 62.400    -9.67904  
 62.500    -9.68951  
 62.600    -9.69997  
 62.700    -9.71042  
 62.800    -9.72087  
 62.900    -9.73130  
 63.000    -9.74174  
 63.100    -9.75216  
 63.200    -9.76258  
 63.300    -9.77299  
 63.400    -9.78339  
 63.500    -9.79379  
 63.600    -9.80418  
 63.700    -9.81456  
 63.800    -9.82494  
 63.900    -9.83531  
 64.000    -9.84567  
 64.100    -9.85603  
 64.200    -9.86637  
 64.300    -9.87672  
 64.400    -9.88705  
 64.500    -9.89738  
 64.600    -9.90770  
 64.700    -9.91802  
 64.800    -9.92833  
 64.900    -9.93863  
 65.000    -9.94893  
 65.100    -9.95921  
 65.200    -9.96950  
 65.300    -9.97977  
 65.400    -9.99004  
 65.500   -10.00031  
 65.600   -10.01056  
 65.700   -10.02081  
 65.800   -10.03106  
 65.900   -10.04129  
 66.000   -10.05152  
 66.100   -10.06175  
 66.200   -10.07197  
 66.300   -10.08218  
 66.400   -10.09238  
 66.500   -10.10258  
 66.600   -10.11278  
 66.700   -10.12296  
 66.800   -10.13314  
 66.900   -10.14332  
 67.000   -10.15349  
 67.100   -10.16365  
 67.200   -10.17381  
 67.300   -10.18395  
 67.400   -10.19410  
 67.500   -10.20424  
 67.600   -10.21437  
 67.700   -10.22449  
 67.800   -10.23461  
 67.900   -10.24473  
 68.000   -10.25483  
 68.100   -10.26494  
 68.200   -10.27503  
 68.300   -10.28512  
 68.400   -10.29520  
 68.500   -10.30528  
 68.600   -10.31535  
 68.700   -10.32542  
 68.800   -10.33548  
 68.900   -10.34554  
 69.000   -10.35558  
 69.100   -10.36563  
 69.200   -10.37566  
 69.300   -10.38570  
 69.400   -10.39572  
 69.500   -10.40574  
 69.600   -10.41575  
 69.700   -10.42576  
 69.800   -10.43577  
 69.900   -10.44576  
 70.000   -10.45576  
 70.100   -10.46574  
 70.200   -10.47572  
 70.300   -10.48570  
 70.400   -10.49567  
 70.500   -10.50563  
 70.600   -10.51559  
 70.700   -10.52554  
 70.800   -10.53549  
 70.900   -10.54543  
 71.000   -10.55537  
 71.100   -10.56530  
 71.200   -10.57522  
 71.300   -10.58514  
 71.400   -10.59506  
 71.500   -10.60496  
 71.600   -10.61487  
 71.700   -10.62477  
 71.800   -10.63466  
 71.900   -10.64455  
 72.000   -10.65443  
 72.100   -10.66431  
 72.200   -10.67418  
 72.300   -10.68405  
 72.400   -10.69391  
 72.500   -10.70377  
 72.600   -10.71362  
 72.700   -10.72346  
 72.800   -10.73330  
 72.900   -10.74314  
 73.000   -10.75297  
 73.100   -10.76279  
 73.200   -10.77261  
 73.300   -10.78243  
 73.400   -10.79224  
 73.500   -10.80204  
 73.600   -10.81184  
 73.700   -10.82164  
 73.800   -10.83143  
 73.900   -10.84121  
 74.000   -10.85099  
 74.100   -10.86077  
 74.200   -10.87054  
 74.300   -10.88030  
 74.400   -10.89006  
 74.500   -10.89982  
 74.600   -10.90957  
 74.700   -10.91931  
 74.800   -10.92906  
 74.900   -10.93879  
 75.000   -10.94852  
 75.100   -10.95825  
 75.200   -10.96797  
 75.300   -10.97769  
 75.400   -10.98740  
 75.500   -10.99710  
 75.600   -11.00681  
 75.700   -11.01650  
 75.800   -11.02620  
 75.900   -11.03588  
 76.000   -11.04557  
 76.100   -11.05525  
 76.200   -11.06492  
 76.300   -11.07459  
 76.400   -11.08425  
 76.500   -11.09391  
 76.600   -11.10357  
 76.700   -11.11322  
 76.800   -11.12286  
 76.900   -11.13251  
 77.000   -11.14214  
 77.100   -11.15177  
 77.200   -11.16140  
 77.300   -11.17102  
 77.400   -11.18064  
 77.500   -11.19026  
 77.600   -11.19987  
 77.700   -11.20947  
 77.800   -11.21907  
 77.900   -11.22867  
 78.000   -11.23826  
 78.100   -11.24785  
 78.200   -11.25743  
 78.300   -11.26701  
 78.400   -11.27658  
 78.500   -11.28615  
 78.600   -11.29572  
 78.700   -11.30528  
 78.800   -11.31484  
 78.900   -11.32439  
 79.000   -11.33394  
 79.100   -11.34348  
 79.200   -11.35302  
 79.300   -11.36256  
 79.400   -11.37209  
 79.500   -11.38161  
 79.600   -11.39114  
 79.700   -11.40065  
 79.800   -11.41017  
 79.900   -11.41968  
 80.000   -11.42918  
 80.100   -11.43868  
 80.200   -11.44818  
 80.300   -11.45767  
 80.400   -11.46716  
 80.500   -11.47665  
 80.600   -11.48613  
 80.700   -11.49560  
 80.800   -11.50508  
 80.900   -11.51454  
 81.000   -11.52401  
 81.100   -11.53347  
 81.200   -11.54292  
 81.300   -11.55237  
 81.400   -11.56182  
 81.500   -11.57127  
 81.600   -11.58071  
 81.700   -11.59014  
 81.800   -11.59957  
 81.900   -11.60900  
 82.000   -11.61842  
 82.100   -11.62784  
 82.200   -11.63726  
 82.300   -11.64667  
 82.400   -11.65608  
 82.500   -11.66548  
 82.600   -11.67488  
 82.700   -11.68428  
 82.800   -11.69367  
 82.900   -11.70306  
 83.000   -11.71244  
 83.100   -11.72182  
 83.200   -11.73120  
 83.300   -11.74057  
 83.400   -11.74994  
 83.500   -11.75931  
 83.600   -11.76867  
 83.700   -11.77803  
 83.800   -11.78738  
 83.900   -11.79673  
 84.000   -11.80608  
 84.100   -11.81542  
 84.200   -11.82476  
 84.300   -11.83409  
 84.400   -11.84342  
 84.500   -11.85275  
 84.600   -11.86208  
 84.700   -11.87140  
 84.800   -11.88071  
 84.900   -11.89002  
 85.000   -11.89933  
 85.100   -11.90864  
 85.200   -11.91794  
 85.300   -11.92724  
 85.400   -11.93653  
 85.500   -11.94582  
 85.600   -11.95511  
 85.700   -11.96439  
 85.800   -11.97367  
 85.900   -11.98295  
 86.000   -11.99222  
 86.100   -12.00149  
 86.200   -12.01076  
 86.300   -12.02002  
 86.400   -12.02928  
 86.500   -12.03853  
 86.600   -12.04779  
 86.700   -12.05703  
 86.800   -12.06628  
 86.900   -12.07552  
 87.000   -12.08476  
 87.100   -12.09399  
 87.200   -12.10322  
 87.300   -12.11245  
 87.400   -12.12167  
 87.500   -12.13089  
 87.600   -12.14011  
 87.700   -12.14932  
 87.800   -12.15853  
 87.900   -12.16774  
 88.000   -12.17694  
 88.100   -12.18614  
 88.200   -12.19533  
 88.300   -12.20453  
 88.400   -12.21372  
 88.500   -12.22290  
 88.600   -12.23209  
 88.700   -12.24127  
 88.800   -12.25044  
 88.900   -12.25961  
 89.000   -12.26878  
 89.100   -12.27795  
 89.200   -12.28711  
 89.300   -12.29627  
 89.400   -12.30543  
 89.500   -12.31458  
 89.600   -12.32373  
 89.700   -12.33288  
 89.800   -12.34202  
 89.900   -12.35116  
 90.000   -12.36029  
 90.100   -12.36943  
 90.200   -12.37856  
 90.300   -12.38768  
 90.400   -12.39681  
 90.500   -12.40593  
 90.600   -12.41504  
 90.700   -12.42416  
 90.800   -12.43327  
 90.900   -12.44238  
 91.000   -12.45148  
 91.100   -12.46058  
 91.200   -12.46968  
 91.300   -12.47878  
 91.400   -12.48787  
 91.500   -12.49696  
 91.600   -12.50604  
 91.700   -12.51513  
 91.800   -12.52421  
 91.900   -12.53328  
 92.000   -12.54235  
 92.100   -12.55143  
 92.200   -12.56049  
 92.300   -12.56956  
 92.400   -12.57862  
 92.500   -12.58767  
 92.600   -12.59673  
 92.700   -12.60578  
 92.800   -12.61483  
 92.900   -12.62388  
 93.000   -12.63292  
 93.100   -12.64196  
 93.200   -12.65099  
 93.300   -12.66003  
 93.400   -12.66906  
 93.500   -12.67809  
 93.600   -12.68711  
 93.700   -12.69613  
 93.800   -12.70515  
 93.900   -12.71417  
 94.000   -12.72318  
 94.100   -12.73219  
 94.200   -12.74120  
 94.300   -12.75020  
 94.400   -12.75920  
 94.500   -12.76820  
 94.600   -12.77720  
 94.700   -12.78619  
 94.800   -12.79518  
 94.900   -12.80417  
 95.000   -12.81315  
 95.100   -12.82213  
 95.200   -12.83111  
 95.300   -12.84008  
 95.400   -12.84906  
 95.500   -12.85802  
 95.600   -12.86699  
 95.700   -12.87595  
 95.800   -12.88492  
 95.900   -12.89387  
 96.000   -12.90283  
 96.100   -12.91178  
 96.200   -12.92073  
 96.300   -12.92968  
 96.400   -12.93862  
 96.500   -12.94756  
 96.600   -12.95650  
 96.700   -12.96544  
 96.800   -12.97437  
 96.900   -12.98330  
 97.000   -12.99223  
 97.100   -13.00115  
 97.200   -13.01007  
 97.300   -13.01899  
 97.400   -13.02791  
 97.500   -13.03682  
 97.600   -13.04573  
 97.700   -13.05464  
 97.800   -13.06355  
 97.900   -13.07245  
 98.000   -13.08135  
 98.100   -13.09025  
 98.200   -13.09914  
 98.300   -13.10804  
 98.400   -13.11692  
 98.500   -13.12581  
 98.600   -13.13470  
 98.700   -13.14358  
 98.800   -13.15246  
 98.900   -13.16133  
 99.000   -13.17020  
 99.100   -13.17908  
 99.200   -13.18794  
 99.300   -13.19681  
 99.400   -13.20567  
 99.500   -13.21453  
 99.600   -13.22339  
 99.700   -13.23225  
 99.800   -13.24110  
 99.900   -13.24995  
100.000   -13.25879  
100.100   -13.26764  
100.200   -13.27648  
100.300   -13.28532  
100.400   -13.29416  
100.500   -13.30299  
100.600   -13.31183  
100.700   -13.32065  
100.800   -13.32948  
100.900   -13.33831  
101.000   -13.34713  
101.100   -13.35595  
101.200   -13.36476  
101.300   -13.37358  
101.400   -13.38239  
101.500   -13.39120  
101.600   -13.40001  
101.700   -13.40881  
101.800   -13.41761  
101.900   -13.42641  
102.000   -13.43521  
102.100   -13.44400  
102.200   -13.45279  
102.300   -13.46158  
102.400   -13.47037  
102.500   -13.47915  
102.600   -13.48794  
102.700   -13.49671  
102.800   -13.50549  
102.900   -13.51427  
103.000   -13.52304  
103.100   -13.53181  
103.200   -13.54058  
103.300   -13.54934  
103.400   -13.55810  
103.500   -13.56686  
103.600   -13.57562  
103.700   -13.58438  
103.800   -13.59313  
103.900   -13.60188  
104.000   -13.61063  
104.100   -13.61937  
104.200   -13.62812  
104.300   -13.63686  
104.400   -13.64560  
104.500   -13.65433  
104.600   -13.66307  
104.700   -13.67180  
104.800   -13.68053  
104.900   -13.68925  
105.000   -13.69798  
105.100   -13.70670  
105.200   -13.71542  
105.300   -13.72414  
105.400   -13.73285  
105.500   -13.74157  
105.600   -13.75028  
105.700   -13.75898  
105.800   -13.76769  
105.900   -13.77639  
106.000   -13.78510  
106.100   -13.79380  
106.200   -13.80249  
106.300   -13.81119  
106.400   -13.81988  
106.500   -13.82857  
106.600   -13.83726  
106.700   -13.84594  
106.800   -13.85462  
106.900   -13.86331  
107.000   -13.87198  
107.100   -13.88066  
107.200   -13.88933  
107.300   -13.89801  
107.400   -13.90668  
107.500   -13.91534  
107.600   -13.92401  
107.700   -13.93267  
107.800   -13.94133  
107.900   -13.94999  
108.000   -13.95865  
108.100   -13.96730  
108.200   -13.97595  
108.300   -13.98460  
108.400   -13.99325  
108.500   -14.00190  
108.600   -14.01054  
108.700   -14.01918  
108.800   -14.02782  
108.900   -14.03645  
109.000   -14.04509  
109.100   -14.05372  
109.200   -14.06235  
109.300   -14.07098  
109.400   -14.07961  
109.500   -14.08823  
109.600   -14.09685  
109.700   -14.10547  
109.800   -14.11409  
109.900   -14.12270  
110.000   -14.13131  
110.100   -14.13993  
110.200   -14.14853  
110.300   -14.15714  
110.400   -14.16575  
110.500   -14.17435  
110.600   -14.18295  
110.700   -14.19155  
110.800   -14.20014  
110.900   -14.20874  
111.000   -14.21733  
111.100   -14.22592  
111.200   -14.23450  
111.300   -14.24309  
111.400   -14.25167  
111.500   -14.26026  
111.600   -14.26883  
111.700   -14.27741  
111.800   -14.28599  
111.900   -14.29456  
112.000   -14.30313  
112.100   -14.31170  
112.200   -14.32027  
112.300   -14.32883  
112.400   -14.33739  
112.500   -14.34596  
112.600   -14.35451  
112.700   -14.36307  
112.800   -14.37163  
112.900   -14.38018  
113.000   -14.38873  
113.100   -14.39728  
113.200   -14.40582  
113.300   -14.41437  
113.400   -14.42291  
113.500   -14.43145  
113.600   -14.43999  
113.700   -14.44853  
113.800   -14.45706  
113.900   -14.46559  
114.000   -14.47412  
114.100   -14.48265  
114.200   -14.49118  
114.300   -14.49970  
114.400   -14.50823  
114.500   -14.51675  
114.600   -14.52527  
114.700   -14.53378  
114.800   -14.54230  
114.900   -14.55081  
115.000   -14.55932  
115.100   -14.56783  
115.200   -14.57634  
115.300   -14.58484  
115.400   -14.59334  
115.500   -14.60184  
115.600   -14.61034  
115.700   -14.61884  
115.800   -14.62734  
115.900   -14.63583  
116.000   -14.64432  
116.100   -14.65281  
116.200   -14.66130  
116.300   -14.66978  
116.400   -14.67827  
116.500   -14.68675  
116.600   -14.69523  
116.700   -14.70371  
116.800   -14.71218  
116.900   -14.72066  
117.000   -14.72913  
117.100   -14.73760  
117.200   -14.74607  
117.300   -14.75453  
117.400   -14.76300  
117.500   -14.77146  
117.600   -14.77992  
117.700   -14.78838  
117.800   -14.79684  
117.900   -14.80529  
118.000   -14.81374  
118.100   -14.82220  
118.200   -14.83065  
118.300   -14.83909  
118.400   -14.84754  
118.500   -14.85598  
118.600   -14.86443  
118.700   -14.87287  
118.800   -14.88130  
118.900   -14.88974  
119.000   -14.89818  
119.100   -14.90661  
119.200   -14.91504  
119.300   -14.92347  
119.400   -14.93190  
119.500   -14.94032  
119.600   -14.94874  
119.700   -14.95717  
119.800   -14.96559  
119.900   -14.97400  
120.000   -14.98242  
120.100   -14.99084  
120.200   -14.99925  
120.300   -15.00766  
120.400   -15.01607  
120.500   -15.02448  
120.600   -15.03288  
120.700   -15.04129  
120.800   -15.04969  
120.900   -15.05809  
121.000   -15.06649  
121.100   -15.07488  
121.200   -15.08328  
121.300   -15.09167  
121.400   -15.10006  
121.500   -15.10845  
121.600   -15.11684  
121.700   -15.12522  
121.800   -15.13361  
121.900   -15.14199  
122.000   -15.15037  
122.100   -15.15875  
122.200   -15.16713  
122.300   -15.17550  
122.400   -15.18388  
122.500   -15.19225  
122.600   -15.20062  
122.700   -15.20899  
122.800   -15.21735  
122.900   -15.22572  
123.000   -15.23408  
123.100   -15.24244  
123.200   -15.25080  
123.300   -15.25916  
123.400   -15.26751  
123.500   -15.27587  
123.600   -15.28422  
123.700   -15.29257  
123.800   -15.30092  
123.900   -15.30927  
124.000   -15.31761  
124.100   -15.32596  
124.200   -15.33430  
124.300   -15.34264  
124.400   -15.35098  
124.500   -15.35932  
124.600   -15.36765  
124.700   -15.37598  
124.800   -15.38432  
124.900   -15.39265  
125.000   -15.40097  
125.100   -15.40930  
125.200   -15.41763  
125.300   -15.42595  
125.400   -15.43427  
125.500   -15.44259  
125.600   -15.45091  
125.700   -15.45923  
125.800   -15.46754  
125.900   -15.47586  
126.000   -15.48417  
126.100   -15.49248  
126.200   -15.50079  
126.300   -15.50909  
126.400   -15.51740  
126.500   -15.52570  
126.600   -15.53400  
126.700   -15.54230  
126.800   -15.55060  
126.900   -15.55890  
127.000   -15.56719  
127.100   -15.57548  
127.200   -15.58378  
127.300   -15.59207  
127.400   -15.60035  
127.500   -15.60864  
127.600   -15.61693  
127.700   -15.62521  
127.800   -15.63349  
127.900   -15.64177  
128.000   -15.65005  
128.100   -15.65833  
128.200   -15.66660  
128.300   -15.67488  
128.400   -15.68315  
128.500   -15.69142  
128.600   -15.69969  
128.700   -15.70795  
128.800   -15.71622  
128.900   -15.72448  
129.000   -15.73274  
129.100   -15.74101  
129.200   -15.74926  
129.300   -15.75752  
129.400   -15.76578  
129.500   -15.77403  
129.600   -15.78228  
129.700   -15.79053  
129.800   -15.79878  
129.900   -15.80703  
130.000   -15.81528  
130.100   -15.82352  
130.200   -15.83177  
130.300   -15.84001  
130.400   -15.84825  
130.500   -15.85648  
130.600   -15.86472  
130.700   -15.87296  
130.800   -15.88119  
130.900   -15.88942  
131.000   -15.89765  
131.100   -15.90588  
131.200   -15.91411  
131.300   -15.92233  
131.400   -15.93056  
131.500   -15.93878  
131.600   -15.94700  
131.700   -15.95522  
131.800   -15.96344  
131.900   -15.97165  
132.000   -15.97987  
132.100   -15.98808  
132.200   -15.99629  
132.300   -16.00450  
132.400   -16.01271  
132.500   -16.02091  
132.600   -16.02912  
132.700   -16.03732  
132.800   -16.04552  
132.900   -16.05373  
133.000   -16.06192  
133.100   -16.07012  
133.200   -16.07832  
133.300   -16.08651  
133.400   -16.09470  
133.500   -16.10289  
133.600   -16.11108  
133.700   -16.11927  
133.800   -16.12746  
133.900   -16.13564  
134.000   -16.14383  
134.100   -16.15201  
134.200   -16.16019  
134.300   -16.16837  
134.400   -16.17655  
134.500   -16.18472  
134.600   -16.19290  
134.700   -16.20107  
134.800   -16.20924  
134.900   -16.21741  
135.000   -16.22558  
135.100   -16.23374  
135.200   -16.24191  
135.300   -16.25007  
135.400   -16.25823  
135.500   -16.26639  
135.600   -16.27455  
135.700   -16.28271  
135.800   -16.29087  
135.900   -16.29902  
136.000   -16.30717  
136.100   -16.31533  
136.200   -16.32348  
136.300   -16.33163  
136.400   -16.33977  
136.500   -16.34792  
136.600   -16.35606  
136.700   -16.36420  
136.800   -16.37235  
136.900   -16.38048  
137.000   -16.38862  
137.100   -16.39676  
137.200   -16.40489  
137.300   -16.41303  
137.400   -16.42116  
137.500   -16.42929  
137.600   -16.43742  
137.700   -16.44555  
137.800   -16.45367  
137.900   -16.46180  
138.000   -16.46992  
138.100   -16.47804  
138.200   -16.48616  
138.300   -16.49428  
138.400   -16.50240  
138.500   -16.51051  
138.600   -16.51863  
138.700   -16.52674  
138.800   -16.53485  
138.900   -16.54296  
139.000   -16.55107  
139.100   -16.55918  
139.200   -16.56728  
139.300   -16.57539  
139.400   -16.58349  
139.500   -16.59159  
139.600   -16.59969  
139.700   -16.60779  
139.800   -16.61589  
139.900   -16.62398  
140.000   -16.63208  
140.100   -16.64017  
140.200   -16.64826  
140.300   -16.65635  
140.400   -16.66444  
140.500   -16.67252  
140.600   -16.68061  
140.700   -16.68869  
140.800   -16.69678  
140.900   -16.70486  
141.000   -16.71294  
141.100   -16.72101  
141.200   -16.72909  
141.300   -16.73717  
141.400   -16.74524  
141.500   -16.75331  
141.600   -16.76138  
141.700   -16.76945  
141.800   -16.77752  
141.900   -16.78559  
142.000   -16.79365  
142.100   -16.80172  
142.200   -16.80978  
142.300   -16.81784  
142.400   -16.82590  
142.500   -16.83396  
142.600   -16.84201  
142.700   -16.85007  
142.800   -16.85812  
142.900   -16.86617  
143.000   -16.87422  
143.100   -16.88227  
143.200   -16.89032  
143.300   -16.89837  
143.400   -16.90641  
143.500   -16.91446  
143.600   -16.92250  
143.700   -16.93054  
143.800   -16.93858  
143.900   -16.94662  
144.000   -16.95466  
144.100   -16.96269  
144.200   -16.97073  
144.300   -16.97876  
144.400   -16.98679  
144.500   -16.99482  
144.600   -17.00285  
144.700   -17.01087  
144.800   -17.01890  
144.900   -17.02692  
145.000   -17.03495  
145.100   -17.04297  
145.200   -17.05099  
145.300   -17.05901  
145.400   -17.06702  
145.500   -17.07504  
145.600   -17.08305  
145.700   -17.09107  
145.800   -17.09908  
145.900   -17.10709  
146.000   -17.11510  
146.100   -17.12311  
146.200   -17.13111  
146.300   -17.13912  
146.400   -17.14712  
146.500   -17.15512  
146.600   -17.16312  
146.700   -17.17112  
146.800   -17.17912  
146.900   -17.18712  
147.000   -17.19511  
147.100   -17.20310  
147.200   -17.21110  
147.300   -17.21909  
147.400   -17.22708  
147.500   -17.23507  
147.600   -17.24305  
147.700   -17.25104  
147.800   -17.25902  
147.900   -17.26701  
148.000   -17.27499  
148.100   -17.28297  
148.200   -17.29095  
148.300   -17.29892  
148.400   -17.30690  
148.500   -17.31487  
148.600   -17.32285  
148.700   -17.33082  
148.800   -17.33879  
148.900   -17.34676  
149.000   -17.35473  
149.100   -17.36269  
149.200   -17.37066  
149.300   -17.37862  
149.400   -17.38658  
149.500   -17.39454  
149.600   -17.40250  
149.700   -17.41046  
149.800   -17.41842  
149.900   -17.42637  
150.000   -17.43433  
150.100   -17.44228  
150.200   -17.45023  
150.300   -17.45818  
150.400   -17.46613  
150.500   -17.47408  
150.600   -17.48203  
150.700   -17.48997  
150.800   -17.49791  
150.900   -17.50586  
151.000   -17.51380  
151.100   -17.52174  
151.200   -17.52967  
151.300   -17.53761  
151.400   -17.54555  
151.500   -17.55348  
151.600   -17.56141  
151.700   -17.56934  
151.800   -17.57727  
151.900   -17.58520  
152.000   -17.59313  
152.100   -17.60106  
152.200   -17.60898  
152.300   -17.61691  
152.400   -17.62483  
152.500   -17.63275  
152.600   -17.64067  
152.700   -17.64859  
152.800   -17.65650  
152.900   -17.66442  
153.000   -17.67233  
153.100   -17.68025  
153.200   -17.68816  
153.300   -17.69607  
153.400   -17.70398  
153.500   -17.71188  
153.600   -17.71979  
153.700   -17.72769  
153.800   -17.73560  
153.900   -17.74350  
154.000   -17.75140  
154.100   -17.75930  
154.200   -17.76720  
154.300   -17.77510  
154.400   -17.78299  
154.500   -17.79089  
154.600   -17.79878  
154.700   -17.80667  
154.800   -17.81456  
154.900   -17.82245  
155.000   -17.83034  
155.100   -17.83822  
155.200   -17.84611  
155.300   -17.85399  
155.400   -17.86188  
155.500   -17.86976  
155.600   -17.87764  
155.700   -17.88552  
155.800   -17.89339  
155.900   -17.90127  
156.000   -17.90914  
156.100   -17.91702  
156.200   -17.92489  
156.300   -17.93276  
156.400   -17.94063  
156.500   -17.94850  
156.600   -17.95636  
156.700   -17.96423  
156.800   -17.97209  
156.900   -17.97996  
157.000   -17.98782  
157.100   -17.99568  
157.200   -18.00354  
157.300   -18.01140  
157.400   -18.01925  
157.500   -18.02711  
157.600   -18.03496  
157.700   -18.04281  
157.800   -18.05067  
157.900   -18.05852  
158.000   -18.06636  
158.100   -18.07421  
158.200   -18.08206  
158.300   -18.08990  
158.400   -18.09775  
158.500   -18.10559  
158.600   -18.11343  
158.700   -18.12127  
158.800   -18.12911  
158.900   -18.13694  
159.000   -18.14478  
159.100   -18.15261  
159.200   -18.16045  
159.300   -18.16828  
159.400   -18.17611  
159.500   -18.18394  
159.600   -18.19177  
159.700   -18.19959  
159.800   -18.20742  
159.900   -18.21524  
160.000   -18.22307  
160.100   -18.23089  
160.200   -18.23871  
160.300   -18.24653  
160.400   -18.25435  
160.500   -18.26216  
160.600   -18.26998  
160.700   -18.27779  
160.800   -18.28560  
160.900   -18.29342  
161.000   -18.30123  
161.100   -18.30904  
161.200   -18.31684  
161.300   -18.32465  
161.400   -18.33245  
161.500   -18.34026  
161.600   -18.34806  
161.700   -18.35586  
161.800   -18.36366  
161.900   -18.37146  
162.000   -18.37926  
162.100   -18.38706  
162.200   -18.39485  
162.300   -18.40264  
162.400   -18.41044  
162.500   -18.41823  
162.600   -18.42602  
162.700   -18.43381  
162.800   -18.44159  
162.900   -18.44938  
163.000   -18.45716  
163.100   -18.46495  
163.200   -18.47273  
163.300   -18.48051  
163.400   -18.48829  
163.500   -18.49607  
163.600   -18.50385  
163.700   -18.51162  
163.800   -18.51940  
163.900   -18.52717  
164.000   -18.53494  
164.100   -18.54271  
164.200   -18.55048  
164.300   -18.55825  
164.400   -18.56602  
164.500   -18.57378  
164.600   -18.58155  
164.700   -18.58931  
164.800   -18.59707  
164.900   -18.60484  
165.000   -18.61259  
165.100   -18.62035  
165.200   -18.62811  
165.300   -18.63587  
165.400   -18.64362  
165.500   -18.65137  
165.600   -18.65913  
165.700   -18.66688  
165.800   -18.67463  
165.900   -18.68237  
166.000   -18.69012  
166.100   -18.69787  
166.200   -18.70561  
166.300   -18.71336  
166.400   -18.72110  
166.500   -18.72884  
166.600   -18.73658  
166.700   -18.74432  
166.800   -18.75205  
166.900   -18.75979  
167.000   -18.76752  
167.100   -18.77526  
167.200   -18.78299  
167.300   -18.79072  
167.400   -18.79845  
167.500   -18.80618  
167.600   -18.81391  
167.700   -18.82163  
167.800   -18.82936  
167.900   -18.83708  
168.000   -18.84480  
168.100   -18.85252  
168.200   -18.86024  
168.300   -18.86796  
168.400   -18.87568  
168.500   -18.88339  
168.600   -18.89111  
168.700   -18.89882  
168.800   -18.90653  
168.900   -18.91424  
169.000   -18.92195  
169.100   -18.92966  
169.200   -18.93737  
169.300   -18.94508  
169.400   -18.95278  
169.500   -18.96048  
169.600   -18.96819  
169.700   -18.97589  
169.800   -18.98359  
169.900   -18.99129  
170.000   -18.99898  
170.100   -19.00668  
170.200   -19.01437  
170.300   -19.02207  
170.400   -19.02976  
170.500   -19.03745  
170.600   -19.04514  
170.700   -19.05283  
170.800   -19.06052  
170.900   -19.06820  
171.000   -19.07589  
171.100   -19.08357  
171.200   -19.09125  
171.300   -19.09894  
171.400   -19.10662  
171.500   -19.11430  
171.600   -19.12197  
171.700   -19.12965  
171.800   -19.13732  
171.900   -19.14500  
172.000   -19.15267  
172.100   -19.16034  
172.200   -19.16801  
172.300   -19.17568  
172.400   -19.18335  
172.500   -19.19102  
172.600   -19.19868  
172.700   -19.20635  
172.800   -19.21401  
172.900   -19.22167  
173.000   -19.22933  
173.100   -19.23699  
173.200   -19.24465  
173.300   -19.25230  
173.400   -19.25996  
173.500   -19.26761  
173.600   -19.27527  
173.700   -19.28292  
173.800   -19.29057  
173.900   -19.29822  
174.000   -19.30587  
174.100   -19.31351  
174.200   -19.32116  
174.300   -19.32880  
174.400   -19.33645  
174.500   -19.34409  
174.600   -19.35173  
174.700   -19.35937  
174.800   -19.36701  
174.900   -19.37465  
175.000   -19.38228  
175.100   -19.38992  
175.200   -19.39755  
175.300   -19.40518  
175.400   -19.41281  
175.500   -19.42044  
175.600   -19.42807  
175.700   -19.43570  
175.800   -19.44333  
175.900   -19.45095  
176.000   -19.45857  
176.100   -19.46620  
176.200   -19.47382  
176.300   -19.48144  
176.400   -19.48906  
176.500   -19.49667  
176.600   -19.50429  
176.700   -19.51191  
176.800   -19.51952  
176.900   -19.52713  
177.000   -19.53475  
177.100   -19.54236  
177.200   -19.54996  
177.300   -19.55757  
177.400   -19.56518  
177.500   -19.57279  
177.600   -19.58039  
177.700   -19.58799  
177.800   -19.59559  
177.900   -19.60320  
178.000   -19.61079  
178.100   -19.61839  
178.200   -19.62599  
178.300   -19.63359  
178.400   -19.64118  
178.500   -19.64877  
178.600   -19.65637  
178.700   -19.66396  
178.800   -19.67155  
178.900   -19.67914  
179.000   -19.68672  
179.100   -19.69431  
179.200   -19.70189  
179.300   -19.70948  
179.400   -19.71706  
179.500   -19.72464  
179.600   -19.73222  
179.700   -19.73980  
179.800   -19.74738  
179.900   -19.75495  
180.000   -19.76253  
180.100   -19.77010  
180.200   -19.77768  
180.300   -19.78525  
180.400   -19.79282  
180.500   -19.80039  
180.600   -19.80796  
180.700   -19.81552  
180.800   -19.82309  
180.900   -19.83065  
181.000   -19.83822  
181.100   -19.84578  
181.200   -19.85334  
181.300   -19.86090  
181.400   -19.86846  
181.500   -19.87601  
181.600   -19.88357  
181.700   -19.89113  
181.800   -19.89868  
181.900   -19.90623  
182.000   -19.91378  
182.100   -19.92133  
182.200   -19.92888  
182.300   -19.93643  
182.400   -19.94398  
182.500   -19.95152  
182.600   -19.95906  
182.700   -19.96661  
182.800   -19.97415  
182.900   -19.98169  
183.000   -19.98923  
183.100   -19.99677  
183.200   -20.00430  
183.300   -20.01184  
183.400   -20.01937  
183.500   -20.02691  
183.600   -20.03444  
183.700   -20.04197  
183.800   -20.04950  
183.900   -20.05703  
184.000   -20.06455  
184.100   -20.07208  
184.200   -20.07960  
184.300   -20.08713  
184.400   -20.09465  
184.500   -20.10217  
184.600   -20.10969  
184.700   -20.11721  
184.800   -20.12473  
184.900   -20.13224  
185.000   -20.13976  
185.100   -20.14727  
185.200   -20.15479  
185.300   -20.16230  
185.400   -20.16981  
185.500   -20.17732  
185.600   -20.18483  
185.700   -20.19233  
185.800   -20.19984  
185.900   -20.20734  
186.000   -20.21484  
186.100   -20.22235  
186.200   -20.22985  
186.300   -20.23735  
186.400   -20.24485  
186.500   -20.25234  
186.600   -20.25984  
186.700   -20.26733  
186.800   -20.27483  
186.900   -20.28232  
187.000   -20.28981  
187.100   -20.29730  
187.200   -20.30479  
187.300   -20.31228  
187.400   -20.31976  
187.500   -20.32725  
187.600   -20.33473  
187.700   -20.34222  
187.800   -20.34970  
187.900   -20.35718  
188.000   -20.36466  
188.100   -20.37214  
188.200   -20.37961  
188.300   -20.38709  
188.400   -20.39456  
188.500   -20.40204  
188.600   -20.40951  
188.700   -20.41698  
188.800   -20.42445  
188.900   -20.43192  
189.000   -20.43938  
189.100   -20.44685  
189.200   -20.45432  
189.300   -20.46178  
189.400   -20.46924  
189.500   -20.47670  
189.600   -20.48416  
189.700   -20.49162  
189.800   -20.49908  
189.900   -20.50654  
190.000   -20.51399  
190.100   -20.52145  
190.200   -20.52890  
190.300   -20.53635  
190.400   -20.54380  
190.500   -20.55125  
190.600   -20.55870  
190.700   -20.56615  
190.800   -20.57359  
190.900   -20.58104  
191.000   -20.58848  
191.100   -20.59592  
191.200   -20.60336  
191.300   -20.61080  
191.400   -20.61824  
191.500   -20.62568  
191.600   -20.63312  
191.700   -20.64055  
191.800   -20.64798  
191.900   -20.65542  
192.000   -20.66285  
192.100   -20.67028  
192.200   -20.67771  
192.300   -20.68514  
192.400   -20.69256  
192.500   -20.69999  
192.600   -20.70741  
192.700   -20.71484  
192.800   -20.72226  
192.900   -20.72968  
193.000   -20.73710  
193.100   -20.74452  
193.200   -20.75194  
193.300   -20.75935  
193.400   -20.76677  
193.500   -20.77418  
193.600   -20.78159  
193.700   -20.78900  
193.800   -20.79641  
193.900   -20.80382  
194.000   -20.81123  
194.100   -20.81864  
194.200   -20.82604  
194.300   -20.83345  
194.400   -20.84085  
194.500   -20.84825  
194.600   -20.85565  
194.700   -20.86305  
194.800   -20.87045  
194.900   -20.87785  
195.000   -20.88524  
195.100   -20.89264  
195.200   -20.90003  
195.300   -20.90742  
195.400   -20.91482  
195.500   -20.92221  
195.600   -20.92959  
195.700   -20.93698  
195.800   -20.94437  
195.900   -20.95175  
196.000   -20.95914  
196.100   -20.96652  
196.200   -20.97390  
196.300   -20.98128  
196.400   -20.98866  
196.500   -20.99604  
196.600   -21.00342  
196.700   -21.01079  
196.800   -21.01817  
196.900   -21.02554  
197.000   -21.03291  
197.100   -21.04028  
197.200   -21.04765  
197.300   -21.05502  
197.400   -21.06239  
197.500   -21.06975  
197.600   -21.07712  
197.700   -21.08448  
197.800   -21.09185  
197.900   -21.09921  
198.000   -21.10657  
198.100   -21.11393  
198.200   -21.12128  
198.300   -21.12864  
198.400   -21.13600  
198.500   -21.14335  
198.600   -21.15070  
198.700   -21.15806  
198.800   -21.16541  
198.900   -21.17276  
199.000   -21.18011  
199.100   -21.18745  
199.200   -21.19480  
199.300   -21.20214  
199.400   -21.20949  
199.500   -21.21683  
199.600   -21.22417  
199.700   -21.23151  
199.800   -21.23885  
199.900   -21.24619  
200.000   -21.25352  
200.100   -21.26086  
200.200   -21.26819  
200.300   -21.27553  
200.400   -21.28286  
200.500   -21.29019  
200.600   -21.29752  
200.700   -21.30485  
200.800   -21.31217  
200.900   -21.31950  
201.000   -21.32682  
201.100   -21.33415  
201.200   -21.34147  
201.300   -21.34879  
201.400   -21.35611  
201.500   -21.36343  
201.600   -21.37075  
201.700   -21.37806  
201.800   -21.38538  
201.900   -21.39269  
202.000   -21.40001  
202.100   -21.40732  
202.200   -21.41463  
202.300   -21.42194  
202.400   -21.42925  
202.500   -21.43655  
202.600   -21.44386  
202.700   -21.45116  
202.800   -21.45847  
202.900   -21.46577  
203.000   -21.47307  
203.100   -21.48037  
203.200   -21.48767  
203.300   -21.49497  
203.400   -21.50226  
203.500   -21.50956  
203.600   -21.51685  
203.700   -21.52414  
203.800   -21.53144  
203.900   -21.53873  
204.000   -21.54602  
204.100   -21.55330  
204.200   -21.56059  
204.300   -21.56788  
204.400   -21.57516  
204.500   -21.58244  
204.600   -21.58973  
204.700   -21.59701  
204.800   -21.60429  
204.900   -21.61156  
205.000   -21.61884  
205.100   -21.62612  
205.200   -21.63339  
205.300   -21.64067  
205.400   -21.64794  
205.500   -21.65521  
205.600   -21.66248  
205.700   -21.66975  
205.800   -21.67702  
205.900   -21.68428  
206.000   -21.69155  
206.100   -21.69881  
206.200   -21.70608  
206.300   -21.71334  
206.400   -21.72060  
206.500   -21.72786  
206.600   -21.73512  
206.700   -21.74238  
206.800   -21.74963  
206.900   -21.75689  
207.000   -21.76414  
207.100   -21.77139  
207.200   -21.77864  
207.300   -21.78589  
207.400   -21.79314  
207.500   -21.80039  
207.600   -21.80764  
207.700   -21.81488  
207.800   -21.82213  
207.900   -21.82937  
208.000   -21.83661  
208.100   -21.84385  
208.200   -21.85109  
208.300   -21.85833  
208.400   -21.86557  
208.500   -21.87280  
208.600   -21.88004  
208.700   -21.88727  
208.800   -21.89450  
208.900   -21.90173  
209.000   -21.90896  
209.100   -21.91619  
209.200   -21.92342  
209.300   -21.93065  
209.400   -21.93787  
209.500   -21.94510  
209.600   -21.95232  
209.700   -21.95954  
209.800   -21.96676  
209.900   -21.97398  
210.000   -21.98120  
210.100   -21.98841  
210.200   -21.99563  
210.300   -22.00285  
210.400   -22.01006  
210.500   -22.01727  
210.600   -22.02448  
210.700   -22.03169  
210.800   -22.03890  
210.900   -22.04611  
211.000   -22.05331  
211.100   -22.06052  
211.200   -22.06772  
211.300   -22.07493  
211.400   -22.08213  
211.500   -22.08933  
211.600   -22.09653  
211.700   -22.10372  
211.800   -22.11092  
211.900   -22.11812  
212.000   -22.12531  
212.100   -22.13250  
212.200   -22.13970  
212.300   -22.14689  
212.400   -22.15408  
212.500   -22.16127  
212.600   -22.16845  
212.700   -22.17564  
212.800   -22.18282  
212.900   -22.19001  
213.000   -22.19719  
213.100   -22.20437  
213.200   -22.21155  
213.300   -22.21873  
213.400   -22.22591  
213.500   -22.23309  
213.600   -22.24026  
213.700   -22.24744  
213.800   -22.25461  
213.900   -22.26178  
214.000   -22.26895  
214.100   -22.27612  
214.200   -22.28329  
214.300   -22.29046  
214.400   -22.29762  
214.500   -22.30479  
214.600   -22.31195  
214.700   -22.31911  
214.800   -22.32627  
214.900   -22.33343  
215.000   -22.34059  
215.100   -22.34775  
215.200   -22.35491  
215.300   -22.36206  
215.400   -22.36922  
215.500   -22.37637  
215.600   -22.38352  
215.700   -22.39067  
215.800   -22.39782  
215.900   -22.40497  
216.000   -22.41212  
216.100   -22.41926  
216.200   -22.42641  
216.300   -22.43355  
216.400   -22.44069  
216.500   -22.44783  
216.600   -22.45497  
216.700   -22.46211  
216.800   -22.46925  
216.900   -22.47639  
217.000   -22.48352  
217.100   -22.49066  
217.200   -22.49779  
217.300   -22.50492  
217.400   -22.51205  
217.500   -22.51918  
217.600   -22.52631  
217.700   -22.53343  
217.800   -22.54056  
217.900   -22.54768  
218.000   -22.55481  
218.100   -22.56193  
218.200   -22.56905  
218.300   -22.57617  
218.400   -22.58329  
218.500   -22.59041  
218.600   -22.59752  
218.700   -22.60464  
218.800   -22.61175  
218.900   -22.61886  
219.000   -22.62598  
219.100   -22.63309  
219.200   -22.64019  
219.300   -22.64730  
219.400   -22.65441  
219.500   -22.66151  
219.600   -22.66862  
219.700   -22.67572  
219.800   -22.68282  
219.900   -22.68992  
220.000   -22.69702  
220.100   -22.70412  
220.200   -22.71122  
220.300   -22.71832  
220.400   -22.72541  
220.500   -22.73250  
220.600   -22.73960  
220.700   -22.74669  
220.800   -22.75378  
220.900   -22.76087  
221.000   -22.76795  
221.100   -22.77504  
221.200   -22.78213  
221.300   -22.78921  
221.400   -22.79629  
221.500   -22.80337  
221.600   -22.81045  
221.700   -22.81753  
221.800   -22.82461  
221.900   -22.83169  
222.000   -22.83876  
222.100   -22.84584  
222.200   -22.85291  
222.300   -22.85999  
222.400   -22.86706  
222.500   -22.87413  
222.600   -22.88119  
222.700   -22.88826  
222.800   -22.89533  
222.900   -22.90239  
223.000   -22.90946  
223.100   -22.91652  
223.200   -22.92358  
223.300   -22.93064  
223.400   -22.93770  
223.500   -22.94476  
223.600   -22.95182  
223.700   -22.95887  
223.800   -22.96592  
223.900   -22.97298  
224.000   -22.98003  
224.100   -22.98708  
224.200   -22.99413  
224.300   -23.00118  
224.400   -23.00823  
224.500   -23.01527  
224.600   -23.02232  
224.700   -23.02936  
224.800   -23.03640  
224.900   -23.04344  
225.000   -23.05048  
225.100   -23.05752  
225.200   -23.06456  
225.300   -23.07160  
225.400   -23.07863  
225.500   -23.08567  
225.600   -23.09270  
225.700   -23.09973  
225.800   -23.10676  
225.900   -23.11379  
226.000   -23.12082  
226.100   -23.12785  
226.200   -23.13487  
226.300   -23.14190  
226.400   -23.14892  
226.500   -23.15594  
226.600   -23.16296  
226.700   -23.16998  
226.800   -23.17700  
226.900   -23.18402  
227.000   -23.19103  
227.100   -23.19805  
227.200   -23.20506  
227.300   -23.21208  
227.400   -23.21909  
227.500   -23.22610  
227.600   -23.23311  
227.700   -23.24011  
227.800   -23.24712  
227.900   -23.25413  
228.000   -23.26113  
228.100   -23.26813  
228.200   -23.27514  
228.300   -23.28214  
228.400   -23.28914  
228.500   -23.29613  
228.600   -23.30313  
228.700   -23.31013  
228.800   -23.31712  
228.900   -23.32412  
229.000   -23.33111  
229.100   -23.33810  
229.200   -23.34509  
229.300   -23.35208  
229.400   -23.35907  
229.500   -23.36605  
229.600   -23.37304  
229.700   -23.38002  
229.800   -23.38700  
229.900   -23.39399  
230.000   -23.40097  
230.100   -23.40795  
230.200   -23.41492  
230.300   -23.42190  
230.400   -23.42888  
230.500   -23.43585  
230.600   -23.44282  
230.700   -23.44980  
230.800   -23.45677  
230.900   -23.46374  
231.000   -23.47070  
231.100   -23.47767  
231.200   -23.48464  
231.300   -23.49160  
231.400   -23.49857  
231.500   -23.50553  
231.600   -23.51249  
231.700   -23.51945  
231.800   -23.52641  
231.900   -23.53337  
232.000   -23.54032  
232.100   -23.54728  
232.200   -23.55423  
232.300   -23.56119  
232.400   -23.56814  
232.500   -23.57509  
232.600   -23.58204  
232.700   -23.58899  
232.800   -23.59593  
232.900   -23.60288  
233.000   -23.60982  
233.100   -23.61677  
233.200   -23.62371  
233.300   -23.63065  
233.400   -23.63759  
233.500   -23.64453  
233.600   -23.65146  
233.700   -23.65840  
233.800   -23.66534  
233.900   -23.67227  
234.000   -23.67920  
234.100   -23.68613  
234.200   -23.69306  
234.300   -23.69999  
234.400   -23.70692  
234.500   -23.71385  
234.600   -23.72077  
234.700   -23.72770  
234.800   -23.73462  
234.900   -23.74154  
235.000   -23.74846  
235.100   -23.75538  
235.200   -23.76230  
235.300   -23.76922  
235.400   -23.77613  
235.500   -23.78305  
235.600   -23.78996  
235.700   -23.79687  
235.800   -23.80378  
235.900   -23.81069  
236.000   -23.81760  
236.100   -23.82451  
236.200   -23.83142  
236.300   -23.83832  
236.400   -23.84522  
236.500   -23.85213  
236.600   -23.85903  
236.700   -23.86593  
236.800   -23.87283  
236.900   -23.87973  
237.000   -23.88662  
237.100   -23.89352  
237.200   -23.90041  
237.300   -23.90730  
237.400   -23.91420  
237.500   -23.92109  
237.600   -23.92798  
237.700   -23.93486  
237.800   -23.94175  
237.900   -23.94864  
238.000   -23.95552  
238.100   -23.96241  
238.200   -23.96929  
238.300   -23.97617  
238.400   -23.98305  
238.500   -23.98993  
238.600   -23.99680  
238.700   -24.00368  
238.800   -24.01056  
238.900   -24.01743  
239.000   -24.02430  
239.100   -24.03117  
239.200   -24.03804  
239.300   -24.04491  
239.400   -24.05178  
239.500   -24.05865  
239.600   -24.06551  
239.700   -24.07238  
239.800   -24.07924  
239.900   -24.08610  
240.000   -24.09296  
240.100   -24.09982  
240.200   -24.10668  
240.300   -24.11354  
240.400   -24.12039  
240.500   -24.12725  
240.600   -24.13410  
240.700   -24.14095  
240.800   -24.14780  
240.900   -24.15465  
241.000   -24.16150  
241.100   -24.16835  
241.200   -24.17520  
241.300   -24.18204  
241.400   -24.18888  
241.500   -24.19573  
241.600   -24.20257  
241.700   -24.20941  
241.800   -24.21625  
241.900   -24.22308  
242.000   -24.22992  
242.100   -24.23676  
242.200   -24.24359  
242.300   -24.25042  
242.400   -24.25725  
242.500   -24.26409  
242.600   -24.27091  
242.700   -24.27774  
242.800   -24.28457  
242.900   -24.29140  
243.000   -24.29822  
243.100   -24.30504  
243.200   -24.31187  
243.300   -24.31869  
243.400   -24.32551  
243.500   -24.33232  
243.600   -24.33914  
243.700   -24.34596  
243.800   -24.35277  
243.900   -24.35959  
244.000   -24.36640  
244.100   -24.37321  
244.200   -24.38002  
244.300   -24.38683  
244.400   -24.39364  
244.500   -24.40044  
244.600   -24.40725  
244.700   -24.41405  
244.800   -24.42085  
244.900   -24.42766  
245.000   -24.43446  
245.100   -24.44126  
245.200   -24.44805  
245.300   -24.45485  
245.400   -24.46165  
245.500   -24.46844  
245.600   -24.47523  
245.700   -24.48202  
245.800   -24.48882  
245.900   -24.49560  
246.000   -24.50239  
246.100   -24.50918  
246.200   -24.51597  
246.300   -24.52275  
246.400   -24.52953  
246.500   -24.53632  
246.600   -24.54310  
246.700   -24.54988  
246.800   -24.55666  
246.900   -24.56343  
247.000   -24.57021  
247.100   -24.57698  
247.200   -24.58376  
247.300   -24.59053  
247.400   -24.59730  
247.500   -24.60407  
247.600   -24.61084  
247.700   -24.61761  
247.800   -24.62438  
247.900   -24.63114  
248.000   -24.63790  
248.100   -24.64467  
248.200   -24.65143  
248.300   -24.65819  
248.400   -24.66495  
248.500   -24.67171  
248.600   -24.67846  
248.700   -24.68522  
248.800   -24.69197  
248.900   -24.69873  
249.000   -24.70548  
249.100   -24.71223  
249.200   -24.71898  
249.300   -24.72573  
249.400   -24.73247  
249.500   -24.73922  
249.600   -24.74597  
249.700   -24.75271  
249.800   -24.75945  
249.900   -24.76619  
250.000   -24.77293  
250.100   -24.77967  
250.200   -24.78641  
250.300   -24.79314  
250.400   -24.79988  
250.500   -24.80661  
250.600   -24.81335  
250.700   -24.82008  
250.800   -24.82681  
250.900   -24.83354  
251.000   -24.84026  
251.100   -24.84699  
251.200   -24.85372  
251.300   -24.86044  
251.400   -24.86716  
251.500   -24.87388  
251.600   -24.88060  
251.700   -24.88732  
251.800   -24.89404  
251.900   -24.90076  
252.000   -24.90747  
252.100   -24.91419  
252.200   -24.92090  
252.300   -24.92761  
252.400   -24.93432  
252.500   -24.94103  
252.600   -24.94774  
252.700   -24.95445  
252.800   -24.96116  
252.900   -24.96786  
253.000   -24.97456  
253.100   -24.98127  
253.200   -24.98797  
253.300   -24.99467  
253.400   -25.00137  
253.500   -25.00806  
253.600   -25.01476  
253.700   -25.02145  
253.800   -25.02815  
253.900   -25.03484  
254.000   -25.04153  
254.100   -25.04822  
254.200   -25.05491  
254.300   -25.06160  
254.400   -25.06828  
254.500   -25.07497  
254.600   -25.08165  
254.700   -25.08834  
254.800   -25.09502  
254.900   -25.10170  
255.000   -25.10838  
255.100   -25.11505  
255.200   -25.12173  
255.300   -25.12841  
255.400   -25.13508  
255.500   -25.14175  
255.600   -25.14843  
255.700   -25.15510  
255.800   -25.16177  
255.900   -25.16843  
256.000   -25.17510  
256.100   -25.18177  
256.200   -25.18843  
256.300   -25.19509  
256.400   -25.20176  
256.500   -25.20842  
256.600   -25.21508  
256.700   -25.22174  
256.800   -25.22839  
256.900   -25.23505  
257.000   -25.24170  
257.100   -25.24836  
257.200   -25.25501  
257.300   -25.26166  
257.400   -25.26831  
257.500   -25.27496  
257.600   -25.28161  
257.700   -25.28825  
257.800   -25.29490  
257.900   -25.30154  
258.000   -25.30818  
258.100   -25.31483  
258.200   -25.32147  
258.300   -25.32810  
258.400   -25.33474  
258.500   -25.34138  
258.600   -25.34801  
258.700   -25.35465  
258.800   -25.36128  
258.900   -25.36791  
259.000   -25.37454  
259.100   -25.38117  
259.200   -25.38780  
259.300   -25.39443  
259.400   -25.40105  
259.500   -25.40768  
259.600   -25.41430  
259.700   -25.42092  
259.800   -25.42754  
259.900   -25.43416  
260.000   -25.44078  
260.100   -25.44740  
260.200   -25.45401  
260.300   -25.46063  
260.400   -25.46724  
260.500   -25.47385  
260.600   -25.48046  
260.700   -25.48707  
260.800   -25.49368  
260.900   -25.50029  
261.000   -25.50689  
261.100   -25.51350  
261.200   -25.52010  
261.300   -25.52670  
261.400   -25.53330  
261.500   -25.53990  
261.600   -25.54650  
261.700   -25.55310  
261.800   -25.55970  
261.900   -25.56629  
262.000   -25.57288  
262.100   -25.57948  
262.200   -25.58607  
262.300   -25.59266  
262.400   -25.59925  
262.500   -25.60583  
262.600   -25.61242  
262.700   -25.61901  
262.800   -25.62559  
262.900   -25.63217  
263.000   -25.63875  
263.100   -25.64533  
263.200   -25.65191  
263.300   -25.65849  
263.400   -25.66507  
263.500   -25.67164  
263.600   -25.67822  
263.700   -25.68479  
263.800   -25.69136  
263.900   -25.69793  
264.000   -25.70450  
264.100   -25.71107  
264.200   -25.71763  
264.300   -25.72420  
264.400   -25.73076  
264.500   -25.73733  
264.600   -25.74389  
264.700   -25.75045  
264.800   -25.75701  
264.900   -25.76357  
265.000   -25.77012  
265.100   -25.77668  
265.200   -25.78323  
265.300   -25.78979  
265.400   -25.79634  
265.500   -25.80289  
265.600   -25.80944  
265.700   -25.81599  
265.800   -25.82253  
265.900   -25.82908  
266.000   -25.83562  
266.100   -25.84217  
266.200   -25.84871  
266.300   -25.85525  
266.400   -25.86179  
266.500   -25.86833  
266.600   -25.87486  
266.700   -25.88140  
266.800   -25.88794  
266.900   -25.89447  
267.000   -25.90100  
267.100   -25.90753  
267.200   -25.91406  
267.300   -25.92059  
267.400   -25.92712  
267.500   -25.93364  
267.600   -25.94017  
267.700   -25.94669  
267.800   -25.95321  
267.900   -25.95974  
268.000   -25.96626  
268.100   -25.97277  
268.200   -25.97929  
268.300   -25.98581  
268.400   -25.99232  
268.500   -25.99884  
268.600   -26.00535  
268.700   -26.01186  
268.800   -26.01837  
268.900   -26.02488  
269.000   -26.03139  
269.100   -26.03789  
269.200   -26.04440  
269.300   -26.05090  
269.400   -26.05740  
269.500   -26.06391  
269.600   -26.07041  
269.700   -26.07691  
269.800   -26.08340  
269.900   -26.08990  
270.000   -26.09639  
270.100   -26.10289  
270.200   -26.10938  
270.300   -26.11587  
270.400   -26.12236  
270.500   -26.12885  
270.600   -26.13534  
270.700   -26.14183  
270.800   -26.14831  
270.900   -26.15480  
271.000   -26.16128  
271.100   -26.16776  
271.200   -26.17424  
271.300   -26.18072  
271.400   -26.18720  
271.500   -26.19368  
271.600   -26.20015  
271.700   -26.20663  
271.800   -26.21310  
271.900   -26.21957  
272.000   -26.22604  
272.100   -26.23251  
272.200   -26.23898  
272.300   -26.24545  
272.400   -26.25191  
272.500   -26.25837  
272.600   -26.26484  
272.700   -26.27130  
272.800   -26.27776  
272.900   -26.28422  
273.000   -26.29068  
273.100   -26.29714  
273.200   -26.30359  
273.300   -26.31005  
273.400   -26.31650  
273.500   -26.32295  
273.600   -26.32940  
273.700   -26.33585  
273.800   -26.34230  
273.900   -26.34875  
274.000   -26.35519  
274.100   -26.36164  
274.200   -26.36808  
274.300   -26.37452  
274.400   -26.38096  
274.500   -26.38740  
274.600   -26.39384  
274.700   -26.40028  
274.800   -26.40671  
274.900   -26.41315  
275.000   -26.41958  
275.100   -26.42601  
275.200   -26.43245  
275.300   -26.43887  
275.400   -26.44530  
275.500   -26.45173  
275.600   -26.45816  
275.700   -26.46458  
275.800   -26.47100  
275.900   -26.47743  
276.000   -26.48385  
276.100   -26.49027  
276.200   -26.49669  
276.300   -26.50310  
276.400   -26.50952  
276.500   -26.51593  
276.600   -26.52235  
276.700   -26.52876  
276.800   -26.53517  
276.900   -26.54158  
277.000   -26.54799  
277.100   -26.55440  
277.200   -26.56080  
277.300   -26.56721  
277.400   -26.57361  
277.500   -26.58001  
277.600   -26.58642  
277.700   -26.59282  
277.800   -26.59921  
277.900   -26.60561  
278.000   -26.61201  
278.100   -26.61840  
278.200   -26.62480  
278.300   -26.63119  
278.400   -26.63758  
278.500   -26.64397  
278.600   -26.65036  
278.700   -26.65675  
278.800   -26.66313  
278.900   -26.66952  
279.000   -26.67590  
279.100   -26.68228  
279.200   -26.68866  
279.300   -26.69504  
279.400   -26.70142  
279.500   -26.70780  
279.600   -26.71418  
279.700   -26.72055  
279.800   -26.72693  
279.900   -26.73330  
280.000   -26.73967  
280.100   -26.74604  
280.200   -26.75241  
280.300   -26.75878  
280.400   -26.76514  
280.500   -26.77151  
280.600   -26.77787  
280.700   -26.78423  
280.800   -26.79060  
280.900   -26.79696  
281.000   -26.80331  
281.100   -26.80967  
281.200   -26.81603  
281.300   -26.82238  
281.400   -26.82874  
281.500   -26.83509  
281.600   -26.84144  
281.700   -26.84779  
281.800   -26.85414  
281.900   -26.86049  
282.000   -26.86683  
282.100   -26.87318  
282.200   -26.87952  
282.300   -26.88587  
282.400   -26.89221  
282.500   -26.89855  
282.600   -26.90489  
282.700   -26.91122  
282.800   -26.91756  
282.900   -26.92390  
283.000   -26.93023  
283.100   -26.93656  
283.200   -26.94289  
283.300   -26.94922  
283.400   -26.95555  
283.500   -26.96188  
283.600   -26.96821  
283.700   -26.97453  
283.800   -26.98086  
283.900   -26.98718  
284.000   -26.99350  
284.100   -26.99982  
284.200   -27.00614  
284.300   -27.01246  
284.400   -27.01877  
284.500   -27.02509  
284.600   -27.03140  
284.700   -27.03771  
284.800   -27.04403  
284.900   -27.05034  
285.000   -27.05665  
285.100   -27.06295  
285.200   -27.06926  
285.300   -27.07556  
285.400   -27.08187  
285.500   -27.08817  
285.600   -27.09447  
285.700   -27.10077  
285.800   -27.10707  
285.900   -27.11337  
286.000   -27.11967  
286.100   -27.12596  
286.200   -27.13225  
286.300   -27.13855  
286.400   -27.14484  
286.500   -27.15113  
286.600   -27.15742  
286.700   -27.16370  
286.800   -27.16999  
286.900   -27.17628  
287.000   -27.18256  
287.100   -27.18884  
287.200   -27.19512  
287.300   -27.20140  
287.400   -27.20768  
287.500   -27.21396  
287.600   -27.22024  
287.700   -27.22651  
287.800   -27.23279  
287.900   -27.23906  
288.000   -27.24533  
288.100   -27.25160  
288.200   -27.25787  
288.300   -27.26414  
288.400   -27.27040  
288.500   -27.27667  
288.600   -27.28293  
288.700   -27.28919  
288.800   -27.29546  
288.900   -27.30172  
289.000   -27.30797  
289.100   -27.31423  
289.200   -27.32049  
289.300   -27.32674  
289.400   -27.33300  
289.500   -27.33925  
289.600   -27.34550  
289.700   -27.35175  
289.800   -27.35800  
289.900   -27.36425  
290.000   -27.37049  
290.100   -27.37674  
290.200   -27.38298  
290.300   -27.38922  
290.400   -27.39547  
290.500   -27.40171  
290.600   -27.40794  
290.700   -27.41418  
290.800   -27.42042  
290.900   -27.42665  
291.000   -27.43289  
291.100   -27.43912  
291.200   -27.44535  
291.300   -27.45158  
291.400   -27.45781  
291.500   -27.46404  
291.600   -27.47026  
291.700   -27.47649  
291.800   -27.48271  
291.900   -27.48893  
292.000   -27.49515  
292.100   -27.50137  
292.200   -27.50759  
292.300   -27.51381  
292.400   -27.52003  
292.500   -27.52624  
292.600   -27.53245  
292.700   -27.53867  
292.800   -27.54488  
292.900   -27.55109  
293.000   -27.55730  
293.100   -27.56350  
293.200   -27.56971  
293.300   -27.57591  
293.400   -27.58212  
293.500   -27.58832  
293.600   -27.59452  
293.700   -27.60072  
293.800   -27.60692  
293.900   -27.61312  
294.000   -27.61931  
294.100   -27.62551  
294.200   -27.63170  
294.300   -27.63789  
294.400   -27.64408  
294.500   -27.65027  
294.600   -27.65646  
294.700   -27.66265  
294.800   -27.66883  
294.900   -27.67502  
295.000   -27.68120  
295.100   -27.68738  
295.200   -27.69356  
295.300   -27.69974  
295.400   -27.70592  
295.500   -27.71210  
295.600   -27.71827  
295.700   -27.72445  
295.800   -27.73062  
295.900   -27.73679  
296.000   -27.74296  
296.100   -27.74913  
296.200   -27.75530  
296.300   -27.76147  
296.400   -27.76763  
296.500   -27.77380  
296.600   -27.77996  
296.700   -27.78612  
296.800   -27.79228  
296.900   -27.79844  
297.000   -27.80460  
297.100   -27.81076  
297.200   -27.81691  
297.300   -27.82307  
297.400   -27.82922  
297.500   -27.83537  
297.600   -27.84152  
297.700   -27.84767  
297.800   -27.85382  
297.900   -27.85997  
298.000   -27.86611  
298.100   -27.87226  
298.200   -27.87840  
298.300   -27.88454  
298.400   -27.89068  
298.500   -27.89682  
298.600   -27.90296  
298.700   -27.90909  
298.800   -27.91523  
298.900   -27.92136  
299.000   -27.92750  
299.100   -27.93363  
299.200   -27.93976  
299.300   -27.94589  
299.400   -27.95201  
299.500   -27.95814  
299.600   -27.96427  
299.700   -27.97039  
299.800   -27.97651  
299.900   -27.98263  
300.000   -27.98875  
300.100   -27.99487  
300.200   -28.00099  
300.300   -28.00711  
300.400   -28.01322  
300.500   -28.01934  
300.600   -28.02545  
300.700   -28.03156  
300.800   -28.03767  
300.900   -28.04378  
301.000   -28.04988  
301.100   -28.05599  
301.200   -28.06210  
301.300   -28.06820  
301.400   -28.07430  
301.500   -28.08040  
301.600   -28.08650  
301.700   -28.09260  
301.800   -28.09870  
301.900   -28.10479  
302.000   -28.11089  
302.100   -28.11698  
302.200   -28.12307  
302.300   -28.12917  
302.400   -28.13525  
302.500   -28.14134  
302.600   -28.14743  
302.700   -28.15352  
302.800   -28.15960  
302.900   -28.16568  
303.000   -28.17177  
303.100   -28.17785  
303.200   -28.18393  
303.300   -28.19000  
303.400   -28.19608  
303.500   -28.20216  
303.600   -28.20823  
303.700   -28.21430  
303.800   -28.22038  
303.900   -28.22645  
304.000   -28.23252  
304.100   -28.23858  
304.200   -28.24465  
304.300   -28.25072  
304.400   -28.25678  
304.500   -28.26284  
304.600   -28.26890  
304.700   -28.27496  
304.800   -28.28102  
304.900   -28.28708  
305.000   -28.29314  
305.100   -28.29919  
305.200   -28.30525  
305.300   -28.31130  
305.400   -28.31735  
305.500   -28.32340  
305.600   -28.32945  
305.700   -28.33550  
305.800   -28.34154  
305.900   -28.34759  
306.000   -28.35363  
306.100   -28.35968  
306.200   -28.36572  
306.300   -28.37176  
306.400   -28.37780  
306.500   -28.38383  
306.600   -28.38987  
306.700   -28.39590  
306.800   -28.40194  
306.900   -28.40797  
307.000   -28.41400  
307.100   -28.42003  
307.200   -28.42606  
307.300   -28.43209  
307.400   -28.43811  
307.500   -28.44414  
307.600   -28.45016  
307.700   -28.45618  
307.800   -28.46220  
307.900   -28.46822  
308.000   -28.47424  
308.100   -28.48026  
308.200   -28.48627  
308.300   -28.49229  
308.400   -28.49830  
308.500   -28.50431  
308.600   -28.51032  
308.700   -28.51633  
308.800   -28.52234  
308.900   -28.52835  
309.000   -28.53435  
309.100   -28.54036  
309.200   -28.54636  
309.300   -28.55236  
309.400   -28.55836  
309.500   -28.56436  
309.600   -28.57036  
309.700   -28.57636  
309.800   -28.58235  
309.900   -28.58835  
310.000   -28.59434  
310.100   -28.60033  
310.200   -28.60632  
310.300   -28.61231  
310.400   -28.61830  
310.500   -28.62428  
310.600   -28.63027  
310.700   -28.63625  
310.800   -28.64224  
310.900   -28.64822  
311.000   -28.65420  
311.100   -28.66018  
311.200   -28.66615  
311.300   -28.67213  
311.400   -28.67810  
311.500   -28.68408  
311.600   -28.69005  
311.700   -28.69602  
311.800   -28.70199  
311.900   -28.70796  
312.000   -28.71393  
312.100   -28.71989  
312.200   -28.72586  
312.300   -28.73182  
312.400   -28.73778  
312.500   -28.74374  
312.600   -28.74970  
312.700   -28.75566  
312.800   -28.76162  
312.900   -28.76757  
313.000   -28.77353  
313.100   -28.77948  
313.200   -28.78543  
313.300   -28.79138  
313.400   -28.79733  
313.500   -28.80328  
313.600   -28.80923  
313.700   -28.81517  
313.800   -28.82112  
313.900   -28.82706  
314.000   -28.83300  
314.100   -28.83894  
314.200   -28.84488  
314.300   -28.85082  
314.400   -28.85676  
314.500   -28.86269  
314.600   -28.86862  
314.700   -28.87456  
314.800   -28.88049  
314.900   -28.88642  
315.000   -28.89235  
315.100   -28.89827  
315.200   -28.90420  
315.300   -28.91013  
315.400   -28.91605  
315.500   -28.92197  
315.600   -28.92789  
315.700   -28.93381  
315.800   -28.93973  
315.900   -28.94565  
316.000   -28.95156  
316.100   -28.95748  
316.200   -28.96339  
316.300   -28.96930  
316.400   -28.97521  
316.500   -28.98112  
316.600   -28.98703  
316.700   -28.99294  
316.800   -28.99884  
316.900   -29.00475  
317.000   -29.01065  
317.100   -29.01655  
317.200   -29.02245  
317.300   -29.02835  
317.400   -29.03425  
317.500   -29.04015  
317.600   -29.04604  
317.700   -29.05194  
317.800   -29.05783  
317.900   -29.06372  
318.000   -29.06961  
318.100   -29.07550  
318.200   -29.08139  
318.300   -29.08727  
318.400   -29.09316  
318.500   -29.09904  
318.600   -29.10493  
318.700   -29.11081  
318.800   -29.11669  
318.900   -29.12256  
319.000   -29.12844  
319.100   -29.13432  
319.200   -29.14019  
319.300   -29.14607  
319.400   -29.15194  
319.500   -29.15781  
319.600   -29.16368  
319.700   -29.16955  
319.800   -29.17541  
319.900   -29.18128  
320.000   -29.18714  
320.100   -29.19301  
320.200   -29.19887  
320.300   -29.20473  
320.400   -29.21059  
320.500   -29.21645  
320.600   -29.22230  
320.700   -29.22816  
320.800   -29.23401  
320.900   -29.23987  
321.000   -29.24572  
321.100   -29.25157  
321.200   -29.25742  
321.300   -29.26326  
321.400   -29.26911  
321.500   -29.27496  
321.600   -29.28080  
321.700   -29.28664  
321.800   -29.29248  
321.900   -29.29832  
322.000   -29.30416  
322.100   -29.31000  
322.200   -29.31583  
322.300   -29.32167  
322.400   -29.32750  
322.500   -29.33334  
322.600   -29.33917  
322.700   -29.34500  
322.800   -29.35082  
322.900   -29.35665  
323.000   -29.36248  
323.100   -29.36830  
323.200   -29.37412  
323.300   -29.37995  
323.400   -29.38577  
323.500   -29.39159  
323.600   -29.39740  
323.700   -29.40322  
323.800   -29.40904  
323.900   -29.41485  
324.000   -29.42066  
324.100   -29.42647  
324.200   -29.43228  
324.300   -29.43809  
324.400   -29.44390  
324.500   -29.44971  
324.600   -29.45551  
324.700   -29.46132  
324.800   -29.46712  
324.900   -29.47292  
325.000   -29.47872  
325.100   -29.48452  
325.200   -29.49031  
325.300   -29.49611  
325.400   -29.50191  
325.500   -29.50770  
325.600   -29.51349  
325.700   -29.51928  
325.800   -29.52507  
325.900   -29.53086  
326.000   -29.53665  
326.100   -29.54243  
326.200   -29.54822  
326.300   -29.55400  
326.400   -29.55978  
326.500   -29.56556  
326.600   -29.57134  
326.700   -29.57712  
326.800   -29.58289  
326.900   -29.58867  
327.000   -29.59444  
327.100   -29.60022  
327.200   -29.60599  
327.300   -29.61176  
327.400   -29.61753  
327.500   -29.62329  
327.600   -29.62906  
327.700   -29.63483  
327.800   -29.64059  
327.900   -29.64635  
328.000   -29.65211  
328.100   -29.65787  
328.200   -29.66363  
328.300   -29.66939  
328.400   -29.67514  
328.500   -29.68090  
328.600   -29.68665  
328.700   -29.69240  
328.800   -29.69815  
328.900   -29.70390  
329.000   -29.70965  
329.100   -29.71540  
329.200   -29.72114  
329.300   -29.72689  
329.400   -29.73263  
329.500   -29.73837  
329.600   -29.74411  
329.700   -29.74985  
329.800   -29.75559  
329.900   -29.76132  
330.000   -29.76706  
330.100   -29.77279  
330.200   -29.77853  
330.300   -29.78426  
330.400   -29.78999  
330.500   -29.79571  
330.600   -29.80144  
330.700   -29.80717  
330.800   -29.81289  
330.900   -29.81862  
331.000   -29.82434  
331.100   -29.83006  
331.200   -29.83578  
331.300   -29.84150  
331.400   -29.84721  
331.500   -29.85293  
331.600   -29.85864  
331.700   -29.86436  
331.800   -29.87007  
331.900   -29.87578  
332.000   -29.88149  
332.100   -29.88719  
332.200   -29.89290  
332.300   -29.89861  
332.400   -29.90431  
332.500   -29.91001  
332.600   -29.91571  
332.700   -29.92141  
332.800   -29.92711  
332.900   -29.93281  
333.000   -29.93850  
333.100   -29.94420  
333.200   -29.94989  
333.300   -29.95558  
333.400   -29.96128  
333.500   -29.96696  
333.600   -29.97265  
333.700   -29.97834  
333.800   -29.98403  
333.900   -29.98971  
334.000   -29.99539  
334.100   -30.00107  
334.200   -30.00675  
334.300   -30.01243  
334.400   -30.01811  
334.500   -30.02379  
334.600   -30.02946  
334.700   -30.03514  
334.800   -30.04081  
334.900   -30.04648  
335.000   -30.05215  
335.100   -30.05782  
335.200   -30.06349  
335.300   -30.06915  
335.400   -30.07482  
335.500   -30.08048  
335.600   -30.08614  
335.700   -30.09180  
335.800   -30.09746  
335.900   -30.10312  
336.000   -30.10878  
336.100   -30.11443  
336.200   -30.12009  
336.300   -30.12574  
336.400   -30.13139  
336.500   -30.13704  
336.600   -30.14269  
336.700   -30.14834  
336.800   -30.15398  
336.900   -30.15963  
337.000   -30.16527  
337.100   -30.17092  
337.200   -30.17656  
337.300   -30.18220  
337.400   -30.18784  
337.500   -30.19347  
337.600   -30.19911  
337.700   -30.20474  
337.800   -30.21038  
337.900   -30.21601  
338.000   -30.22164  
338.100   -30.22727  
338.200   -30.23290  
338.300   -30.23852  
338.400   -30.24415  
338.500   -30.24977  
338.600   -30.25540  
338.700   -30.26102  
338.800   -30.26664  
338.900   -30.27226  
339.000   -30.27787  
339.100   -30.28349  
339.200   -30.28911  
339.300   -30.29472  
339.400   -30.30033  
339.500   -30.30594  
339.600   -30.31155  
339.700   -30.31716  
339.800   -30.32277  
339.900   -30.32837  
340.000   -30.33398  
340.100   -30.33958  
340.200   -30.34518  
340.300   -30.35078  
340.400   -30.35638  
340.500   -30.36198  
340.600   -30.36758  
340.700   -30.37317  
340.800   -30.37877  
340.900   -30.38436  
341.000   -30.38995  
341.100   -30.39554  
341.200   -30.40113  
341.300   -30.40672  
341.400   -30.41230  
341.500   -30.41789  
341.600   -30.42347  
341.700   -30.42906  
341.800   -30.43464  
341.900   -30.44022  
342.000   -30.44579  
342.100   -30.45137  
342.200   -30.45695  
342.300   -30.46252  
342.400   -30.46809  
342.500   -30.47367  
342.600   -30.47924  
342.700   -30.48481  
342.800   -30.49037  
342.900   -30.49594  
343.000   -30.50151  
343.100   -30.50707  
343.200   -30.51263  
343.300   -30.51819  
343.400   -30.52375  
343.500   -30.52931  
343.600   -30.53487  
343.700   -30.54042  
343.800   -30.54598  
343.900   -30.55153  
344.000   -30.55708  
344.100   -30.56264  
344.200   -30.56819  
344.300   -30.57373  
344.400   -30.57928  
344.500   -30.58483  
344.600   -30.59037  
344.700   -30.59591  
344.800   -30.60145  
344.900   -30.60699  
345.000   -30.61253  
345.100   -30.61807  
345.200   -30.62361  
345.300   -30.62914  
345.400   -30.63468  
345.500   -30.64021  
345.600   -30.64574  
345.700   -30.65127  
345.800   -30.65680  
345.900   -30.66232  
346.000   -30.66785  
346.100   -30.67337  
346.200   -30.67890  
346.300   -30.68442  
346.400   -30.68994  
346.500   -30.69546  
346.600   -30.70098  
346.700   -30.70649  
346.800   -30.71201  
346.900   -30.71752  
347.000   -30.72303  
347.100   -30.72855  
347.200   -30.73406  
347.300   -30.73956  
347.400   -30.74507  
347.500   -30.75058  
347.600   -30.75608  
347.700   -30.76159  
347.800   -30.76709  
347.900   -30.77259  
348.000   -30.77809  
348.100   -30.78359  
348.200   -30.78908  
348.300   -30.79458  
348.400   -30.80007  
348.500   -30.80557  
348.600   -30.81106  
348.700   -30.81655  
348.800   -30.82204  
348.900   -30.82752  
349.000   -30.83301  
349.100   -30.83849  
349.200   -30.84398  
349.300   -30.84946  
349.400   -30.85494  
349.500   -30.86042  
349.600   -30.86590  
349.700   -30.87138  
349.800   -30.87685  
349.900   -30.88233  
350.000   -30.88780  