0.000     0.00000  
  0.100    38.43515  
  0.200    47.26689  
  0.300    52.00691  
  0.400    55.02278  
  0.500    57.11883  
  0.600    58.65747  
  0.700    59.82950  
  0.800    60.74616  
  0.900    61.47716  
  1.000    62.06863  
  1.100    62.55245  
  1.200    62.95140  
  1.300    63.28222  
  1.400    63.55753  
  1.500    63.78702  
  1.600    63.97825  
  1.700    64.13724  
  1.800    64.26882  
  1.900    64.37691  
  2.000    64.46476  
  2.100    64.53503  
  2.200    64.58997  
  2.300    64.63148  
  2.400    64.66116  
  2.500    64.68038  
  2.600    64.69032  
  2.700    64.69200  
  2.800    64.68630  
  2.900    64.67400  
  3.000    64.65578  
  3.100    64.63222  
  3.200    64.60386  
  3.300    64.57115  
  3.400    64.53452  
  3.500    64.49433  
  3.600    64.45090  
  3.700    64.40454  
  3.800    64.35551  
  3.900    64.30406  
  4.000    64.25038  
  4.100    64.19469  
  4.200    64.13715  
  4.300    64.07792  
  4.400    64.01716  
  4.500    63.95500  
  4.600    63.89155  
  4.700    63.82693  
  4.800    63.76124  
  4.900    63.69457  
  5.000    63.62701  
  5.100    63.55864  
  5.200    63.48953  
  5.300    63.41974  
  5.400    63.34933  
  5.500    63.27837  
  5.600    63.20690  
  5.700    63.13498  
  5.800    63.06265  
  5.900    62.98995  
  6.000    62.91691  
  6.100    62.84358  
  6.200    62.76999  
  6.300    62.69616  
  6.400    62.62213  
  6.500    62.54793  
  6.600    62.47357  
  6.700    62.39908  
  6.800    62.32449  
  6.900    62.24980  
  7.000    62.17505  
  7.100    62.10025  
  7.200    62.02541  
  7.300    61.95055  
  7.400    61.87568  
  7.500    61.80081  
  7.600    61.72597  
  7.700    61.65116  
  7.800    61.57639  
  7.900    61.50167  
  8.000    61.42700  
  8.100    61.35241  
  8.200    61.27790  
  8.300    61.20347  
  8.400    61.12913  
  8.500    61.05489  
  8.600    60.98075  
  8.700    60.90673  
  8.800    60.83282  
  8.900    60.75903  
  9.000    60.68537  
  9.100    60.61183  
  9.200    60.53843  
  9.300    60.46517  
  9.400    60.39205  
  9.500    60.31907  
  9.600    60.24624  
  9.700    60.17356  
  9.800    60.10103  
  9.900    60.02866  
 10.000    59.95644  
 10.100    59.88439  
 10.200    59.81250  
 10.300    59.74076  
 10.400    59.66920  
 10.500    59.59780  
 10.600    59.52656  
 10.700    59.45549  
 10.800    59.38459  
 10.900    59.31387  
 11.000    59.24331  
 11.100    59.17292  
 11.200    59.10271  
 11.300    59.03268  
 11.400    58.96281  
 11.500    58.89312  
 11.600    58.82361  
 11.700    58.75427  
 11.800    58.68510  
 11.900    58.61611  
 12.000    58.54729  
 12.100    58.47865  
 12.200    58.41019  
 12.300    58.34190  
 12.400    58.27378  
 12.500    58.20584  
 12.600    58.13808  
 12.700    58.07049  
 12.800    58.00307  
 12.900    57.93583  
 13.000    57.86877  
 13.100    57.80187  
 13.200    57.73515  
 13.300    57.66860  
 13.400    57.60223  
 13.500    57.53602  
 13.600    57.46999  
 13.700    57.40413  
 13.800    57.33844  
 13.900    57.27292  
 14.000    57.20757  
 14.100    57.14239  
 14.200    57.07737  
 14.300    57.01253  
 14.400    56.94785  
 14.500    56.88333  
 14.600    56.81899  
 14.700    56.75481  
 14.800    56.69079  
 14.900    56.62694  
 15.000    56.56325  
 15.100    56.49972  
 15.200    56.43635  
 15.300    56.37315  
 15.400    56.31011  
 15.500    56.24723  
 15.600    56.18450  
 15.700    56.12194  
 15.800    56.05953  
 15.900    55.99728  
 16.000    55.93519  
 16.100    55.87325  
 16.200    55.81147  
 16.300    55.74984  
 16.400    55.68837  
 16.500    55.62705  
 16.600    55.56588  
 16.700    55.50487  
 16.800    55.44400  
 16.900    55.38329  
 17.000    55.32272  
 17.100    55.26230  
 17.200    55.20203  
 17.300    55.14191  
 17.400    55.08194  
 17.500    55.02211  
 17.600    54.96243  
 17.700    54.90289  
 17.800    54.84349  
 17.900    54.78424  
 18.000    54.72513  
 18.100    54.66616  
 18.200    54.60734  
 18.300    54.54865  
 18.400    54.49010  
 18.500    54.43170  
 18.600    54.37343  
 18.700    54.31530  
 18.800    54.25730  
 18.900    54.19944  
 19.000    54.14172  
 19.100    54.08413  
 19.200    54.02668  
 19.300    53.96936  
 19.400    53.91217  
 19.500    53.85512  
 19.600    53.79820  
 19.700    53.74141  
 19.800    53.68474  
 19.900    53.62821  
 20.000    53.57181  
 20.100    53.51554  
 20.200    53.45939  
 20.300    53.40337  
 20.400    53.34748  
 20.500    53.29171  
 20.600    53.23607  
 20.700    53.18055  
 20.800    53.12516  
 20.900    53.06989  
 21.000    53.01474  
 21.100    52.95972  
 21.200    52.90482  
 21.300    52.85003  
 21.400    52.79537  
 21.500    52.74083  
 21.600    52.68641  
 21.700    52.63211  
 21.800    52.57792  
 21.900    52.52385  
 22.000    52.46990  
 22.100    52.41607  
 22.200    52.36235  
 22.300    52.30875  
 22.400    52.25526  
 22.500    52.20188  
 22.600    52.14862  
 22.700    52.09547  
 22.800    52.04244  
 22.900    51.98951  
 23.000    51.93670  
 23.100    51.88400  
 23.200    51.83141  
 23.300    51.77893  
 23.400    51.72656  
 23.500    51.67430  
 23.600    51.62214  
 23.700    51.57010  
 23.800    51.51816  
 23.900    51.46632  
 24.000    51.41460  
 24.100    51.36298  
 24.200    51.31146  
 24.300    51.26005  
 24.400    51.20874  
 24.500    51.15754  
 24.600    51.10644  
 24.700    51.05545  
 24.800    51.00455  
 24.900    50.95376  
 25.000    50.90307  
 25.100    50.85248  
 25.200    50.80199  
 25.300    50.75160  
 25.400    50.70131  
 25.500    50.65112  
 25.600    50.60103  
 25.700    50.55103  
 25.800    50.50114  
 25.900    50.45134  
 26.000    50.40164  
 26.100    50.35203  
 26.200    50.30252  
 26.300    50.25311  
 26.400    50.20379  
 26.500    50.15456  
 26.600    50.10543  
 26.700    50.05640  
 26.800    50.00745  
 26.900    49.95861  
 27.000    49.90985  
 27.100    49.86118  
 27.200    49.81261  
 27.300    49.76413  
 27.400    49.71574  
 27.500    49.66744  
 27.600    49.61923  
 27.700    49.57111  
 27.800    49.52308  
 27.900    49.47513  
 28.000    49.42728  
 28.100    49.37952  
 28.200    49.33184  
 28.300    49.28425  
 28.400    49.23675  
 28.500    49.18933  
 28.600    49.14200  
 28.700    49.09476  
 28.800    49.04760  
 28.900    49.00053  
 29.000    48.95354  
 29.100    48.90664  
 29.200    48.85982  
 29.300    48.81308  
 29.400    48.76643  
 29.500    48.71986  
 29.600    48.67338  
 29.700    48.62697  
 29.800    48.58065  
 29.900    48.53441  
 30.000    48.48825  
 30.100    48.44218  
 30.200    48.39618  
 30.300    48.35026  
 30.400    48.30443  
 30.500    48.25867  
 30.600    48.21299  
 30.700    48.16740  
 30.800    48.12188  
 30.900    48.07644  
 31.000    48.03107  
 31.100    47.98579  
 31.200    47.94058  
 31.300    47.89545  
 31.400    47.85040  
 31.500    47.80542  
 31.600    47.76052  
 31.700    47.71570  
 31.800    47.67095  
 31.900    47.62627  
 32.000    47.58168  
 32.100    47.53715  
 32.200    47.49270  
 32.300    47.44833  
 32.400    47.40403  
 32.500    47.35980  
 32.600    47.31564  
 32.700    47.27156  
 32.800    47.22755  
 32.900    47.18362  
 33.000    47.13975  
 33.100    47.09596  
 33.200    47.05224  
 33.300    47.00859  
 33.400    46.96501  
 33.500    46.92150  
 33.600    46.87806  
 33.700    46.83470  
 33.800    46.79140  
 33.900    46.74817  
 34.000    46.70501  
 34.100    46.66192  
 34.200    46.61890  
 34.300    46.57595  
 34.400    46.53307  
 34.500    46.49025  
 34.600    46.44750  
 34.700    46.40482  
 34.800    46.36221  
 34.900    46.31967  
 35.000    46.27719  
 35.100    46.23478  
 35.200    46.19243  
 35.300    46.15015  
 35.400    46.10794  
 35.500    46.06579  
 35.600    46.02371  
 35.700    45.98169  
 35.800    45.93974  
 35.900    45.89785  
 36.000    45.85602  
 36.100    45.81426  
 36.200    45.77257  
 36.300    45.73094  
 36.400    45.68937  
 36.500    45.64786  
 36.600    45.60642  
 36.700    45.56504  
 36.800    45.52372  
 36.900    45.48247  
 37.000    45.44127  
 37.100    45.40014  
 37.200    45.35908  
 37.300    45.31807  
 37.400    45.27712  
 37.500    45.23624  
 37.600    45.19541  
 37.700    45.15465  
 37.800    45.11394  
 37.900    45.07330  
 38.000    45.03272  
 38.100    44.99219  
 38.200    44.95173  
 38.300    44.91132  
 38.400    44.87098  
 38.500    44.83069  
 38.600    44.79046  
 38.700    44.75029  
 38.800    44.71018  
 38.900    44.67013  
 39.000    44.63013  
 39.100    44.59020  
 39.200    44.55031  
 39.300    44.51049  
 39.400    44.47073  
 39.500    44.43102  
 39.600    44.39136  
 39.700    44.35177  
 39.800    44.31223  
 39.900    44.27275  
 40.000    44.23332  
 40.100    44.19395  
 40.200    44.15463  
 40.300    44.11537  
 40.400    44.07617  
 40.500    44.03702  
 40.600    43.99792  
 40.700    43.95888  
 40.800    43.91989  
 40.900    43.88096  
 41.000    43.84208  
 41.100    43.80326  
 41.200    43.76449  
 41.300    43.72577  
 41.400    43.68711  
 41.500    43.64850  
 41.600    43.60994  
 41.700    43.57144  
 41.800    43.53299  
 41.900    43.49459  
 42.000    43.45624  
 42.100    43.41795  
 42.200    43.37971  
 42.300    43.34152  
 42.400    43.30338  
 42.500    43.26529  
 42.600    43.22725  
 42.700    43.18927  
 42.800    43.15134  
 42.900    43.11345  
 43.000    43.07562  
 43.100    43.03784  
 43.200    43.00011  
 43.300    42.96243  
 43.400    42.92480  
 43.500    42.88722  
 43.600    42.84969  
 43.700    42.81221  
 43.800    42.77477  
 43.900    42.73739  
 44.000    42.70006  
 44.100    42.66277  
 44.200    42.62554  
 44.300    42.58835  
 44.400    42.55121  
 44.500    42.51412  
 44.600    42.47708  
 44.700    42.44008  
 44.800    42.40314  
 44.900    42.36624  
 45.000    42.32939  
 45.100    42.29259  
 45.200    42.25583  
 45.300    42.21912  
 45.400    42.18246  
 45.500    42.14585  
 45.600    42.10928  
 45.700    42.07276  
 45.800    42.03628  
 45.900    41.99986  
 46.000    41.96347  
 46.100    41.92714  
 46.200    41.89085  
 46.300    41.85460  
 46.400    41.81840  
 46.500    41.78225  
 46.600    41.74614  
 46.700    41.71008  
 46.800    41.67406  
 46.900    41.63809  
 47.000    41.60216  
 47.100    41.56628  
 47.200    41.53044  
 47.300    41.49465  
 47.400    41.45890  
 47.500    41.42319  
 47.600    41.38753  
 47.700    41.35191  
 47.800    41.31634  
 47.900    41.28081  
 48.000    41.24532  
 48.100    41.20988  
 48.200    41.17448  
 48.300    41.13912  
 48.400    41.10381  
 48.500    41.06854  
 48.600    41.03331  
 48.700    40.99813  
 48.800    40.96298  
 48.900    40.92788  
 49.000    40.89283  
 49.100    40.85781  
 49.200    40.82284  
 49.300    40.78790  
 49.400    40.75301  
 49.500    40.71817  
 49.600    40.68336  
 49.700    40.64859  
 49.800    40.61387  
 49.900    40.57919  
 50.000    40.54454  
 50.100    40.50994  
 50.200    40.47538  
 50.300    40.44087  
 50.400    40.40639  
 50.500    40.37195  
 50.600    40.33755  
 50.700    40.30320  
 50.800    40.26888  
 50.900    40.23460  
 51.000    40.20036  
 51.100    40.16617  
 51.200    40.13201  
 51.300    40.09789  
 51.400    40.06381  
 51.500    40.02978  
 51.600    39.99578  
 51.700    39.96182  
 51.800    39.92790  
 51.900    39.89401  
 52.000    39.86017  
 52.100    39.82637  
 52.200    39.79260  
 52.300    39.75887  
 52.400    39.72518  
 52.500    39.69153  
 52.600    39.65792  
 52.700    39.62435  
 52.800    39.59081  
 52.900    39.55731  
 53.000    39.52385  
 53.100    39.49043  
 53.200    39.45705  
 53.300    39.42370  
 53.400    39.39039  
 53.500    39.35712  
 53.600    39.32388  
 53.700    39.29068  
 53.800    39.25752  
 53.900    39.22440  
 54.000    39.19131  
 54.100    39.15826  
 54.200    39.12525  
 54.300    39.09227  
 54.400    39.05933  
 54.500    39.02642  
 54.600    38.99356  
 54.700    38.96072  
 54.800    38.92793  
 54.900    38.89517  
 55.000    38.86244  
 55.100    38.82976  
 55.200    38.79710  
 55.300    38.76449  
 55.400    38.73190  
 55.500    38.69936  
 55.600    38.66685  
 55.700    38.63437  
 55.800    38.60193  
 55.900    38.56953  
 56.000    38.53716  
 56.100    38.50482  
 56.200    38.47252  
 56.300    38.44025  
 56.400    38.40802  
 56.500    38.37583  
 56.600    38.34366  
 56.700    38.31153  
 56.800    38.27944  
 56.900    38.24738  
 57.000    38.21535  
 57.100    38.18336  
 57.200    38.15141  
 57.300    38.11948  
 57.400    38.08759  
 57.500    38.05574  
 57.600    38.02391  
 57.700    37.99212  
 57.800    37.96037  
 57.900    37.92864  
 58.000    37.89695  
 58.100    37.86530  
 58.200    37.83368  
 58.300    37.80209  
 58.400    37.77053  
 58.500    37.73900  
 58.600    37.70751  
 58.700    37.67605  
 58.800    37.64463  
 58.900    37.61323  
 59.000    37.58187  
 59.100    37.55054  
 59.200    37.51924  
 59.300    37.48798  
 59.400    37.45674  
 59.500    37.42554  
 59.600    37.39437  
 59.700    37.36324  
 59.800    37.33213  
 59.900    37.30106  
 60.000    37.27002  
 60.100    37.23901  
 60.200    37.20803  
 60.300    37.17708  
 60.400    37.14616  
 60.500    37.11528  
 60.600    37.08442  
 60.700    37.05360  
 60.800    37.02281  
 60.900    36.99205  
 61.000    36.96132  
 61.100    36.93062  
 61.200    36.89995  
 61.300    36.86931  
 61.400    36.83871  
 61.500    36.80813  
 61.600    36.77758  
 61.700    36.74707  
 61.800    36.71658  
 61.900    36.68613  
 62.000    36.65570  
 62.100    36.62531  
 62.200    36.59494  
 62.300    36.56461  
 62.400    36.53430  
 62.500    36.50403  
 62.600    36.47378  
 62.700    36.44356  
 62.800    36.41338  
 62.900    36.38322  
 63.000    36.35309  
 63.100    36.32299  
 63.200    36.29293  
 63.300    36.26289  
 63.400    36.23288  
 63.500    36.20289  
 63.600    36.17294  
 63.700    36.14302  
 63.800    36.11312  
 63.900    36.08326  
 64.000    36.05342  
 64.100    36.02361  
 64.200    35.99383  
 64.300    35.96408  
 64.400    35.93436  
 64.500    35.90466  
 64.600    35.87500  
 64.700    35.84536  
 64.800    35.81575  
 64.900    35.78617  
 65.000    35.75662  
 65.100    35.72709  
 65.200    35.69760  
 65.300    35.66813  
 65.400    35.63869  
 65.500    35.60927  
 65.600    35.57989  
 65.700    35.55053  
 65.800    35.52120  
 65.900    35.49190  
 66.000    35.46262  
 66.100    35.43337  
 66.200    35.40415  
 66.300    35.37496  
 66.400    35.34579  
 66.500    35.31665  
 66.600    35.28754  
 66.700    35.25846  
 66.800    35.22940  
 66.900    35.20037  
 67.000    35.17136  
 67.100    35.14239  
 67.200    35.11344  
 67.300    35.08451  
 67.400    35.05561  
 67.500    35.02674  
 67.600    34.99790  
 67.700    34.96908  
 67.800    34.94029  
 67.900    34.91153  
 68.000    34.88279  
 68.100    34.85408  
 68.200    34.82539  
 68.300    34.79673  
 68.400    34.76810  
 68.500    34.73949  
 68.600    34.71090  
 68.700    34.68235  
 68.800    34.65382  
 68.900    34.62531  
 69.000    34.59683  
 69.100    34.56838  
 69.200    34.53995  
 69.300    34.51155  
 69.400    34.48317  
 69.500    34.45482  
 69.600    34.42650  
 69.700    34.39820  
 69.800    34.36992  
 69.900    34.34167  
 70.000    34.31345  
 70.100    34.28525  
 70.200    34.25707  
 70.300    34.22892  
 70.400    34.20080  
 70.500    34.17270  
 70.600    34.14462  
 70.700    34.11657  
 70.800    34.08855  
 70.900    34.06055  
 71.000    34.03257  
 71.100    34.00462  
 71.200    33.97669  
 71.300    33.94879  
 71.400    33.92091  
 71.500    33.89305  
 71.600    33.86522  
 71.700    33.83742  
 71.800    33.80964  
 71.900    33.78188  
 72.000    33.75415  
 72.100    33.72644  
 72.200    33.69875  
 72.300    33.67109  
 72.400    33.64346  
 72.500    33.61584  
 72.600    33.58825  
 72.700    33.56069  
 72.800    33.53315  
 72.900    33.50563  
 73.000    33.47813  
 73.100    33.45066  
 73.200    33.42322  
 73.300    33.39579  
 73.400    33.36839  
 73.500    33.34101  
 73.600    33.31366  
 73.700    33.28633  
 73.800    33.25902  
 73.900    33.23174  
 74.000    33.20448  
 74.100    33.17724  
 74.200    33.15002  
 74.300    33.12283  
 74.400    33.09566  
 74.500    33.06852  
 74.600    33.04139  
 74.700    33.01429  
 74.800    32.98721  
 74.900    32.96016  
 75.000    32.93312  
 75.100    32.90612  
 75.200    32.87913  
 75.300    32.85216  
 75.400    32.82522  
 75.500    32.79830  
 75.600    32.77140  
 75.700    32.74453  
 75.800    32.71767  
 75.900    32.69084  
 76.000    32.66404  
 76.100    32.63725  
 76.200    32.61048  
 76.300    32.58374  
 76.400    32.55702  
 76.500    32.53032  
 76.600    32.50365  
 76.700    32.47699  
 76.800    32.45036  
 76.900    32.42375  
 77.000    32.39716  
 77.100    32.37059  
 77.200    32.34405  
 77.300    32.31752  
 77.400    32.29102  
 77.500    32.26454  
 77.600    32.23808  
 77.700    32.21164  
 77.800    32.18523  
 77.900    32.15883  
 78.000    32.13246  
 78.100    32.10611  
 78.200    32.07978  
 78.300    32.05347  
 78.400    32.02718  
 78.500    32.00091  
 78.600    31.97466  
 78.700    31.94844  
 78.800    31.92223  
 78.900    31.89605  
 79.000    31.86989  
 79.100    31.84374  
 79.200    31.81762  
 79.300    31.79152  
 79.400    31.76544  
 79.500    31.73938  
 79.600    31.71335  
 79.700    31.68733  
 79.800    31.66133  
 79.900    31.63535  
 80.000    31.60940  
 80.100    31.58346  
 80.200    31.55755  
 80.300    31.53165  
 80.400    31.50578  
 80.500    31.47993  
 80.600    31.45409  
 80.700    31.42828  
 80.800    31.40249  
 80.900    31.37671  
 81.000    31.35096  
 81.100    31.32523  
 81.200    31.29951  
 81.300    31.27382  
 81.400    31.24815  
 81.500    31.22250  
 81.600    31.19686  
 81.700    31.17125  
 81.800    31.14566  
 81.900    31.12008  
 82.000    31.09453  
 82.100    31.06899  
 82.200    31.04348  
 82.300    31.01799  
 82.400    30.99251  
 82.500    30.96705  
 82.600    30.94162  
 82.700    30.91620  
 82.800    30.89080  
 82.900    30.86543  
 83.000    30.84007  
 83.100    30.81473  
 83.200    30.78941  
 83.300    30.76411  
 83.400    30.73883  
 83.500    30.71356  
 83.600    30.68832  
 83.700    30.66310  
 83.800    30.63789  
 83.900    30.61271  
 84.000    30.58754  
 84.100    30.56239  
 84.200    30.53726  
 84.300    30.51215  
 84.400    30.48706  
 84.500    30.46199  
 84.600    30.43694  
 84.700    30.41190  
 84.800    30.38689  
 84.900    30.36189  
 85.000    30.33691  
 85.100    30.31195  
 85.200    30.28701  
 85.300    30.26209  
 85.400    30.23718  
 85.500    30.21230  
 85.600    30.18743  
 85.700    30.16258  
 85.800    30.13775  
 85.900    30.11294  
 86.000    30.08814  
 86.100    30.06337  
 86.200    30.03861  
 86.300    30.01387  
 86.400    29.98915  
 86.500    29.96445  
 86.600    29.93976  
 86.700    29.91509  
 86.800    29.89045  
 86.900    29.86582  
 87.000    29.84120  
 87.100    29.81661  
 87.200    29.79203  
 87.300    29.76747  
 87.400    29.74293  
 87.500    29.71841  
 87.600    29.69390  
 87.700    29.66941  
 87.800    29.64494  
 87.900    29.62049  
 88.000    29.59606  
 88.100    29.57164  
 88.200    29.54724  
 88.300    29.52286  
 88.400    29.49850  
 88.500    29.47415  
 88.600    29.44982  
 88.700    29.42551  
 88.800    29.40121  
 88.900    29.37694  
 89.000    29.35268  
 89.100    29.32843  
 89.200    29.30421  
 89.300    29.28000  
 89.400    29.25581  
 89.500    29.23164  
 89.600    29.20748  
 89.700    29.18334  
 89.800    29.15922  
 89.900    29.13512  
 90.000    29.11103  
 90.100    29.08696  
 90.200    29.06290  
 90.300    29.03887  
 90.400    29.01485  
 90.500    28.99084  
 90.600    28.96686  
 90.700    28.94289  
 90.800    28.91893  
 90.900    28.89500  
 91.000    28.87108  
 91.100    28.84718  
 91.200    28.82329  
 91.300    28.79942  
 91.400    28.77557  
 91.500    28.75173  
 91.600    28.72792  
 91.700    28.70411  
 91.800    28.68033  
 91.900    28.65656  
 92.000    28.63280  
 92.100    28.60907  
 92.200    28.58535  
 92.300    28.56164  
 92.400    28.53796  
 92.500    28.51428  
 92.600    28.49063  
 92.700    28.46699  
 92.800    28.44337  
 92.900    28.41976  
 93.000    28.39617  
 93.100    28.37260  
 93.200    28.34904  
 93.300    28.32550  
 93.400    28.30197  
 93.500    28.27846  
 93.600    28.25497  
 93.700    28.23149  
 93.800    28.20803  
 93.900    28.18458  
 94.000    28.16115  
 94.100    28.13774  
 94.200    28.11434  
 94.300    28.09096  
 94.400    28.06759  
 94.500    28.04424  
 94.600    28.02090  
 94.700    27.99758  
 94.800    27.97428  
 94.900    27.95099  
 95.000    27.92772  
 95.100    27.90446  
 95.200    27.88122  
 95.300    27.85799  
 95.400    27.83478  
 95.500    27.81159  
 95.600    27.78841  
 95.700    27.76525  
 95.800    27.74210  
 95.900    27.71896  
 96.000    27.69585  
 96.100    27.67274  
 96.200    27.64966  
 96.300    27.62659  
 96.400    27.60353  
 96.500    27.58049  
 96.600    27.55746  
 96.700    27.53445  
 96.800    27.51145  
 96.900    27.48847  
 97.000    27.46551  
 97.100    27.44256  
 97.200    27.41962  
 97.300    27.39670  
 97.400    27.37380  
 97.500    27.35091  
 97.600    27.32803  
 97.700    27.30517  
 97.800    27.28232  
 97.900    27.25949  
 98.000    27.23668  
 98.100    27.21388  
 98.200    27.19109  
 98.300    27.16832  
 98.400    27.14556  
 98.500    27.12282  
 98.600    27.10009  
 98.700    27.07738  
 98.800    27.05468  
 98.900    27.03200  
 99.000    27.00933  
 99.100    26.98668  
 99.200    26.96404  
 99.300    26.94141  
 99.400    26.91880  
 99.500    26.89621  
 99.600    26.87362  
 99.700    26.85106  
 99.800    26.82851  
 99.900    26.80597  
100.000    26.78344  
100.100    26.76093  
100.200    26.73844  
100.300    26.71596  
100.400    26.69349  
100.500    26.67104  
100.600    26.64860  
100.700    26.62618  
100.800    26.60377  
100.900    26.58137  
101.000    26.55899  
101.100    26.53662  
101.200    26.51427  
101.300    26.49193  
101.400    26.46961  
101.500    26.44730  
101.600    26.42500  
101.700    26.40272  
101.800    26.38045  
101.900    26.35819  
102.000    26.33595  
102.100    26.31372  
102.200    26.29151  
102.300    26.26931  
102.400    26.24712  
102.500    26.22495  
102.600    26.20279  
102.700    26.18065  
102.800    26.15852  
102.900    26.13640  
103.000    26.11430  
103.100    26.09221  
103.200    26.07013  
103.300    26.04807  
103.400    26.02602  
103.500    26.00399  
103.600    25.98197  
103.700    25.95996  
103.800    25.93796  
103.900    25.91598  
104.000    25.89401  
104.100    25.87206  
104.200    25.85012  
104.300    25.82819  
104.400    25.80628  
104.500    25.78438  
104.600    25.76249  
104.700    25.74062  
104.800    25.71876  
104.900    25.69691  
105.000    25.67508  
105.100    25.65325  
105.200    25.63145  
105.300    25.60965  
105.400    25.58787  
105.500    25.56610  
105.600    25.54435  
105.700    25.52261  
105.800    25.50088  
105.900    25.47916  
106.000    25.45746  
106.100    25.43577  
106.200    25.41410  
106.300    25.39243  
106.400    25.37078  
106.500    25.34914  
106.600    25.32752  
106.700    25.30591  
106.800    25.28431  
106.900    25.26272  
107.000    25.24115  
107.100    25.21959  
107.200    25.19804  
107.300    25.17651  
107.400    25.15499  
107.500    25.13348  
107.600    25.11198  
107.700    25.09050  
107.800    25.06903  
107.900    25.04757  
108.000    25.02612  
108.100    25.00469  
108.200    24.98327  
108.300    24.96186  
108.400    24.94047  
108.500    24.91908  
108.600    24.89771  
108.700    24.87636  
108.800    24.85501  
108.900    24.83368  
109.000    24.81236  
109.100    24.79105  
109.200    24.76976  
109.300    24.74847  
109.400    24.72720  
109.500    24.70595  
109.600    24.68470  
109.700    24.66347  
109.800    24.64225  
109.900    24.62104  
110.000    24.59984  
110.100    24.57866  
110.200    24.55748  
110.300    24.53632  
110.400    24.51518  
110.500    24.49404  
110.600    24.47292  
110.700    24.45181  
110.800    24.43071  
110.900    24.40962  
111.000    24.38855  
111.100    24.36748  
111.200    24.34643  
111.300    24.32539  
111.400    24.30437  
111.500    24.28335  
111.600    24.26235  
111.700    24.24136  
111.800    24.22038  
111.900    24.19941  
112.000    24.17846  
112.100    24.15752  
112.200    24.13658  
112.300    24.11567  
112.400    24.09476  
112.500    24.07386  
112.600    24.05298  
112.700    24.03211  
112.800    24.01125  
112.900    23.99040  
113.000    23.96956  
113.100    23.94874  
113.200    23.92792  
113.300    23.90712  
113.400    23.88633  
113.500    23.86555  
113.600    23.84478  
113.700    23.82403  
113.800    23.80329  
113.900    23.78255  
114.000    23.76183  
114.100    23.74112  
114.200    23.72043  
114.300    23.69974  
114.400    23.67907  
114.500    23.65840  
114.600    23.63775  
114.700    23.61711  
114.800    23.59648  
114.900    23.57586  
115.000    23.55526  
115.100    23.53466  
115.200    23.51408  
115.300    23.49351  
115.400    23.47295  
115.500    23.45240  
115.600    23.43186  
115.700    23.41133  
115.800    23.39082  
115.900    23.37031  
116.000    23.34982  
116.100    23.32934  
116.200    23.30887  
116.300    23.28841  
116.400    23.26796  
116.500    23.24752  
116.600    23.22710  
116.700    23.20668  
116.800    23.18628  
116.900    23.16589  
117.000    23.14550  
117.100    23.12513  
117.200    23.10477  
117.300    23.08442  
117.400    23.06409  
117.500    23.04376  
117.600    23.02344  
117.700    23.00314  
117.800    22.98285  
117.900    22.96256  
118.000    22.94229  
118.100    22.92203  
118.200    22.90178  
118.300    22.88154  
118.400    22.86131  
118.500    22.84109  
118.600    22.82088  
118.700    22.80069  
118.800    22.78050  
118.900    22.76033  
119.000    22.74016  
119.100    22.72001  
119.200    22.69987  
119.300    22.67974  
119.400    22.65961  
119.500    22.63950  
119.600    22.61940  
119.700    22.59931  
119.800    22.57923  
119.900    22.55917  
120.000    22.53911  
120.100    22.51906  
120.200    22.49903  
120.300    22.47900  
120.400    22.45898  
120.500    22.43898  
120.600    22.41898  
120.700    22.39900  
120.800    22.37903  
120.900    22.35906  
121.000    22.33911  
121.100    22.31917  
121.200    22.29924  
121.300    22.27932  
121.400    22.25940  
121.500    22.23950  
121.600    22.21961  
121.700    22.19973  
121.800    22.17986  
121.900    22.16000  
122.000    22.14016  
122.100    22.12032  
122.200    22.10049  
122.300    22.08067  
122.400    22.06086  
122.500    22.04106  
122.600    22.02128  
122.700    22.00150  
122.800    21.98173  
122.900    21.96197  
123.000    21.94223  
123.100    21.92249  
123.200    21.90276  
123.300    21.88304  
123.400    21.86334  
123.500    21.84364  
123.600    21.82395  
123.700    21.80428  
123.800    21.78461  
123.900    21.76495  
124.000    21.74531  
124.100    21.72567  
124.200    21.70604  
124.300    21.68643  
124.400    21.66682  
124.500    21.64722  
124.600    21.62764  
124.700    21.60806  
124.800    21.58849  
124.900    21.56894  
125.000    21.54939  
125.100    21.52985  
125.200    21.51032  
125.300    21.49081  
125.400    21.47130  
125.500    21.45180  
125.600    21.43231  
125.700    21.41283  
125.800    21.39336  
125.900    21.37390  
126.000    21.35445  
126.100    21.33501  
126.200    21.31558  
126.300    21.29616  
126.400    21.27675  
126.500    21.25735  
126.600    21.23796  
126.700    21.21858  
126.800    21.19920  
126.900    21.17984  
127.000    21.16049  
127.100    21.14114  
127.200    21.12181  
127.300    21.10249  
127.400    21.08317  
127.500    21.06387  
127.600    21.04457  
127.700    21.02528  
127.800    21.00601  
127.900    20.98674  
128.000    20.96748  
128.100    20.94823  
128.200    20.92899  
128.300    20.90976  
128.400    20.89054  
128.500    20.87133  
128.600    20.85213  
128.700    20.83294  
128.800    20.81376  
128.900    20.79458  
129.000    20.77542  
129.100    20.75626  
129.200    20.73712  
129.300    20.71798  
129.400    20.69885  
129.500    20.67974  
129.600    20.66063  
129.700    20.64153  
129.800    20.62244  
129.900    20.60336  
130.000    20.58429  
130.100    20.56522  
130.200    20.54617  
130.300    20.52713  
130.400    20.50809  
130.500    20.48907  
130.600    20.47005  
130.700    20.45104  
130.800    20.43204  
130.900    20.41305  
131.000    20.39407  
131.100    20.37510  
131.200    20.35614  
131.300    20.33719  
131.400    20.31824  
131.500    20.29931  
131.600    20.28038  
131.700    20.26146  
131.800    20.24255  
131.900    20.22365  
132.000    20.20476  
132.100    20.18588  
132.200    20.16701  
132.300    20.14815  
132.400    20.12929  
132.500    20.11045  
132.600    20.09161  
132.700    20.07278  
132.800    20.05396  
132.900    20.03515  
133.000    20.01635  
133.100    19.99756  
133.200    19.97877  
133.300    19.96000  
133.400    19.94123  
133.500    19.92247  
133.600    19.90373  
133.700    19.88499  
133.800    19.86625  
133.900    19.84753  
134.000    19.82882  
134.100    19.81011  
134.200    19.79142  
134.300    19.77273  
134.400    19.75405  
134.500    19.73538  
134.600    19.71672  
134.700    19.69806  
134.800    19.67942  
134.900    19.66078  
135.000    19.64216  
135.100    19.62354  
135.200    19.60493  
135.300    19.58633  
135.400    19.56773  
135.500    19.54915  
135.600    19.53057  
135.700    19.51200  
135.800    19.49344  
135.900    19.47489  
136.000    19.45635  
136.100    19.43782  
136.200    19.41929  
136.300    19.40078  
136.400    19.38227  
136.500    19.36377  
136.600    19.34528  
136.700    19.32679  
136.800    19.30832  
136.900    19.28985  
137.000    19.27140  
137.100    19.25295  
137.200    19.23450  
137.300    19.21607  
137.400    19.19765  
137.500    19.17923  
137.600    19.16082  
137.700    19.14242  
137.800    19.12403  
137.900    19.10565  
138.000    19.08728  
138.100    19.06891  
138.200    19.05055  
138.300    19.03220  
138.400    19.01386  
138.500    18.99552  
138.600    18.97720  
138.700    18.95888  
138.800    18.94057  
138.900    18.92227  
139.000    18.90398  
139.100    18.88570  
139.200    18.86742  
139.300    18.84915  
139.400    18.83089  
139.500    18.81264  
139.600    18.79439  
139.700    18.77616  
139.800    18.75793  
139.900    18.73971  
140.000    18.72150  
140.100    18.70330  
140.200    18.68510  
140.300    18.66691  
140.400    18.64873  
140.500    18.63056  
140.600    18.61240  
140.700    18.59424  
140.800    18.57609  
140.900    18.55795  
141.000    18.53982  
141.100    18.52170  
141.200    18.50358  
141.300    18.48547  
141.400    18.46737  
141.500    18.44928  
141.600    18.43120  
141.700    18.41312  
141.800    18.39505  
141.900    18.37699  
142.000    18.35894  
142.100    18.34089  
142.200    18.32286  
142.300    18.30483  
142.400    18.28681  
142.500    18.26879  
142.600    18.25079  
142.700    18.23279  
142.800    18.21480  
142.900    18.19681  
143.000    18.17884  
143.100    18.16087  
143.200    18.14291  
143.300    18.12496  
143.400    18.10702  
143.500    18.08908  
143.600    18.07115  
143.700    18.05323  
143.800    18.03532  
143.900    18.01741  
144.000    17.99951  
144.100    17.98162  
144.200    17.96374  
144.300    17.94586  
144.400    17.92799  
144.500    17.91013  
144.600    17.89228  
144.700    17.87444  
144.800    17.85660  
144.900    17.83877  
145.000    17.82095  
145.100    17.80313  
145.200    17.78533  
145.300    17.76753  
145.400    17.74973  
145.500    17.73195  
145.600    17.71417  
145.700    17.69640  
145.800    17.67864  
145.900    17.66088  
146.000    17.64314  
146.100    17.62540  
146.200    17.60766  
146.300    17.58994  
146.400    17.57222  
146.500    17.55451  
146.600    17.53681  
146.700    17.51911  
146.800    17.50142  
146.900    17.48374  
147.000    17.46607  
147.100    17.44840  
147.200    17.43075  
147.300    17.41309  
147.400    17.39545  
147.500    17.37781  
147.600    17.36018  
147.700    17.34256  
147.800    17.32495  
147.900    17.30734  
148.000    17.28974  
148.100    17.27215  
148.200    17.25456  
148.300    17.23698  
148.400    17.21941  
148.500    17.20185  
148.600    17.18429  
148.700    17.16674  
148.800    17.14920  
148.900    17.13166  
149.000    17.11413  
149.100    17.09661  
149.200    17.07910  
149.300    17.06159  
149.400    17.04409  
149.500    17.02660  
149.600    17.00911  
149.700    16.99164  
149.800    16.97416  
149.900    16.95670  
150.000    16.93924  
150.100    16.92179  
150.200    16.90435  
150.300    16.88692  
150.400    16.86949  
150.500    16.85207  
150.600    16.83465  
150.700    16.81724  
150.800    16.79984  
150.900    16.78245  
151.000    16.76506  
151.100    16.74768  
151.200    16.73031  
151.300    16.71294  
151.400    16.69558  
151.500    16.67823  
151.600    16.66089  
151.700    16.64355  
151.800    16.62622  
151.900    16.60890  
152.000    16.59158  
152.100    16.57427  
152.200    16.55696  
152.300    16.53967  
152.400    16.52238  
152.500    16.50510  
152.600    16.48782  
152.700    16.47055  
152.800    16.45329  
152.900    16.43603  
153.000    16.41878  
153.100    16.40154  
153.200    16.38431  
153.300    16.36708  
153.400    16.34986  
153.500    16.33264  
153.600    16.31544  
153.700    16.29823  
153.800    16.28104  
153.900    16.26385  
154.000    16.24667  
154.100    16.22950  
154.200    16.21233  
154.300    16.19517  
154.400    16.17802  
154.500    16.16087  
154.600    16.14373  
154.700    16.12659  
154.800    16.10947  
154.900    16.09235  
155.000    16.07523  
155.100    16.05813  
155.200    16.04103  
155.300    16.02393  
155.400    16.00684  
155.500    15.98976  
155.600    15.97269  
155.700    15.95562  
155.800    15.93856  
155.900    15.92151  
156.000    15.90446  
156.100    15.88742  
156.200    15.87038  
156.300    15.85336  
156.400    15.83633  
156.500    15.81932  
156.600    15.80231  
156.700    15.78531  
156.800    15.76831  
156.900    15.75132  
157.000    15.73434  
157.100    15.71737  
157.200    15.70040  
157.300    15.68343  
157.400    15.66648  
157.500    15.64953  
157.600    15.63258  
157.700    15.61565  
157.800    15.59872  
157.900    15.58179  
158.000    15.56487  
158.100    15.54796  
158.200    15.53106  
158.300    15.51416  
158.400    15.49727  
158.500    15.48038  
158.600    15.46350  
158.700    15.44663  
158.800    15.42976  
158.900    15.41290  
159.000    15.39605  
159.100    15.37920  
159.200    15.36236  
159.300    15.34552  
159.400    15.32869  
159.500    15.31187  
159.600    15.29505  
159.700    15.27824  
159.800    15.26144  
159.900    15.24464  
160.000    15.22785  
160.100    15.21107  
160.200    15.19429  
160.300    15.17751  
160.400    15.16075  
160.500    15.14399  
160.600    15.12723  
160.700    15.11049  
160.800    15.09374  
160.900    15.07701  
161.000    15.06028  
161.100    15.04356  
161.200    15.02684  
161.300    15.01013  
161.400    14.99343  
161.500    14.97673  
161.600    14.96004  
161.700    14.94335  
161.800    14.92667  
161.900    14.91000  
162.000    14.89333  
162.100    14.87667  
162.200    14.86001  
162.300    14.84336  
162.400    14.82672  
162.500    14.81008  
162.600    14.79345  
162.700    14.77683  
162.800    14.76021  
162.900    14.74360  
163.000    14.72699  
163.100    14.71039  
163.200    14.69379  
163.300    14.67720  
163.400    14.66062  
163.500    14.64404  
163.600    14.62747  
163.700    14.61091  
163.800    14.59435  
163.900    14.57780  
164.000    14.56125  
164.100    14.54471  
164.200    14.52818  
164.300    14.51165  
164.400    14.49512  
164.500    14.47861  
164.600    14.46210  
164.700    14.44559  
164.800    14.42909  
164.900    14.41260  
165.000    14.39611  
165.100    14.37963  
165.200    14.36315  
165.300    14.34668  
165.400    14.33022  
165.500    14.31376  
165.600    14.29731  
165.700    14.28086  
165.800    14.26442  
165.900    14.24799  
166.000    14.23156  
166.100    14.21513  
166.200    14.19872  
166.300    14.18231  
166.400    14.16590  
166.500    14.14950  
166.600    14.13311  
166.700    14.11672  
166.800    14.10034  
166.900    14.08396  
167.000    14.06759  
167.100    14.05122  
167.200    14.03486  
167.300    14.01851  
167.400    14.00216  
167.500    13.98582  
167.600    13.96948  
167.700    13.95315  
167.800    13.93683  
167.900    13.92051  
168.000    13.90419  
168.100    13.88788  
168.200    13.87158  
168.300    13.85529  
168.400    13.83899  
168.500    13.82271  
168.600    13.80643  
168.700    13.79015  
168.800    13.77389  
168.900    13.75762  
169.000    13.74137  
169.100    13.72511  
169.200    13.70887  
169.300    13.69263  
169.400    13.67639  
169.500    13.66016  
169.600    13.64394  
169.700    13.62772  
169.800    13.61151  
169.900    13.59530  
170.000    13.57910  
170.100    13.56291  
170.200    13.54671  
170.300    13.53053  
170.400    13.51435  
170.500    13.49818  
170.600    13.48201  
170.700    13.46585  
170.800    13.44969  
170.900    13.43354  
171.000    13.41739  
171.100    13.40125  
171.200    13.38512  
171.300    13.36899  
171.400    13.35286  
171.500    13.33674  
171.600    13.32063  
171.700    13.30452  
171.800    13.28842  
171.900    13.27232  
172.000    13.25623  
172.100    13.24014  
172.200    13.22406  
172.300    13.20799  
172.400    13.19192  
172.500    13.17585  
172.600    13.15979  
172.700    13.14374  
172.800    13.12769  
172.900    13.11165  
173.000    13.09561  
173.100    13.07958  
173.200    13.06355  
173.300    13.04753  
173.400    13.03151  
173.500    13.01550  
173.600    12.99950  
173.700    12.98350  
173.800    12.96750  
173.900    12.95151  
174.000    12.93553  
174.100    12.91955  
174.200    12.90358  
174.300    12.88761  
174.400    12.87164  
174.500    12.85569  
174.600    12.83973  
174.700    12.82379  
174.800    12.80784  
174.900    12.79191  
175.000    12.77598  
175.100    12.76005  
175.200    12.74413  
175.300    12.72821  
175.400    12.71230  
175.500    12.69640  
175.600    12.68050  
175.700    12.66460  
175.800    12.64871  
175.900    12.63283  
176.000    12.61695  
176.100    12.60107  
176.200    12.58520  
176.300    12.56934  
176.400    12.55348  
176.500    12.53763  
176.600    12.52178  
176.700    12.50593  
176.800    12.49010  
176.900    12.47426  
177.000    12.45843  
177.100    12.44261  
177.200    12.42679  
177.300    12.41098  
177.400    12.39517  
177.500    12.37937  
177.600    12.36357  
177.700    12.34778  
177.800    12.33199  
177.900    12.31621  
178.000    12.30043  
178.100    12.28466  
178.200    12.26889  
178.300    12.25313  
178.400    12.23737  
178.500    12.22162  
178.600    12.20588  
178.700    12.19013  
178.800    12.17440  
178.900    12.15866  
179.000    12.14294  
179.100    12.12722  
179.200    12.11150  
179.300    12.09579  
179.400    12.08008  
179.500    12.06438  
179.600    12.04868  
179.700    12.03299  
179.800    12.01730  
179.900    12.00162  
180.000    11.98594  
180.100    11.97027  
180.200    11.95460  
180.300    11.93894  
180.400    11.92328  
180.500    11.90763  
180.600    11.89198  
180.700    11.87634  
180.800    11.86070  
180.900    11.84507  
181.000    11.82944  
181.100    11.81382  
181.200    11.79820  
181.300    11.78259  
181.400    11.76698  
181.500    11.75138  
181.600    11.73578  
181.700    11.72018  
181.800    11.70459  
181.900    11.68901  
182.000    11.67343  
182.100    11.65786  
182.200    11.64229  
182.300    11.62672  
182.400    11.61116  
182.500    11.59561  
182.600    11.58005  
182.700    11.56451  
182.800    11.54897  
182.900    11.53343  
183.000    11.51790  
183.100    11.50237  
183.200    11.48685  
183.300    11.47133  
183.400    11.45582  
183.500    11.44031  
183.600    11.42481  
183.700    11.40931  
183.800    11.39382  
183.900    11.37833  
184.000    11.36285  
184.100    11.34737  
184.200    11.33189  
184.300    11.31642  
184.400    11.30096  
184.500    11.28550  
184.600    11.27004  
184.700    11.25459  
184.800    11.23915  
184.900    11.22370  
185.000    11.20827  
185.100    11.19284  
185.200    11.17741  
185.300    11.16198  
185.400    11.14657  
185.500    11.13115  
185.600    11.11574  
185.700    11.10034  
185.800    11.08494  
185.900    11.06954  
186.000    11.05415  
186.100    11.03877  
186.200    11.02339  
186.300    11.00801  
186.400    10.99264  
186.500    10.97727  
186.600    10.96191  
186.700    10.94655  
186.800    10.93120  
186.900    10.91585  
187.000    10.90050  
187.100    10.88516  
187.200    10.86983  
187.300    10.85450  
187.400    10.83917  
187.500    10.82385  
187.600    10.80853  
187.700    10.79322  
187.800    10.77791  
187.900    10.76261  
188.000    10.74731  
188.100    10.73201  
188.200    10.71672  
188.300    10.70144  
188.400    10.68615  
188.500    10.67088  
188.600    10.65561  
188.700    10.64034  
188.800    10.62507  
188.900    10.60982  
189.000    10.59456  
189.100    10.57931  
189.200    10.56407  
189.300    10.54882  
189.400    10.53359  
189.500    10.51836  
189.600    10.50313  
189.700    10.48790  
189.800    10.47269  
189.900    10.45747  
190.000    10.44226  
190.100    10.42706  
190.200    10.41185  
190.300    10.39666  
190.400    10.38146  
190.500    10.36628  
190.600    10.35109  
190.700    10.33591  
190.800    10.32074  
190.900    10.30557  
191.000    10.29040  
191.100    10.27524  
191.200    10.26008  
191.300    10.24493  
191.400    10.22978  
191.500    10.21464  
191.600    10.19950  
191.700    10.18436  
191.800    10.16923  
191.900    10.15410  
192.000    10.13898  
192.100    10.12386  
192.200    10.10875  
192.300    10.09364  
192.400    10.07853  
192.500    10.06343  
192.600    10.04833  
192.700    10.03324  
192.800    10.01815  
192.900    10.00307  
193.000     9.98799  
193.100     9.97291  
193.200     9.95784  
193.300     9.94277  
193.400     9.92771  
193.500     9.91265  
193.600     9.89760  
193.700     9.88255  
193.800     9.86750  
193.900     9.85246  
194.000     9.83742  
194.100     9.82239  
194.200     9.80736  
194.300     9.79233  
194.400     9.77731  
194.500     9.76230  
194.600     9.74728  
194.700     9.73228  
194.800     9.71727  
194.900     9.70227  
195.000     9.68728  
195.100     9.67228  
195.200     9.65730  
195.300     9.64231  
195.400     9.62734  
195.500     9.61236  
195.600     9.59739  
195.700     9.58242  
195.800     9.56746  
195.900     9.55250  
196.000     9.53755  
196.100     9.52260  
196.200     9.50765  
196.300     9.49271  
196.400     9.47777  
196.500     9.46284  
196.600     9.44791  
196.700     9.43298  
196.800     9.41806  
196.900     9.40315  
197.000     9.38823  
197.100     9.37332  
197.200     9.35842  
197.300     9.34352  
197.400     9.32862  
197.500     9.31373  
197.600     9.29884  
197.700     9.28395  
197.800     9.26907  
197.900     9.25420  
198.000     9.23932  
198.100     9.22445  
198.200     9.20959  
198.300     9.19473  
198.400     9.17987  
198.500     9.16502  
198.600     9.15017  
198.700     9.13533  
198.800     9.12049  
198.900     9.10565  
199.000     9.09082  
199.100     9.07599  
199.200     9.06116  
199.300     9.04634  
199.400     9.03153  
199.500     9.01671  
199.600     9.00190  
199.700     8.98710  
199.800     8.97230  
199.900     8.95750  
200.000     8.94271  
200.100     8.92792  
200.200     8.91313  
200.300     8.89835  
200.400     8.88358  
200.500     8.86880  
200.600     8.85403  
200.700     8.83927  
200.800     8.82451  
200.900     8.80975  
201.000     8.79499  
201.100     8.78024  
201.200     8.76550  
201.300     8.75076  
201.400     8.73602  
201.500     8.72128  
201.600     8.70655  
201.700     8.69183  
201.800     8.67710  
201.900     8.66238  
202.000     8.64767  
202.100     8.63296  
202.200     8.61825  
202.300     8.60355  
202.400     8.58885  
202.500     8.57415  
202.600     8.55946  
202.700     8.54477  
202.800     8.53009  
202.900     8.51541  
203.000     8.50073  
203.100     8.48606  
203.200     8.47139  
203.300     8.45672  
203.400     8.44206  
203.500     8.42740  
203.600     8.41275  
203.700     8.39810  
203.800     8.38345  
203.900     8.36881  
204.000     8.35417  
204.100     8.33954  
204.200     8.32490  
204.300     8.31028  
204.400     8.29565  
204.500     8.28103  
204.600     8.26642  
204.700     8.25180  
204.800     8.23719  
204.900     8.22259  
205.000     8.20799  
205.100     8.19339  
205.200     8.17880  
205.300     8.16421  
205.400     8.14962  
205.500     8.13504  
205.600     8.12046  
205.700     8.10588  
205.800     8.09131  
205.900     8.07674  
206.000     8.06218  
206.100     8.04762  
206.200     8.03306  
206.300     8.01851  
206.400     8.00396  
206.500     7.98941  
206.600     7.97487  
206.700     7.96033  
206.800     7.94579  
206.900     7.93126  
207.000     7.91674  
207.100     7.90221  
207.200     7.88769  
207.300     7.87317  
207.400     7.85866  
207.500     7.84415  
207.600     7.82964  
207.700     7.81514  
207.800     7.80064  
207.900     7.78615  
208.000     7.77166  
208.100     7.75717  
208.200     7.74268  
208.300     7.72820  
208.400     7.71373  
208.500     7.69925  
208.600     7.68478  
208.700     7.67032  
208.800     7.65585  
208.900     7.64139  
209.000     7.62694  
209.100     7.61249  
209.200     7.59804  
209.300     7.58359  
209.400     7.56915  
209.500     7.55471  
209.600     7.54028  
209.700     7.52585  
209.800     7.51142  
209.900     7.49700  
210.000     7.48258  
210.100     7.46816  
210.200     7.45375  
210.300     7.43934  
210.400     7.42493  
210.500     7.41053  
210.600     7.39613  
210.700     7.38173  
210.800     7.36734  
210.900     7.35295  
211.000     7.33857  
211.100     7.32418  
211.200     7.30981  
211.300     7.29543  
211.400     7.28106  
211.500     7.26669  
211.600     7.25233  
211.700     7.23797  
211.800     7.22361  
211.900     7.20925  
212.000     7.19490  
212.100     7.18056  
212.200     7.16621  
212.300     7.15187  
212.400     7.13753  
212.500     7.12320  
212.600     7.10887  
212.700     7.09454  
212.800     7.08022  
212.900     7.06590  
213.000     7.05158  
213.100     7.03727  
213.200     7.02296  
213.300     7.00866  
213.400     6.99435  
213.500     6.98005  
213.600     6.96576  
213.700     6.95146  
213.800     6.93717  
213.900     6.92289  
214.000     6.90861  
214.100     6.89433  
214.200     6.88005  
214.300     6.86578  
214.400     6.85151  
214.500     6.83724  
214.600     6.82298  
214.700     6.80872  
214.800     6.79447  
214.900     6.78021  
215.000     6.76597  
215.100     6.75172  
215.200     6.73748  
215.300     6.72324  
215.400     6.70900  
215.500     6.69477  
215.600     6.68054  
215.700     6.66631  
215.800     6.65209  
215.900     6.63787  
216.000     6.62366  
216.100     6.60944  
216.200     6.59523  
216.300     6.58103  
216.400     6.56683  
216.500     6.55263  
216.600     6.53843  
216.700     6.52424  
216.800     6.51005  
216.900     6.49586  
217.000     6.48168  
217.100     6.46750  
217.200     6.45332  
217.300     6.43915  
217.400     6.42498  
217.500     6.41081  
217.600     6.39665  
217.700     6.38248  
217.800     6.36833  
217.900     6.35417  
218.000     6.34002  
218.100     6.32587  
218.200     6.31173  
218.300     6.29759  
218.400     6.28345  
218.500     6.26932  
218.600     6.25518  
218.700     6.24106  
218.800     6.22693  
218.900     6.21281  
219.000     6.19869  
219.100     6.18457  
219.200     6.17046  
219.300     6.15635  
219.400     6.14225  
219.500     6.12814  
219.600     6.11404  
219.700     6.09995  
219.800     6.08585  
219.900     6.07176  
220.000     6.05768  
220.100     6.04359  
220.200     6.02951  
220.300     6.01543  
220.400     6.00136  
220.500     5.98729  
220.600     5.97322  
220.700     5.95915  
220.800     5.94509  
220.900     5.93103  
221.000     5.91698  
221.100     5.90292  
221.200     5.88887  
221.300     5.87483  
221.400     5.86078  
221.500     5.84674  
221.600     5.83271  
221.700     5.81867  
221.800     5.80464  
221.900     5.79061  
222.000     5.77659  
222.100     5.76257  
222.200     5.74855  
222.300     5.73453  
222.400     5.72052  
222.500     5.70651  
222.600     5.69250  
222.700     5.67850  
222.800     5.66450  
222.900     5.65050  
223.000     5.63651  
223.100     5.62252  
223.200     5.60853  
223.300     5.59454  
223.400     5.58056  
223.500     5.56658  
223.600     5.55260  
223.700     5.53863  
223.800     5.52466  
223.900     5.51069  
224.000     5.49673  
224.100     5.48277  
224.200     5.46881  
224.300     5.45486  
224.400     5.44090  
224.500     5.42695  
224.600     5.41301  
224.700     5.39906  
224.800     5.38512  
224.900     5.37119  
225.000     5.35725  
225.100     5.34332  
225.200     5.32939  
225.300     5.31547  
225.400     5.30155  
225.500     5.28763  
225.600     5.27371  
225.700     5.25980  
225.800     5.24589  
225.900     5.23198  
226.000     5.21807  
226.100     5.20417  
226.200     5.19027  
226.300     5.17638  
226.400     5.16248  
226.500     5.14859  
226.600     5.13471  
226.700     5.12082  
226.800     5.10694  
226.900     5.09306  
227.000     5.07919  
227.100     5.06532  
227.200     5.05145  
227.300     5.03758  
227.400     5.02372  
227.500     5.00986  
227.600     4.99600  
227.700     4.98214  
227.800     4.96829  
227.900     4.95444  
228.000     4.94059  
228.100     4.92675  
228.200     4.91291  
228.300     4.89907  
228.400     4.88524  
228.500     4.87140  
228.600     4.85758  
228.700     4.84375  
228.800     4.82993  
228.900     4.81610  
229.000     4.80229  
229.100     4.78847  
229.200     4.77466  
229.300     4.76085  
229.400     4.74704  
229.500     4.73324  
229.600     4.71944  
229.700     4.70564  
229.800     4.69185  
229.900     4.67805  
230.000     4.66426  
230.100     4.65048  
230.200     4.63669  
230.300     4.62291  
230.400     4.60913  
230.500     4.59536  
230.600     4.58159  
230.700     4.56782  
230.800     4.55405  
230.900     4.54028  
231.000     4.52652  
231.100     4.51276  
231.200     4.49901  
231.300     4.48525  
231.400     4.47150  
231.500     4.45775  
231.600     4.44401  
231.700     4.43027  
231.800     4.41653  
231.900     4.40279  
232.000     4.38906  
232.100     4.37533  
232.200     4.36160  
232.300     4.34787  
232.400     4.33415  
232.500     4.32043  
232.600     4.30671  
232.700     4.29300  
232.800     4.27928  
232.900     4.26557  
233.000     4.25187  
233.100     4.23816  
233.200     4.22446  
233.300     4.21076  
233.400     4.19707  
233.500     4.18337  
233.600     4.16968  
233.700     4.15600  
233.800     4.14231  
233.900     4.12863  
234.000     4.11495  
234.100     4.10127  
234.200     4.08760  
234.300     4.07393  
234.400     4.06026  
234.500     4.04659  
234.600     4.03293  
234.700     4.01927  
234.800     4.00561  
234.900     3.99195  
235.000     3.97830  
235.100     3.96465  
235.200     3.95100  
235.300     3.93735  
235.400     3.92371  
235.500     3.91007  
235.600     3.89644  
235.700     3.88280  
235.800     3.86917  
235.900     3.85554  
236.000     3.84191  
236.100     3.82829  
236.200     3.81467  
236.300     3.80105  
236.400     3.78743  
236.500     3.77382  
236.600     3.76021  
236.700     3.74660  
236.800     3.73299  
236.900     3.71939  
237.000     3.70579  
237.100     3.69219  
237.200     3.67860  
237.300     3.66500  
237.400     3.65141  
237.500     3.63783  
237.600     3.62424  
237.700     3.61066  
237.800     3.59708  
237.900     3.58350  
238.000     3.56993  
238.100     3.55635  
238.200     3.54278  
238.300     3.52922  
238.400     3.51565  
238.500     3.50209  
238.600     3.48853  
238.700     3.47497  
238.800     3.46142  
238.900     3.44787  
239.000     3.43432  
239.100     3.42077  
239.200     3.40723  
239.300     3.39369  
239.400     3.38015  
239.500     3.36661  
239.600     3.35308  
239.700     3.33954  
239.800     3.32602  
239.900     3.31249  
240.000     3.29897  
240.100     3.28544  
240.200     3.27192  
240.300     3.25841  
240.400     3.24489  
240.500     3.23138  
240.600     3.21787  
240.700     3.20437  
240.800     3.19086  
240.900     3.17736  
241.000     3.16386  
241.100     3.15036  
241.200     3.13687  
241.300     3.12338  
241.400     3.10989  
241.500     3.09640  
241.600     3.08292  
241.700     3.06944  
241.800     3.05596  
241.900     3.04248  
242.000     3.02900  
242.100     3.01553  
242.200     3.00206  
242.300     2.98860  
242.400     2.97513  
242.500     2.96167  
242.600     2.94821  
242.700     2.93475  
242.800     2.92130  
242.900     2.90784  
243.000     2.89439  
243.100     2.88094  
243.200     2.86750  
243.300     2.85406  
243.400     2.84062  
243.500     2.82718  
243.600     2.81374  
243.700     2.80031  
243.800     2.78688  
243.900     2.77345  
244.000     2.76002  
244.100     2.74660  
244.200     2.73318  
244.300     2.71976  
244.400     2.70634  
244.500     2.69293  
244.600     2.67951  
244.700     2.66610  
244.800     2.65270  
244.900     2.63929  
245.000     2.62589  
245.100     2.61249  
245.200     2.59909  
245.300     2.58570  
245.400     2.57230  
245.500     2.55891  
245.600     2.54552  
245.700     2.53214  
245.800     2.51875  
245.900     2.50537  
246.000     2.49199  
246.100     2.47862  
246.200     2.46524  
246.300     2.45187  
246.400     2.43850  
246.500     2.42513  
246.600     2.41177  
246.700     2.39841  
246.800     2.38505  
246.900     2.37169  
247.000     2.35833  
247.100     2.34498  
247.200     2.33163  
247.300     2.31828  
247.400     2.30493  
247.500     2.29159  
247.600     2.27824  
247.700     2.26491  
247.800     2.25157  
247.900     2.23823  
248.000     2.22490  
248.100     2.21157  
248.200     2.19824  
248.300     2.18491  
248.400     2.17159  
248.500     2.15827  
248.600     2.14495  
248.700     2.13163  
248.800     2.11832  
248.900     2.10501  
249.000     2.09170  
249.100     2.07839  
249.200     2.06508  
249.300     2.05178  
249.400     2.03848  
249.500     2.02518  
249.600     2.01188  
249.700     1.99859  
249.800     1.98529  
249.900     1.97200  
250.000     1.95872  
250.100     1.94543  
250.200     1.93215  
250.300     1.91887  
250.400     1.90559  
250.500     1.89231  
250.600     1.87904  
250.700     1.86576  
250.800     1.85249  
250.900     1.83922  
251.000     1.82596  
251.100     1.81270  
251.200     1.79943  
251.300     1.78618  
251.400     1.77292  
251.500     1.75966  
251.600     1.74641  
251.700     1.73316  
251.800     1.71991  
251.900     1.70667  
252.000     1.69342  
252.100     1.68018  
252.200     1.66694  
252.300     1.65370  
252.400     1.64047  
252.500     1.62724  
252.600     1.61400  
252.700     1.60078  
252.800     1.58755  
252.900     1.57432  
253.000     1.56110  
253.100     1.54788  
253.200     1.53466  
253.300     1.52145  
253.400     1.50823  
253.500     1.49502  
253.600     1.48181  
253.700     1.46861  
253.800     1.45540  
253.900     1.44220  
254.000     1.42900  
254.100     1.41580  
254.200     1.40260  
254.300     1.38941  
254.400     1.37621  
254.500     1.36302  
254.600     1.34984  
254.700     1.33665  
254.800     1.32346  
254.900     1.31028  
255.000     1.29710  
255.100     1.28393  
255.200     1.27075  
255.300     1.25758  
255.400     1.24440  
255.500     1.23123  
255.600     1.21807  
255.700     1.20490  
255.800     1.19174  
255.900     1.17858  
256.000     1.16542  
256.100     1.15226  
256.200     1.13911  
256.300     1.12595  
256.400     1.11280  
256.500     1.09965  
256.600     1.08651  
256.700     1.07336  
256.800     1.06022  
256.900     1.04708  
257.000     1.03394  
257.100     1.02080  
257.200     1.00767  
257.300     0.99454  
257.400     0.98141  
257.500     0.96828  
257.600     0.95515  
257.700     0.94203  
257.800     0.92891  
257.900     0.91579  
258.000     0.90267  
258.100     0.88955  
258.200     0.87644  
258.300     0.86332  
258.400     0.85021  
258.500     0.83711  
258.600     0.82400  
258.700     0.81090  
258.800     0.79779  
258.900     0.78469  
259.000     0.77160  
259.100     0.75850  
259.200     0.74541  
259.300     0.73231  
259.400     0.71922  
259.500     0.70613  
259.600     0.69305  
259.700     0.67996  
259.800     0.66688  
259.900     0.65380  
260.000     0.64072  
260.100     0.62765  
260.200     0.61457  
260.300     0.60150  
260.400     0.58843  
260.500     0.57536  
260.600     0.56229  
260.700     0.54923  
260.800     0.53617  
260.900     0.52311  
261.000     0.51005  
261.100     0.49699  
261.200     0.48394  
261.300     0.47088  
261.400     0.45783  
261.500     0.44478  
261.600     0.43174  
261.700     0.41869  
261.800     0.40565  
261.900     0.39261  
262.000     0.37957  
262.100     0.36653  
262.200     0.35349  
262.300     0.34046  
262.400     0.32743  
262.500     0.31440  
262.600     0.30137  
262.700     0.28834  
262.800     0.27532  
262.900     0.26230  
263.000     0.24928  
263.100     0.23626  
263.200     0.22324  
263.300     0.21023  
263.400     0.19721  
263.500     0.18420  
263.600     0.17119  
263.700     0.15819  
263.800     0.14518  
263.900     0.13218  
264.000     0.11918  
264.100     0.10618  
264.200     0.09318  
264.300     0.08018  
264.400     0.06719  
264.500     0.05420  
264.600     0.04121  
264.700     0.02822  
264.800     0.01523  
264.900     0.00224  
265.000    -0.01074  
265.100    -0.02372  
265.200    -0.03670  
265.300    -0.04968  
265.400    -0.06265  
265.500    -0.07563  
265.600    -0.08860  
265.700    -0.10157  
265.800    -0.11454  
265.900    -0.12750  
266.000    -0.14047  
266.100    -0.15343  
266.200    -0.16639  
266.300    -0.17935  
266.400    -0.19231  
266.500    -0.20526  
266.600    -0.21822  
266.700    -0.23117  
266.800    -0.24412  
266.900    -0.25707  
267.000    -0.27001  
267.100    -0.28296  
267.200    -0.29590  
267.300    -0.30884  
267.400    -0.32178  
267.500    -0.33472  
267.600    -0.34765  
267.700    -0.36059  
267.800    -0.37352  
267.900    -0.38645  
268.000    -0.39938  
268.100    -0.41231  
268.200    -0.42523  
268.300    -0.43816  
268.400    -0.45108  
268.500    -0.46400  
268.600    -0.47691  
268.700    -0.48983  
268.800    -0.50275  
268.900    -0.51566  
269.000    -0.52857  
269.100    -0.54148  
269.200    -0.55439  
269.300    -0.56729  
269.400    -0.58020  
269.500    -0.59310  
269.600    -0.60600  
269.700    -0.61890  
269.800    -0.63179  
269.900    -0.64469  
270.000    -0.65758  
270.100    -0.67047  
270.200    -0.68336  
270.300    -0.69625  
270.400    -0.70914  
270.500    -0.72202  
270.600    -0.73491  
270.700    -0.74779  
270.800    -0.76067  
270.900    -0.77355  
271.000    -0.78642  
271.100    -0.79930  
271.200    -0.81217  
271.300    -0.82504  
271.400    -0.83791  
271.500    -0.85078  
271.600    -0.86365  
271.700    -0.87651  
271.800    -0.88937  
271.900    -0.90223  
272.000    -0.91509  
272.100    -0.92795  
272.200    -0.94081  
272.300    -0.95366  
272.400    -0.96651  
272.500    -0.97937  
272.600    -0.99221  
272.700    -1.00506  
272.800    -1.01791  
272.900    -1.03075  
273.000    -1.04360  
273.100    -1.05644  
273.200    -1.06928  
273.300    -1.08211  
273.400    -1.09495  
273.500    -1.10778  
273.600    -1.12062  
273.700    -1.13345  
273.800    -1.14628  
273.900    -1.15910  
274.000    -1.17193  
274.100    -1.18476  
274.200    -1.19758  
274.300    -1.21040  
274.400    -1.22322  
274.500    -1.23604  
274.600    -1.24885  
274.700    -1.26167  
274.800    -1.27448  
274.900    -1.28729  
275.000    -1.30010  
275.100    -1.31291  
275.200    -1.32572  
275.300    -1.33852  
275.400    -1.35133  
275.500    -1.36413  
275.600    -1.37693  
275.700    -1.38973  
275.800    -1.40252  
275.900    -1.41532  
276.000    -1.42811  
276.100    -1.44090  
276.200    -1.45369  
276.300    -1.46648  
276.400    -1.47927  
276.500    -1.49206  
276.600    -1.50484  
276.700    -1.51762  
276.800    -1.53040  
276.900    -1.54318  
277.000    -1.55596  
277.100    -1.56874  
277.200    -1.58151  
277.300    -1.59429  
277.400    -1.60706  
277.500    -1.61983  
277.600    -1.63260  
277.700    -1.64536  
277.800    -1.65813  
277.900    -1.67089  
278.000    -1.68365  
278.100    -1.69641  
278.200    -1.70917  
278.300    -1.72193  
278.400    -1.73469  
278.500    -1.74744  
278.600    -1.76019  
278.700    -1.77295  
278.800    -1.78570  
278.900    -1.79844  
279.000    -1.81119  
279.100    -1.82394  
279.200    -1.83668  
279.300    -1.84942  
279.400    -1.86216  
279.500    -1.87490  
279.600    -1.88764  
279.700    -1.90038  
279.800    -1.91311  
279.900    -1.92584  
280.000    -1.93857  
280.100    -1.95131  
280.200    -1.96403  
280.300    -1.97676  
280.400    -1.98949  
280.500    -2.00221  
280.600    -2.01493  
280.700    -2.02765  
280.800    -2.04037  
280.900    -2.05309  
281.000    -2.06581  
281.100    -2.07852  
281.200    -2.09124  
281.300    -2.10395  
281.400    -2.11666  
281.500    -2.12937  
281.600    -2.14208  
281.700    -2.15478  
281.800    -2.16749  
281.900    -2.18019  
282.000    -2.19289  
282.100    -2.20559  
282.200    -2.21829  
282.300    -2.23099  
282.400    -2.24368  
282.500    -2.25638  
282.600    -2.26907  
282.700    -2.28176  
282.800    -2.29445  
282.900    -2.30714  
283.000    -2.31983  
283.100    -2.33252  
283.200    -2.34520  
283.300    -2.35788  
283.400    -2.37056  
283.500    -2.38324  
283.600    -2.39592  
283.700    -2.40860  
283.800    -2.42128  
283.900    -2.43395  
284.000    -2.44662  
284.100    -2.45929  
284.200    -2.47196  
284.300    -2.48463  
284.400    -2.49730  
284.500    -2.50997  
284.600    -2.52263  
284.700    -2.53529  
284.800    -2.54795  
284.900    -2.56061  
285.000    -2.57327  
285.100    -2.58593  
285.200    -2.59859  
285.300    -2.61124  
285.400    -2.62389  
285.500    -2.63655  
285.600    -2.64920  
285.700    -2.66184  
285.800    -2.67449  
285.900    -2.68714  
286.000    -2.69978  
286.100    -2.71243  
286.200    -2.72507  
286.300    -2.73771  
286.400    -2.75035  
286.500    -2.76299  
286.600    -2.77562  
286.700    -2.78826  
286.800    -2.80089  
286.900    -2.81352  
287.000    -2.82615  
287.100    -2.83878  
287.200    -2.85141  
287.300    -2.86404  
287.400    -2.87666  
287.500    -2.88929  
287.600    -2.90191  
287.700    -2.91453  
287.800    -2.92715  
287.900    -2.93977  
288.000    -2.95239  
288.100    -2.96501  
288.200    -2.97762  
288.300    -2.99023  
288.400    -3.00285  
288.500    -3.01546  
288.600    -3.02807  
288.700    -3.04067  
288.800    -3.05328  
288.900    -3.06589  
289.000    -3.07849  
289.100    -3.09109  
289.200    -3.10369  
289.300    -3.11629  
289.400    -3.12889  
289.500    -3.14149  
289.600    -3.15409  
289.700    -3.16668  
289.800    -3.17927  
289.900    -3.19187  
290.000    -3.20446  
290.100    -3.21705  
290.200    -3.22964  
290.300    -3.24222  
290.400    -3.25481  
290.500    -3.26739  
290.600    -3.27998  
290.700    -3.29256  
290.800    -3.30514  
290.900    -3.31772  
291.000    -3.33030  
291.100    -3.34287  
291.200    -3.35545  
291.300    -3.36802  
291.400    -3.38059  
291.500    -3.39317  
291.600    -3.40574  
291.700    -3.41831  
291.800    -3.43087  
291.900    -3.44344  
292.000    -3.45600  
292.100    -3.46857  
292.200    -3.48113  
292.300    -3.49369  
292.400    -3.50625  
292.500    -3.51881  
292.600    -3.53137  
292.700    -3.54393  
292.800    -3.55648  
292.900    -3.56904  
293.000    -3.58159  
293.100    -3.59414  
293.200    -3.60669  
293.300    -3.61924  
293.400    -3.63179  
293.500    -3.64433  
293.600    -3.65688  
293.700    -3.66942  
293.800    -3.68196  
293.900    -3.69451  
294.000    -3.70705  
294.100    -3.71959  
294.200    -3.73212  
294.300    -3.74466  
294.400    -3.75720  
294.500    -3.76973  
294.600    -3.78226  
294.700    -3.79479  
294.800    -3.80732  
294.900    -3.81985  
295.000    -3.83238  
295.100    -3.84491  
295.200    -3.85743  
295.300    -3.86996  
295.400    -3.88248  
295.500    -3.89500  
295.600    -3.90753  
295.700    -3.92005  
295.800    -3.93256  
295.900    -3.94508  
296.000    -3.95760  
296.100    -3.97011  
296.200    -3.98263  
296.300    -3.99514  
296.400    -4.00765  
296.500    -4.02016  
296.600    -4.03267  
296.700    -4.04518  
296.800    -4.05768  
296.900    -4.07019  
297.000    -4.08269  
297.100    -4.09520  
297.200    -4.10770  
297.300    -4.12020  
297.400    -4.13270  
297.500    -4.14520  
297.600    -4.15770  
297.700    -4.17019  
297.800    -4.18269  
297.900    -4.19518  
298.000    -4.20767  
298.100    -4.22017  
298.200    -4.23266  
298.300    -4.24515  
298.400    -4.25763  
298.500    -4.27012  
298.600    -4.28261  
298.700    -4.29509  
298.800    -4.30758  
298.900    -4.32006  
299.000    -4.33254  
299.100    -4.34502  
299.200    -4.35750  
299.300    -4.36998  
299.400    -4.38245  
299.500    -4.39493  
299.600    -4.40740  
299.700    -4.41988  
299.800    -4.43235  
299.900    -4.44482  
300.000    -4.45729  
300.100    -4.46976  
300.200    -4.48223  
300.300    -4.49469  
300.400    -4.50716  
300.500    -4.51963  
300.600    -4.53209  
300.700    -4.54455  
300.800    -4.55701  
300.900    -4.56947  
301.000    -4.58193  
301.100    -4.59439  
301.200    -4.60685  
301.300    -4.61930  
301.400    -4.63176  
301.500    -4.64421  
301.600    -4.65666  
301.700    -4.66912  
301.800    -4.68157  
301.900    -4.69402  
302.000    -4.70646  
302.100    -4.71891  
302.200    -4.73136  
302.300    -4.74380  
302.400    -4.75625  
302.500    -4.76869  
302.600    -4.78113  
302.700    -4.79357  
302.800    -4.80601  
302.900    -4.81845  
303.000    -4.83089  
303.100    -4.84332  
303.200    -4.85576  
303.300    -4.86819  
303.400    -4.88063  
303.500    -4.89306  
303.600    -4.90549  
303.700    -4.91792  
303.800    -4.93035  
303.900    -4.94278  
304.000    -4.95521  
304.100    -4.96763  
304.200    -4.98006  
304.300    -4.99248  
304.400    -5.00491  
304.500    -5.01733  
304.600    -5.02975  
304.700    -5.04217  
304.800    -5.05459  
304.900    -5.06701  
305.000    -5.07942  
305.100    -5.09184  
305.200    -5.10425  
305.300    -5.11667  
305.400    -5.12908  
305.500    -5.14149  
305.600    -5.15390  
305.700    -5.16631  
305.800    -5.17872  
305.900    -5.19113  
306.000    -5.20354  
306.100    -5.21594  
306.200    -5.22835  
306.300    -5.24075  
306.400    -5.25315  
306.500    -5.26555  
306.600    -5.27796  
306.700    -5.29036  
306.800    -5.30275  
306.900    -5.31515  
307.000    -5.32755  
307.100    -5.33994  
307.200    -5.35234  
307.300    -5.36473  
307.400    -5.37713  
307.500    -5.38952  
307.600    -5.40191  
307.700    -5.41430  
307.800    -5.42669  
307.900    -5.43908  
308.000    -5.45146  
308.100    -5.46385  
308.200    -5.47624  
308.300    -5.48862  
308.400    -5.50100  
308.500    -5.51339  
308.600    -5.52577  
308.700    -5.53815  
308.800    -5.55053  
308.900    -5.56291  
309.000    -5.57528  
309.100    -5.58766  
309.200    -5.60004  
309.300    -5.61241  
309.400    -5.62478  
309.500    -5.63716  
309.600    -5.64953  
309.700    -5.66190  
309.800    -5.67427  
309.900    -5.68664  
310.000    -5.69901  
310.100    -5.71137  
310.200    -5.72374  
310.300    -5.73611  
310.400    -5.74847  
310.500    -5.76083  
310.600    -5.77320  
310.700    -5.78556  
310.800    -5.79792  
310.900    -5.81028  
311.000    -5.82264  
311.100    -5.83500  
311.200    -5.84735  
311.300    -5.85971  
311.400    -5.87207  
311.500    -5.88442  
311.600    -5.89677  
311.700    -5.90913  
311.800    -5.92148  
311.900    -5.93383  
312.000    -5.94618  
312.100    -5.95853  
312.200    -5.97088  
312.300    -5.98322  
312.400    -5.99557  
312.500    -6.00791  
312.600    -6.02026  
312.700    -6.03260  
312.800    -6.04495  
312.900    -6.05729  
313.000    -6.06963  
313.100    -6.08197  
313.200    -6.09431  
313.300    -6.10665  
313.400    -6.11898  
313.500    -6.13132  
313.600    -6.14366  
313.700    -6.15599  
313.800    -6.16833  
313.900    -6.18066  
314.000    -6.19299  
314.100    -6.20532  
314.200    -6.21765  
314.300    -6.22998  
314.400    -6.24231  
314.500    -6.25464  
314.600    -6.26697  
314.700    -6.27929  
314.800    -6.29162  
314.900    -6.30395  
315.000    -6.31627  
315.100    -6.32859  
315.200    -6.34091  
315.300    -6.35324  
315.400    -6.36556  
315.500    -6.37788  
315.600    -6.39019  
315.700    -6.40251  
315.800    -6.41483  
315.900    -6.42715  
316.000    -6.43946  
316.100    -6.45178  
316.200    -6.46409  
316.300    -6.47640  
316.400    -6.48872  
316.500    -6.50103  
316.600    -6.51334  
316.700    -6.52565  
316.800    -6.53796  
316.900    -6.55026  
317.000    -6.56257  
317.100    -6.57488  
317.200    -6.58718  
317.300    -6.59949  
317.400    -6.61179  
317.500    -6.62410  
317.600    -6.63640  
317.700    -6.64870  
317.800    -6.66100  
317.900    -6.67330  
318.000    -6.68560  
318.100    -6.69790  
318.200    -6.71020  
318.300    -6.72250  
318.400    -6.73479  
318.500    -6.74709  
318.600    -6.75938  
318.700    -6.77168  
318.800    -6.78397  
318.900    -6.79626  
319.000    -6.80855  
319.100    -6.82084  
319.200    -6.83313  
319.300    -6.84542  
319.400    -6.85771  
319.500    -6.87000  
319.600    -6.88229  
319.700    -6.89457  
319.800    -6.90686  
319.900    -6.91914  
320.000    -6.93143  
320.100    -6.94371  
320.200    -6.95599  
320.300    -6.96827  
320.400    -6.98055  
320.500    -6.99283  
320.600    -7.00511  
320.700    -7.01739  
320.800    -7.02967  
320.900    -7.04195  
321.000    -7.05422  
321.100    -7.06650  
321.200    -7.07877  
321.300    -7.09105  
321.400    -7.10332  
321.500    -7.11559  
321.600    -7.12787  
321.700    -7.14014  
321.800    -7.15241  
321.900    -7.16468  
322.000    -7.17695  
322.100    -7.18922  
322.200    -7.20148  
322.300    -7.21375  
322.400    -7.22602  
322.500    -7.23828  
322.600    -7.25055  
322.700    -7.26281  
322.800    -7.27507  
322.900    -7.28734  
323.000    -7.29960  
323.100    -7.31186  
323.200    -7.32412  
323.300    -7.33638  
323.400    -7.34864  
323.500    -7.36090  
323.600    -7.37316  
323.700    -7.38541  
323.800    -7.39767  
323.900    -7.40993  
324.000    -7.42218  
324.100    -7.43443  
324.200    -7.44669  
324.300    -7.45894  
324.400    -7.47119  
324.500    -7.48344  
324.600    -7.49570  
324.700    -7.50795  
324.800    -7.52020  
324.900    -7.53244  
325.000    -7.54469  
325.100    -7.55694  
325.200    -7.56919  
325.300    -7.58143  
325.400    -7.59368  
325.500    -7.60592  
325.600    -7.61817  
325.700    -7.63041  
325.800    -7.64265  
325.900    -7.65490  
326.000    -7.66714  
326.100    -7.67938  
326.200    -7.69162  
326.300    -7.70386  
326.400    -7.71610  
326.500    -7.72833  
326.600    -7.74057  
326.700    -7.75281  
326.800    -7.76504  
326.900    -7.77728  
327.000    -7.78952  
327.100    -7.80175  
327.200    -7.81398  
327.300    -7.82622  
327.400    -7.83845  
327.500    -7.85068  
327.600    -7.86291  
327.700    -7.87514  
327.800    -7.88737  
327.900    -7.89960  
328.000    -7.91183  
328.100    -7.92406  
328.200    -7.93629  
328.300    -7.94851  
328.400    -7.96074  
328.500    -7.97296  
328.600    -7.98519  
328.700    -7.99741  
328.800    -8.00964  
328.900    -8.02186  
329.000    -8.03408  
329.100    -8.04630  
329.200    -8.05853  
329.300    -8.07075  
329.400    -8.08297  
329.500    -8.09519  
329.600    -8.10740  
329.700    -8.11962  
329.800    -8.13184  
329.900    -8.14406  
330.000    -8.15627  
330.100    -8.16849  
330.200    -8.18071  
330.300    -8.19292  
330.400    -8.20513  
330.500    -8.21735  
330.600    -8.22956  
330.700    -8.24177  
330.800    -8.25398  
330.900    -8.26620  
331.000    -8.27841  
331.100    -8.29062  
331.200    -8.30283  
331.300    -8.31503  
331.400    -8.32724  
331.500    -8.33945  
331.600    -8.35166  
331.700    -8.36386  
331.800    -8.37607  
331.900    -8.38828  
332.000    -8.40048  
332.100    -8.41269  
332.200    -8.42489  
332.300    -8.43709  
332.400    -8.44929  
332.500    -8.46150  
332.600    -8.47370  
332.700    -8.48590  
332.800    -8.49810  
332.900    -8.51030  
333.000    -8.52250  
333.100    -8.53470  
333.200    -8.54690  
333.300    -8.55909  
333.400    -8.57129  
333.500    -8.58349  
333.600    -8.59568  
333.700    -8.60788  
333.800    -8.62007  
333.900    -8.63227  
334.000    -8.64446  
334.100    -8.65666  
334.200    -8.66885  
334.300    -8.68104  
334.400    -8.69323  
334.500    -8.70543  
334.600    -8.71762  
334.700    -8.72981  
334.800    -8.74200  
334.900    -8.75419  
335.000    -8.76637  
335.100    -8.77856  
335.200    -8.79075  
335.300    -8.80294  
335.400    -8.81512  
335.500    -8.82731  
335.600    -8.83950  
335.700    -8.85168  
335.800    -8.86387  
335.900    -8.87605  
336.000    -8.88823  
336.100    -8.90042  
336.200    -8.91260  
336.300    -8.92478  
336.400    -8.93696  
336.500    -8.94914  
336.600    -8.96133  
336.700    -8.97351  
336.800    -8.98569  
336.900    -8.99786  
337.000    -9.01004  
337.100    -9.02222  
337.200    -9.03440  
337.300    -9.04658  
337.400    -9.05875  
337.500    -9.07093  
337.600    -9.08311  
337.700    -9.09528  
337.800    -9.10746  
337.900    -9.11963  
338.000    -9.13180  
338.100    -9.14398  
338.200    -9.15615  
338.300    -9.16832  
338.400    -9.18050  
338.500    -9.19267  
338.600    -9.20484  
338.700    -9.21701  
338.800    -9.22918  
338.900    -9.24135  
339.000    -9.25352  
339.100    -9.26569  
339.200    -9.27786  
339.300    -9.29003  
339.400    -9.30219  
339.500    -9.31436  
339.600    -9.32653  
339.700    -9.33869  
339.800    -9.35086  
339.900    -9.36302  
340.000    -9.37519  
340.100    -9.38735  
340.200    -9.39952  
340.300    -9.41168  
340.400    -9.42384  
340.500    -9.43601  
340.600    -9.44817  
340.700    -9.46033  
340.800    -9.47249  
340.900    -9.48465  
341.000    -9.49681  
341.100    -9.50898  
341.200    -9.52113  
341.300    -9.53329  
341.400    -9.54545  
341.500    -9.55761  
341.600    -9.56977  
341.700    -9.58193  
341.800    -9.59409  
341.900    -9.60624  
342.000    -9.61840  
342.100    -9.63055  
342.200    -9.64271  
342.300    -9.65487  
342.400    -9.66702  
342.500    -9.67917  
342.600    -9.69133  
342.700    -9.70348  
342.800    -9.71564  
342.900    -9.72779  
343.000    -9.73994  
343.100    -9.75209  
343.200    -9.76425  
343.300    -9.77640  
343.400    -9.78855  
343.500    -9.80070  
343.600    -9.81285  
343.700    -9.82500  
343.800    -9.83715  
343.900    -9.84930  
344.000    -9.86145  
344.100    -9.87359  
344.200    -9.88574  
344.300    -9.89789  
344.400    -9.91004  
344.500    -9.92218  
344.600    -9.93433  
344.700    -9.94648  
344.800    -9.95862  
344.900    -9.97077  
345.000    -9.98291  
345.100    -9.99506  
345.200   -10.00720  
345.300   -10.01934  
345.400   -10.03149  
345.500   -10.04363  
345.600   -10.05577  
345.700   -10.06792  
345.800   -10.08006  
345.900   -10.09220  
346.000   -10.10434  
346.100   -10.11648  
346.200   -10.12862  
346.300   -10.14076  
346.400   -10.15290  
346.500   -10.16504  
346.600   -10.17718  
346.700   -10.18932  
346.800   -10.20146  
346.900   -10.21360  
347.000   -10.22574  
347.100   -10.23788  
347.200   -10.25001  
347.300   -10.26215  
347.400   -10.27429  
347.500   -10.28642  
347.600   -10.29856  
347.700   -10.31070  
347.800   -10.32283  
347.900   -10.33497  
348.000   -10.34710  
348.100   -10.35924  
348.200   -10.37137  
348.300   -10.38350  
348.400   -10.39564  
348.500   -10.40777  
348.600   -10.41990  
348.700   -10.43204  
348.800   -10.44417  
348.900   -10.45630  
349.000   -10.46843  
349.100   -10.48056  
349.200   -10.49269  
349.300   -10.50483  
349.400   -10.51696  
349.500   -10.52909  
349.600   -10.54122  
349.700   -10.55335  
349.800   -10.56548  
349.900   -10.57760  
350.000   -10.58973  