0.000     0.00000  
  0.100     0.00000  
  0.200     0.00000  
  0.300     0.00000  
  0.400     0.00000  
  0.500     0.00000  
  0.600     0.00000  
  0.700     0.00000  
  0.800     0.00000  
  0.900     0.00000  
  1.000     0.00000  
  1.100     0.00000  
  1.200     0.00000  
  1.300     0.00000  
  1.400     0.00000  
  1.500     0.00000  
  1.600     0.00000  
  1.700     0.00000  
  1.800     0.00000  
  1.900     0.00000  
  2.000     0.00000  
  2.100     0.00000  
  2.200     0.00000  
  2.300     0.00000  
  2.400     0.00000  
  2.500     0.00000  
  2.600     0.00000  
  2.700     0.00000  
  2.800     0.00000  
  2.900     0.00000  
  3.000     0.00000  
  3.100     0.00000  
  3.200     0.00000  
  3.300     0.00000  
  3.400     0.00000  
  3.500     0.00000  
  3.600     0.00000  
  3.700     0.00000  
  3.800     0.00000  
  3.900     0.00000  
  4.000     0.00000  
  4.100     0.00000  
  4.200     0.00000  
  4.300     0.00000  
  4.400     0.00000  
  4.500     0.00000  
  4.600     0.00000  
  4.700     0.00000  
  4.800     0.00000  
  4.900     0.00000  
  5.000     0.00000  
  5.100     0.00000  
  5.200     0.00000  
  5.300     0.00000  
  5.400     0.00000  
  5.500     0.00000  
  5.600     0.00000  
  5.700     0.00000  
  5.800     0.00000  
  5.900     0.00000  
  6.000     0.00000  
  6.100     0.00000  
  6.200     0.00000  
  6.300     0.00000  
  6.400     0.00000  
  6.500     0.00000  
  6.600     0.00000  
  6.700     0.00000  
  6.800     0.00000  
  6.900     0.00000  
  7.000     0.00000  
  7.100     0.00000  
  7.200     0.00000  
  7.300     0.00000  
  7.400     0.00000  
  7.500     0.00000  
  7.600     0.00000  
  7.700     0.00000  
  7.800     0.00000  
  7.900     0.00000  
  8.000     0.00000  
  8.100     0.00000  
  8.200     0.00000  
  8.300     0.00000  
  8.400     0.00000  
  8.500     0.00000  
  8.600     0.00000  
  8.700     0.00000  
  8.800     0.00000  
  8.900     0.00000  
  9.000     0.00000  
  9.100     0.00000  
  9.200     0.00000  
  9.300     0.00000  
  9.400     0.00000  
  9.500     0.00000  
  9.600     0.00000  
  9.700     0.00000  
  9.800     0.00000  
  9.900     0.00000  
 10.000     0.00000  
 10.100     0.00000  
 10.200     0.00000  
 10.300     0.00000  
 10.400     0.00000  
 10.500     0.00000  
 10.600     0.00000  
 10.700     0.00000  
 10.800     0.00000  
 10.900     0.00000  
 11.000     0.00000  
 11.100     0.00000  
 11.200     0.00000  
 11.300     0.00000  
 11.400     0.00000  
 11.500     0.00000  
 11.600     0.00000  
 11.700     0.00000  
 11.800     0.00000  
 11.900     0.00000  
 12.000     0.00000  
 12.100     0.00000  
 12.200     0.00000  
 12.300     0.00000  
 12.400     0.00000  
 12.500     0.00000  
 12.600     0.00000  
 12.700     0.00000  
 12.800     0.00000  
 12.900     0.00000  
 13.000     0.00000  
 13.100     0.00000  
 13.200     0.00000  
 13.300     0.00000  
 13.400     0.00000  
 13.500     0.00000  
 13.600     0.00000  
 13.700     0.00000  
 13.800     0.00000  
 13.900     0.00000  
 14.000     0.00000  
 14.100     0.00000  
 14.200     0.00000  
 14.300     0.00000  
 14.400     0.00000  
 14.500     0.00000  
 14.600     0.00000  
 14.700     0.00000  
 14.800     0.00000  
 14.900     0.00000  
 15.000     0.00000  
 15.100     0.00000  
 15.200     0.00000  
 15.300     0.00000  
 15.400     0.00000  
 15.500     0.00000  
 15.600     0.00000  
 15.700     0.00000  
 15.800     0.00000  
 15.900     0.00000  
 16.000     0.00000  
 16.100     0.00001  
 16.200     0.00001  
 16.300     0.00001  
 16.400     0.00001  
 16.500     0.00001  
 16.600     0.00001  
 16.700     0.00001  
 16.800     0.00001  
 16.900     0.00001  
 17.000     0.00001  
 17.100     0.00001  
 17.200     0.00001  
 17.300     0.00001  
 17.400     0.00001  
 17.500     0.00001  
 17.600     0.00001  
 17.700     0.00001  
 17.800     0.00001  
 17.900     0.00001  
 18.000     0.00001  
 18.100     0.00001  
 18.200     0.00001  
 18.300     0.00001  
 18.400     0.00001  
 18.500     0.00001  
 18.600     0.00001  
 18.700     0.00001  
 18.800     0.00001  
 18.900     0.00001  
 19.000     0.00001  
 19.100     0.00001  
 19.200     0.00001  
 19.300     0.00001  
 19.400     0.00001  
 19.500     0.00001  
 19.600     0.00002  
 19.700     0.00002  
 19.800     0.00002  
 19.900     0.00002  
 20.000     0.00002  
 20.100     0.00002  
 20.200     0.00002  
 20.300     0.00002  
 20.400     0.00002  
 20.500     0.00002  
 20.600     0.00002  
 20.700     0.00002  
 20.800     0.00002  
 20.900     0.00002  
 21.000     0.00002  
 21.100     0.00002  
 21.200     0.00002  
 21.300     0.00002  
 21.400     0.00002  
 21.500     0.00002  
 21.600     0.00002  
 21.700     0.00002  
 21.800     0.00002  
 21.900     0.00003  
 22.000     0.00003  
 22.100     0.00003  
 22.200     0.00003  
 22.300     0.00003  
 22.400     0.00003  
 22.500     0.00003  
 22.600     0.00003  
 22.700     0.00003  
 22.800     0.00003  
 22.900     0.00003  
 23.000     0.00003  
 23.100     0.00003  
 23.200     0.00003  
 23.300     0.00004  
 23.400     0.00004  
 23.500     0.00004  
 23.600     0.00004  
 23.700     0.00004  
 23.800     0.00004  
 23.900     0.00004  
 24.000     0.00004  
 24.100     0.00004  
 24.200     0.00004  
 24.300     0.00004  
 24.400     0.00004  
 24.500     0.00004  
 24.600     0.00004  
 24.700     0.00005  
 24.800     0.00005  
 24.900     0.00005  
 25.000     0.00005  
 25.100     0.00005  
 25.200     0.00005  
 25.300     0.00005  
 25.400     0.00005  
 25.500     0.00005  
 25.600     0.00005  
 25.700     0.00005  
 25.800     0.00006  
 25.900     0.00006  
 26.000     0.00006  
 26.100     0.00006  
 26.200     0.00006  
 26.300     0.00006  
 26.400     0.00006  
 26.500     0.00006  
 26.600     0.00006  
 26.700     0.00007  
 26.800     0.00007  
 26.900     0.00007  
 27.000     0.00007  
 27.100     0.00007  
 27.200     0.00007  
 27.300     0.00007  
 27.400     0.00007  
 27.500     0.00007  
 27.600     0.00008  
 27.700     0.00008  
 27.800     0.00008  
 27.900     0.00008  
 28.000     0.00008  
 28.100     0.00008  
 28.200     0.00008  
 28.300     0.00008  
 28.400     0.00009  
 28.500     0.00009  
 28.600     0.00009  
 28.700     0.00009  
 28.800     0.00009  
 28.900     0.00009  
 29.000     0.00009  
 29.100     0.00010  
 29.200     0.00010  
 29.300     0.00010  
 29.400     0.00010  
 29.500     0.00010  
 29.600     0.00010  
 29.700     0.00010  
 29.800     0.00011  
 29.900     0.00011  
 30.000     0.00011  
 30.100     0.00011  
 30.200     0.00011  
 30.300     0.00011  
 30.400     0.00012  
 30.500     0.00012  
 30.600     0.00012  
 30.700     0.00012  
 30.800     0.00012  
 30.900     0.00012  
 31.000     0.00013  
 31.100     0.00013  
 31.200     0.00013  
 31.300     0.00013  
 31.400     0.00013  
 31.500     0.00013  
 31.600     0.00014  
 31.700     0.00014  
 31.800     0.00014  
 31.900     0.00014  
 32.000     0.00014  
 32.100     0.00014  
 32.200     0.00015  
 32.300     0.00015  
 32.400     0.00015  
 32.500     0.00015  
 32.600     0.00015  
 32.700     0.00016  
 32.800     0.00016  
 32.900     0.00016  
 33.000     0.00016  
 33.100     0.00017  
 33.200     0.00017  
 33.300     0.00017  
 33.400     0.00017  
 33.500     0.00017  
 33.600     0.00018  
 33.700     0.00018  
 33.800     0.00018  
 33.900     0.00018  
 34.000     0.00019  
 34.100     0.00019  
 34.200     0.00019  
 34.300     0.00019  
 34.400     0.00019  
 34.500     0.00020  
 34.600     0.00020  
 34.700     0.00020  
 34.800     0.00020  
 34.900     0.00021  
 35.000     0.00021  
 35.100     0.00021  
 35.200     0.00021  
 35.300     0.00022  
 35.400     0.00022  
 35.500     0.00022  
 35.600     0.00022  
 35.700     0.00023  
 35.800     0.00023  
 35.900     0.00023  
 36.000     0.00023  
 36.100     0.00024  
 36.200     0.00024  
 36.300     0.00024  
 36.400     0.00024  
 36.500     0.00025  
 36.600     0.00025  
 36.700     0.00025  
 36.800     0.00025  
 36.900     0.00026  
 37.000     0.00026  
 37.100     0.00026  
 37.200     0.00027  
 37.300     0.00027  
 37.400     0.00027  
 37.500     0.00027  
 37.600     0.00028  
 37.700     0.00028  
 37.800     0.00028  
 37.900     0.00029  
 38.000     0.00029  
 38.100     0.00029  
 38.200     0.00030  
 38.300     0.00030  
 38.400     0.00030  
 38.500     0.00030  
 38.600     0.00031  
 38.700     0.00031  
 38.800     0.00031  
 38.900     0.00032  
 39.000     0.00032  
 39.100     0.00032  
 39.200     0.00033  
 39.300     0.00033  
 39.400     0.00033  
 39.500     0.00034  
 39.600     0.00034  
 39.700     0.00034  
 39.800     0.00035  
 39.900     0.00035  
 40.000     0.00035  
 40.100     0.00036  
 40.200     0.00036  
 40.300     0.00036  
 40.400     0.00037  
 40.500     0.00037  
 40.600     0.00037  
 40.700     0.00038  
 40.800     0.00038  
 40.900     0.00039  
 41.000     0.00039  
 41.100     0.00039  
 41.200     0.00040  
 41.300     0.00040  
 41.400     0.00040  
 41.500     0.00041  
 41.600     0.00041  
 41.700     0.00041  
 41.800     0.00042  
 41.900     0.00042  
 42.000     0.00043  
 42.100     0.00043  
 42.200     0.00043  
 42.300     0.00044  
 42.400     0.00044  
 42.500     0.00045  
 42.600     0.00045  
 42.700     0.00045  
 42.800     0.00046  
 42.900     0.00046  
 43.000     0.00047  
 43.100     0.00047  
 43.200     0.00047  
 43.300     0.00048  
 43.400     0.00048  
 43.500     0.00049  
 43.600     0.00049  
 43.700     0.00050  
 43.800     0.00050  
 43.900     0.00050  
 44.000     0.00051  
 44.100     0.00051  
 44.200     0.00052  
 44.300     0.00052  
 44.400     0.00053  
 44.500     0.00053  
 44.600     0.00053  
 44.700     0.00054  
 44.800     0.00054  
 44.900     0.00055  
 45.000     0.00055  
 45.100     0.00056  
 45.200     0.00056  
 45.300     0.00057  
 45.400     0.00057  
 45.500     0.00058  
 45.600     0.00058  
 45.700     0.00058  
 45.800     0.00059  
 45.900     0.00059  
 46.000     0.00060  
 46.100     0.00060  
 46.200     0.00061  
 46.300     0.00061  
 46.400     0.00062  
 46.500     0.00062  
 46.600     0.00063  
 46.700     0.00063  
 46.800     0.00064  
 46.900     0.00064  
 47.000     0.00065  
 47.100     0.00065  
 47.200     0.00066  
 47.300     0.00066  
 47.400     0.00067  
 47.500     0.00067  
 47.600     0.00068  
 47.700     0.00068  
 47.800     0.00069  
 47.900     0.00069  
 48.000     0.00070  
 48.100     0.00070  
 48.200     0.00071  
 48.300     0.00071  
 48.400     0.00072  
 48.500     0.00073  
 48.600     0.00073  
 48.700     0.00074  
 48.800     0.00074  
 48.900     0.00075  
 49.000     0.00075  
 49.100     0.00076  
 49.200     0.00076  
 49.300     0.00077  
 49.400     0.00078  
 49.500     0.00078  
 49.600     0.00079  
 49.700     0.00079  
 49.800     0.00080  
 49.900     0.00080  
 50.000     0.00081  
 50.100     0.00081  
 50.200     0.00082  
 50.300     0.00083  
 50.400     0.00083  
 50.500     0.00084  
 50.600     0.00084  
 50.700     0.00085  
 50.800     0.00086  
 50.900     0.00086  
 51.000     0.00087  
 51.100     0.00087  
 51.200     0.00088  
 51.300     0.00089  
 51.400     0.00089  
 51.500     0.00090  
 51.600     0.00090  
 51.700     0.00091  
 51.800     0.00092  
 51.900     0.00092  
 52.000     0.00093  
 52.100     0.00094  
 52.200     0.00094  
 52.300     0.00095  
 52.400     0.00096  
 52.500     0.00096  
 52.600     0.00097  
 52.700     0.00097  
 52.800     0.00098  
 52.900     0.00099  
 53.000     0.00099  
 53.100     0.00100  
 53.200     0.00101  
 53.300     0.00101  
 53.400     0.00102  
 53.500     0.00103  
 53.600     0.00103  
 53.700     0.00104  
 53.800     0.00105  
 53.900     0.00105  
 54.000     0.00106  
 54.100     0.00107  
 54.200     0.00107  
 54.300     0.00108  
 54.400     0.00109  
 54.500     0.00109  
 54.600     0.00110  
 54.700     0.00111  
 54.800     0.00111  
 54.900     0.00112  
 55.000     0.00113  
 55.100     0.00114  
 55.200     0.00114  
 55.300     0.00115  
 55.400     0.00116  
 55.500     0.00116  
 55.600     0.00117  
 55.700     0.00118  
 55.800     0.00119  
 55.900     0.00119  
 56.000     0.00120  
 56.100     0.00121  
 56.200     0.00122  
 56.300     0.00122  
 56.400     0.00123  
 56.500     0.00124  
 56.600     0.00125  
 56.700     0.00125  
 56.800     0.00126  
 56.900     0.00127  
 57.000     0.00128  
 57.100     0.00128  
 57.200     0.00129  
 57.300     0.00130  
 57.400     0.00131  
 57.500     0.00131  
 57.600     0.00132  
 57.700     0.00133  
 57.800     0.00134  
 57.900     0.00134  
 58.000     0.00135  
 58.100     0.00136  
 58.200     0.00137  
 58.300     0.00138  
 58.400     0.00138  
 58.500     0.00139  
 58.600     0.00140  
 58.700     0.00141  
 58.800     0.00141  
 58.900     0.00142  
 59.000     0.00143  
 59.100     0.00144  
 59.200     0.00145  
 59.300     0.00146  
 59.400     0.00146  
 59.500     0.00147  
 59.600     0.00148  
 59.700     0.00149  
 59.800     0.00150  
 59.900     0.00150  
 60.000     0.00151  
 60.100     0.00152  
 60.200     0.00153  
 60.300     0.00154  
 60.400     0.00155  
 60.500     0.00156  
 60.600     0.00156  
 60.700     0.00157  
 60.800     0.00158  
 60.900     0.00159  
 61.000     0.00160  
 61.100     0.00161  
 61.200     0.00162  
 61.300     0.00162  
 61.400     0.00163  
 61.500     0.00164  
 61.600     0.00165  
 61.700     0.00166  
 61.800     0.00167  
 61.900     0.00168  
 62.000     0.00169  
 62.100     0.00169  
 62.200     0.00170  
 62.300     0.00171  
 62.400     0.00172  
 62.500     0.00173  
 62.600     0.00174  
 62.700     0.00175  
 62.800     0.00176  
 62.900     0.00177  
 63.000     0.00178  
 63.100     0.00179  
 63.200     0.00179  
 63.300     0.00180  
 63.400     0.00181  
 63.500     0.00182  
 63.600     0.00183  
 63.700     0.00184  
 63.800     0.00185  
 63.900     0.00186  
 64.000     0.00187  
 64.100     0.00188  
 64.200     0.00189  
 64.300     0.00190  
 64.400     0.00191  
 64.500     0.00192  
 64.600     0.00193  
 64.700     0.00194  
 64.800     0.00195  
 64.900     0.00196  
 65.000     0.00197  
 65.100     0.00197  
 65.200     0.00198  
 65.300     0.00199  
 65.400     0.00200  
 65.500     0.00201  
 65.600     0.00202  
 65.700     0.00203  
 65.800     0.00204  
 65.900     0.00205  
 66.000     0.00206  
 66.100     0.00207  
 66.200     0.00208  
 66.300     0.00209  
 66.400     0.00210  
 66.500     0.00211  
 66.600     0.00212  
 66.700     0.00213  
 66.800     0.00214  
 66.900     0.00215  
 67.000     0.00216  
 67.100     0.00217  
 67.200     0.00218  
 67.300     0.00219  
 67.400     0.00220  
 67.500     0.00222  
 67.600     0.00223  
 67.700     0.00224  
 67.800     0.00225  
 67.900     0.00226  
 68.000     0.00227  
 68.100     0.00228  
 68.200     0.00229  
 68.300     0.00230  
 68.400     0.00231  
 68.500     0.00232  
 68.600     0.00233  
 68.700     0.00234  
 68.800     0.00235  
 68.900     0.00236  
 69.000     0.00237  
 69.100     0.00238  
 69.200     0.00240  
 69.300     0.00241  
 69.400     0.00242  
 69.500     0.00243  
 69.600     0.00244  
 69.700     0.00245  
 69.800     0.00246  
 69.900     0.00247  
 70.000     0.00248  
 70.100     0.00249  
 70.200     0.00251  
 70.300     0.00252  
 70.400     0.00253  
 70.500     0.00254  
 70.600     0.00255  
 70.700     0.00256  
 70.800     0.00257  
 70.900     0.00258  
 71.000     0.00260  
 71.100     0.00261  
 71.200     0.00262  
 71.300     0.00263  
 71.400     0.00264  
 71.500     0.00265  
 71.600     0.00266  
 71.700     0.00267  
 71.800     0.00269  
 71.900     0.00270  
 72.000     0.00271  
 72.100     0.00272  
 72.200     0.00273  
 72.300     0.00274  
 72.400     0.00276  
 72.500     0.00277  
 72.600     0.00278  
 72.700     0.00279  
 72.800     0.00280  
 72.900     0.00282  
 73.000     0.00283  
 73.100     0.00284  
 73.200     0.00285  
 73.300     0.00286  
 73.400     0.00287  
 73.500     0.00289  
 73.600     0.00290  
 73.700     0.00291  
 73.800     0.00292  
 73.900     0.00293  
 74.000     0.00295  
 74.100     0.00296  
 74.200     0.00297  
 74.300     0.00298  
 74.400     0.00300  
 74.500     0.00301  
 74.600     0.00302  
 74.700     0.00303  
 74.800     0.00304  
 74.900     0.00306  
 75.000     0.00307  
 75.100     0.00308  
 75.200     0.00309  
 75.300     0.00311  
 75.400     0.00312  
 75.500     0.00313  
 75.600     0.00314  
 75.700     0.00316  
 75.800     0.00317  
 75.900     0.00318  
 76.000     0.00319  
 76.100     0.00321  
 76.200     0.00322  
 76.300     0.00323  
 76.400     0.00325  
 76.500     0.00326  
 76.600     0.00327  
 76.700     0.00328  
 76.800     0.00330  
 76.900     0.00331  
 77.000     0.00332  
 77.100     0.00334  
 77.200     0.00335  
 77.300     0.00336  
 77.400     0.00338  
 77.500     0.00339  
 77.600     0.00340  
 77.700     0.00341  
 77.800     0.00343  
 77.900     0.00344  
 78.000     0.00345  
 78.100     0.00347  
 78.200     0.00348  
 78.300     0.00349  
 78.400     0.00351  
 78.500     0.00352  
 78.600     0.00353  
 78.700     0.00355  
 78.800     0.00356  
 78.900     0.00357  
 79.000     0.00359  
 79.100     0.00360  
 79.200     0.00361  
 79.300     0.00363  
 79.400     0.00364  
 79.500     0.00365  
 79.600     0.00367  
 79.700     0.00368  
 79.800     0.00370  
 79.900     0.00371  
 80.000     0.00372  
 80.100     0.00374  
 80.200     0.00375  
 80.300     0.00376  
 80.400     0.00378  
 80.500     0.00379  
 80.600     0.00381  
 80.700     0.00382  
 80.800     0.00383  
 80.900     0.00385  
 81.000     0.00386  
 81.100     0.00388  
 81.200     0.00389  
 81.300     0.00390  
 81.400     0.00392  
 81.500     0.00393  
 81.600     0.00395  
 81.700     0.00396  
 81.800     0.00398  
 81.900     0.00399  
 82.000     0.00400  
 82.100     0.00402  
 82.200     0.00403  
 82.300     0.00405  
 82.400     0.00406  
 82.500     0.00408  
 82.600     0.00409  
 82.700     0.00410  
 82.800     0.00412  
 82.900     0.00413  
 83.000     0.00415  
 83.100     0.00416  
 83.200     0.00418  
 83.300     0.00419  
 83.400     0.00421  
 83.500     0.00422  
 83.600     0.00424  
 83.700     0.00425  
 83.800     0.00427  
 83.900     0.00428  
 84.000     0.00429  
 84.100     0.00431  
 84.200     0.00432  
 84.300     0.00434  
 84.400     0.00435  
 84.500     0.00437  
 84.600     0.00438  
 84.700     0.00440  
 84.800     0.00441  
 84.900     0.00443  
 85.000     0.00444  
 85.100     0.00446  
 85.200     0.00447  
 85.300     0.00449  
 85.400     0.00450  
 85.500     0.00452  
 85.600     0.00453  
 85.700     0.00455  
 85.800     0.00457  
 85.900     0.00458  
 86.000     0.00460  
 86.100     0.00461  
 86.200     0.00463  
 86.300     0.00464  
 86.400     0.00466  
 86.500     0.00467  
 86.600     0.00469  
 86.700     0.00470  
 86.800     0.00472  
 86.900     0.00474  
 87.000     0.00475  
 87.100     0.00477  
 87.200     0.00478  
 87.300     0.00480  
 87.400     0.00481  
 87.500     0.00483  
 87.600     0.00484  
 87.700     0.00486  
 87.800     0.00488  
 87.900     0.00489  
 88.000     0.00491  
 88.100     0.00492  
 88.200     0.00494  
 88.300     0.00496  
 88.400     0.00497  
 88.500     0.00499  
 88.600     0.00500  
 88.700     0.00502  
 88.800     0.00504  
 88.900     0.00505  
 89.000     0.00507  
 89.100     0.00508  
 89.200     0.00510  
 89.300     0.00512  
 89.400     0.00513  
 89.500     0.00515  
 89.600     0.00517  
 89.700     0.00518  
 89.800     0.00520  
 89.900     0.00521  
 90.000     0.00523  
 90.100     0.00525  
 90.200     0.00526  
 90.300     0.00528  
 90.400     0.00530  
 90.500     0.00531  
 90.600     0.00533  
 90.700     0.00535  
 90.800     0.00536  
 90.900     0.00538  
 91.000     0.00540  
 91.100     0.00541  
 91.200     0.00543  
 91.300     0.00545  
 91.400     0.00546  
 91.500     0.00548  
 91.600     0.00550  
 91.700     0.00551  
 91.800     0.00553  
 91.900     0.00555  
 92.000     0.00556  
 92.100     0.00558  
 92.200     0.00560  
 92.300     0.00562  
 92.400     0.00563  
 92.500     0.00565  
 92.600     0.00567  
 92.700     0.00568  
 92.800     0.00570  
 92.900     0.00572  
 93.000     0.00573  
 93.100     0.00575  
 93.200     0.00577  
 93.300     0.00579  
 93.400     0.00580  
 93.500     0.00582  
 93.600     0.00584  
 93.700     0.00586  
 93.800     0.00587  
 93.900     0.00589  
 94.000     0.00591  
 94.100     0.00593  
 94.200     0.00594  
 94.300     0.00596  
 94.400     0.00598  
 94.500     0.00600  
 94.600     0.00601  
 94.700     0.00603  
 94.800     0.00605  
 94.900     0.00607  
 95.000     0.00608  
 95.100     0.00610  
 95.200     0.00612  
 95.300     0.00614  
 95.400     0.00615  
 95.500     0.00617  
 95.600     0.00619  
 95.700     0.00621  
 95.800     0.00623  
 95.900     0.00624  
 96.000     0.00626  
 96.100     0.00628  
 96.200     0.00630  
 96.300     0.00632  
 96.400     0.00633  
 96.500     0.00635  
 96.600     0.00637  
 96.700     0.00639  
 96.800     0.00641  
 96.900     0.00642  
 97.000     0.00644  
 97.100     0.00646  
 97.200     0.00648  
 97.300     0.00650  
 97.400     0.00651  
 97.500     0.00653  
 97.600     0.00655  
 97.700     0.00657  
 97.800     0.00659  
 97.900     0.00661  
 98.000     0.00662  
 98.100     0.00664  
 98.200     0.00666  
 98.300     0.00668  
 98.400     0.00670  
 98.500     0.00672  
 98.600     0.00674  
 98.700     0.00675  
 98.800     0.00677  
 98.900     0.00679  
 99.000     0.00681  
 99.100     0.00683  
 99.200     0.00685  
 99.300     0.00687  
 99.400     0.00689  
 99.500     0.00690  
 99.600     0.00692  
 99.700     0.00694  
 99.800     0.00696  
 99.900     0.00698  
100.000     0.00700  
100.100     0.00702  
100.200     0.00704  
100.300     0.00706  
100.400     0.00707  
100.500     0.00709  
100.600     0.00711  
100.700     0.00713  
100.800     0.00715  
100.900     0.00717  
101.000     0.00719  
101.100     0.00721  
101.200     0.00723  
101.300     0.00725  
101.400     0.00727  
101.500     0.00729  
101.600     0.00731  
101.700     0.00732  
101.800     0.00734  
101.900     0.00736  
102.000     0.00738  
102.100     0.00740  
102.200     0.00742  
102.300     0.00744  
102.400     0.00746  
102.500     0.00748  
102.600     0.00750  
102.700     0.00752  
102.800     0.00754  
102.900     0.00756  
103.000     0.00758  
103.100     0.00760  
103.200     0.00762  
103.300     0.00764  
103.400     0.00766  
103.500     0.00768  
103.600     0.00770  
103.700     0.00772  
103.800     0.00774  
103.900     0.00776  
104.000     0.00778  
104.100     0.00780  
104.200     0.00782  
104.300     0.00784  
104.400     0.00786  
104.500     0.00788  
104.600     0.00790  
104.700     0.00792  
104.800     0.00794  
104.900     0.00796  
105.000     0.00798  
105.100     0.00800  
105.200     0.00802  
105.300     0.00804  
105.400     0.00806  
105.500     0.00808  
105.600     0.00810  
105.700     0.00812  
105.800     0.00814  
105.900     0.00816  
106.000     0.00818  
106.100     0.00820  
106.200     0.00822  
106.300     0.00824  
106.400     0.00826  
106.500     0.00828  
106.600     0.00830  
106.700     0.00832  
106.800     0.00835  
106.900     0.00837  
107.000     0.00839  
107.100     0.00841  
107.200     0.00843  
107.300     0.00845  
107.400     0.00847  
107.500     0.00849  
107.600     0.00851  
107.700     0.00853  
107.800     0.00855  
107.900     0.00857  
108.000     0.00859  
108.100     0.00862  
108.200     0.00864  
108.300     0.00866  
108.400     0.00868  
108.500     0.00870  
108.600     0.00872  
108.700     0.00874  
108.800     0.00876  
108.900     0.00878  
109.000     0.00881  
109.100     0.00883  
109.200     0.00885  
109.300     0.00887  
109.400     0.00889  
109.500     0.00891  
109.600     0.00893  
109.700     0.00895  
109.800     0.00898  
109.900     0.00900  
110.000     0.00902  
110.100     0.00904  
110.200     0.00906  
110.300     0.00908  
110.400     0.00910  
110.500     0.00913  
110.600     0.00915  
110.700     0.00917  
110.800     0.00919  
110.900     0.00921  
111.000     0.00923  
111.100     0.00925  
111.200     0.00928  
111.300     0.00930  
111.400     0.00932  
111.500     0.00934  
111.600     0.00936  
111.700     0.00939  
111.800     0.00941  
111.900     0.00943  
112.000     0.00945  
112.100     0.00947  
112.200     0.00949  
112.300     0.00952  
112.400     0.00954  
112.500     0.00956  
112.600     0.00958  
112.700     0.00960  
112.800     0.00963  
112.900     0.00965  
113.000     0.00967  
113.100     0.00969  
113.200     0.00972  
113.300     0.00974  
113.400     0.00976  
113.500     0.00978  
113.600     0.00980  
113.700     0.00983  
113.800     0.00985  
113.900     0.00987  
114.000     0.00989  
114.100     0.00992  
114.200     0.00994  
114.300     0.00996  
114.400     0.00998  
114.500     0.01001  
114.600     0.01003  
114.700     0.01005  
114.800     0.01007  
114.900     0.01010  
115.000     0.01012  
115.100     0.01014  
115.200     0.01016  
115.300     0.01019  
115.400     0.01021  
115.500     0.01023  
115.600     0.01025  
115.700     0.01028  
115.800     0.01030  
115.900     0.01032  
116.000     0.01035  
116.100     0.01037  
116.200     0.01039  
116.300     0.01041  
116.400     0.01044  
116.500     0.01046  
116.600     0.01048  
116.700     0.01051  
116.800     0.01053  
116.900     0.01055  
117.000     0.01058  
117.100     0.01060  
117.200     0.01062  
117.300     0.01064  
117.400     0.01067  
117.500     0.01069  
117.600     0.01071  
117.700     0.01074  
117.800     0.01076  
117.900     0.01078  
118.000     0.01081  
118.100     0.01083  
118.200     0.01085  
118.300     0.01088  
118.400     0.01090  
118.500     0.01092  
118.600     0.01095  
118.700     0.01097  
118.800     0.01099  
118.900     0.01102  
119.000     0.01104  
119.100     0.01106  
119.200     0.01109  
119.300     0.01111  
119.400     0.01114  
119.500     0.01116  
119.600     0.01118  
119.700     0.01121  
119.800     0.01123  
119.900     0.01125  
120.000     0.01128  
120.100     0.01130  
120.200     0.01133  
120.300     0.01135  
120.400     0.01137  
120.500     0.01140  
120.600     0.01142  
120.700     0.01144  
120.800     0.01147  
120.900     0.01149  
121.000     0.01152  
121.100     0.01154  
121.200     0.01156  
121.300     0.01159  
121.400     0.01161  
121.500     0.01164  
121.600     0.01166  
121.700     0.01168  
121.800     0.01171  
121.900     0.01173  
122.000     0.01176  
122.100     0.01178  
122.200     0.01181  
122.300     0.01183  
122.400     0.01185  
122.500     0.01188  
122.600     0.01190  
122.700     0.01193  
122.800     0.01195  
122.900     0.01198  
123.000     0.01200  
123.100     0.01202  
123.200     0.01205  
123.300     0.01207  
123.400     0.01210  
123.500     0.01212  
123.600     0.01215  
123.700     0.01217  
123.800     0.01220  
123.900     0.01222  
124.000     0.01225  
124.100     0.01227  
124.200     0.01230  
124.300     0.01232  
124.400     0.01234  
124.500     0.01237  
124.600     0.01239  
124.700     0.01242  
124.800     0.01244  
124.900     0.01247  
125.000     0.01249  
125.100     0.01252  
125.200     0.01254  
125.300     0.01257  
125.400     0.01259  
125.500     0.01262  
125.600     0.01264  
125.700     0.01267  
125.800     0.01269  
125.900     0.01272  
126.000     0.01274  
126.100     0.01277  
126.200     0.01279  
126.300     0.01282  
126.400     0.01284  
126.500     0.01287  
126.600     0.01290  
126.700     0.01292  
126.800     0.01295  
126.900     0.01297  
127.000     0.01300  
127.100     0.01302  
127.200     0.01305  
127.300     0.01307  
127.400     0.01310  
127.500     0.01312  
127.600     0.01315  
127.700     0.01317  
127.800     0.01320  
127.900     0.01323  
128.000     0.01325  
128.100     0.01328  
128.200     0.01330  
128.300     0.01333  
128.400     0.01335  
128.500     0.01338  
128.600     0.01340  
128.700     0.01343  
128.800     0.01346  
128.900     0.01348  
129.000     0.01351  
129.100     0.01353  
129.200     0.01356  
129.300     0.01359  
129.400     0.01361  
129.500     0.01364  
129.600     0.01366  
129.700     0.01369  
129.800     0.01371  
129.900     0.01374  
130.000     0.01377  
130.100     0.01379  
130.200     0.01382  
130.300     0.01385  
130.400     0.01387  
130.500     0.01390  
130.600     0.01392  
130.700     0.01395  
130.800     0.01398  
130.900     0.01400  
131.000     0.01403  
131.100     0.01405  
131.200     0.01408  
131.300     0.01411  
131.400     0.01413  
131.500     0.01416  
131.600     0.01419  
131.700     0.01421  
131.800     0.01424  
131.900     0.01427  
132.000     0.01429  
132.100     0.01432  
132.200     0.01434  
132.300     0.01437  
132.400     0.01440  
132.500     0.01442  
132.600     0.01445  
132.700     0.01448  
132.800     0.01450  
132.900     0.01453  
133.000     0.01456  
133.100     0.01458  
133.200     0.01461  
133.300     0.01464  
133.400     0.01466  
133.500     0.01469  
133.600     0.01472  
133.700     0.01474  
133.800     0.01477  
133.900     0.01480  
134.000     0.01482  
134.100     0.01485  
134.200     0.01488  
134.300     0.01491  
134.400     0.01493  
134.500     0.01496  
134.600     0.01499  
134.700     0.01501  
134.800     0.01504  
134.900     0.01507  
135.000     0.01509  
135.100     0.01512  
135.200     0.01515  
135.300     0.01518  
135.400     0.01520  
135.500     0.01523  
135.600     0.01526  
135.700     0.01529  
135.800     0.01531  
135.900     0.01534  
136.000     0.01537  
136.100     0.01539  
136.200     0.01542  
136.300     0.01545  
136.400     0.01548  
136.500     0.01550  
136.600     0.01553  
136.700     0.01556  
136.800     0.01559  
136.900     0.01561  
137.000     0.01564  
137.100     0.01567  
137.200     0.01570  
137.300     0.01572  
137.400     0.01575  
137.500     0.01578  
137.600     0.01581  
137.700     0.01583  
137.800     0.01586  
137.900     0.01589  
138.000     0.01592  
138.100     0.01594  
138.200     0.01597  
138.300     0.01600  
138.400     0.01603  
138.500     0.01606  
138.600     0.01608  
138.700     0.01611  
138.800     0.01614  
138.900     0.01617  
139.000     0.01620  
139.100     0.01622  
139.200     0.01625  
139.300     0.01628  
139.400     0.01631  
139.500     0.01634  
139.600     0.01636  
139.700     0.01639  
139.800     0.01642  
139.900     0.01645  
140.000     0.01648  
140.100     0.01650  
140.200     0.01653  
140.300     0.01656  
140.400     0.01659  
140.500     0.01662  
140.600     0.01665  
140.700     0.01667  
140.800     0.01670  
140.900     0.01673  
141.000     0.01676  
141.100     0.01679  
141.200     0.01682  
141.300     0.01684  
141.400     0.01687  
141.500     0.01690  
141.600     0.01693  
141.700     0.01696  
141.800     0.01699  
141.900     0.01702  
142.000     0.01704  
142.100     0.01707  
142.200     0.01710  
142.300     0.01713  
142.400     0.01716  
142.500     0.01719  
142.600     0.01722  
142.700     0.01724  
142.800     0.01727  
142.900     0.01730  
143.000     0.01733  
143.100     0.01736  
143.200     0.01739  
143.300     0.01742  
143.400     0.01745  
143.500     0.01748  
143.600     0.01750  
143.700     0.01753  
143.800     0.01756  
143.900     0.01759  
144.000     0.01762  
144.100     0.01765  
144.200     0.01768  
144.300     0.01771  
144.400     0.01774  
144.500     0.01777  
144.600     0.01779  
144.700     0.01782  
144.800     0.01785  
144.900     0.01788  
145.000     0.01791  
145.100     0.01794  
145.200     0.01797  
145.300     0.01800  
145.400     0.01803  
145.500     0.01806  
145.600     0.01809  
145.700     0.01812  
145.800     0.01815  
145.900     0.01817  
146.000     0.01820  
146.100     0.01823  
146.200     0.01826  
146.300     0.01829  
146.400     0.01832  
146.500     0.01835  
146.600     0.01838  
146.700     0.01841  
146.800     0.01844  
146.900     0.01847  
147.000     0.01850  
147.100     0.01853  
147.200     0.01856  
147.300     0.01859  
147.400     0.01862  
147.500     0.01865  
147.600     0.01868  
147.700     0.01871  
147.800     0.01874  
147.900     0.01877  
148.000     0.01880  
148.100     0.01883  
148.200     0.01886  
148.300     0.01889  
148.400     0.01892  
148.500     0.01895  
148.600     0.01898  
148.700     0.01901  
148.800     0.01904  
148.900     0.01907  
149.000     0.01910  
149.100     0.01913  
149.200     0.01916  
149.300     0.01919  
149.400     0.01922  
149.500     0.01925  
149.600     0.01928  
149.700     0.01931  
149.800     0.01934  
149.900     0.01937  
150.000     0.01940  
150.100     0.01943  
150.200     0.01946  
150.300     0.01949  
150.400     0.01952  
150.500     0.01955  
150.600     0.01958  
150.700     0.01961  
150.800     0.01964  
150.900     0.01967  
151.000     0.01970  
151.100     0.01973  
151.200     0.01976  
151.300     0.01979  
151.400     0.01982  
151.500     0.01985  
151.600     0.01988  
151.700     0.01991  
151.800     0.01994  
151.900     0.01998  
152.000     0.02001  
152.100     0.02004  
152.200     0.02007  
152.300     0.02010  
152.400     0.02013  
152.500     0.02016  
152.600     0.02019  
152.700     0.02022  
152.800     0.02025  
152.900     0.02028  
153.000     0.02031  
153.100     0.02034  
153.200     0.02037  
153.300     0.02041  
153.400     0.02044  
153.500     0.02047  
153.600     0.02050  
153.700     0.02053  
153.800     0.02056  
153.900     0.02059  
154.000     0.02062  
154.100     0.02065  
154.200     0.02068  
154.300     0.02072  
154.400     0.02075  
154.500     0.02078  
154.600     0.02081  
154.700     0.02084  
154.800     0.02087  
154.900     0.02090  
155.000     0.02093  
155.100     0.02096  
155.200     0.02100  
155.300     0.02103  
155.400     0.02106  
155.500     0.02109  
155.600     0.02112  
155.700     0.02115  
155.800     0.02118  
155.900     0.02122  
156.000     0.02125  
156.100     0.02128  
156.200     0.02131  
156.300     0.02134  
156.400     0.02137  
156.500     0.02140  
156.600     0.02144  
156.700     0.02147  
156.800     0.02150  
156.900     0.02153  
157.000     0.02156  
157.100     0.02159  
157.200     0.02163  
157.300     0.02166  
157.400     0.02169  
157.500     0.02172  
157.600     0.02175  
157.700     0.02178  
157.800     0.02182  
157.900     0.02185  
158.000     0.02188  
158.100     0.02191  
158.200     0.02194  
158.300     0.02198  
158.400     0.02201  
158.500     0.02204  
158.600     0.02207  
158.700     0.02210  
158.800     0.02214  
158.900     0.02217  
159.000     0.02220  
159.100     0.02223  
159.200     0.02226  
159.300     0.02230  
159.400     0.02233  
159.500     0.02236  
159.600     0.02239  
159.700     0.02242  
159.800     0.02246  
159.900     0.02249  
160.000     0.02252  
160.100     0.02255  
160.200     0.02258  
160.300     0.02262  
160.400     0.02265  
160.500     0.02268  
160.600     0.02271  
160.700     0.02275  
160.800     0.02278  
160.900     0.02281  
161.000     0.02284  
161.100     0.02288  
161.200     0.02291  
161.300     0.02294  
161.400     0.02297  
161.500     0.02301  
161.600     0.02304  
161.700     0.02307  
161.800     0.02310  
161.900     0.02314  
162.000     0.02317  
162.100     0.02320  
162.200     0.02323  
162.300     0.02327  
162.400     0.02330  
162.500     0.02333  
162.600     0.02337  
162.700     0.02340  
162.800     0.02343  
162.900     0.02346  
163.000     0.02350  
163.100     0.02353  
163.200     0.02356  
163.300     0.02359  
163.400     0.02363  
163.500     0.02366  
163.600     0.02369  
163.700     0.02373  
163.800     0.02376  
163.900     0.02379  
164.000     0.02382  
164.100     0.02386  
164.200     0.02389  
164.300     0.02392  
164.400     0.02396  
164.500     0.02399  
164.600     0.02402  
164.700     0.02406  
164.800     0.02409  
164.900     0.02412  
165.000     0.02416  
165.100     0.02419  
165.200     0.02422  
165.300     0.02426  
165.400     0.02429  
165.500     0.02432  
165.600     0.02436  
165.700     0.02439  
165.800     0.02442  
165.900     0.02446  
166.000     0.02449  
166.100     0.02452  
166.200     0.02456  
166.300     0.02459  
166.400     0.02462  
166.500     0.02466  
166.600     0.02469  
166.700     0.02472  
166.800     0.02476  
166.900     0.02479  
167.000     0.02482  
167.100     0.02486  
167.200     0.02489  
167.300     0.02492  
167.400     0.02496  
167.500     0.02499  
167.600     0.02503  
167.700     0.02506  
167.800     0.02509  
167.900     0.02513  
168.000     0.02516  
168.100     0.02519  
168.200     0.02523  
168.300     0.02526  
168.400     0.02530  
168.500     0.02533  
168.600     0.02536  
168.700     0.02540  
168.800     0.02543  
168.900     0.02546  
169.000     0.02550  
169.100     0.02553  
169.200     0.02557  
169.300     0.02560  
169.400     0.02563  
169.500     0.02567  
169.600     0.02570  
169.700     0.02574  
169.800     0.02577  
169.900     0.02580  
170.000     0.02584  
170.100     0.02587  
170.200     0.02591  
170.300     0.02594  
170.400     0.02598  
170.500     0.02601  
170.600     0.02604  
170.700     0.02608  
170.800     0.02611  
170.900     0.02615  
171.000     0.02618  
171.100     0.02622  
171.200     0.02625  
171.300     0.02628  
171.400     0.02632  
171.500     0.02635  
171.600     0.02639  
171.700     0.02642  
171.800     0.02646  
171.900     0.02649  
172.000     0.02653  
172.100     0.02656  
172.200     0.02660  
172.300     0.02663  
172.400     0.02666  
172.500     0.02670  
172.600     0.02673  
172.700     0.02677  
172.800     0.02680  
172.900     0.02684  
173.000     0.02687  
173.100     0.02691  
173.200     0.02694  
173.300     0.02698  
173.400     0.02701  
173.500     0.02705  
173.600     0.02708  
173.700     0.02712  
173.800     0.02715  
173.900     0.02719  
174.000     0.02722  
174.100     0.02726  
174.200     0.02729  
174.300     0.02733  
174.400     0.02736  
174.500     0.02740  
174.600     0.02743  
174.700     0.02747  
174.800     0.02750  
174.900     0.02754  
175.000     0.02757  
175.100     0.02761  
175.200     0.02764  
175.300     0.02768  
175.400     0.02771  
175.500     0.02775  
175.600     0.02778  
175.700     0.02782  
175.800     0.02785  
175.900     0.02789  
176.000     0.02792  
176.100     0.02796  
176.200     0.02799  
176.300     0.02803  
176.400     0.02806  
176.500     0.02810  
176.600     0.02813  
176.700     0.02817  
176.800     0.02821  
176.900     0.02824  
177.000     0.02828  
177.100     0.02831  
177.200     0.02835  
177.300     0.02838  
177.400     0.02842  
177.500     0.02845  
177.600     0.02849  
177.700     0.02853  
177.800     0.02856  
177.900     0.02860  
178.000     0.02863  
178.100     0.02867  
178.200     0.02870  
178.300     0.02874  
178.400     0.02877  
178.500     0.02881  
178.600     0.02885  
178.700     0.02888  
178.800     0.02892  
178.900     0.02895  
179.000     0.02899  
179.100     0.02902  
179.200     0.02906  
179.300     0.02910  
179.400     0.02913  
179.500     0.02917  
179.600     0.02920  
179.700     0.02924  
179.800     0.02928  
179.900     0.02931  
180.000     0.02935  
180.100     0.02938  
180.200     0.02942  
180.300     0.02946  
180.400     0.02949  
180.500     0.02953  
180.600     0.02956  
180.700     0.02960  
180.800     0.02964  
180.900     0.02967  
181.000     0.02971  
181.100     0.02975  
181.200     0.02978  
181.300     0.02982  
181.400     0.02985  
181.500     0.02989  
181.600     0.02993  
181.700     0.02996  
181.800     0.03000  
181.900     0.03004  
182.000     0.03007  
182.100     0.03011  
182.200     0.03014  
182.300     0.03018  
182.400     0.03022  
182.500     0.03025  
182.600     0.03029  
182.700     0.03033  
182.800     0.03036  
182.900     0.03040  
183.000     0.03044  
183.100     0.03047  
183.200     0.03051  
183.300     0.03055  
183.400     0.03058  
183.500     0.03062  
183.600     0.03066  
183.700     0.03069  
183.800     0.03073  
183.900     0.03077  
184.000     0.03080  
184.100     0.03084  
184.200     0.03088  
184.300     0.03091  
184.400     0.03095  
184.500     0.03099  
184.600     0.03102  
184.700     0.03106  
184.800     0.03110  
184.900     0.03114  
185.000     0.03117  
185.100     0.03121  
185.200     0.03125  
185.300     0.03128  
185.400     0.03132  
185.500     0.03136  
185.600     0.03139  
185.700     0.03143  
185.800     0.03147  
185.900     0.03151  
186.000     0.03154  
186.100     0.03158  
186.200     0.03162  
186.300     0.03165  
186.400     0.03169  
186.500     0.03173  
186.600     0.03177  
186.700     0.03180  
186.800     0.03184  
186.900     0.03188  
187.000     0.03192  
187.100     0.03195  
187.200     0.03199  
187.300     0.03203  
187.400     0.03206  
187.500     0.03210  
187.600     0.03214  
187.700     0.03218  
187.800     0.03221  
187.900     0.03225  
188.000     0.03229  
188.100     0.03233  
188.200     0.03236  
188.300     0.03240  
188.400     0.03244  
188.500     0.03248  
188.600     0.03251  
188.700     0.03255  
188.800     0.03259  
188.900     0.03263  
189.000     0.03266  
189.100     0.03270  
189.200     0.03274  
189.300     0.03278  
189.400     0.03282  
189.500     0.03285  
189.600     0.03289  
189.700     0.03293  
189.800     0.03297  
189.900     0.03300  
190.000     0.03304  
190.100     0.03308  
190.200     0.03312  
190.300     0.03316  
190.400     0.03319  
190.500     0.03323  
190.600     0.03327  
190.700     0.03331  
190.800     0.03335  
190.900     0.03338  
191.000     0.03342  
191.100     0.03346  
191.200     0.03350  
191.300     0.03354  
191.400     0.03357  
191.500     0.03361  
191.600     0.03365  
191.700     0.03369  
191.800     0.03373  
191.900     0.03376  
192.000     0.03380  
192.100     0.03384  
192.200     0.03388  
192.300     0.03392  
192.400     0.03395  
192.500     0.03399  
192.600     0.03403  
192.700     0.03407  
192.800     0.03411  
192.900     0.03415  
193.000     0.03419  
193.100     0.03422  
193.200     0.03426  
193.300     0.03430  
193.400     0.03434  
193.500     0.03438  
193.600     0.03442  
193.700     0.03445  
193.800     0.03449  
193.900     0.03453  
194.000     0.03457  
194.100     0.03461  
194.200     0.03465  
194.300     0.03469  
194.400     0.03472  
194.500     0.03476  
194.600     0.03480  
194.700     0.03484  
194.800     0.03488  
194.900     0.03492  
195.000     0.03496  
195.100     0.03500  
195.200     0.03503  
195.300     0.03507  
195.400     0.03511  
195.500     0.03515  
195.600     0.03519  
195.700     0.03523  
195.800     0.03527  
195.900     0.03531  
196.000     0.03534  
196.100     0.03538  
196.200     0.03542  
196.300     0.03546  
196.400     0.03550  
196.500     0.03554  
196.600     0.03558  
196.700     0.03562  
196.800     0.03566  
196.900     0.03570  
197.000     0.03574  
197.100     0.03577  
197.200     0.03581  
197.300     0.03585  
197.400     0.03589  
197.500     0.03593  
197.600     0.03597  
197.700     0.03601  
197.800     0.03605  
197.900     0.03609  
198.000     0.03613  
198.100     0.03617  
198.200     0.03621  
198.300     0.03624  
198.400     0.03628  
198.500     0.03632  
198.600     0.03636  
198.700     0.03640  
198.800     0.03644  
198.900     0.03648  
199.000     0.03652  
199.100     0.03656  
199.200     0.03660  
199.300     0.03664  
199.400     0.03668  
199.500     0.03672  
199.600     0.03676  
199.700     0.03680  
199.800     0.03684  
199.900     0.03688  
200.000     0.03692  
200.100     0.03696  
200.200     0.03700  
200.300     0.03703  
200.400     0.03707  
200.500     0.03711  
200.600     0.03715  
200.700     0.03719  
200.800     0.03723  
200.900     0.03727  
201.000     0.03731  
201.100     0.03735  
201.200     0.03739  
201.300     0.03743  
201.400     0.03747  
201.500     0.03751  
201.600     0.03755  
201.700     0.03759  
201.800     0.03763  
201.900     0.03767  
202.000     0.03771  
202.100     0.03775  
202.200     0.03779  
202.300     0.03783  
202.400     0.03787  
202.500     0.03791  
202.600     0.03795  
202.700     0.03799  
202.800     0.03803  
202.900     0.03807  
203.000     0.03811  
203.100     0.03815  
203.200     0.03819  
203.300     0.03823  
203.400     0.03827  
203.500     0.03831  
203.600     0.03835  
203.700     0.03839  
203.800     0.03843  
203.900     0.03847  
204.000     0.03851  
204.100     0.03856  
204.200     0.03860  
204.300     0.03864  
204.400     0.03868  
204.500     0.03872  
204.600     0.03876  
204.700     0.03880  
204.800     0.03884  
204.900     0.03888  
205.000     0.03892  
205.100     0.03896  
205.200     0.03900  
205.300     0.03904  
205.400     0.03908  
205.500     0.03912  
205.600     0.03916  
205.700     0.03920  
205.800     0.03924  
205.900     0.03928  
206.000     0.03932  
206.100     0.03937  
206.200     0.03941  
206.300     0.03945  
206.400     0.03949  
206.500     0.03953  
206.600     0.03957  
206.700     0.03961  
206.800     0.03965  
206.900     0.03969  
207.000     0.03973  
207.100     0.03977  
207.200     0.03981  
207.300     0.03986  
207.400     0.03990  
207.500     0.03994  
207.600     0.03998  
207.700     0.04002  
207.800     0.04006  
207.900     0.04010  
208.000     0.04014  
208.100     0.04018  
208.200     0.04022  
208.300     0.04027  
208.400     0.04031  
208.500     0.04035  
208.600     0.04039  
208.700     0.04043  
208.800     0.04047  
208.900     0.04051  
209.000     0.04055  
209.100     0.04059  
209.200     0.04064  
209.300     0.04068  
209.400     0.04072  
209.500     0.04076  
209.600     0.04080  
209.700     0.04084  
209.800     0.04088  
209.900     0.04092  
210.000     0.04097  
210.100     0.04101  
210.200     0.04105  
210.300     0.04109  
210.400     0.04113  
210.500     0.04117  
210.600     0.04121  
210.700     0.04126  
210.800     0.04130  
210.900     0.04134  
211.000     0.04138  
211.100     0.04142  
211.200     0.04146  
211.300     0.04151  
211.400     0.04155  
211.500     0.04159  
211.600     0.04163  
211.700     0.04167  
211.800     0.04171  
211.900     0.04176  
212.000     0.04180  
212.100     0.04184  
212.200     0.04188  
212.300     0.04192  
212.400     0.04196  
212.500     0.04201  
212.600     0.04205  
212.700     0.04209  
212.800     0.04213  
212.900     0.04217  
213.000     0.04221  
213.100     0.04226  
213.200     0.04230  
213.300     0.04234  
213.400     0.04238  
213.500     0.04242  
213.600     0.04247  
213.700     0.04251  
213.800     0.04255  
213.900     0.04259  
214.000     0.04263  
214.100     0.04268  
214.200     0.04272  
214.300     0.04276  
214.400     0.04280  
214.500     0.04285  
214.600     0.04289  
214.700     0.04293  
214.800     0.04297  
214.900     0.04301  
215.000     0.04306  
215.100     0.04310  
215.200     0.04314  
215.300     0.04318  
215.400     0.04323  
215.500     0.04327  
215.600     0.04331  
215.700     0.04335  
215.800     0.04339  
215.900     0.04344  
216.000     0.04348  
216.100     0.04352  
216.200     0.04356  
216.300     0.04361  
216.400     0.04365  
216.500     0.04369  
216.600     0.04373  
216.700     0.04378  
216.800     0.04382  
216.900     0.04386  
217.000     0.04390  
217.100     0.04395  
217.200     0.04399  
217.300     0.04403  
217.400     0.04407  
217.500     0.04412  
217.600     0.04416  
217.700     0.04420  
217.800     0.04425  
217.900     0.04429  
218.000     0.04433  
218.100     0.04437  
218.200     0.04442  
218.300     0.04446  
218.400     0.04450  
218.500     0.04455  
218.600     0.04459  
218.700     0.04463  
218.800     0.04467  
218.900     0.04472  
219.000     0.04476  
219.100     0.04480  
219.200     0.04485  
219.300     0.04489  
219.400     0.04493  
219.500     0.04497  
219.600     0.04502  
219.700     0.04506  
219.800     0.04510  
219.900     0.04515  
220.000     0.04519  
220.100     0.04523  
220.200     0.04528  
220.300     0.04532  
220.400     0.04536  
220.500     0.04541  
220.600     0.04545  
220.700     0.04549  
220.800     0.04554  
220.900     0.04558  
221.000     0.04562  
221.100     0.04567  
221.200     0.04571  
221.300     0.04575  
221.400     0.04580  
221.500     0.04584  
221.600     0.04588  
221.700     0.04593  
221.800     0.04597  
221.900     0.04601  
222.000     0.04606  
222.100     0.04610  
222.200     0.04614  
222.300     0.04619  
222.400     0.04623  
222.500     0.04627  
222.600     0.04632  
222.700     0.04636  
222.800     0.04640  
222.900     0.04645  
223.000     0.04649  
223.100     0.04653  
223.200     0.04658  
223.300     0.04662  
223.400     0.04667  
223.500     0.04671  
223.600     0.04675  
223.700     0.04680  
223.800     0.04684  
223.900     0.04688  
224.000     0.04693  
224.100     0.04697  
224.200     0.04702  
224.300     0.04706  
224.400     0.04710  
224.500     0.04715  
224.600     0.04719  
224.700     0.04723  
224.800     0.04728  
224.900     0.04732  
225.000     0.04737  
225.100     0.04741  
225.200     0.04745  
225.300     0.04750  
225.400     0.04754  
225.500     0.04759  
225.600     0.04763  
225.700     0.04767  
225.800     0.04772  
225.900     0.04776  
226.000     0.04781  
226.100     0.04785  
226.200     0.04789  
226.300     0.04794  
226.400     0.04798  
226.500     0.04803  
226.600     0.04807  
226.700     0.04812  
226.800     0.04816  
226.900     0.04820  
227.000     0.04825  
227.100     0.04829  
227.200     0.04834  
227.300     0.04838  
227.400     0.04843  
227.500     0.04847  
227.600     0.04851  
227.700     0.04856  
227.800     0.04860  
227.900     0.04865  
228.000     0.04869  
228.100     0.04874  
228.200     0.04878  
228.300     0.04883  
228.400     0.04887  
228.500     0.04891  
228.600     0.04896  
228.700     0.04900  
228.800     0.04905  
228.900     0.04909  
229.000     0.04914  
229.100     0.04918  
229.200     0.04923  
229.300     0.04927  
229.400     0.04932  
229.500     0.04936  
229.600     0.04941  
229.700     0.04945  
229.800     0.04949  
229.900     0.04954  
230.000     0.04958  
230.100     0.04963  
230.200     0.04967  
230.300     0.04972  
230.400     0.04976  
230.500     0.04981  
230.600     0.04985  
230.700     0.04990  
230.800     0.04994  
230.900     0.04999  
231.000     0.05003  
231.100     0.05008  
231.200     0.05012  
231.300     0.05017  
231.400     0.05021  
231.500     0.05026  
231.600     0.05030  
231.700     0.05035  
231.800     0.05039  
231.900     0.05044  
232.000     0.05048  
232.100     0.05053  
232.200     0.05057  
232.300     0.05062  
232.400     0.05066  
232.500     0.05071  
232.600     0.05075  
232.700     0.05080  
232.800     0.05084  
232.900     0.05089  
233.000     0.05093  
233.100     0.05098  
233.200     0.05103  
233.300     0.05107  
233.400     0.05112  
233.500     0.05116  
233.600     0.05121  
233.700     0.05125  
233.800     0.05130  
233.900     0.05134  
234.000     0.05139  
234.100     0.05143  
234.200     0.05148  
234.300     0.05153  
234.400     0.05157  
234.500     0.05162  
234.600     0.05166  
234.700     0.05171  
234.800     0.05175  
234.900     0.05180  
235.000     0.05184  
235.100     0.05189  
235.200     0.05194  
235.300     0.05198  
235.400     0.05203  
235.500     0.05207  
235.600     0.05212  
235.700     0.05216  
235.800     0.05221  
235.900     0.05226  
236.000     0.05230  
236.100     0.05235  
236.200     0.05239  
236.300     0.05244  
236.400     0.05248  
236.500     0.05253  
236.600     0.05258  
236.700     0.05262  
236.800     0.05267  
236.900     0.05271  
237.000     0.05276  
237.100     0.05281  
237.200     0.05285  
237.300     0.05290  
237.400     0.05294  
237.500     0.05299  
237.600     0.05304  
237.700     0.05308  
237.800     0.05313  
237.900     0.05317  
238.000     0.05322  
238.100     0.05327  
238.200     0.05331  
238.300     0.05336  
238.400     0.05340  
238.500     0.05345  
238.600     0.05350  
238.700     0.05354  
238.800     0.05359  
238.900     0.05364  
239.000     0.05368  
239.100     0.05373  
239.200     0.05377  
239.300     0.05382  
239.400     0.05387  
239.500     0.05391  
239.600     0.05396  
239.700     0.05401  
239.800     0.05405  
239.900     0.05410  
240.000     0.05415  
240.100     0.05419  
240.200     0.05424  
240.300     0.05429  
240.400     0.05433  
240.500     0.05438  
240.600     0.05442  
240.700     0.05447  
240.800     0.05452  
240.900     0.05456  
241.000     0.05461  
241.100     0.05466  
241.200     0.05470  
241.300     0.05475  
241.400     0.05480  
241.500     0.05484  
241.600     0.05489  
241.700     0.05494  
241.800     0.05498  
241.900     0.05503  
242.000     0.05508  
242.100     0.05513  
242.200     0.05517  
242.300     0.05522  
242.400     0.05527  
242.500     0.05531  
242.600     0.05536  
242.700     0.05541  
242.800     0.05545  
242.900     0.05550  
243.000     0.05555  
243.100     0.05559  
243.200     0.05564  
243.300     0.05569  
243.400     0.05573  
243.500     0.05578  
243.600     0.05583  
243.700     0.05588  
243.800     0.05592  
243.900     0.05597  
244.000     0.05602  
244.100     0.05606  
244.200     0.05611  
244.300     0.05616  
244.400     0.05621  
244.500     0.05625  
244.600     0.05630  
244.700     0.05635  
244.800     0.05639  
244.900     0.05644  
245.000     0.05649  
245.100     0.05654  
245.200     0.05658  
245.300     0.05663  
245.400     0.05668  
245.500     0.05673  
245.600     0.05677  
245.700     0.05682  
245.800     0.05687  
245.900     0.05692  
246.000     0.05696  
246.100     0.05701  
246.200     0.05706  
246.300     0.05711  
246.400     0.05715  
246.500     0.05720  
246.600     0.05725  
246.700     0.05730  
246.800     0.05734  
246.900     0.05739  
247.000     0.05744  
247.100     0.05749  
247.200     0.05753  
247.300     0.05758  
247.400     0.05763  
247.500     0.05768  
247.600     0.05772  
247.700     0.05777  
247.800     0.05782  
247.900     0.05787  
248.000     0.05791  
248.100     0.05796  
248.200     0.05801  
248.300     0.05806  
248.400     0.05811  
248.500     0.05815  
248.600     0.05820  
248.700     0.05825  
248.800     0.05830  
248.900     0.05835  
249.000     0.05839  
249.100     0.05844  
249.200     0.05849  
249.300     0.05854  
249.400     0.05859  
249.500     0.05863  
249.600     0.05868  
249.700     0.05873  
249.800     0.05878  
249.900     0.05883  
250.000     0.05887  
250.100     0.05892  
250.200     0.05897  
250.300     0.05902  
250.400     0.05907  
250.500     0.05911  
250.600     0.05916  
250.700     0.05921  
250.800     0.05926  
250.900     0.05931  
251.000     0.05936  
251.100     0.05940  
251.200     0.05945  
251.300     0.05950  
251.400     0.05955  
251.500     0.05960  
251.600     0.05965  
251.700     0.05969  
251.800     0.05974  
251.900     0.05979  
252.000     0.05984  
252.100     0.05989  
252.200     0.05994  
252.300     0.05998  
252.400     0.06003  
252.500     0.06008  
252.600     0.06013  
252.700     0.06018  
252.800     0.06023  
252.900     0.06028  
253.000     0.06032  
253.100     0.06037  
253.200     0.06042  
253.300     0.06047  
253.400     0.06052  
253.500     0.06057  
253.600     0.06062  
253.700     0.06067  
253.800     0.06071  
253.900     0.06076  
254.000     0.06081  
254.100     0.06086  
254.200     0.06091  
254.300     0.06096  
254.400     0.06101  
254.500     0.06106  
254.600     0.06110  
254.700     0.06115  
254.800     0.06120  
254.900     0.06125  
255.000     0.06130  
255.100     0.06135  
255.200     0.06140  
255.300     0.06145  
255.400     0.06150  
255.500     0.06154  
255.600     0.06159  
255.700     0.06164  
255.800     0.06169  
255.900     0.06174  
256.000     0.06179  
256.100     0.06184  
256.200     0.06189  
256.300     0.06194  
256.400     0.06199  
256.500     0.06204  
256.600     0.06208  
256.700     0.06213  
256.800     0.06218  
256.900     0.06223  
257.000     0.06228  
257.100     0.06233  
257.200     0.06238  
257.300     0.06243  
257.400     0.06248  
257.500     0.06253  
257.600     0.06258  
257.700     0.06263  
257.800     0.06268  
257.900     0.06273  
258.000     0.06277  
258.100     0.06282  
258.200     0.06287  
258.300     0.06292  
258.400     0.06297  
258.500     0.06302  
258.600     0.06307  
258.700     0.06312  
258.800     0.06317  
258.900     0.06322  
259.000     0.06327  
259.100     0.06332  
259.200     0.06337  
259.300     0.06342  
259.400     0.06347  
259.500     0.06352  
259.600     0.06357  
259.700     0.06362  
259.800     0.06367  
259.900     0.06372  
260.000     0.06377  
260.100     0.06382  
260.200     0.06387  
260.300     0.06392  
260.400     0.06397  
260.500     0.06401  
260.600     0.06406  
260.700     0.06411  
260.800     0.06416  
260.900     0.06421  
261.000     0.06426  
261.100     0.06431  
261.200     0.06436  
261.300     0.06441  
261.400     0.06446  
261.500     0.06451  
261.600     0.06456  
261.700     0.06461  
261.800     0.06466  
261.900     0.06471  
262.000     0.06476  
262.100     0.06481  
262.200     0.06486  
262.300     0.06491  
262.400     0.06496  
262.500     0.06501  
262.600     0.06506  
262.700     0.06511  
262.800     0.06516  
262.900     0.06522  
263.000     0.06527  
263.100     0.06532  
263.200     0.06537  
263.300     0.06542  
263.400     0.06547  
263.500     0.06552  
263.600     0.06557  
263.700     0.06562  
263.800     0.06567  
263.900     0.06572  
264.000     0.06577  
264.100     0.06582  
264.200     0.06587  
264.300     0.06592  
264.400     0.06597  
264.500     0.06602  
264.600     0.06607  
264.700     0.06612  
264.800     0.06617  
264.900     0.06622  
265.000     0.06627  
265.100     0.06632  
265.200     0.06637  
265.300     0.06642  
265.400     0.06648  
265.500     0.06653  
265.600     0.06658  
265.700     0.06663  
265.800     0.06668  
265.900     0.06673  
266.000     0.06678  
266.100     0.06683  
266.200     0.06688  
266.300     0.06693  
266.400     0.06698  
266.500     0.06703  
266.600     0.06708  
266.700     0.06713  
266.800     0.06719  
266.900     0.06724  
267.000     0.06729  
267.100     0.06734  
267.200     0.06739  
267.300     0.06744  
267.400     0.06749  
267.500     0.06754  
267.600     0.06759  
267.700     0.06764  
267.800     0.06769  
267.900     0.06775  
268.000     0.06780  
268.100     0.06785  
268.200     0.06790  
268.300     0.06795  
268.400     0.06800  
268.500     0.06805  
268.600     0.06810  
268.700     0.06815  
268.800     0.06821  
268.900     0.06826  
269.000     0.06831  
269.100     0.06836  
269.200     0.06841  
269.300     0.06846  
269.400     0.06851  
269.500     0.06856  
269.600     0.06862  
269.700     0.06867  
269.800     0.06872  
269.900     0.06877  
270.000     0.06882  
270.100     0.06887  
270.200     0.06892  
270.300     0.06898  
270.400     0.06903  
270.500     0.06908  
270.600     0.06913  
270.700     0.06918  
270.800     0.06923  
270.900     0.06928  
271.000     0.06934  
271.100     0.06939  
271.200     0.06944  
271.300     0.06949  
271.400     0.06954  
271.500     0.06959  
271.600     0.06964  
271.700     0.06970  
271.800     0.06975  
271.900     0.06980  
272.000     0.06985  
272.100     0.06990  
272.200     0.06995  
272.300     0.07001  
272.400     0.07006  
272.500     0.07011  
272.600     0.07016  
272.700     0.07021  
272.800     0.07027  
272.900     0.07032  
273.000     0.07037  
273.100     0.07042  
273.200     0.07047  
273.300     0.07052  
273.400     0.07058  
273.500     0.07063  
273.600     0.07068  
273.700     0.07073  
273.800     0.07078  
273.900     0.07084  
274.000     0.07089  
274.100     0.07094  
274.200     0.07099  
274.300     0.07104  
274.400     0.07110  
274.500     0.07115  
274.600     0.07120  
274.700     0.07125  
274.800     0.07130  
274.900     0.07136  
275.000     0.07141  
275.100     0.07146  
275.200     0.07151  
275.300     0.07157  
275.400     0.07162  
275.500     0.07167  
275.600     0.07172  
275.700     0.07177  
275.800     0.07183  
275.900     0.07188  
276.000     0.07193  
276.100     0.07198  
276.200     0.07204  
276.300     0.07209  
276.400     0.07214  
276.500     0.07219  
276.600     0.07225  
276.700     0.07230  
276.800     0.07235  
276.900     0.07240  
277.000     0.07246  
277.100     0.07251  
277.200     0.07256  
277.300     0.07261  
277.400     0.07267  
277.500     0.07272  
277.600     0.07277  
277.700     0.07282  
277.800     0.07288  
277.900     0.07293  
278.000     0.07298  
278.100     0.07303  
278.200     0.07309  
278.300     0.07314  
278.400     0.07319  
278.500     0.07324  
278.600     0.07330  
278.700     0.07335  
278.800     0.07340  
278.900     0.07346  
279.000     0.07351  
279.100     0.07356  
279.200     0.07361  
279.300     0.07367  
279.400     0.07372  
279.500     0.07377  
279.600     0.07383  
279.700     0.07388  
279.800     0.07393  
279.900     0.07398  
280.000     0.07404  
280.100     0.07409  
280.200     0.07414  
280.300     0.07420  
280.400     0.07425  
280.500     0.07430  
280.600     0.07436  
280.700     0.07441  
280.800     0.07446  
280.900     0.07451  
281.000     0.07457  
281.100     0.07462  
281.200     0.07467  
281.300     0.07473  
281.400     0.07478  
281.500     0.07483  
281.600     0.07489  
281.700     0.07494  
281.800     0.07499  
281.900     0.07505  
282.000     0.07510  
282.100     0.07515  
282.200     0.07521  
282.300     0.07526  
282.400     0.07531  
282.500     0.07537  
282.600     0.07542  
282.700     0.07547  
282.800     0.07553  
282.900     0.07558  
283.000     0.07563  
283.100     0.07569  
283.200     0.07574  
283.300     0.07579  
283.400     0.07585  
283.500     0.07590  
283.600     0.07595  
283.700     0.07601  
283.800     0.07606  
283.900     0.07611  
284.000     0.07617  
284.100     0.07622  
284.200     0.07628  
284.300     0.07633  
284.400     0.07638  
284.500     0.07644  
284.600     0.07649  
284.700     0.07654  
284.800     0.07660  
284.900     0.07665  
285.000     0.07671  
285.100     0.07676  
285.200     0.07681  
285.300     0.07687  
285.400     0.07692  
285.500     0.07697  
285.600     0.07703  
285.700     0.07708  
285.800     0.07714  
285.900     0.07719  
286.000     0.07724  
286.100     0.07730  
286.200     0.07735  
286.300     0.07741  
286.400     0.07746  
286.500     0.07751  
286.600     0.07757  
286.700     0.07762  
286.800     0.07768  
286.900     0.07773  
287.000     0.07778  
287.100     0.07784  
287.200     0.07789  
287.300     0.07795  
287.400     0.07800  
287.500     0.07805  
287.600     0.07811  
287.700     0.07816  
287.800     0.07822  
287.900     0.07827  
288.000     0.07832  
288.100     0.07838  
288.200     0.07843  
288.300     0.07849  
288.400     0.07854  
288.500     0.07860  
288.600     0.07865  
288.700     0.07871  
288.800     0.07876  
288.900     0.07881  
289.000     0.07887  
289.100     0.07892  
289.200     0.07898  
289.300     0.07903  
289.400     0.07909  
289.500     0.07914  
289.600     0.07919  
289.700     0.07925  
289.800     0.07930  
289.900     0.07936  
290.000     0.07941  
290.100     0.07947  
290.200     0.07952  
290.300     0.07958  
290.400     0.07963  
290.500     0.07969  
290.600     0.07974  
290.700     0.07980  
290.800     0.07985  
290.900     0.07990  
291.000     0.07996  
291.100     0.08001  
291.200     0.08007  
291.300     0.08012  
291.400     0.08018  
291.500     0.08023  
291.600     0.08029  
291.700     0.08034  
291.800     0.08040  
291.900     0.08045  
292.000     0.08051  
292.100     0.08056  
292.200     0.08062  
292.300     0.08067  
292.400     0.08073  
292.500     0.08078  
292.600     0.08084  
292.700     0.08089  
292.800     0.08095  
292.900     0.08100  
293.000     0.08106  
293.100     0.08111  
293.200     0.08117  
293.300     0.08122  
293.400     0.08128  
293.500     0.08133  
293.600     0.08139  
293.700     0.08144  
293.800     0.08150  
293.900     0.08155  
294.000     0.08161  
294.100     0.08166  
294.200     0.08172  
294.300     0.08177  
294.400     0.08183  
294.500     0.08188  
294.600     0.08194  
294.700     0.08200  
294.800     0.08205  
294.900     0.08211  
295.000     0.08216  
295.100     0.08222  
295.200     0.08227  
295.300     0.08233  
295.400     0.08238  
295.500     0.08244  
295.600     0.08249  
295.700     0.08255  
295.800     0.08260  
295.900     0.08266  
296.000     0.08272  
296.100     0.08277  
296.200     0.08283  
296.300     0.08288  
296.400     0.08294  
296.500     0.08299  
296.600     0.08305  
296.700     0.08310  
296.800     0.08316  
296.900     0.08322  
297.000     0.08327  
297.100     0.08333  
297.200     0.08338  
297.300     0.08344  
297.400     0.08349  
297.500     0.08355  
297.600     0.08361  
297.700     0.08366  
297.800     0.08372  
297.900     0.08377  
298.000     0.08383  
298.100     0.08388  
298.200     0.08394  
298.300     0.08400  
298.400     0.08405  
298.500     0.08411  
298.600     0.08416  
298.700     0.08422  
298.800     0.08428  
298.900     0.08433  
299.000     0.08439  
299.100     0.08444  
299.200     0.08450  
299.300     0.08456  
299.400     0.08461  
299.500     0.08467  
299.600     0.08472  
299.700     0.08478  
299.800     0.08484  
299.900     0.08489  
300.000     0.08495  
300.100     0.08500  
300.200     0.08506  
300.300     0.08512  
300.400     0.08517  
300.500     0.08523  
300.600     0.08529  
300.700     0.08534  
300.800     0.08540  
300.900     0.08545  
301.000     0.08551  
301.100     0.08557  
301.200     0.08562  
301.300     0.08568  
301.400     0.08574  
301.500     0.08579  
301.600     0.08585  
301.700     0.08590  
301.800     0.08596  
301.900     0.08602  
302.000     0.08607  
302.100     0.08613  
302.200     0.08619  
302.300     0.08624  
302.400     0.08630  
302.500     0.08636  
302.600     0.08641  
302.700     0.08647  
302.800     0.08653  
302.900     0.08658  
303.000     0.08664  
303.100     0.08670  
303.200     0.08675  
303.300     0.08681  
303.400     0.08687  
303.500     0.08692  
303.600     0.08698  
303.700     0.08704  
303.800     0.08709  
303.900     0.08715  
304.000     0.08721  
304.100     0.08726  
304.200     0.08732  
304.300     0.08738  
304.400     0.08743  
304.500     0.08749  
304.600     0.08755  
304.700     0.08760  
304.800     0.08766  
304.900     0.08772  
305.000     0.08778  
305.100     0.08783  
305.200     0.08789  
305.300     0.08795  
305.400     0.08800  
305.500     0.08806  
305.600     0.08812  
305.700     0.08817  
305.800     0.08823  
305.900     0.08829  
306.000     0.08835  
306.100     0.08840  
306.200     0.08846  
306.300     0.08852  
306.400     0.08857  
306.500     0.08863  
306.600     0.08869  
306.700     0.08875  
306.800     0.08880  
306.900     0.08886  
307.000     0.08892  
307.100     0.08897  
307.200     0.08903  
307.300     0.08909  
307.400     0.08915  
307.500     0.08920  
307.600     0.08926  
307.700     0.08932  
307.800     0.08938  
307.900     0.08943  
308.000     0.08949  
308.100     0.08955  
308.200     0.08960  
308.300     0.08966  
308.400     0.08972  
308.500     0.08978  
308.600     0.08983  
308.700     0.08989  
308.800     0.08995  
308.900     0.09001  
309.000     0.09006  
309.100     0.09012  
309.200     0.09018  
309.300     0.09024  
309.400     0.09029  
309.500     0.09035  
309.600     0.09041  
309.700     0.09047  
309.800     0.09053  
309.900     0.09058  
310.000     0.09064  
310.100     0.09070  
310.200     0.09076  
310.300     0.09081  
310.400     0.09087  
310.500     0.09093  
310.600     0.09099  
310.700     0.09105  
310.800     0.09110  
310.900     0.09116  
311.000     0.09122  
311.100     0.09128  
311.200     0.09133  
311.300     0.09139  
311.400     0.09145  
311.500     0.09151  
311.600     0.09157  
311.700     0.09162  
311.800     0.09168  
311.900     0.09174  
312.000     0.09180  
312.100     0.09186  
312.200     0.09191  
312.300     0.09197  
312.400     0.09203  
312.500     0.09209  
312.600     0.09215  
312.700     0.09221  
312.800     0.09226  
312.900     0.09232  
313.000     0.09238  
313.100     0.09244  
313.200     0.09250  
313.300     0.09255  
313.400     0.09261  
313.500     0.09267  
313.600     0.09273  
313.700     0.09279  
313.800     0.09285  
313.900     0.09290  
314.000     0.09296  
314.100     0.09302  
314.200     0.09308  
314.300     0.09314  
314.400     0.09320  
314.500     0.09325  
314.600     0.09331  
314.700     0.09337  
314.800     0.09343  
314.900     0.09349  
315.000     0.09355  
315.100     0.09361  
315.200     0.09366  
315.300     0.09372  
315.400     0.09378  
315.500     0.09384  
315.600     0.09390  
315.700     0.09396  
315.800     0.09402  
315.900     0.09407  
316.000     0.09413  
316.100     0.09419  
316.200     0.09425  
316.300     0.09431  
316.400     0.09437  
316.500     0.09443  
316.600     0.09448  
316.700     0.09454  
316.800     0.09460  
316.900     0.09466  
317.000     0.09472  
317.100     0.09478  
317.200     0.09484  
317.300     0.09490  
317.400     0.09496  
317.500     0.09501  
317.600     0.09507  
317.700     0.09513  
317.800     0.09519  
317.900     0.09525  
318.000     0.09531  
318.100     0.09537  
318.200     0.09543  
318.300     0.09549  
318.400     0.09554  
318.500     0.09560  
318.600     0.09566  
318.700     0.09572  
318.800     0.09578  
318.900     0.09584  
319.000     0.09590  
319.100     0.09596  
319.200     0.09602  
319.300     0.09608  
319.400     0.09614  
319.500     0.09619  
319.600     0.09625  
319.700     0.09631  
319.800     0.09637  
319.900     0.09643  
320.000     0.09649  
320.100     0.09655  
320.200     0.09661  
320.300     0.09667  
320.400     0.09673  
320.500     0.09679  
320.600     0.09685  
320.700     0.09691  
320.800     0.09697  
320.900     0.09703  
321.000     0.09708  
321.100     0.09714  
321.200     0.09720  
321.300     0.09726  
321.400     0.09732  
321.500     0.09738  
321.600     0.09744  
321.700     0.09750  
321.800     0.09756  
321.900     0.09762  
322.000     0.09768  
322.100     0.09774  
322.200     0.09780  
322.300     0.09786  
322.400     0.09792  
322.500     0.09798  
322.600     0.09804  
322.700     0.09810  
322.800     0.09816  
322.900     0.09822  
323.000     0.09828  
323.100     0.09834  
323.200     0.09840  
323.300     0.09846  
323.400     0.09852  
323.500     0.09858  
323.600     0.09863  
323.700     0.09869  
323.800     0.09875  
323.900     0.09881  
324.000     0.09887  
324.100     0.09893  
324.200     0.09899  
324.300     0.09905  
324.400     0.09911  
324.500     0.09917  
324.600     0.09923  
324.700     0.09929  
324.800     0.09935  
324.900     0.09941  
325.000     0.09947  
325.100     0.09953  
325.200     0.09959  
325.300     0.09965  
325.400     0.09971  
325.500     0.09977  
325.600     0.09983  
325.700     0.09989  
325.800     0.09995  
325.900     0.10001  
326.000     0.10008  
326.100     0.10014  
326.200     0.10020  
326.300     0.10026  
326.400     0.10032  
326.500     0.10038  
326.600     0.10044  
326.700     0.10050  
326.800     0.10056  
326.900     0.10062  
327.000     0.10068  
327.100     0.10074  
327.200     0.10080  
327.300     0.10086  
327.400     0.10092  
327.500     0.10098  
327.600     0.10104  
327.700     0.10110  
327.800     0.10116  
327.900     0.10122  
328.000     0.10128  
328.100     0.10134  
328.200     0.10140  
328.300     0.10146  
328.400     0.10152  
328.500     0.10158  
328.600     0.10165  
328.700     0.10171  
328.800     0.10177  
328.900     0.10183  
329.000     0.10189  
329.100     0.10195  
329.200     0.10201  
329.300     0.10207  
329.400     0.10213  
329.500     0.10219  
329.600     0.10225  
329.700     0.10231  
329.800     0.10237  
329.900     0.10243  
330.000     0.10250  
330.100     0.10256  
330.200     0.10262  
330.300     0.10268  
330.400     0.10274  
330.500     0.10280  
330.600     0.10286  
330.700     0.10292  
330.800     0.10298  
330.900     0.10304  
331.000     0.10310  
331.100     0.10316  
331.200     0.10323  
331.300     0.10329  
331.400     0.10335  
331.500     0.10341  
331.600     0.10347  
331.700     0.10353  
331.800     0.10359  
331.900     0.10365  
332.000     0.10371  
332.100     0.10378  
332.200     0.10384  
332.300     0.10390  
332.400     0.10396  
332.500     0.10402  
332.600     0.10408  
332.700     0.10414  
332.800     0.10420  
332.900     0.10426  
333.000     0.10433  
333.100     0.10439  
333.200     0.10445  
333.300     0.10451  
333.400     0.10457  
333.500     0.10463  
333.600     0.10469  
333.700     0.10476  
333.800     0.10482  
333.900     0.10488  
334.000     0.10494  
334.100     0.10500  
334.200     0.10506  
334.300     0.10512  
334.400     0.10519  
334.500     0.10525  
334.600     0.10531  
334.700     0.10537  
334.800     0.10543  
334.900     0.10549  
335.000     0.10556  
335.100     0.10562  
335.200     0.10568  
335.300     0.10574  
335.400     0.10580  
335.500     0.10586  
335.600     0.10592  
335.700     0.10599  
335.800     0.10605  
335.900     0.10611  
336.000     0.10617  
336.100     0.10623  
336.200     0.10630  
336.300     0.10636  
336.400     0.10642  
336.500     0.10648  
336.600     0.10654  
336.700     0.10660  
336.800     0.10667  
336.900     0.10673  
337.000     0.10679  
337.100     0.10685  
337.200     0.10691  
337.300     0.10698  
337.400     0.10704  
337.500     0.10710  
337.600     0.10716  
337.700     0.10722  
337.800     0.10729  
337.900     0.10735  
338.000     0.10741  
338.100     0.10747  
338.200     0.10753  
338.300     0.10760  
338.400     0.10766  
338.500     0.10772  
338.600     0.10778  
338.700     0.10784  
338.800     0.10791  
338.900     0.10797  
339.000     0.10803  
339.100     0.10809  
339.200     0.10816  
339.300     0.10822  
339.400     0.10828  
339.500     0.10834  
339.600     0.10840  
339.700     0.10847  
339.800     0.10853  
339.900     0.10859  
340.000     0.10865  
340.100     0.10872  
340.200     0.10878  
340.300     0.10884  
340.400     0.10890  
340.500     0.10897  
340.600     0.10903  
340.700     0.10909  
340.800     0.10915  
340.900     0.10922  
341.000     0.10928  
341.100     0.10934  
341.200     0.10940  
341.300     0.10947  
341.400     0.10953  
341.500     0.10959  
341.600     0.10965  
341.700     0.10972  
341.800     0.10978  
341.900     0.10984  
342.000     0.10990  
342.100     0.10997  
342.200     0.11003  
342.300     0.11009  
342.400     0.11015  
342.500     0.11022  
342.600     0.11028  
342.700     0.11034  
342.800     0.11041  
342.900     0.11047  
343.000     0.11053  
343.100     0.11059  
343.200     0.11066  
343.300     0.11072  
343.400     0.11078  
343.500     0.11085  
343.600     0.11091  
343.700     0.11097  
343.800     0.11103  
343.900     0.11110  
344.000     0.11116  
344.100     0.11122  
344.200     0.11129  
344.300     0.11135  
344.400     0.11141  
344.500     0.11147  
344.600     0.11154  
344.700     0.11160  
344.800     0.11166  
344.900     0.11173  
345.000     0.11179  
345.100     0.11185  
345.200     0.11192  
345.300     0.11198  
345.400     0.11204  
345.500     0.11211  
345.600     0.11217  
345.700     0.11223  
345.800     0.11230  
345.900     0.11236  
346.000     0.11242  
346.100     0.11249  
346.200     0.11255  
346.300     0.11261  
346.400     0.11267  
346.500     0.11274  
346.600     0.11280  
346.700     0.11286  
346.800     0.11293  
346.900     0.11299  
347.000     0.11306  
347.100     0.11312  
347.200     0.11318  
347.300     0.11325  
347.400     0.11331  
347.500     0.11337  
347.600     0.11344  
347.700     0.11350  
347.800     0.11356  
347.900     0.11363  
348.000     0.11369  
348.100     0.11375  
348.200     0.11382  
348.300     0.11388  
348.400     0.11394  
348.500     0.11401  
348.600     0.11407  
348.700     0.11414  
348.800     0.11420  
348.900     0.11426  
349.000     0.11433  
349.100     0.11439  
349.200     0.11445  
349.300     0.11452  
349.400     0.11458  
349.500     0.11464  
349.600     0.11471  
349.700     0.11477  
349.800     0.11484  
349.900     0.11490  
350.000     0.11496  