 0.000     0.00000  
  0.100     0.00000  
  0.200     0.00000  
  0.300     0.00000  
  0.400     0.00000  
  0.500     0.00000  
  0.600     0.00000  
  0.700    -0.00001  
  0.800    -0.00001  
  0.900    -0.00002  
  1.000    -0.00003  
  1.100    -0.00004  
  1.200    -0.00005  
  1.300    -0.00006  
  1.400    -0.00008  
  1.500    -0.00011  
  1.600    -0.00013  
  1.700    -0.00016  
  1.800    -0.00020  
  1.900    -0.00024  
  2.000    -0.00028  
  2.100    -0.00033  
  2.200    -0.00039  
  2.300    -0.00045  
  2.400    -0.00052  
  2.500    -0.00059  
  2.600    -0.00067  
  2.700    -0.00076  
  2.800    -0.00085  
  2.900    -0.00095  
  3.000    -0.00106  
  3.100    -0.00117  
  3.200    -0.00130  
  3.300    -0.00143  
  3.400    -0.00157  
  3.500    -0.00172  
  3.600    -0.00187  
  3.700    -0.00204  
  3.800    -0.00221  
  3.900    -0.00239  
  4.000    -0.00258  
  4.100    -0.00278  
  4.200    -0.00299  
  4.300    -0.00321  
  4.400    -0.00344  
  4.500    -0.00367  
  4.600    -0.00392  
  4.700    -0.00418  
  4.800    -0.00444  
  4.900    -0.00472  
  5.000    -0.00500  
  5.100    -0.00530  
  5.200    -0.00561  
  5.300    -0.00592  
  5.400    -0.00625  
  5.500    -0.00658  
  5.600    -0.00693  
  5.700    -0.00729  
  5.800    -0.00765  
  5.900    -0.00803  
  6.000    -0.00842  
  6.100    -0.00882  
  6.200    -0.00923  
  6.300    -0.00964  
  6.400    -0.01007  
  6.500    -0.01051  
  6.600    -0.01096  
  6.700    -0.01142  
  6.800    -0.01189  
  6.900    -0.01237  
  7.000    -0.01287  
  7.100    -0.01337  
  7.200    -0.01388  
  7.300    -0.01440  
  7.400    -0.01494  
  7.500    -0.01548  
  7.600    -0.01603  
  7.700    -0.01660  
  7.800    -0.01717  
  7.900    -0.01776  
  8.000    -0.01835  
  8.100    -0.01896  
  8.200    -0.01957  
  8.300    -0.02020  
  8.400    -0.02084  
  8.500    -0.02148  
  8.600    -0.02214  
  8.700    -0.02281  
  8.800    -0.02348  
  8.900    -0.02417  
  9.000    -0.02486  
  9.100    -0.02557  
  9.200    -0.02629  
  9.300    -0.02701  
  9.400    -0.02775  
  9.500    -0.02849  
  9.600    -0.02925  
  9.700    -0.03002  
  9.800    -0.03079  
  9.900    -0.03157  
 10.000    -0.03237  
 10.100    -0.03317  
 10.200    -0.03398  
 10.300    -0.03481  
 10.400    -0.03564  
 10.500    -0.03648  
 10.600    -0.03733  
 10.700    -0.03819  
 10.800    -0.03906  
 10.900    -0.03993  
 11.000    -0.04082  
 11.100    -0.04171  
 11.200    -0.04262  
 11.300    -0.04353  
 11.400    -0.04445  
 11.500    -0.04539  
 11.600    -0.04632  
 11.700    -0.04727  
 11.800    -0.04823  
 11.900    -0.04920  
 12.000    -0.05017  
 12.100    -0.05115  
 12.200    -0.05214  
 12.300    -0.05314  
 12.400    -0.05415  
 12.500    -0.05517  
 12.600    -0.05619  
 12.700    -0.05722  
 12.800    -0.05826  
 12.900    -0.05931  
 13.000    -0.06037  
 13.100    -0.06143  
 13.200    -0.06250  
 13.300    -0.06358  
 13.400    -0.06467  
 13.500    -0.06577  
 13.600    -0.06687  
 13.700    -0.06798  
 13.800    -0.06910  
 13.900    -0.07023  
 14.000    -0.07136  
 14.100    -0.07250  
 14.200    -0.07365  
 14.300    -0.07480  
 14.400    -0.07597  
 14.500    -0.07714  
 14.600    -0.07831  
 14.700    -0.07950  
 14.800    -0.08069  
 14.900    -0.08189  
 15.000    -0.08309  
 15.100    -0.08430  
 15.200    -0.08552  
 15.300    -0.08675  
 15.400    -0.08798  
 15.500    -0.08922  
 15.600    -0.09046  
 15.700    -0.09172  
 15.800    -0.09297  
 15.900    -0.09424  
 16.000    -0.09551  
 16.100    -0.09679  
 16.200    -0.09807  
 16.300    -0.09936  
 16.400    -0.10066  
 16.500    -0.10196  
 16.600    -0.10327  
 16.700    -0.10459  
 16.800    -0.10591  
 16.900    -0.10724  
 17.000    -0.10857  
 17.100    -0.10991  
 17.200    -0.11125  
 17.300    -0.11260  
 17.400    -0.11396  
 17.500    -0.11532  
 17.600    -0.11669  
 17.700    -0.11806  
 17.800    -0.11944  
 17.900    -0.12082  
 18.000    -0.12221  
 18.100    -0.12361  
 18.200    -0.12501  
 18.300    -0.12642  
 18.400    -0.12783  
 18.500    -0.12924  
 18.600    -0.13067  
 18.700    -0.13209  
 18.800    -0.13352  
 18.900    -0.13496  
 19.000    -0.13640  
 19.100    -0.13785  
 19.200    -0.13930  
 19.300    -0.14076  
 19.400    -0.14222  
 19.500    -0.14369  
 19.600    -0.14516  
 19.700    -0.14664  
 19.800    -0.14812  
 19.900    -0.14960  
 20.000    -0.15109  
 20.100    -0.15259  
 20.200    -0.15409  
 20.300    -0.15559  
 20.400    -0.15710  
 20.500    -0.15861  
 20.600    -0.16013  
 20.700    -0.16165  
 20.800    -0.16317  
 20.900    -0.16470  
 21.000    -0.16624  
 21.100    -0.16778  
 21.200    -0.16932  
 21.300    -0.17087  
 21.400    -0.17242  
 21.500    -0.17397  
 21.600    -0.17553  
 21.700    -0.17709  
 21.800    -0.17866  
 21.900    -0.18023  
 22.000    -0.18181  
 22.100    -0.18338  
 22.200    -0.18497  
 22.300    -0.18655  
 22.400    -0.18814  
 22.500    -0.18974  
 22.600    -0.19133  
 22.700    -0.19293  
 22.800    -0.19454  
 22.900    -0.19615  
 23.000    -0.19776  
 23.100    -0.19937  
 23.200    -0.20099  
 23.300    -0.20261  
 23.400    -0.20424  
 23.500    -0.20587  
 23.600    -0.20750  
 23.700    -0.20913  
 23.800    -0.21077  
 23.900    -0.21241  
 24.000    -0.21406  
 24.100    -0.21571  
 24.200    -0.21736  
 24.300    -0.21901  
 24.400    -0.22067  
 24.500    -0.22233  
 24.600    -0.22399  
 24.700    -0.22566  
 24.800    -0.22733  
 24.900    -0.22900  
 25.000    -0.23068  
 25.100    -0.23236  
 25.200    -0.23404  
 25.300    -0.23572  
 25.400    -0.23741  
 25.500    -0.23910  
 25.600    -0.24079  
 25.700    -0.24249  
 25.800    -0.24419  
 25.900    -0.24589  
 26.000    -0.24759  
 26.100    -0.24929  
 26.200    -0.25100  
 26.300    -0.25271  
 26.400    -0.25443  
 26.500    -0.25614  
 26.600    -0.25786  
 26.700    -0.25958  
 26.800    -0.26131  
 26.900    -0.26303  
 27.000    -0.26476  
 27.100    -0.26649  
 27.200    -0.26822  
 27.300    -0.26996  
 27.400    -0.27170  
 27.500    -0.27344  
 27.600    -0.27518  
 27.700    -0.27692  
 27.800    -0.27867  
 27.900    -0.28042  
 28.000    -0.28217  
 28.100    -0.28392  
 28.200    -0.28568  
 28.300    -0.28743  
 28.400    -0.28919  
 28.500    -0.29095  
 28.600    -0.29272  
 28.700    -0.29448  
 28.800    -0.29625  
 28.900    -0.29802  
 29.000    -0.29979  
 29.100    -0.30156  
 29.200    -0.30334  
 29.300    -0.30511  
 29.400    -0.30689  
 29.500    -0.30867  
 29.600    -0.31045  
 29.700    -0.31224  
 29.800    -0.31402  
 29.900    -0.31581  
 30.000    -0.31760  
 30.100    -0.31939  
 30.200    -0.32118  
 30.300    -0.32298  
 30.400    -0.32477  
 30.500    -0.32657  
 30.600    -0.32837  
 30.700    -0.33017  
 30.800    -0.33197  
 30.900    -0.33377  
 31.000    -0.33558  
 31.100    -0.33738  
 31.200    -0.33919  
 31.300    -0.34100  
 31.400    -0.34281  
 31.500    -0.34463  
 31.600    -0.34644  
 31.700    -0.34825  
 31.800    -0.35007  
 31.900    -0.35189  
 32.000    -0.35371  
 32.100    -0.35553  
 32.200    -0.35735  
 32.300    -0.35917  
 32.400    -0.36100  
 32.500    -0.36282  
 32.600    -0.36465  
 32.700    -0.36648  
 32.800    -0.36831  
 32.900    -0.37014  
 33.000    -0.37197  
 33.100    -0.37380  
 33.200    -0.37564  
 33.300    -0.37747  
 33.400    -0.37931  
 33.500    -0.38115  
 33.600    -0.38298  
 33.700    -0.38482  
 33.800    -0.38666  
 33.900    -0.38850  
 34.000    -0.39035  
 34.100    -0.39219  
 34.200    -0.39403  
 34.300    -0.39588  
 34.400    -0.39773  
 34.500    -0.39957  
 34.600    -0.40142  
 34.700    -0.40327  
 34.800    -0.40512  
 34.900    -0.40697  
 35.000    -0.40882  
 35.100    -0.41068  
 35.200    -0.41253  
 35.300    -0.41438  
 35.400    -0.41624  
 35.500    -0.41810  
 35.600    -0.41995  
 35.700    -0.42181  
 35.800    -0.42367  
 35.900    -0.42553  
 36.000    -0.42739  
 36.100    -0.42925  
 36.200    -0.43111  
 36.300    -0.43297  
 36.400    -0.43483  
 36.500    -0.43669  
 36.600    -0.43856  
 36.700    -0.44042  
 36.800    -0.44229  
 36.900    -0.44415  
 37.000    -0.44602  
 37.100    -0.44789  
 37.200    -0.44975  
 37.300    -0.45162  
 37.400    -0.45349  
 37.500    -0.45536  
 37.600    -0.45723  
 37.700    -0.45910  
 37.800    -0.46097  
 37.900    -0.46284  
 38.000    -0.46471  
 38.100    -0.46659  
 38.200    -0.46846  
 38.300    -0.47033  
 38.400    -0.47221  
 38.500    -0.47408  
 38.600    -0.47595  
 38.700    -0.47783  
 38.800    -0.47970  
 38.900    -0.48158  
 39.000    -0.48345  
 39.100    -0.48533  
 39.200    -0.48721  
 39.300    -0.48908  
 39.400    -0.49096  
 39.500    -0.49284  
 39.600    -0.49472  
 39.700    -0.49659  
 39.800    -0.49847  
 39.900    -0.50035  
 40.000    -0.50223  
 40.100    -0.50411  
 40.200    -0.50599  
 40.300    -0.50787  
 40.400    -0.50975  
 40.500    -0.51163  
 40.600    -0.51351  
 40.700    -0.51539  
 40.800    -0.51727  
 40.900    -0.51915  
 41.000    -0.52103  
 41.100    -0.52291  
 41.200    -0.52480  
 41.300    -0.52668  
 41.400    -0.52856  
 41.500    -0.53044  
 41.600    -0.53232  
 41.700    -0.53421  
 41.800    -0.53609  
 41.900    -0.53797  
 42.000    -0.53985  
 42.100    -0.54174  
 42.200    -0.54362  
 42.300    -0.54550  
 42.400    -0.54738  
 42.500    -0.54927  
 42.600    -0.55115  
 42.700    -0.55303  
 42.800    -0.55491  
 42.900    -0.55680  
 43.000    -0.55868  
 43.100    -0.56056  
 43.200    -0.56244  
 43.300    -0.56433  
 43.400    -0.56621  
 43.500    -0.56809  
 43.600    -0.56998  
 43.700    -0.57186  
 43.800    -0.57374  
 43.900    -0.57562  
 44.000    -0.57751  
 44.100    -0.57939  
 44.200    -0.58127  
 44.300    -0.58315  
 44.400    -0.58503  
 44.500    -0.58692  
 44.600    -0.58880  
 44.700    -0.59068  
 44.800    -0.59256  
 44.900    -0.59444  
 45.000    -0.59632  
 45.100    -0.59820  
 45.200    -0.60008  
 45.300    -0.60197  
 45.400    -0.60385  
 45.500    -0.60573  
 45.600    -0.60761  
 45.700    -0.60949  
 45.800    -0.61137  
 45.900    -0.61325  
 46.000    -0.61513  
 46.100    -0.61700  
 46.200    -0.61888  
 46.300    -0.62076  
 46.400    -0.62264  
 46.500    -0.62452  
 46.600    -0.62640  
 46.700    -0.62827  
 46.800    -0.63015  
 46.900    -0.63203  
 47.000    -0.63390  
 47.100    -0.63578  
 47.200    -0.63766  
 47.300    -0.63953  
 47.400    -0.64141  
 47.500    -0.64328  
 47.600    -0.64516  
 47.700    -0.64703  
 47.800    -0.64891  
 47.900    -0.65078  
 48.000    -0.65266  
 48.100    -0.65453  
 48.200    -0.65640  
 48.300    -0.65827  
 48.400    -0.66015  
 48.500    -0.66202  
 48.600    -0.66389  
 48.700    -0.66576  
 48.800    -0.66763  
 48.900    -0.66950  
 49.000    -0.67137  
 49.100    -0.67324  
 49.200    -0.67511  
 49.300    -0.67698  
 49.400    -0.67885  
 49.500    -0.68071  
 49.600    -0.68258  
 49.700    -0.68445  
 49.800    -0.68632  
 49.900    -0.68818  
 50.000    -0.69005  
 50.100    -0.69191  
 50.200    -0.69378  
 50.300    -0.69564  
 50.400    -0.69751  
 50.500    -0.69937  
 50.600    -0.70123  
 50.700    -0.70309  
 50.800    -0.70496  
 50.900    -0.70682  
 51.000    -0.70868  
 51.100    -0.71054  
 51.200    -0.71240  
 51.300    -0.71426  
 51.400    -0.71612  
 51.500    -0.71797  
 51.600    -0.71983  
 51.700    -0.72169  
 51.800    -0.72355  
 51.900    -0.72540  
 52.000    -0.72726  
 52.100    -0.72911  
 52.200    -0.73097  
 52.300    -0.73282  
 52.400    -0.73468  
 52.500    -0.73653  
 52.600    -0.73838  
 52.700    -0.74023  
 52.800    -0.74209  
 52.900    -0.74394  
 53.000    -0.74579  
 53.100    -0.74764  
 53.200    -0.74948  
 53.300    -0.75133  
 53.400    -0.75318  
 53.500    -0.75503  
 53.600    -0.75687  
 53.700    -0.75872  
 53.800    -0.76057  
 53.900    -0.76241  
 54.000    -0.76425  
 54.100    -0.76610  
 54.200    -0.76794  
 54.300    -0.76978  
 54.400    -0.77162  
 54.500    -0.77346  
 54.600    -0.77531  
 54.700    -0.77714  
 54.800    -0.77898  
 54.900    -0.78082  
 55.000    -0.78266  
 55.100    -0.78450  
 55.200    -0.78633  
 55.300    -0.78817  
 55.400    -0.79000  
 55.500    -0.79184  
 55.600    -0.79367  
 55.700    -0.79551  
 55.800    -0.79734  
 55.900    -0.79917  
 56.000    -0.80100  
 56.100    -0.80283  
 56.200    -0.80466  
 56.300    -0.80649  
 56.400    -0.80832  
 56.500    -0.81014  
 56.600    -0.81197  
 56.700    -0.81380  
 56.800    -0.81562  
 56.900    -0.81745  
 57.000    -0.81927  
 57.100    -0.82109  
 57.200    -0.82292  
 57.300    -0.82474  
 57.400    -0.82656  
 57.500    -0.82838  
 57.600    -0.83020  
 57.700    -0.83202  
 57.800    -0.83384  
 57.900    -0.83565  
 58.000    -0.83747  
 58.100    -0.83929  
 58.200    -0.84110  
 58.300    -0.84292  
 58.400    -0.84473  
 58.500    -0.84654  
 58.600    -0.84835  
 58.700    -0.85016  
 58.800    -0.85198  
 58.900    -0.85379  
 59.000    -0.85559  
 59.100    -0.85740  
 59.200    -0.85921  
 59.300    -0.86102  
 59.400    -0.86282  
 59.500    -0.86463  
 59.600    -0.86643  
 59.700    -0.86823  
 59.800    -0.87004  
 59.900    -0.87184  
 60.000    -0.87364  
 60.100    -0.87544  
 60.200    -0.87724  
 60.300    -0.87904  
 60.400    -0.88084  
 60.500    -0.88263  
 60.600    -0.88443  
 60.700    -0.88622  
 60.800    -0.88802  
 60.900    -0.88981  
 61.000    -0.89161  
 61.100    -0.89340  
 61.200    -0.89519  
 61.300    -0.89698  
 61.400    -0.89877  
 61.500    -0.90056  
 61.600    -0.90235  
 61.700    -0.90413  
 61.800    -0.90592  
 61.900    -0.90770  
 62.000    -0.90949  
 62.100    -0.91127  
 62.200    -0.91306  
 62.300    -0.91484  
 62.400    -0.91662  
 62.500    -0.91840  
 62.600    -0.92018  
 62.700    -0.92196  
 62.800    -0.92373  
 62.900    -0.92551  
 63.000    -0.92729  
 63.100    -0.92906  
 63.200    -0.93084  
 63.300    -0.93261  
 63.400    -0.93438  
 63.500    -0.93615  
 63.600    -0.93792  
 63.700    -0.93969  
 63.800    -0.94146  
 63.900    -0.94323  
 64.000    -0.94500  
 64.100    -0.94676  
 64.200    -0.94853  
 64.300    -0.95029  
 64.400    -0.95206  
 64.500    -0.95382  
 64.600    -0.95558  
 64.700    -0.95734  
 64.800    -0.95910  
 64.900    -0.96086  
 65.000    -0.96262  
 65.100    -0.96438  
 65.200    -0.96613  
 65.300    -0.96789  
 65.400    -0.96964  
 65.500    -0.97140  
 65.600    -0.97315  
 65.700    -0.97490  
 65.800    -0.97665  
 65.900    -0.97840  
 66.000    -0.98015  
 66.100    -0.98190  
 66.200    -0.98365  
 66.300    -0.98539  
 66.400    -0.98714  
 66.500    -0.98889  
 66.600    -0.99063  
 66.700    -0.99237  
 66.800    -0.99411  
 66.900    -0.99585  
 67.000    -0.99759  
 67.100    -0.99933  
 67.200    -1.00107  
 67.300    -1.00281  
 67.400    -1.00454  
 67.500    -1.00628  
 67.600    -1.00801  
 67.700    -1.00975  
 67.800    -1.01148  
 67.900    -1.01321  
 68.000    -1.01494  
 68.100    -1.01667  
 68.200    -1.01840  
 68.300    -1.02013  
 68.400    -1.02185  
 68.500    -1.02358  
 68.600    -1.02530  
 68.700    -1.02703  
 68.800    -1.02875  
 68.900    -1.03047  
 69.000    -1.03219  
 69.100    -1.03391  
 69.200    -1.03563  
 69.300    -1.03735  
 69.400    -1.03907  
 69.500    -1.04078  
 69.600    -1.04250  
 69.700    -1.04421  
 69.800    -1.04593  
 69.900    -1.04764  
 70.000    -1.04935  
 70.100    -1.05106  
 70.200    -1.05277  
 70.300    -1.05448  
 70.400    -1.05619  
 70.500    -1.05789  
 70.600    -1.05960  
 70.700    -1.06130  
 70.800    -1.06301  
 70.900    -1.06471  
 71.000    -1.06641  
 71.100    -1.06811  
 71.200    -1.06981  
 71.300    -1.07151  
 71.400    -1.07321  
 71.500    -1.07490  
 71.600    -1.07660  
 71.700    -1.07830  
 71.800    -1.07999  
 71.900    -1.08168  
 72.000    -1.08337  
 72.100    -1.08506  
 72.200    -1.08675  
 72.300    -1.08844  
 72.400    -1.09013  
 72.500    -1.09182  
 72.600    -1.09350  
 72.700    -1.09519  
 72.800    -1.09687  
 72.900    -1.09856  
 73.000    -1.10024  
 73.100    -1.10192  
 73.200    -1.10360  
 73.300    -1.10528  
 73.400    -1.10696  
 73.500    -1.10863  
 73.600    -1.11031  
 73.700    -1.11198  
 73.800    -1.11366  
 73.900    -1.11533  
 74.000    -1.11700  
 74.100    -1.11867  
 74.200    -1.12034  
 74.300    -1.12201  
 74.400    -1.12368  
 74.500    -1.12535  
 74.600    -1.12701  
 74.700    -1.12868  
 74.800    -1.13034  
 74.900    -1.13200  
 75.000    -1.13367  
 75.100    -1.13533  
 75.200    -1.13699  
 75.300    -1.13865  
 75.400    -1.14030  
 75.500    -1.14196  
 75.600    -1.14362  
 75.700    -1.14527  
 75.800    -1.14692  
 75.900    -1.14858  
 76.000    -1.15023  
 76.100    -1.15188  
 76.200    -1.15353  
 76.300    -1.15518  
 76.400    -1.15683  
 76.500    -1.15847  
 76.600    -1.16012  
 76.700    -1.16176  
 76.800    -1.16341  
 76.900    -1.16505  
 77.000    -1.16669  
 77.100    -1.16833  
 77.200    -1.16997  
 77.300    -1.17161  
 77.400    -1.17325  
 77.500    -1.17488  
 77.600    -1.17652  
 77.700    -1.17815  
 77.800    -1.17979  
 77.900    -1.18142  
 78.000    -1.18305  
 78.100    -1.18468  
 78.200    -1.18631  
 78.300    -1.18794  
 78.400    -1.18957  
 78.500    -1.19119  
 78.600    -1.19282  
 78.700    -1.19444  
 78.800    -1.19606  
 78.900    -1.19769  
 79.000    -1.19931  
 79.100    -1.20093  
 79.200    -1.20255  
 79.300    -1.20416  
 79.400    -1.20578  
 79.500    -1.20740  
 79.600    -1.20901  
 79.700    -1.21063  
 79.800    -1.21224  
 79.900    -1.21385  
 80.000    -1.21546  
 80.100    -1.21707  
 80.200    -1.21868  
 80.300    -1.22029  
 80.400    -1.22189  
 80.500    -1.22350  
 80.600    -1.22510  
 80.700    -1.22671  
 80.800    -1.22831  
 80.900    -1.22991  
 81.000    -1.23151  
 81.100    -1.23311  
 81.200    -1.23471  
 81.300    -1.23631  
 81.400    -1.23790  
 81.500    -1.23950  
 81.600    -1.24109  
 81.700    -1.24269  
 81.800    -1.24428  
 81.900    -1.24587  
 82.000    -1.24746  
 82.100    -1.24905  
 82.200    -1.25064  
 82.300    -1.25222  
 82.400    -1.25381  
 82.500    -1.25540  
 82.600    -1.25698  
 82.700    -1.25856  
 82.800    -1.26014  
 82.900    -1.26172  
 83.000    -1.26330  
 83.100    -1.26488  
 83.200    -1.26646  
 83.300    -1.26804  
 83.400    -1.26961  
 83.500    -1.27119  
 83.600    -1.27276  
 83.700    -1.27433  
 83.800    -1.27590  
 83.900    -1.27747  
 84.000    -1.27904  
 84.100    -1.28061  
 84.200    -1.28218  
 84.300    -1.28375  
 84.400    -1.28531  
 84.500    -1.28688  
 84.600    -1.28844  
 84.700    -1.29000  
 84.800    -1.29156  
 84.900    -1.29312  
 85.000    -1.29468  
 85.100    -1.29624  
 85.200    -1.29779  
 85.300    -1.29935  
 85.400    -1.30090  
 85.500    -1.30246  
 85.600    -1.30401  
 85.700    -1.30556  
 85.800    -1.30711  
 85.900    -1.30866  
 86.000    -1.31021  
 86.100    -1.31176  
 86.200    -1.31330  
 86.300    -1.31485  
 86.400    -1.31639  
 86.500    -1.31794  
 86.600    -1.31948  
 86.700    -1.32102  
 86.800    -1.32256  
 86.900    -1.32410  
 87.000    -1.32564  
 87.100    -1.32718  
 87.200    -1.32871  
 87.300    -1.33025  
 87.400    -1.33178  
 87.500    -1.33331  
 87.600    -1.33485  
 87.700    -1.33638  
 87.800    -1.33791  
 87.900    -1.33943  
 88.000    -1.34096  
 88.100    -1.34249  
 88.200    -1.34401  
 88.300    -1.34554  
 88.400    -1.34706  
 88.500    -1.34858  
 88.600    -1.35011  
 88.700    -1.35163  
 88.800    -1.35315  
 88.900    -1.35466  
 89.000    -1.35618  
 89.100    -1.35770  
 89.200    -1.35921  
 89.300    -1.36073  
 89.400    -1.36224  
 89.500    -1.36375  
 89.600    -1.36526  
 89.700    -1.36677  
 89.800    -1.36828  
 89.900    -1.36979  
 90.000    -1.37130  
 90.100    -1.37280  
 90.200    -1.37431  
 90.300    -1.37581  
 90.400    -1.37731  
 90.500    -1.37882  
 90.600    -1.38032  
 90.700    -1.38182  
 90.800    -1.38331  
 90.900    -1.38481  
 91.000    -1.38631  
 91.100    -1.38780  
 91.200    -1.38930  
 91.300    -1.39079  
 91.400    -1.39228  
 91.500    -1.39377  
 91.600    -1.39527  
 91.700    -1.39675  
 91.800    -1.39824  
 91.900    -1.39973  
 92.000    -1.40122  
 92.100    -1.40270  
 92.200    -1.40419  
 92.300    -1.40567  
 92.400    -1.40715  
 92.500    -1.40863  
 92.600    -1.41011  
 92.700    -1.41159  
 92.800    -1.41307  
 92.900    -1.41454  
 93.000    -1.41602  
 93.100    -1.41749  
 93.200    -1.41897  
 93.300    -1.42044  
 93.400    -1.42191  
 93.500    -1.42338  
 93.600    -1.42485  
 93.700    -1.42632  
 93.800    -1.42779  
 93.900    -1.42925  
 94.000    -1.43072  
 94.100    -1.43218  
 94.200    -1.43365  
 94.300    -1.43511  
 94.400    -1.43657  
 94.500    -1.43803  
 94.600    -1.43949  
 94.700    -1.44095  
 94.800    -1.44241  
 94.900    -1.44386  
 95.000    -1.44532  
 95.100    -1.44677  
 95.200    -1.44822  
 95.300    -1.44968  
 95.400    -1.45113  
 95.500    -1.45258  
 95.600    -1.45403  
 95.700    -1.45547  
 95.800    -1.45692  
 95.900    -1.45837  
 96.000    -1.45981  
 96.100    -1.46125  
 96.200    -1.46270  
 96.300    -1.46414  
 96.400    -1.46558  
 96.500    -1.46702  
 96.600    -1.46846  
 96.700    -1.46990  
 96.800    -1.47133  
 96.900    -1.47277  
 97.000    -1.47420  
 97.100    -1.47564  
 97.200    -1.47707  
 97.300    -1.47850  
 97.400    -1.47993  
 97.500    -1.48136  
 97.600    -1.48279  
 97.700    -1.48421  
 97.800    -1.48564  
 97.900    -1.48707  
 98.000    -1.48849  
 98.100    -1.48991  
 98.200    -1.49134  
 98.300    -1.49276  
 98.400    -1.49418  
 98.500    -1.49560  
 98.600    -1.49701  
 98.700    -1.49843  
 98.800    -1.49985  
 98.900    -1.50126  
 99.000    -1.50268  
 99.100    -1.50409  
 99.200    -1.50550  
 99.300    -1.50691  
 99.400    -1.50832  
 99.500    -1.50973  
 99.600    -1.51114  
 99.700    -1.51255  
 99.800    -1.51395  
 99.900    -1.51536  
100.000    -1.51676  
100.100    -1.51816  
100.200    -1.51956  
100.300    -1.52097  
100.400    -1.52236  
100.500    -1.52376  
100.600    -1.52516  
100.700    -1.52656  
100.800    -1.52795  
100.900    -1.52935  
101.000    -1.53074  
101.100    -1.53213  
101.200    -1.53353  
101.300    -1.53492  
101.400    -1.53631  
101.500    -1.53769  
101.600    -1.53908  
101.700    -1.54047  
101.800    -1.54185  
101.900    -1.54324  
102.000    -1.54462  
102.100    -1.54600  
102.200    -1.54739  
102.300    -1.54877  
102.400    -1.55015  
102.500    -1.55152  
102.600    -1.55290  
102.700    -1.55428  
102.800    -1.55565  
102.900    -1.55703  
103.000    -1.55840  
103.100    -1.55977  
103.200    -1.56115  
103.300    -1.56252  
103.400    -1.56388  
103.500    -1.56525  
103.600    -1.56662  
103.700    -1.56799  
103.800    -1.56935  
103.900    -1.57072  
104.000    -1.57208  
104.100    -1.57344  
104.200    -1.57480  
104.300    -1.57616  
104.400    -1.57752  
104.500    -1.57888  
104.600    -1.58024  
104.700    -1.58160  
104.800    -1.58295  
104.900    -1.58430  
105.000    -1.58566  
105.100    -1.58701  
105.200    -1.58836  
105.300    -1.58971  
105.400    -1.59106  
105.500    -1.59241  
105.600    -1.59376  
105.700    -1.59510  
105.800    -1.59645  
105.900    -1.59779  
106.000    -1.59914  
106.100    -1.60048  
106.200    -1.60182  
106.300    -1.60316  
106.400    -1.60450  
106.500    -1.60584  
106.600    -1.60717  
106.700    -1.60851  
106.800    -1.60985  
106.900    -1.61118  
107.000    -1.61251  
107.100    -1.61385  
107.200    -1.61518  
107.300    -1.61651  
107.400    -1.61784  
107.500    -1.61917  
107.600    -1.62049  
107.700    -1.62182  
107.800    -1.62315  
107.900    -1.62447  
108.000    -1.62579  
108.100    -1.62712  
108.200    -1.62844  
108.300    -1.62976  
108.400    -1.63108  
108.500    -1.63240  
108.600    -1.63371  
108.700    -1.63503  
108.800    -1.63634  
108.900    -1.63766  
109.000    -1.63897  
109.100    -1.64029  
109.200    -1.64160  
109.300    -1.64291  
109.400    -1.64422  
109.500    -1.64553  
109.600    -1.64683  
109.700    -1.64814  
109.800    -1.64945  
109.900    -1.65075  
110.000    -1.65205  
110.100    -1.65336  
110.200    -1.65466  
110.300    -1.65596  
110.400    -1.65726  
110.500    -1.65856  
110.600    -1.65986  
110.700    -1.66115  
110.800    -1.66245  
110.900    -1.66374  
111.000    -1.66504  
111.100    -1.66633  
111.200    -1.66762  
111.300    -1.66891  
111.400    -1.67020  
111.500    -1.67149  
111.600    -1.67278  
111.700    -1.67407  
111.800    -1.67535  
111.900    -1.67664  
112.000    -1.67792  
112.100    -1.67921  
112.200    -1.68049  
112.300    -1.68177  
112.400    -1.68305  
112.500    -1.68433  
112.600    -1.68561  
112.700    -1.68689  
112.800    -1.68816  
112.900    -1.68944  
113.000    -1.69071  
113.100    -1.69199  
113.200    -1.69326  
113.300    -1.69453  
113.400    -1.69580  
113.500    -1.69707  
113.600    -1.69834  
113.700    -1.69961  
113.800    -1.70087  
113.900    -1.70214  
114.000    -1.70340  
114.100    -1.70467  
114.200    -1.70593  
114.300    -1.70719  
114.400    -1.70845  
114.500    -1.70971  
114.600    -1.71097  
114.700    -1.71223  
114.800    -1.71349  
114.900    -1.71474  
115.000    -1.71600  
115.100    -1.71725  
115.200    -1.71851  
115.300    -1.71976  
115.400    -1.72101  
115.500    -1.72226  
115.600    -1.72351  
115.700    -1.72476  
115.800    -1.72601  
115.900    -1.72726  
116.000    -1.72850  
116.100    -1.72975  
116.200    -1.73099  
116.300    -1.73223  
116.400    -1.73347  
116.500    -1.73472  
116.600    -1.73596  
116.700    -1.73719  
116.800    -1.73843  
116.900    -1.73967  
117.000    -1.74091  
117.100    -1.74214  
117.200    -1.74338  
117.300    -1.74461  
117.400    -1.74584  
117.500    -1.74707  
117.600    -1.74830  
117.700    -1.74953  
117.800    -1.75076  
117.900    -1.75199  
118.000    -1.75322  
118.100    -1.75444  
118.200    -1.75567  
118.300    -1.75689  
118.400    -1.75811  
118.500    -1.75934  
118.600    -1.76056  
118.700    -1.76178  
118.800    -1.76300  
118.900    -1.76422  
119.000    -1.76543  
119.100    -1.76665  
119.200    -1.76787  
119.300    -1.76908  
119.400    -1.77029  
119.500    -1.77151  
119.600    -1.77272  
119.700    -1.77393  
119.800    -1.77514  
119.900    -1.77635  
120.000    -1.77756  
120.100    -1.77876  
120.200    -1.77997  
120.300    -1.78117  
120.400    -1.78238  
120.500    -1.78358  
120.600    -1.78478  
120.700    -1.78599  
120.800    -1.78719  
120.900    -1.78839  
121.000    -1.78959  
121.100    -1.79078  
121.200    -1.79198  
121.300    -1.79318  
121.400    -1.79437  
121.500    -1.79557  
121.600    -1.79676  
121.700    -1.79795  
121.800    -1.79914  
121.900    -1.80033  
122.000    -1.80152  
122.100    -1.80271  
122.200    -1.80390  
122.300    -1.80508  
122.400    -1.80627  
122.500    -1.80746  
122.600    -1.80864  
122.700    -1.80982  
122.800    -1.81100  
122.900    -1.81219  
123.000    -1.81337  
123.100    -1.81455  
123.200    -1.81572  
123.300    -1.81690  
123.400    -1.81808  
123.500    -1.81925  
123.600    -1.82043  
123.700    -1.82160  
123.800    -1.82278  
123.900    -1.82395  
124.000    -1.82512  
124.100    -1.82629  
124.200    -1.82746  
124.300    -1.82863  
124.400    -1.82979  
124.500    -1.83096  
124.600    -1.83213  
124.700    -1.83329  
124.800    -1.83446  
124.900    -1.83562  
125.000    -1.83678  
125.100    -1.83794  
125.200    -1.83910  
125.300    -1.84026  
125.400    -1.84142  
125.500    -1.84258  
125.600    -1.84373  
125.700    -1.84489  
125.800    -1.84605  
125.900    -1.84720  
126.000    -1.84835  
126.100    -1.84950  
126.200    -1.85066  
126.300    -1.85181  
126.400    -1.85296  
126.500    -1.85410  
126.600    -1.85525  
126.700    -1.85640  
126.800    -1.85754  
126.900    -1.85869  
127.000    -1.85983  
127.100    -1.86098  
127.200    -1.86212  
127.300    -1.86326  
127.400    -1.86440  
127.500    -1.86554  
127.600    -1.86668  
127.700    -1.86782  
127.800    -1.86895  
127.900    -1.87009  
128.000    -1.87122  
128.100    -1.87236  
128.200    -1.87349  
128.300    -1.87462  
128.400    -1.87575  
128.500    -1.87688  
128.600    -1.87801  
128.700    -1.87914  
128.800    -1.88027  
128.900    -1.88140  
129.000    -1.88252  
129.100    -1.88365  
129.200    -1.88477  
129.300    -1.88590  
129.400    -1.88702  
129.500    -1.88814  
129.600    -1.88926  
129.700    -1.89038  
129.800    -1.89150  
129.900    -1.89262  
130.000    -1.89374  
130.100    -1.89485  
130.200    -1.89597  
130.300    -1.89708  
130.400    -1.89820  
130.500    -1.89931  
130.600    -1.90042  
130.700    -1.90153  
130.800    -1.90264  
130.900    -1.90375  
131.000    -1.90486  
131.100    -1.90597  
131.200    -1.90708  
131.300    -1.90818  
131.400    -1.90929  
131.500    -1.91039  
131.600    -1.91149  
131.700    -1.91260  
131.800    -1.91370  
131.900    -1.91480  
132.000    -1.91590  
132.100    -1.91700  
132.200    -1.91809  
132.300    -1.91919  
132.400    -1.92029  
132.500    -1.92138  
132.600    -1.92248  
132.700    -1.92357  
132.800    -1.92466  
132.900    -1.92576  
133.000    -1.92685  
133.100    -1.92794  
133.200    -1.92903  
133.300    -1.93012  
133.400    -1.93120  
133.500    -1.93229  
133.600    -1.93338  
133.700    -1.93446  
133.800    -1.93554  
133.900    -1.93663  
134.000    -1.93771  
134.100    -1.93879  
134.200    -1.93987  
134.300    -1.94095  
134.400    -1.94203  
134.500    -1.94311  
134.600    -1.94419  
134.700    -1.94526  
134.800    -1.94634  
134.900    -1.94741  
135.000    -1.94849  
135.100    -1.94956  
135.200    -1.95063  
135.300    -1.95170  
135.400    -1.95277  
135.500    -1.95384  
135.600    -1.95491  
135.700    -1.95598  
135.800    -1.95705  
135.900    -1.95811  
136.000    -1.95918  
136.100    -1.96024  
136.200    -1.96130  
136.300    -1.96237  
136.400    -1.96343  
136.500    -1.96449  
136.600    -1.96555  
136.700    -1.96661  
136.800    -1.96767  
136.900    -1.96873  
137.000    -1.96978  
137.100    -1.97084  
137.200    -1.97189  
137.300    -1.97295  
137.400    -1.97400  
137.500    -1.97505  
137.600    -1.97610  
137.700    -1.97715  
137.800    -1.97820  
137.900    -1.97925  
138.000    -1.98030  
138.100    -1.98135  
138.200    -1.98240  
138.300    -1.98344  
138.400    -1.98449  
138.500    -1.98553  
138.600    -1.98657  
138.700    -1.98762  
138.800    -1.98866  
138.900    -1.98970  
139.000    -1.99074  
139.100    -1.99178  
139.200    -1.99282  
139.300    -1.99385  
139.400    -1.99489  
139.500    -1.99593  
139.600    -1.99696  
139.700    -1.99799  
139.800    -1.99903  
139.900    -2.00006  
140.000    -2.00109  
140.100    -2.00212  
140.200    -2.00315  
140.300    -2.00418  
140.400    -2.00521  
140.500    -2.00624  
140.600    -2.00726  
140.700    -2.00829  
140.800    -2.00931  
140.900    -2.01034  
141.000    -2.01136  
141.100    -2.01238  
141.200    -2.01340  
141.300    -2.01442  
141.400    -2.01544  
141.500    -2.01646  
141.600    -2.01748  
141.700    -2.01850  
141.800    -2.01952  
141.900    -2.02053  
142.000    -2.02155  
142.100    -2.02256  
142.200    -2.02357  
142.300    -2.02459  
142.400    -2.02560  
142.500    -2.02661  
142.600    -2.02762  
142.700    -2.02863  
142.800    -2.02964  
142.900    -2.03064  
143.000    -2.03165  
143.100    -2.03266  
143.200    -2.03366  
143.300    -2.03467  
143.400    -2.03567  
143.500    -2.03667  
143.600    -2.03767  
143.700    -2.03867  
143.800    -2.03968  
143.900    -2.04067  
144.000    -2.04167  
144.100    -2.04267  
144.200    -2.04367  
144.300    -2.04466  
144.400    -2.04566  
144.500    -2.04665  
144.600    -2.04765  
144.700    -2.04864  
144.800    -2.04963  
144.900    -2.05062  
145.000    -2.05161  
145.100    -2.05260  
145.200    -2.05359  
145.300    -2.05458  
145.400    -2.05557  
145.500    -2.05655  
145.600    -2.05754  
145.700    -2.05852  
145.800    -2.05951  
145.900    -2.06049  
146.000    -2.06147  
146.100    -2.06246  
146.200    -2.06344  
146.300    -2.06442  
146.400    -2.06540  
146.500    -2.06637  
146.600    -2.06735  
146.700    -2.06833  
146.800    -2.06930  
146.900    -2.07028  
147.000    -2.07125  
147.100    -2.07223  
147.200    -2.07320  
147.300    -2.07417  
147.400    -2.07514  
147.500    -2.07611  
147.600    -2.07708  
147.700    -2.07805  
147.800    -2.07902  
147.900    -2.07999  
148.000    -2.08095  
148.100    -2.08192  
148.200    -2.08288  
148.300    -2.08385  
148.400    -2.08481  
148.500    -2.08577  
148.600    -2.08674  
148.700    -2.08770  
148.800    -2.08866  
148.900    -2.08962  
149.000    -2.09057  
149.100    -2.09153  
149.200    -2.09249  
149.300    -2.09345  
149.400    -2.09440  
149.500    -2.09536  
149.600    -2.09631  
149.700    -2.09726  
149.800    -2.09821  
149.900    -2.09917
150.000    -2.10012  
150.100    -2.10107  
150.200    -2.10201  
150.300    -2.10296  
150.400    -2.10391  
150.500    -2.10486  
150.600    -2.10580  
150.700    -2.10675  
150.800    -2.10769  
150.900    -2.10864  
151.000    -2.10958  
151.100    -2.11052  
151.200    -2.11146  
151.300    -2.11240  
151.400    -2.11334  
151.500    -2.11428  
151.600    -2.11522  
151.700    -2.11616  
151.800    -2.11709  
151.900    -2.11803  
152.000    -2.11896  
152.100    -2.11990  
152.200    -2.12083  
152.300    -2.12176  
152.400    -2.12270  
152.500    -2.12363  
152.600    -2.12456  
152.700    -2.12549  
152.800    -2.12642  
152.900    -2.12734  
153.000    -2.12827  
153.100    -2.12920  
153.200    -2.13012  
153.300    -2.13105  
153.400    -2.13197  
153.500    -2.13290  
153.600    -2.13382  
153.700    -2.13474  
153.800    -2.13566  
153.900    -2.13658  
154.000    -2.13750  
154.100    -2.13842  
154.200    -2.13934  
154.300    -2.14026  
154.400    -2.14117  
154.500    -2.14209  
154.600    -2.14300  
154.700    -2.14392  
154.800    -2.14483  
154.900    -2.14574  
155.000    -2.14666  
155.100    -2.14757  
155.200    -2.14848  
155.300    -2.14939  
155.400    -2.15030  
155.500    -2.15120  
155.600    -2.15211  
155.700    -2.15302  
155.800    -2.15392  
155.900    -2.15483  
156.000    -2.15573  
156.100    -2.15664  
156.200    -2.15754  
156.300    -2.15844  
156.400    -2.15934  
156.500    -2.16024  
156.600    -2.16114  
156.700    -2.16204  
156.800    -2.16294  
156.900    -2.16384  
157.000    -2.16473  
157.100    -2.16563  
157.200    -2.16653  
157.300    -2.16742  
157.400    -2.16831  
157.500    -2.16921  
157.600    -2.17010  
157.700    -2.17099  
157.800    -2.17188  
157.900    -2.17277  
158.000    -2.17366  
158.100    -2.17455  
158.200    -2.17544  
158.300    -2.17632  
158.400    -2.17721  
158.500    -2.17810  
158.600    -2.17898  
158.700    -2.17987  
158.800    -2.18075  
158.900    -2.18163  
159.000    -2.18251  
159.100    -2.18339  
159.200    -2.18427  
159.300    -2.18515  
159.400    -2.18603  
159.500    -2.18691  
159.600    -2.18779  
159.700    -2.18866  
159.800    -2.18954  
159.900    -2.19042  
160.000    -2.19129  
160.100    -2.19216  
160.200    -2.19304  
160.300    -2.19391  
160.400    -2.19478  
160.500    -2.19565  
160.600    -2.19652  
160.700    -2.19739  
160.800    -2.19826  
160.900    -2.19913  
161.000    -2.19999  
161.100    -2.20086  
161.200    -2.20172  
161.300    -2.20259  
161.400    -2.20345  
161.500    -2.20432  
161.600    -2.20518  
161.700    -2.20604  
161.800    -2.20690  
161.900    -2.20776  
162.000    -2.20862  
162.100    -2.20948  
162.200    -2.21034  
162.300    -2.21120  
162.400    -2.21205  
162.500    -2.21291  
162.600    -2.21377  
162.700    -2.21462  
162.800    -2.21547  
162.900    -2.21633  
163.000    -2.21718  
163.100    -2.21803  
163.200    -2.21888  
163.300    -2.21973  
163.400    -2.22058  
163.500    -2.22143  
163.600    -2.22228  
163.700    -2.22313  
163.800    -2.22397  
163.900    -2.22482  
164.000    -2.22566  
164.100    -2.22651  
164.200    -2.22735  
164.300    -2.22820  
164.400    -2.22904  
164.500    -2.22988  
164.600    -2.23072  
164.700    -2.23156  
164.800    -2.23240  
164.900    -2.23324  
165.000    -2.23408  
165.100    -2.23491  
165.200    -2.23575  
165.300    -2.23659  
165.400    -2.23742  
165.500    -2.23825  
165.600    -2.23909  
165.700    -2.23992  
165.800    -2.24075  
165.900    -2.24159  
166.000    -2.24242  
166.100    -2.24325  
166.200    -2.24408  
166.300    -2.24490  
166.400    -2.24573  
166.500    -2.24656  
166.600    -2.24739  
166.700    -2.24821  
166.800    -2.24904  
166.900    -2.24986  
167.000    -2.25069  
167.100    -2.25151  
167.200    -2.25233  
167.300    -2.25315  
167.400    -2.25397  
167.500    -2.25479  
167.600    -2.25561  
167.700    -2.25643  
167.800    -2.25725  
167.900    -2.25807  
168.000    -2.25888  
168.100    -2.25970  
168.200    -2.26052  
168.300    -2.26133  
168.400    -2.26214  
168.500    -2.26296  
168.600    -2.26377  
168.700    -2.26458  
168.800    -2.26539  
168.900    -2.26620  
169.000    -2.26701  
169.100    -2.26782  
169.200    -2.26863  
169.300    -2.26944  
169.400    -2.27024  
169.500    -2.27105  
169.600    -2.27185  
169.700    -2.27266  
169.800    -2.27346  
169.900    -2.27427  
170.000    -2.27507  
170.100    -2.27587  
170.200    -2.27667  
170.300    -2.27747  
170.400    -2.27827  
170.500    -2.27907  
170.600    -2.27987  
170.700    -2.28067  
170.800    -2.28147  
170.900    -2.28226  
171.000    -2.28306  
171.100    -2.28385  
171.200    -2.28465  
171.300    -2.28544  
171.400    -2.28623  
171.500    -2.28703  
171.600    -2.28782  
171.700    -2.28861  
171.800    -2.28940  
171.900    -2.29019  
172.000    -2.29098  
172.100    -2.29177  
172.200    -2.29255  
172.300    -2.29334  
172.400    -2.29413  
172.500    -2.29491  
172.600    -2.29570  
172.700    -2.29648  
172.800    -2.29726  
172.900    -2.29805  
173.000    -2.29883  
173.100    -2.29961  
173.200    -2.30039  
173.300    -2.30117  
173.400    -2.30195  
173.500    -2.30273  
173.600    -2.30351  
173.700    -2.30428  
173.800    -2.30506  
173.900    -2.30584  
174.000    -2.30661  
174.100    -2.30739  
174.200    -2.30816  
174.300    -2.30893  
174.400    -2.30970  
174.500    -2.31048  
174.600    -2.31125  
174.700    -2.31202  
174.800    -2.31279  
174.900    -2.31356  
175.000    -2.31433  
175.100    -2.31509  
175.200    -2.31586  
175.300    -2.31663  
175.400    -2.31739  
175.500    -2.31816  
175.600    -2.31892  
175.700    -2.31969  
175.800    -2.32045  
175.900    -2.32121  
176.000    -2.32197  
176.100    -2.32273  
176.200    -2.32349  
176.300    -2.32425  
176.400    -2.32501  
176.500    -2.32577  
176.600    -2.32653  
176.700    -2.32729  
176.800    -2.32804  
176.900    -2.32880  
177.000    -2.32955  
177.100    -2.33031  
177.200    -2.33106  
177.300    -2.33182  
177.400    -2.33257  
177.500    -2.33332  
177.600    -2.33407  
177.700    -2.33482  
177.800    -2.33557  
177.900    -2.33632  
178.000    -2.33707  
178.100    -2.33782  
178.200    -2.33856  
178.300    -2.33931  
178.400    -2.34005  
178.500    -2.34080  
178.600    -2.34154  
178.700    -2.34229  
178.800    -2.34303  
178.900    -2.34377  
179.000    -2.34452  
179.100    -2.34526  
179.200    -2.34600  
179.300    -2.34674  
179.400    -2.34748  
179.500    -2.34821  
179.600    -2.34895  
179.700    -2.34969  
179.800    -2.35043  
179.900    -2.35116  
180.000    -2.35190  
180.100    -2.35263  
180.200    -2.35337  
180.300    -2.35410  
180.400    -2.35483  
180.500    -2.35556  
180.600    -2.35629  
180.700    -2.35703  
180.800    -2.35776  
180.900    -2.35848  
181.000    -2.35921  
181.100    -2.35994  
181.200    -2.36067  
181.300    -2.36140  
181.400    -2.36212  
181.500    -2.36285  
181.600    -2.36357  
181.700    -2.36430  
181.800    -2.36502  
181.900    -2.36574  
182.000    -2.36646  
182.100    -2.36719  
182.200    -2.36791  
182.300    -2.36863  
182.400    -2.36935  
182.500    -2.37007  
182.600    -2.37078  
182.700    -2.37150  
182.800    -2.37222  
182.900    -2.37293  
183.000    -2.37365  
183.100    -2.37437  
183.200    -2.37508  
183.300    -2.37579  
183.400    -2.37651  
183.500    -2.37722  
183.600    -2.37793  
183.700    -2.37864  
183.800    -2.37935  
183.900    -2.38006  
184.000    -2.38077  
184.100    -2.38148  
184.200    -2.38219  
184.300    -2.38290  
184.400    -2.38360  
184.500    -2.38431  
184.600    -2.38501  
184.700    -2.38572  
184.800    -2.38642  
184.900    -2.38713  
185.000    -2.38783  
185.100    -2.38853  
185.200    -2.38923  
185.300    -2.38993  
185.400    -2.39064  
185.500    -2.39133  
185.600    -2.39203  
185.700    -2.39273  
185.800    -2.39343  
185.900    -2.39413  
186.000    -2.39482  
186.100    -2.39552  
186.200    -2.39622  
186.300    -2.39691  
186.400    -2.39760  
186.500    -2.39830  
186.600    -2.39899  
186.700    -2.39968  
186.800    -2.40037  
186.900    -2.40106  
187.000    -2.40175  
187.100    -2.40244  
187.200    -2.40313  
187.300    -2.40382  
187.400    -2.40451  
187.500    -2.40520  
187.600    -2.40588  
187.700    -2.40657  
187.800    -2.40725  
187.900    -2.40794  
188.000    -2.40862  
188.100    -2.40930  
188.200    -2.40999  
188.300    -2.41067  
188.400    -2.41135  
188.500    -2.41203  
188.600    -2.41271  
188.700    -2.41339  
188.800    -2.41407  
188.900    -2.41475  
189.000    -2.41543  
189.100    -2.41610  
189.200    -2.41678  
189.300    -2.41745  
189.400    -2.41813  
189.500    -2.41880  
189.600    -2.41948  
189.700    -2.42015  
189.800    -2.42082  
189.900    -2.42150  
190.000    -2.42217  
190.100    -2.42284  
190.200    -2.42351  
190.300    -2.42418  
190.400    -2.42485  
190.500    -2.42552  
190.600    -2.42618  
190.700    -2.42685  
190.800    -2.42752  
190.900    -2.42818  
191.000    -2.42885  
191.100    -2.42951  
191.200    -2.43018  
191.300    -2.43084  
191.400    -2.43150  
191.500    -2.43217  
191.600    -2.43283  
191.700    -2.43349  
191.800    -2.43415  
191.900    -2.43481  
192.000    -2.43547  
192.100    -2.43613  
192.200    -2.43678  
192.300    -2.43744  
192.400    -2.43810  
192.500    -2.43875  
192.600    -2.43941  
192.700    -2.44006  
192.800    -2.44072  
192.900    -2.44137  
193.000    -2.44202  
193.100    -2.44268  
193.200    -2.44333  
193.300    -2.44398  
193.400    -2.44463  
193.500    -2.44528  
193.600    -2.44593  
193.700    -2.44658  
193.800    -2.44723  
193.900    -2.44787  
194.000    -2.44852  
194.100    -2.44917  
194.200    -2.44981  
194.300    -2.45046  
194.400    -2.45110  
194.500    -2.45175  
194.600    -2.45239  
194.700    -2.45303  
194.800    -2.45367  
194.900    -2.45431  
195.000    -2.45496  
195.100    -2.45560  
195.200    -2.45624  
195.300    -2.45687  
195.400    -2.45751  
195.500    -2.45815  
195.600    -2.45879  
195.700    -2.45942  
195.800    -2.46006  
195.900    -2.46070  
196.000    -2.46133  
196.100    -2.46197  
196.200    -2.46260  
196.300    -2.46323  
196.400    -2.46386  
196.500    -2.46450  
196.600    -2.46513  
196.700    -2.46576  
196.800    -2.46639  
196.900    -2.46702  
197.000    -2.46765  
197.100    -2.46827  
197.200    -2.46890  
197.300    -2.46953  
197.400    -2.47016  
197.500    -2.47078  
197.600    -2.47141  
197.700    -2.47203  
197.800    -2.47265  
197.900    -2.47328  
198.000    -2.47390  
198.100    -2.47452  
198.200    -2.47514  
198.300    -2.47577  
198.400    -2.47639  
198.500    -2.47701  
198.600    -2.47763  
198.700    -2.47824  
198.800    -2.47886  
198.900    -2.47948  
199.000    -2.48010  
199.100    -2.48071  
199.200    -2.48133  
199.300    -2.48194  
199.400    -2.48256  
199.500    -2.48317  
199.600    -2.48379  
199.700    -2.48440  
199.800    -2.48501  
199.900    -2.48562  
200.000    -2.48623  
200.100    -2.48684  
200.200    -2.48745  
200.300    -2.48806  
200.400    -2.48867  
200.500    -2.48928  
200.600    -2.48989  
200.700    -2.49049  
200.800    -2.49110  
200.900    -2.49171  
201.000    -2.49231  
201.100    -2.49292  
201.200    -2.49352  
201.300    -2.49412  
201.400    -2.49473  
201.500    -2.49533  
201.600    -2.49593  
201.700    -2.49653  
201.800    -2.49713  
201.900    -2.49773  
202.000    -2.49833  
202.100    -2.49893  
202.200    -2.49953  
202.300    -2.50013  
202.400    -2.50072  
202.500    -2.50132  
202.600    -2.50192  
202.700    -2.50251  
202.800    -2.50311  
202.900    -2.50370  
203.000    -2.50429  
203.100    -2.50489  
203.200    -2.50548  
203.300    -2.50607  
203.400    -2.50666  
203.500    -2.50725  
203.600    -2.50784  
203.700    -2.50843  
203.800    -2.50902  
203.900    -2.50961  
204.000    -2.51020  
204.100    -2.51078  
204.200    -2.51137  
204.300    -2.51196  
204.400    -2.51254  
204.500    -2.51313  
204.600    -2.51371  
204.700    -2.51430  
204.800    -2.51488  
204.900    -2.51546  
205.000    -2.51604  
205.100    -2.51663  
205.200    -2.51721  
205.300    -2.51779  
205.400    -2.51837  
205.500    -2.51895  
205.600    -2.51952  
205.700    -2.52010  
205.800    -2.52068  
205.900    -2.52126  
206.000    -2.52183  
206.100    -2.52241  
206.200    -2.52298  
206.300    -2.52356  
206.400    -2.52413  
206.500    -2.52471  
206.600    -2.52528  
206.700    -2.52585  
206.800    -2.52642  
206.900    -2.52700  
207.000    -2.52757  
207.100    -2.52814  
207.200    -2.52871  
207.300    -2.52928  
207.400    -2.52984  
207.500    -2.53041  
207.600    -2.53098  
207.700    -2.53155  
207.800    -2.53211  
207.900    -2.53268  
208.000    -2.53324  
208.100    -2.53381  
208.200    -2.53437  
208.300    -2.53493  
208.400    -2.53550  
208.500    -2.53606  
208.600    -2.53662  
208.700    -2.53718  
208.800    -2.53774  
208.900    -2.53830  
209.000    -2.53886  
209.100    -2.53942  
209.200    -2.53998  
209.300    -2.54054  
209.400    -2.54110  
209.500    -2.54165  
209.600    -2.54221  
209.700    -2.54276  
209.800    -2.54332  
209.900    -2.54387  
210.000    -2.54443  
210.100    -2.54498  
210.200    -2.54553  
210.300    -2.54609  
210.400    -2.54664  
210.500    -2.54719  
210.600    -2.54774  
210.700    -2.54829  
210.800    -2.54884  
210.900    -2.54939  
211.000    -2.54994  
211.100    -2.55048  
211.200    -2.55103  
211.300    -2.55158  
211.400    -2.55212  
211.500    -2.55267  
211.600    -2.55321  
211.700    -2.55376  
211.800    -2.55430  
211.900    -2.55485  
212.000    -2.55539  
212.100    -2.55593  
212.200    -2.55647  
212.300    -2.55701  
212.400    -2.55755  
212.500    -2.55809  
212.600    -2.55863  
212.700    -2.55917  
212.800    -2.55971  
212.900    -2.56025  
213.000    -2.56079  
213.100    -2.56132  
213.200    -2.56186  
213.300    -2.56239  
213.400    -2.56293  
213.500    -2.56346  
213.600    -2.56400  
213.700    -2.56453  
213.800    -2.56506  
213.900    -2.56560  
214.000    -2.56613  
214.100    -2.56666  
214.200    -2.56719  
214.300    -2.56772  
214.400    -2.56825  
214.500    -2.56878  
214.600    -2.56931  
214.700    -2.56984  
214.800    -2.57036  
214.900    -2.57089  
215.000    -2.57142  
215.100    -2.57194  
215.200    -2.57247  
215.300    -2.57299  
215.400    -2.57352  
215.500    -2.57404  
215.600    -2.57456  
215.700    -2.57509  
215.800    -2.57561  
215.900    -2.57613  
216.000    -2.57665  
216.100    -2.57717  
216.200    -2.57769  
216.300    -2.57821  
216.400    -2.57873  
216.500    -2.57925  
216.600    -2.57976  
216.700    -2.58028  
216.800    -2.58080  
216.900    -2.58131  
217.000    -2.58183  
217.100    -2.58234  
217.200    -2.58286  
217.300    -2.58337  
217.400    -2.58389  
217.500    -2.58440  
217.600    -2.58491  
217.700    -2.58542  
217.800    -2.58594  
217.900    -2.58645  
218.000    -2.58696  
218.100    -2.58747  
218.200    -2.58797  
218.300    -2.58848  
218.400    -2.58899  
218.500    -2.58950  
218.600    -2.59001  
218.700    -2.59051  
218.800    -2.59102  
218.900    -2.59152  
219.000    -2.59203  
219.100    -2.59253  
219.200    -2.59304  
219.300    -2.59354  
219.400    -2.59404  
219.500    -2.59454  
219.600    -2.59505  
219.700    -2.59555  
219.800    -2.59605  
219.900    -2.59655  
220.000    -2.59705  
220.100    -2.59755  
220.200    -2.59805  
220.300    -2.59854  
220.400    -2.59904  
220.500    -2.59954  
220.600    -2.60003  
220.700    -2.60053  
220.800    -2.60103  
220.900    -2.60152  
221.000    -2.60201  
221.100    -2.60251  
221.200    -2.60300  
221.300    -2.60349  
221.400    -2.60399  
221.500    -2.60448  
221.600    -2.60497  
221.700    -2.60546  
221.800    -2.60595  
221.900    -2.60644  
222.000    -2.60693  
222.100    -2.60742  
222.200    -2.60790  
222.300    -2.60839  
222.400    -2.60888  
222.500    -2.60936  
222.600    -2.60985  
222.700    -2.61034  
222.800    -2.61082  
222.900    -2.61130  
223.000    -2.61179  
223.100    -2.61227  
223.200    -2.61275  
223.300    -2.61324  
223.400    -2.61372  
223.500    -2.61420  
223.600    -2.61468  
223.700    -2.61516  
223.800    -2.61564  
223.900    -2.61612  
224.000    -2.61660  
224.100    -2.61708  
224.200    -2.61755  
224.300    -2.61803  
224.400    -2.61851  
224.500    -2.61898  
224.600    -2.61946  
224.700    -2.61993  
224.800    -2.62041  
224.900    -2.62088  
225.000    -2.62135  
225.100    -2.62183  
225.200    -2.62230  
225.300    -2.62277  
225.400    -2.62324  
225.500    -2.62371  
225.600    -2.62418  
225.700    -2.62465  
225.800    -2.62512  
225.900    -2.62559  
226.000    -2.62606  
226.100    -2.62653  
226.200    -2.62699  
226.300    -2.62746  
226.400    -2.62793  
226.500    -2.62839  
226.600    -2.62886  
226.700    -2.62932  
226.800    -2.62979  
226.900    -2.63025  
227.000    -2.63071  
227.100    -2.63117  
227.200    -2.63164  
227.300    -2.63210  
227.400    -2.63256  
227.500    -2.63302  
227.600    -2.63348  
227.700    -2.63394  
227.800    -2.63440  
227.900    -2.63486  
228.000    -2.63531  
228.100    -2.63577  
228.200    -2.63623  
228.300    -2.63669  
228.400    -2.63714  
228.500    -2.63760  
228.600    -2.63805  
228.700    -2.63851  
228.800    -2.63896  
228.900    -2.63941  
229.000    -2.63987  
229.100    -2.64032  
229.200    -2.64077  
229.300    -2.64122  
229.400    -2.64167  
229.500    -2.64212  
229.600    -2.64257  
229.700    -2.64302  
229.800    -2.64347  
229.900    -2.64392  
230.000    -2.64437  
230.100    -2.64481  
230.200    -2.64526  
230.300    -2.64571  
230.400    -2.64615  
230.500    -2.64660  
230.600    -2.64704  
230.700    -2.64749  
230.800    -2.64793  
230.900    -2.64837  
231.000    -2.64882  
231.100    -2.64926  
231.200    -2.64970  
231.300    -2.65014  
231.400    -2.65058  
231.500    -2.65102  
231.600    -2.65146  
231.700    -2.65190  
231.800    -2.65234  
231.900    -2.65278  
232.000    -2.65322  
232.100    -2.65365  
232.200    -2.65409  
232.300    -2.65453  
232.400    -2.65496  
232.500    -2.65540  
232.600    -2.65583  
232.700    -2.65627  
232.800    -2.65670  
232.900    -2.65713  
233.000    -2.65756  
233.100    -2.65800  
233.200    -2.65843  
233.300    -2.65886  
233.400    -2.65929  
233.500    -2.65972  
233.600    -2.66015  
233.700    -2.66058  
233.800    -2.66101  
233.900    -2.66144  
234.000    -2.66186  
234.100    -2.66229  
234.200    -2.66272  
234.300    -2.66314  
234.400    -2.66357  
234.500    -2.66400  
234.600    -2.66442  
234.700    -2.66485  
234.800    -2.66527  
234.900    -2.66569  
235.000    -2.66611  
235.100    -2.66654  
235.200    -2.66696  
235.300    -2.66738  
235.400    -2.66780  
235.500    -2.66822  
235.600    -2.66864  
235.700    -2.66906  
235.800    -2.66948  
235.900    -2.66990  
236.000    -2.67032  
236.100    -2.67073  
236.200    -2.67115  
236.300    -2.67157  
236.400    -2.67198  
236.500    -2.67240  
236.600    -2.67281  
236.700    -2.67323  
236.800    -2.67364  
236.900    -2.67406  
237.000    -2.67447  
237.100    -2.67488  
237.200    -2.67529  
237.300    -2.67570  
237.400    -2.67612  
237.500    -2.67653  
237.600    -2.67694  
237.700    -2.67735  
237.800    -2.67775  
237.900    -2.67816  
238.000    -2.67857  
238.100    -2.67898  
238.200    -2.67939  
238.300    -2.67979  
238.400    -2.68020  
238.500    -2.68060  
238.600    -2.68101  
238.700    -2.68141  
238.800    -2.68182  
238.900    -2.68222  
239.000    -2.68263  
239.100    -2.68303  
239.200    -2.68343  
239.300    -2.68383  
239.400    -2.68423  
239.500    -2.68463  
239.600    -2.68504  
239.700    -2.68544  
239.800    -2.68583  
239.900    -2.68623  
240.000    -2.68663  
240.100    -2.68703  
240.200    -2.68743  
240.300    -2.68782  
240.400    -2.68822  
240.500    -2.68862  
240.600    -2.68901  
240.700    -2.68941  
240.800    -2.68980  
240.900    -2.69020  
241.000    -2.69059  
241.100    -2.69098  
241.200    -2.69138  
241.300    -2.69177  
241.400    -2.69216  
241.500    -2.69255  
241.600    -2.69294  
241.700    -2.69333  
241.800    -2.69372  
241.900    -2.69411  
242.000    -2.69450  
242.100    -2.69489  
242.200    -2.69528  
242.300    -2.69566  
242.400    -2.69605  
242.500    -2.69644  
242.600    -2.69682  
242.700    -2.69721  
242.800    -2.69759  
242.900    -2.69798  
243.000    -2.69836  
243.100    -2.69875  
243.200    -2.69913  
243.300    -2.69951  
243.400    -2.69989  
243.500    -2.70028  
243.600    -2.70066  
243.700    -2.70104  
243.800    -2.70142  
243.900    -2.70180  
244.000    -2.70218  
244.100    -2.70256  
244.200    -2.70293  
244.300    -2.70331  
244.400    -2.70369  
244.500    -2.70407  
244.600    -2.70444  
244.700    -2.70482  
244.800    -2.70519  
244.900    -2.70557  
245.000    -2.70594  
245.100    -2.70632  
245.200    -2.70669  
245.300    -2.70706  
245.400    -2.70744  
245.500    -2.70781  
245.600    -2.70818  
245.700    -2.70855  
245.800    -2.70892  
245.900    -2.70929  
246.000    -2.70966  
246.100    -2.71003  
246.200    -2.71040  
246.300    -2.71077  
246.400    -2.71114  
246.500    -2.71151  
246.600    -2.71187  
246.700    -2.71224  
246.800    -2.71261  
246.900    -2.71297  
247.000    -2.71334  
247.100    -2.71370  
247.200    -2.71407  
247.300    -2.71443  
247.400    -2.71479  
247.500    -2.71515  
247.600    -2.71552  
247.700    -2.71588  
247.800    -2.71624  
247.900    -2.71660  
248.000    -2.71696  
248.100    -2.71732  
248.200    -2.71768  
248.300    -2.71804  
248.400    -2.71840  
248.500    -2.71876  
248.600    -2.71911  
248.700    -2.71947  
248.800    -2.71983  
248.900    -2.72018  
249.000    -2.72054  
249.100    -2.72090  
249.200    -2.72125  
249.300    -2.72161  
249.400    -2.72196  
249.500    -2.72231  
249.600    -2.72267  
249.700    -2.72302  
249.800    -2.72337  
249.900    -2.72372  
250.000    -2.72407  
250.100    -2.72442  
250.200    -2.72477  
250.300    -2.72512  
250.400    -2.72547  
250.500    -2.72582  
250.600    -2.72617  
250.700    -2.72652  
250.800    -2.72687  
250.900    -2.72721  
251.000    -2.72756  
251.100    -2.72791  
251.200    -2.72825  
251.300    -2.72860  
251.400    -2.72894  
251.500    -2.72928  
251.600    -2.72963  
251.700    -2.72997  
251.800    -2.73031  
251.900    -2.73066  
252.000    -2.73100  
252.100    -2.73134  
252.200    -2.73168  
252.300    -2.73202  
252.400    -2.73236  
252.500    -2.73270  
252.600    -2.73304  
252.700    -2.73338  
252.800    -2.73372  
252.900    -2.73406  
253.000    -2.73439  
253.100    -2.73473  
253.200    -2.73507  
253.300    -2.73540  
253.400    -2.73574  
253.500    -2.73607  
253.600    -2.73641  
253.700    -2.73674  
253.800    -2.73707  
253.900    -2.73741  
254.000    -2.73774  
254.100    -2.73807  
254.200    -2.73840  
254.300    -2.73874  
254.400    -2.73907  
254.500    -2.73940  
254.600    -2.73973  
254.700    -2.74006  
254.800    -2.74039  
254.900    -2.74071  
255.000    -2.74104  
255.100    -2.74137  
255.200    -2.74170  
255.300    -2.74202  
255.400    -2.74235  
255.500    -2.74268  
255.600    -2.74300  
255.700    -2.74333  
255.800    -2.74365  
255.900    -2.74397  
256.000    -2.74430  
256.100    -2.74462  
256.200    -2.74494  
256.300    -2.74527  
256.400    -2.74559  
256.500    -2.74591  
256.600    -2.74623  
256.700    -2.74655  
256.800    -2.74687  
256.900    -2.74719  
257.000    -2.74751  
257.100    -2.74783  
257.200    -2.74815  
257.300    -2.74846  
257.400    -2.74878  
257.500    -2.74910  
257.600    -2.74941  
257.700    -2.74973  
257.800    -2.75004  
257.900    -2.75036  
258.000    -2.75067  
258.100    -2.75099  
258.200    -2.75130  
258.300    -2.75161  
258.400    -2.75193  
258.500    -2.75224  
258.600    -2.75255  
258.700    -2.75286  
258.800    -2.75317  
258.900    -2.75348  
259.000    -2.75379  
259.100    -2.75410  
259.200    -2.75441  
259.300    -2.75472  
259.400    -2.75503  
259.500    -2.75534  
259.600    -2.75564  
259.700    -2.75595  
259.800    -2.75626  
259.900    -2.75656  
260.000    -2.75687  
260.100    -2.75717  
260.200    -2.75748  
260.300    -2.75778  
260.400    -2.75809  
260.500    -2.75839  
260.600    -2.75869  
260.700    -2.75899  
260.800    -2.75930  
260.900    -2.75960  
261.000    -2.75990  
261.100    -2.76020  
261.200    -2.76050  
261.300    -2.76080  
261.400    -2.76110  
261.500    -2.76140  
261.600    -2.76170  
261.700    -2.76199  
261.800    -2.76229  
261.900    -2.76259  
262.000    -2.76288  
262.100    -2.76318  
262.200    -2.76348  
262.300    -2.76377  
262.400    -2.76407  
262.500    -2.76436  
262.600    -2.76466  
262.700    -2.76495  
262.800    -2.76524  
262.900    -2.76553  
263.000    -2.76583  
263.100    -2.76612  
263.200    -2.76641  
263.300    -2.76670  
263.400    -2.76699  
263.500    -2.76728  
263.600    -2.76757  
263.700    -2.76786  
263.800    -2.76815  
263.900    -2.76844  
264.000    -2.76872  
264.100    -2.76901  
264.200    -2.76930  
264.300    -2.76958  
264.400    -2.76987  
264.500    -2.77016  
264.600    -2.77044  
264.700    -2.77072  
264.800    -2.77101  
264.900    -2.77129  
265.000    -2.77158  
265.100    -2.77186  
265.200    -2.77214  
265.300    -2.77242  
265.400    -2.77270  
265.500    -2.77299  
265.600    -2.77327  
265.700    -2.77355  
265.800    -2.77383  
265.900    -2.77411  
266.000    -2.77438  
266.100    -2.77466  
266.200    -2.77494  
266.300    -2.77522  
266.400    -2.77550  
266.500    -2.77577  
266.600    -2.77605  
266.700    -2.77632  
266.800    -2.77660  
266.900    -2.77688  
267.000    -2.77715  
267.100    -2.77742  
267.200    -2.77770  
267.300    -2.77797  
267.400    -2.77824  
267.500    -2.77852  
267.600    -2.77879  
267.700    -2.77906  
267.800    -2.77933  
267.900    -2.77960  
268.000    -2.77987  
268.100    -2.78014  
268.200    -2.78041  
268.300    -2.78068  
268.400    -2.78095  
268.500    -2.78122  
268.600    -2.78148  
268.700    -2.78175  
268.800    -2.78202  
268.900    -2.78228  
269.000    -2.78255  
269.100    -2.78281  
269.200    -2.78308  
269.300    -2.78334  
269.400    -2.78361  
269.500    -2.78387  
269.600    -2.78414  
269.700    -2.78440  
269.800    -2.78466  
269.900    -2.78492  
270.000    -2.78518  
270.100    -2.78545  
270.200    -2.78571  
270.300    -2.78597  
270.400    -2.78623  
270.500    -2.78649  
270.600    -2.78674  
270.700    -2.78700  
270.800    -2.78726  
270.900    -2.78752  
271.000    -2.78778  
271.100    -2.78803  
271.200    -2.78829  
271.300    -2.78854  
271.400    -2.78880  
271.500    -2.78906  
271.600    -2.78931  
271.700    -2.78956  
271.800    -2.78982  
271.900    -2.79007  
272.000    -2.79032  
272.100    -2.79058  
272.200    -2.79083  
272.300    -2.79108  
272.400    -2.79133  
272.500    -2.79158  
272.600    -2.79183  
272.700    -2.79208  
272.800    -2.79233  
272.900    -2.79258  
273.000    -2.79283  
273.100    -2.79308  
273.200    -2.79333  
273.300    -2.79357  
273.400    -2.79382  
273.500    -2.79407  
273.600    -2.79431  
273.700    -2.79456  
273.800    -2.79480  
273.900    -2.79505  
274.000    -2.79529  
274.100    -2.79554  
274.200    -2.79578  
274.300    -2.79602  
274.400    -2.79627  
274.500    -2.79651  
274.600    -2.79675  
274.700    -2.79699  
274.800    -2.79723  
274.900    -2.79747  
275.000    -2.79771  
275.100    -2.79795  
275.200    -2.79819  
275.300    -2.79843  
275.400    -2.79867  
275.500    -2.79891  
275.600    -2.79915  
275.700    -2.79938  
275.800    -2.79962  
275.900    -2.79986  
276.000    -2.80009  
276.100    -2.80033  
276.200    -2.80056  
276.300    -2.80080  
276.400    -2.80103  
276.500    -2.80127  
276.600    -2.80150  
276.700    -2.80173  
276.800    -2.80196  
276.900    -2.80220  
277.000    -2.80243  
277.100    -2.80266  
277.200    -2.80289  
277.300    -2.80312  
277.400    -2.80335  
277.500    -2.80358  
277.600    -2.80381  
277.700    -2.80404  
277.800    -2.80427  
277.900    -2.80450  
278.000    -2.80472  
278.100    -2.80495  
278.200    -2.80518  
278.300    -2.80540  
278.400    -2.80563  
278.500    -2.80585  
278.600    -2.80608  
278.700    -2.80630  
278.800    -2.80653  
278.900    -2.80675  
279.000    -2.80698  
279.100    -2.80720  
279.200    -2.80742  
279.300    -2.80764  
279.400    -2.80786  
279.500    -2.80809  
279.600    -2.80831  
279.700    -2.80853  
279.800    -2.80875  
279.900    -2.80897  
280.000    -2.80919  
280.100    -2.80940  
280.200    -2.80962  
280.300    -2.80984  
280.400    -2.81006  
280.500    -2.81028  
280.600    -2.81049  
280.700    -2.81071  
280.800    -2.81092  
280.900    -2.81114  
281.000    -2.81136  
281.100    -2.81157  
281.200    -2.81178  
281.300    -2.81200  
281.400    -2.81221  
281.500    -2.81242  
281.600    -2.81264  
281.700    -2.81285  
281.800    -2.81306  
281.900    -2.81327  
282.000    -2.81348  
282.100    -2.81369  
282.200    -2.81390  
282.300    -2.81411  
282.400    -2.81432  
282.500    -2.81453  
282.600    -2.81474  
282.700    -2.81495  
282.800    -2.81516  
282.900    -2.81536  
283.000    -2.81557  
283.100    -2.81578  
283.200    -2.81598  
283.300    -2.81619  
283.400    -2.81639  
283.500    -2.81660  
283.600    -2.81680  
283.700    -2.81701  
283.800    -2.81721  
283.900    -2.81741  
284.000    -2.81761  
284.100    -2.81782  
284.200    -2.81802  
284.300    -2.81822  
284.400    -2.81842  
284.500    -2.81862  
284.600    -2.81882  
284.700    -2.81902  
284.800    -2.81922  
284.900    -2.81942  
285.000    -2.81962  
285.100    -2.81982  
285.200    -2.82001  
285.300    -2.82021  
285.400    -2.82041  
285.500    -2.82061  
285.600    -2.82080  
285.700    -2.82100  
285.800    -2.82119  
285.900    -2.82139  
286.000    -2.82158  
286.100    -2.82178  
286.200    -2.82197  
286.300    -2.82216  
286.400    -2.82236  
286.500    -2.82255  
286.600    -2.82274  
286.700    -2.82293  
286.800    -2.82312  
286.900    -2.82331  
287.000    -2.82350  
287.100    -2.82369  
287.200    -2.82388  
287.300    -2.82407  
287.400    -2.82426  
287.500    -2.82445  
287.600    -2.82464  
287.700    -2.82483  
287.800    -2.82501  
287.900    -2.82520  
288.000    -2.82539  
288.100    -2.82557  
288.200    -2.82576  
288.300    -2.82594  
288.400    -2.82613  
288.500    -2.82631  
288.600    -2.82650  
288.700    -2.82668  
288.800    -2.82686  
288.900    -2.82704  
289.000    -2.82723  
289.100    -2.82741  
289.200    -2.82759  
289.300    -2.82777  
289.400    -2.82795  
289.500    -2.82813  
289.600    -2.82831  
289.700    -2.82849  
289.800    -2.82867  
289.900    -2.82885  
290.000    -2.82903  
290.100    -2.82920  
290.200    -2.82938  
290.300    -2.82956  
290.400    -2.82974  
290.500    -2.82991  
290.600    -2.83009  
290.700    -2.83026  
290.800    -2.83044  
290.900    -2.83061  
291.000    -2.83079  
291.100    -2.83096  
291.200    -2.83113  
291.300    -2.83131  
291.400    -2.83148  
291.500    -2.83165  
291.600    -2.83182  
291.700    -2.83200  
291.800    -2.83217  
291.900    -2.83234  
292.000    -2.83251  
292.100    -2.83268  
292.200    -2.83285  
292.300    -2.83302  
292.400    -2.83318  
292.500    -2.83335  
292.600    -2.83352  
292.700    -2.83369  
292.800    -2.83385  
292.900    -2.83402  
293.000    -2.83419  
293.100    -2.83435  
293.200    -2.83452  
293.300    -2.83468  
293.400    -2.83485  
293.500    -2.83501  
293.600    -2.83518  
293.700    -2.83534  
293.800    -2.83550  
293.900    -2.83566  
294.000    -2.83583  
294.100    -2.83599  
294.200    -2.83615  
294.300    -2.83631  
294.400    -2.83647  
294.500    -2.83663  
294.600    -2.83679  
294.700    -2.83695  
294.800    -2.83711  
294.900    -2.83727  
295.000    -2.83743  
295.100    -2.83758  
295.200    -2.83774  
295.300    -2.83790  
295.400    -2.83805  
295.500    -2.83821  
295.600    -2.83837  
295.700    -2.83852  
295.800    -2.83868  
295.900    -2.83883  
296.000    -2.83899  
296.100    -2.83914  
296.200    -2.83929  
296.300    -2.83945  
296.400    -2.83960  
296.500    -2.83975  
296.600    -2.83990  
296.700    -2.84005  
296.800    -2.84021  
296.900    -2.84036  
297.000    -2.84051  
297.100    -2.84066  
297.200    -2.84081  
297.300    -2.84095  
297.400    -2.84110  
297.500    -2.84125  
297.600    -2.84140  
297.700    -2.84155  
297.800    -2.84169  
297.900    -2.84184  
298.000    -2.84199  
298.100    -2.84213  
298.200    -2.84228  
298.300    -2.84242  
298.400    -2.84257  
298.500    -2.84271  
298.600    -2.84286  
298.700    -2.84300  
298.800    -2.84314  
298.900    -2.84329  
299.000    -2.84343  
299.100    -2.84357  
299.200    -2.84371  
299.300    -2.84385  
299.400    -2.84399  
299.500    -2.84413  
299.600    -2.84427  
299.700    -2.84441  
299.800    -2.84455  
299.900    -2.84469  
300.000    -2.84483  
300.100    -2.84497  
300.200    -2.84510  
300.300    -2.84524  
300.400    -2.84538  
300.500    -2.84552  
300.600    -2.84565  
300.700    -2.84579  
300.800    -2.84592  
300.900    -2.84606  
301.000    -2.84619  
301.100    -2.84633  
301.200    -2.84646  
301.300    -2.84659  
301.400    -2.84673  
301.500    -2.84686  
301.600    -2.84699  
301.700    -2.84712  
301.800    -2.84725  
301.900    -2.84738  
302.000    -2.84751  
302.100    -2.84764  
302.200    -2.84777  
302.300    -2.84790  
302.400    -2.84803  
302.500    -2.84816  
302.600    -2.84829  
302.700    -2.84842  
302.800    -2.84854  
302.900    -2.84867  
303.000    -2.84880  
303.100    -2.84892  
303.200    -2.84905  
303.300    -2.84918  
303.400    -2.84930  
303.500    -2.84943  
303.600    -2.84955  
303.700    -2.84967  
303.800    -2.84980  
303.900    -2.84992  
304.000    -2.85004  
304.100    -2.85017  
304.200    -2.85029  
304.300    -2.85041  
304.400    -2.85053  
304.500    -2.85065  
304.600    -2.85077  
304.700    -2.85089  
304.800    -2.85101  
304.900    -2.85113  
305.000    -2.85125  
305.100    -2.85137  
305.200    -2.85149  
305.300    -2.85160  
305.400    -2.85172  
305.500    -2.85184  
305.600    -2.85196  
305.700    -2.85207  
305.800    -2.85219  
305.900    -2.85230  
306.000    -2.85242  
306.100    -2.85253  
306.200    -2.85265  
306.300    -2.85276  
306.400    -2.85287  
306.500    -2.85299  
306.600    -2.85310  
306.700    -2.85321  
306.800    -2.85332  
306.900    -2.85344  
307.000    -2.85355  
307.100    -2.85366  
307.200    -2.85377  
307.300    -2.85388  
307.400    -2.85399  
307.500    -2.85410  
307.600    -2.85421  
307.700    -2.85431  
307.800    -2.85442  
307.900    -2.85453  
308.000    -2.85464  
308.100    -2.85474  
308.200    -2.85485  
308.300    -2.85496  
308.400    -2.85506  
308.500    -2.85517  
308.600    -2.85527  
308.700    -2.85538  
308.800    -2.85548  
308.900    -2.85559  
309.000    -2.85569  
309.100    -2.85579  
309.200    -2.85590  
309.300    -2.85600  
309.400    -2.85610  
309.500    -2.85620  
309.600    -2.85630  
309.700    -2.85640  
309.800    -2.85650  
309.900    -2.85660  
310.000    -2.85670  
310.100    -2.85680  
310.200    -2.85690  
310.300    -2.85700  
310.400    -2.85710  
310.500    -2.85720  
310.600    -2.85729  
310.700    -2.85739  
310.800    -2.85749  
310.900    -2.85758  
311.000    -2.85768  
311.100    -2.85777  
311.200    -2.85787  
311.300    -2.85796  
311.400    -2.85806  
311.500    -2.85815  
311.600    -2.85825  
311.700    -2.85834  
311.800    -2.85843  
311.900    -2.85852  
312.000    -2.85862  
312.100    -2.85871  
312.200    -2.85880  
312.300    -2.85889  
312.400    -2.85898  
312.500    -2.85907  
312.600    -2.85916  
312.700    -2.85925  
312.800    -2.85934  
312.900    -2.85943  
313.000    -2.85952  
313.100    -2.85960  
313.200    -2.85969  
313.300    -2.85978  
313.400    -2.85986  
313.500    -2.85995  
313.600    -2.86004  
313.700    -2.86012  
313.800    -2.86021  
313.900    -2.86029  
314.000    -2.86038  
314.100    -2.86046  
314.200    -2.86054  
314.300    -2.86063  
314.400    -2.86071  
314.500    -2.86079  
314.600    -2.86088  
314.700    -2.86096  
314.800    -2.86104  
314.900    -2.86112  
315.000    -2.86120  
315.100    -2.86128  
315.200    -2.86136  
315.300    -2.86144  
315.400    -2.86152  
315.500    -2.86160  
315.600    -2.86168  
315.700    -2.86176  
315.800    -2.86183  
315.900    -2.86191  
316.000    -2.86199  
316.100    -2.86206  
316.200    -2.86214  
316.300    -2.86222  
316.400    -2.86229  
316.500    -2.86237  
316.600    -2.86244  
316.700    -2.86251  
316.800    -2.86259  
316.900    -2.86266  
317.000    -2.86274  
317.100    -2.86281  
317.200    -2.86288  
317.300    -2.86295  
317.400    -2.86302  
317.500    -2.86310  
317.600    -2.86317  
317.700    -2.86324  
317.800    -2.86331  
317.900    -2.86338  
318.000    -2.86345  
318.100    -2.86352  
318.200    -2.86358  
318.300    -2.86365  
318.400    -2.86372  
318.500    -2.86379  
318.600    -2.86386  
318.700    -2.86392  
318.800    -2.86399  
318.900    -2.86405  
319.000    -2.86412  
319.100    -2.86419  
319.200    -2.86425  
319.300    -2.86431  
319.400    -2.86438  
319.500    -2.86444  
319.600    -2.86451  
319.700    -2.86457  
319.800    -2.86463  
319.900    -2.86469  
320.000    -2.86476  
320.100    -2.86482  
320.200    -2.86488  
320.300    -2.86494  
320.400    -2.86500  
320.500    -2.86506  
320.600    -2.86512  
320.700    -2.86518  
320.800    -2.86524  
320.900    -2.86530  
321.000    -2.86535  
321.100    -2.86541  
321.200    -2.86547  
321.300    -2.86553  
321.400    -2.86558  
321.500    -2.86564  
321.600    -2.86570  
321.700    -2.86575  
321.800    -2.86581  
321.900    -2.86586  
322.000    -2.86592  
322.100    -2.86597  
322.200    -2.86602  
322.300    -2.86608  
322.400    -2.86613  
322.500    -2.86618  
322.600    -2.86624  
322.700    -2.86629  
322.800    -2.86634  
322.900    -2.86639  
323.000    -2.86644  
323.100    -2.86649  
323.200    -2.86654  
323.300    -2.86659  
323.400    -2.86664  
323.500    -2.86669  
323.600    -2.86674  
323.700    -2.86679  
323.800    -2.86683  
323.900    -2.86688  
324.000    -2.86693  
324.100    -2.86697  
324.200    -2.86702  
324.300    -2.86707  
324.400    -2.86711  
324.500    -2.86716  
324.600    -2.86720  
324.700    -2.86725  
324.800    -2.86729  
324.900    -2.86733  
325.000    -2.86738  
325.100    -2.86742  
325.200    -2.86746  
325.300    -2.86751  
325.400    -2.86755  
325.500    -2.86759  
325.600    -2.86763  
325.700    -2.86767  
325.800    -2.86771  
325.900    -2.86775  
326.000    -2.86779  
326.100    -2.86783  
326.200    -2.86787  
326.300    -2.86791  
326.400    -2.86795  
326.500    -2.86798  
326.600    -2.86802  
326.700    -2.86806  
326.800    -2.86810  
326.900    -2.86813  
327.000    -2.86817  
327.100    -2.86820  
327.200    -2.86824  
327.300    -2.86827  
327.400    -2.86831  
327.500    -2.86834  
327.600    -2.86838  
327.700    -2.86841  
327.800    -2.86844  
327.900    -2.86847  
328.000    -2.86851  
328.100    -2.86854  
328.200    -2.86857  
328.300    -2.86860  
328.400    -2.86863  
328.500    -2.86866  
328.600    -2.86869  
328.700    -2.86872  
328.800    -2.86875  
328.900    -2.86878  
329.000    -2.86881  
329.100    -2.86884  
329.200    -2.86887  
329.300    -2.86889  
329.400    -2.86892  
329.500    -2.86895  
329.600    -2.86897  
329.700    -2.86900  
329.800    -2.86903  
329.900    -2.86905  
330.000    -2.86908  
330.100    -2.86910  
330.200    -2.86912  
330.300    -2.86915  
330.400    -2.86917  
330.500    -2.86920  
330.600    -2.86922  
330.700    -2.86924  
330.800    -2.86926  
330.900    -2.86928  
331.000    -2.86931  
331.100    -2.86933  
331.200    -2.86935  
331.300    -2.86937  
331.400    -2.86939  
331.500    -2.86941  
331.600    -2.86943  
331.700    -2.86944  
331.800    -2.86946  
331.900    -2.86948  
332.000    -2.86950  
332.100    -2.86952  
332.200    -2.86953  
332.300    -2.86955  
332.400    -2.86957  
332.500    -2.86958  
332.600    -2.86960  
332.700    -2.86961  
332.800    -2.86963  
332.900    -2.86964  
333.000    -2.86965  
333.100    -2.86967  
333.200    -2.86968  
333.300    -2.86969  
333.400    -2.86971  
333.500    -2.86972  
333.600    -2.86973  
333.700    -2.86974  
333.800    -2.86975  
333.900    -2.86976  
334.000    -2.86977  
334.100    -2.86978  
334.200    -2.86979  
334.300    -2.86980  
334.400    -2.86981  
334.500    -2.86982  
334.600    -2.86983  
334.700    -2.86984  
334.800    -2.86984  
334.900    -2.86985  
335.000    -2.86986  
335.100    -2.86986  
335.200    -2.86987  
335.300    -2.86988  
335.400    -2.86988  
335.500    -2.86989  
335.600    -2.86989  
335.700    -2.86989  
335.800    -2.86990  
335.900    -2.86990  
336.000    -2.86991  
336.100    -2.86991  
336.200    -2.86991  
336.300    -2.86991  
336.400    -2.86991  
336.500    -2.86992  
336.600    -2.86992  
336.700    -2.86992  
336.800    -2.86992  
336.900    -2.86992  
337.000    -2.86992  
337.100    -2.86991  
337.200    -2.86991  
337.300    -2.86991  
337.400    -2.86991  
337.500    -2.86991  
337.600    -2.86991  
337.700    -2.86990  
337.800    -2.86990  
337.900    -2.86989  
338.000    -2.86989  
338.100    -2.86989  
338.200    -2.86988  
338.300    -2.86988  
338.400    -2.86987  
338.500    -2.86986  
338.600    -2.86986  
338.700    -2.86985  
338.800    -2.86984  
338.900    -2.86984  
339.000    -2.86983  
339.100    -2.86982  
339.200    -2.86981  
339.300    -2.86980  
339.400    -2.86979  
339.500    -2.86979  
339.600    -2.86978  
339.700    -2.86976  
339.800    -2.86975  
339.900    -2.86974  
340.000    -2.86973  
340.100    -2.86972  
340.200    -2.86971  
340.300    -2.86970  
340.400    -2.86968  
340.500    -2.86967  
340.600    -2.86966  
340.700    -2.86964  
340.800    -2.86963  
340.900    -2.86961  
341.000    -2.86960  
341.100    -2.86958  
341.200    -2.86957  
341.300    -2.86955  
341.400    -2.86954  
341.500    -2.86952  
341.600    -2.86950  
341.700    -2.86948  
341.800    -2.86947  
341.900    -2.86945  
342.000    -2.86943  
342.100    -2.86941  
342.200    -2.86939  
342.300    -2.86937  
342.400    -2.86935  
342.500    -2.86933  
342.600    -2.86931  
342.700    -2.86929  
342.800    -2.86927  
342.900    -2.86925  
343.000    -2.86923  
343.100    -2.86920  
343.200    -2.86918  
343.300    -2.86916  
343.400    -2.86913  
343.500    -2.86911  
343.600    -2.86909  
343.700    -2.86906  
343.800    -2.86904  
343.900    -2.86901  
344.000    -2.86899  
344.100    -2.86896  
344.200    -2.86893  
344.300    -2.86891  
344.400    -2.86888  
344.500    -2.86885  
344.600    -2.86882  
344.700    -2.86880  
344.800    -2.86877  
344.900    -2.86874  
345.000    -2.86871  
345.100    -2.86868  
345.200    -2.86865  
345.300    -2.86862  
345.400    -2.86859  
345.500    -2.86856  
345.600    -2.86853  
345.700    -2.86850  
345.800    -2.86846  
345.900    -2.86843  
346.000    -2.86840  
346.100    -2.86837  
346.200    -2.86833  
346.300    -2.86830  
346.400    -2.86826  
346.500    -2.86823  
346.600    -2.86819  
346.700    -2.86816  
346.800    -2.86812  
346.900    -2.86809  
347.000    -2.86805  
347.100    -2.86802  
347.200    -2.86798  
347.300    -2.86794  
347.400    -2.86790  
347.500    -2.86787  
347.600    -2.86783  
347.700    -2.86779  
347.800    -2.86775  
347.900    -2.86771  
348.000    -2.86767  
348.100    -2.86763  
348.200    -2.86759  
348.300    -2.86755  
348.400    -2.86751  
348.500    -2.86747  
348.600    -2.86742  
348.700    -2.86738  
348.800    -2.86734  
348.900    -2.86730  
349.000    -2.86725  
349.100    -2.86721  
349.200    -2.86717  
349.300    -2.86712  
349.400    -2.86708  
349.500    -2.86703  
349.600    -2.86699  
349.700    -2.86694  
349.800    -2.86689  
349.900    -2.86685  
350.000    -2.86680  