0.000     0.00000  
  0.100     0.00604  
  0.200     0.01695  
  0.300     0.03090  
  0.400     0.04723  
  0.500     0.06557  
  0.600     0.08564  
  0.700     0.10724  
  0.800     0.13022  
  0.900     0.15444  
  1.000     0.17980  
  1.100     0.20622  
  1.200     0.23360  
  1.300     0.26188  
  1.400     0.29099  
  1.500     0.32088  
  1.600     0.35150  
  1.700     0.38281  
  1.800     0.41475  
  1.900     0.44730  
  2.000     0.48041  
  2.100     0.51405  
  2.200     0.54820  
  2.300     0.58282  
  2.400     0.61788  
  2.500     0.65337  
  2.600     0.68925  
  2.700     0.72551  
  2.800     0.76212  
  2.900     0.79907  
  3.000     0.83633  
  3.100     0.87497  
  3.200     0.91361  
  3.300     0.95226  
  3.400     0.99090  
  3.500     1.02954  
  3.600     1.06819  
  3.700     1.10683  
  3.800     1.14547  
  3.900     1.18412  
  4.000     1.22276  
  4.100     1.26305  
  4.200     1.30333  
  4.300     1.34362  
  4.400     1.38390  
  4.500     1.42419  
  4.600     1.46448  
  4.700     1.50476  
  4.800     1.54505  
  4.900     1.58534  
  5.000     1.62562  
  5.100     1.66623  
  5.200     1.70716  
  5.300     1.74830  
  5.400     1.78953  
  5.500     1.83076  
  5.600     1.87188  
  5.700     1.91292  
  5.800     1.95391  
  5.900     1.99489  
  6.000     2.03589  
  6.100     2.07696  
  6.200     2.11808  
  6.300     2.15925  
  6.400     2.20045  
  6.500     2.24168  
  6.600     2.28291  
  6.700     2.32414  
  6.800     2.36532  
  6.900     2.40644  
  7.000     2.44747  
  7.100     2.48839  
  7.200     2.52924  
  7.300     2.57006  
  7.400     2.61088  
  7.500     2.65175  
  7.600     2.69269  
  7.700     2.73366  
  7.800     2.77458  
  7.900     2.81540  
  8.000     2.85604  
  8.100     2.89646  
  8.200     2.93672  
  8.300     2.97690  
  8.400     3.01706  
  8.500     3.05729  
  8.600     3.09763  
  8.700     3.13803  
  8.800     3.17837  
  8.900     3.21858  
  9.000     3.25854  
  9.100     3.29821  
  9.200     3.33766  
  9.300     3.37698  
  9.400     3.41628  
  9.500     3.45566  
  9.600     3.49519  
  9.700     3.53478  
  9.800     3.57432  
  9.900     3.61369  
 10.000     3.65277  
 10.100     3.69147  
 10.200     3.72981  
 10.300     3.76787  
 10.400     3.80571  
 10.500     3.84339  
 10.600     3.88098  
 10.700     3.91853  
 10.800     3.95611  
 10.900     3.99379  
 11.000     4.03162  
 11.100     4.06965  
 11.200     4.10783  
 11.300     4.14609  
 11.400     4.18437  
 11.500     4.22259  
 11.600     4.26069  
 11.700     4.29859  
 11.800     4.33624  
 11.900     4.37355  
 12.000     4.41046  
 12.100     4.44693  
 12.200     4.48301  
 12.300     4.51876  
 12.400     4.55425  
 12.500     4.58956  
 12.600     4.62475  
 12.700     4.65991  
 12.800     4.69509  
 12.900     4.73038  
 13.000     4.76584  
 13.100     4.80151  
 13.200     4.83736  
 13.300     4.87329  
 13.400     4.90925  
 13.500     4.94515  
 13.600     4.98092  
 13.700     5.01649  
 13.800     5.05177  
 13.900     5.08670  
 14.000     5.12121  
 14.100     5.15524  
 14.200     5.18883  
 14.300     5.22208  
 14.400     5.25505  
 14.500     5.28783  
 14.600     5.32047  
 14.700     5.35307  
 14.800     5.38570  
 14.900     5.41843  
 15.000     5.45133  
 15.100     5.48447  
 15.200     5.51778  
 15.300     5.55120  
 15.400     5.58463  
 15.500     5.61802  
 15.600     5.65127  
 15.700     5.68432  
 15.800     5.71708  
 15.900     5.74949  
 16.000     5.78146  
 16.100     5.81294  
 16.200     5.84398  
 16.300     5.87467  
 16.400     5.90507  
 16.500     5.93527  
 16.600     5.96534  
 16.700     5.99535  
 16.800     6.02539  
 16.900     6.05553  
 17.000     6.08585  
 17.100     6.11640  
 17.200     6.14713  
 17.300     6.17796  
 17.400     6.20882  
 17.500     6.23963  
 17.600     6.27031  
 17.700     6.30079  
 17.800     6.33099  
 17.900     6.36083  
 18.000     6.39025  
 18.100     6.41918  
 18.200     6.44768  
 18.300     6.47582  
 18.400     6.50368  
 18.500     6.53134  
 18.600     6.55887  
 18.700     6.58634  
 18.800     6.61384  
 18.900     6.64144  
 19.000     6.66921  
 19.100     6.69720  
 19.200     6.72538  
 19.300     6.75365  
 19.400     6.78195  
 19.500     6.81020  
 19.600     6.83834  
 19.700     6.86627  
 19.800     6.89394  
 19.900     6.92126  
 20.000     6.94817  
 20.100     6.97461  
 20.200     7.00063  
 20.300     7.02630  
 20.400     7.05170  
 20.500     7.07690  
 20.600     7.10198  
 20.700     7.12700  
 20.800     7.15204  
 20.900     7.17717  
 21.000     7.20247  
 21.100     7.22798  
 21.200     7.25366  
 21.300     7.27944  
 21.400     7.30524  
 21.500     7.33101  
 21.600     7.35666  
 21.700     7.38213  
 21.800     7.40735  
 21.900     7.43225  
 22.000     7.45676  
 22.100     7.48083  
 22.200     7.50450  
 22.300     7.52784  
 22.400     7.55092  
 22.500     7.57379  
 22.600     7.59653  
 22.700     7.61920  
 22.800     7.64186  
 22.900     7.66458  
 23.000     7.68743  
 23.100     7.71044  
 23.200     7.73360  
 23.300     7.75685  
 23.400     7.78014  
 23.500     7.80343  
 23.600     7.82667  
 23.700     7.84980  
 23.800     7.87278  
 23.900     7.89556  
 24.000     7.91810  
 24.100     7.94034  
 24.200     7.96232  
 24.300     7.98406  
 24.400     8.00559  
 24.500     8.02692  
 24.600     8.04810  
 24.700     8.06915  
 24.800     8.09009  
 24.900     8.11096  
 25.000     8.13178  
 25.100     8.15257  
 25.200     8.17331  
 25.300     8.19398  
 25.400     8.21455  
 25.500     8.23500  
 25.600     8.25531  
 25.700     8.27544  
 25.800     8.29537  
 25.900     8.31509  
 26.000     8.33455  
 26.100     8.35376  
 26.200     8.37273  
 26.300     8.39152  
 26.400     8.41017  
 26.500     8.42873  
 26.600     8.44723  
 26.700     8.46573  
 26.800     8.48426  
 26.900     8.50287  
 27.000     8.52160  
 27.100     8.54049  
 27.200     8.55949  
 27.300     8.57854  
 27.400     8.59759  
 27.500     8.61658  
 27.600     8.63546  
 27.700     8.65416  
 27.800     8.67263  
 27.900     8.69081  
 28.000     8.70865  
 28.100     8.72611  
 28.200     8.74323  
 28.300     8.76008  
 28.400     8.77671  
 28.500     8.79321  
 28.600     8.80963  
 28.700     8.82603  
 28.800     8.84248  
 28.900     8.85905  
 29.000     8.87579  
 29.100     8.89276  
 29.200     8.90988  
 29.300     8.92709  
 29.400     8.94430  
 29.500     8.96142  
 29.600     8.97838  
 29.700     8.99509  
 29.800     9.01148  
 29.900     9.02745  
 30.000     9.04294  
 30.100     9.05788  
 30.200     9.07232  
 30.300     9.08633  
 30.400     9.09998  
 30.500     9.11336  
 30.600     9.12652  
 30.700     9.13954  
 30.800     9.15250  
 30.900     9.16546  
 31.000     9.17851  
 31.100     9.19168  
 31.200     9.20499  
 31.300     9.21841  
 31.400     9.23193  
 31.500     9.24553  
 31.600     9.25919  
 31.700     9.27289  
 31.800     9.28661  
 31.900     9.30035  
 32.000     9.31407  
 32.100     9.32777  
 32.200     9.34144  
 32.300     9.35508  
 32.400     9.36869  
 32.500     9.38227  
 32.600     9.39581  
 32.700     9.40932  
 32.800     9.42280  
 32.900     9.43624  
 33.000     9.44964  
 33.100     9.46301  
 33.200     9.47636  
 33.300     9.48972  
 33.400     9.50311  
 33.500     9.51654  
 33.600     9.53005  
 33.700     9.54364  
 33.800     9.55736  
 33.900     9.57120  
 34.000     9.58521  
 34.100     9.59938  
 34.200     9.61364  
 34.300     9.62790  
 34.400     9.64209  
 34.500     9.65612  
 34.600     9.66990  
 34.700     9.68333  
 34.800     9.69635  
 34.900     9.70886  
 35.000     9.72078  
 35.100     9.73204  
 35.200     9.74271  
 35.300     9.75288  
 35.400     9.76262  
 35.500     9.77202  
 35.600     9.78118  
 35.700     9.79017  
 35.800     9.79908  
 35.900     9.80800  
 36.000     9.81702  
 36.100     9.82619  
 36.200     9.83552  
 36.300     9.84499  
 36.400     9.85457  
 36.500     9.86425  
 36.600     9.87400  
 36.700     9.88379  
 36.800     9.89361  
 36.900     9.90344  
 37.000     9.91325  
 37.100     9.92303  
 37.200     9.93277  
 37.300     9.94248  
 37.400     9.95215  
 37.500     9.96178  
 37.600     9.97139  
 37.700     9.98096  
 37.800     9.99050  
 37.900    10.00001  
 38.000    10.00949  
 38.100    10.01895  
 38.200    10.02840  
 38.300    10.03785  
 38.400    10.04733  
 38.500    10.05685  
 38.600    10.06644  
 38.700    10.07610  
 38.800    10.08586  
 38.900    10.09573  
 39.000    10.10573  
 39.100    10.11587  
 39.200    10.12608  
 39.300    10.13630  
 39.400    10.14645  
 39.500    10.15647  
 39.600    10.16628  
 39.700    10.17580  
 39.800    10.18497  
 39.900    10.19372  
 40.000    10.20197  
 40.100    10.20967  
 40.200    10.21688  
 40.300    10.22366  
 40.400    10.23010  
 40.500    10.23624  
 40.600    10.24218  
 40.700    10.24799  
 40.800    10.25372  
 40.900    10.25947  
 41.000    10.26529  
 41.100    10.27125  
 41.200    10.27734  
 41.300    10.28354  
 41.400    10.28984  
 41.500    10.29621  
 41.600    10.30265  
 41.700    10.30912  
 41.800    10.31562  
 41.900    10.32212  
 42.000    10.32861  
 42.100    10.33507  
 42.200    10.34150  
 42.300    10.34790  
 42.400    10.35427  
 42.500    10.36062  
 42.600    10.36693  
 42.700    10.37322  
 42.800    10.37948  
 42.900    10.38572  
 43.000    10.39193  
 43.100    10.39813  
 43.200    10.40431  
 43.300    10.41050  
 43.400    10.41671  
 43.500    10.42296  
 43.600    10.42926  
 43.700    10.43562  
 43.800    10.44207  
 43.900    10.44861  
 44.000    10.45525  
 44.100    10.46201  
 44.200    10.46884  
 44.300    10.47567  
 44.400    10.48244  
 44.500    10.48910  
 44.600    10.49559  
 44.700    10.50184  
 44.800    10.50779  
 44.900    10.51339  
 45.000    10.51858  
 45.100    10.52331  
 45.200    10.52762  
 45.300    10.53158  
 45.400    10.53525  
 45.500    10.53868  
 45.600    10.54194  
 45.700    10.54508  
 45.800    10.54817  
 45.900    10.55126  
 46.000    10.55442  
 46.100    10.55769  
 46.200    10.56107  
 46.300    10.56454  
 46.400    10.56810  
 46.500    10.57172  
 46.600    10.57539  
 46.700    10.57909  
 46.800    10.58282  
 46.900    10.58654  
 47.000    10.59026  
 47.100    10.59395  
 47.200    10.59762  
 47.300    10.60126  
 47.400    10.60487  
 47.500    10.60847  
 47.600    10.61204  
 47.700    10.61558  
 47.800    10.61911  
 47.900    10.62262  
 48.000    10.62610  
 48.100    10.62957  
 48.200    10.63303  
 48.300    10.63650  
 48.400    10.63998  
 48.500    10.64349  
 48.600    10.64705  
 48.700    10.65066  
 48.800    10.65434  
 48.900    10.65809  
 49.000    10.66194  
 49.100    10.66588  
 49.200    10.66988  
 49.300    10.67388  
 49.400    10.67783  
 49.500    10.68169  
 49.600    10.68540  
 49.700    10.68892  
 49.800    10.69219  
 49.900    10.69516  
 50.000    10.69779  
 50.100    10.70003  
 50.200    10.70193  
 50.300    10.70354  
 50.400    10.70490  
 50.500    10.70606  
 50.600    10.70708  
 50.700    10.70800  
 50.800    10.70888  
 50.900    10.70976  
 51.000    10.71069  
 51.100    10.71172  
 51.200    10.71284  
 51.300    10.71404  
 51.400    10.71531  
 51.500    10.71663  
 51.600    10.71799  
 51.700    10.71938  
 51.800    10.72079  
 51.900    10.72220  
 52.000    10.72360  
 52.100    10.72498  
 52.200    10.72634  
 52.300    10.72768  
 52.400    10.72900  
 52.500    10.73029  
 52.600    10.73157  
 52.700    10.73283  
 52.800    10.73408  
 52.900    10.73530  
 53.000    10.73651  
 53.100    10.73770  
 53.200    10.73889  
 53.300    10.74008  
 53.400    10.74129  
 53.500    10.74252  
 53.600    10.74379  
 53.700    10.74510  
 53.800    10.74647  
 53.900    10.74791  
 54.000    10.74942  
 54.100    10.75101  
 54.200    10.75264  
 54.300    10.75428  
 54.400    10.75588  
 54.500    10.75740  
 54.600    10.75879  
 54.700    10.76003  
 54.800    10.76105  
 54.900    10.76184  
 55.000    10.76233  
 55.100    10.76250  
 55.200    10.76238  
 55.300    10.76202  
 55.400    10.76145  
 55.500    10.76072  
 55.600    10.75987  
 55.700    10.75894  
 55.800    10.75797  
 55.900    10.75700  
 56.000    10.75608  
 56.100    10.75523  
 56.200    10.75447  
 56.300    10.75377  
 56.400    10.75312  
 56.500    10.75252  
 56.600    10.75196  
 56.700    10.75142  
 56.800    10.75089  
 56.900    10.75036  
 57.000    10.74983  
 57.100    10.74928  
 57.200    10.74871  
 57.300    10.74812  
 57.400    10.74752  
 57.500    10.74690  
 57.600    10.74627  
 57.700    10.74562  
 57.800    10.74495  
 57.900    10.74427  
 58.000    10.74358  
 58.100    10.74287  
 58.200    10.74216  
 58.300    10.74146  
 58.400    10.74076  
 58.500    10.74009  
 58.600    10.73944  
 58.700    10.73884  
 58.800    10.73828  
 58.900    10.73777  
 59.000    10.73733  
 59.100    10.73696  
 59.200    10.73662  
 59.300    10.73628  
 59.400    10.73592  
 59.500    10.73548  
 59.600    10.73495  
 59.700    10.73427  
 59.800    10.73343  
 59.900    10.73238  
 60.000    10.73108  
 60.100    10.72952  
 60.200    10.72772  
 60.300    10.72571  
 60.400    10.72354  
 60.500    10.72122  
 60.600    10.71880  
 60.700    10.71632  
 60.800    10.71380  
 60.900    10.71128  
 61.000    10.70881  
 61.100    10.70640  
 61.200    10.70405  
 61.300    10.70176  
 61.400    10.69952  
 61.500    10.69731  
 61.600    10.69513  
 61.700    10.69298  
 61.800    10.69083  
 61.900    10.68869  
 62.000    10.68653  
 62.100    10.68437  
 62.200    10.68219  
 62.300    10.68000  
 62.400    10.67779  
 62.500    10.67557  
 62.600    10.67333  
 62.700    10.67108  
 62.800    10.66882  
 62.900    10.66655  
 63.000    10.66426  
 63.100    10.66197  
 63.200    10.65967  
 63.300    10.65737  
 63.400    10.65508  
 63.500    10.65282  
 63.600    10.65057  
 63.700    10.64836  
 63.800    10.64619  
 63.900    10.64406  
 64.000    10.64199  
 64.100    10.63997  
 64.200    10.63798  
 64.300    10.63600  
 64.400    10.63399  
 64.500    10.63192  
 64.600    10.62977  
 64.700    10.62750  
 64.800    10.62509  
 64.900    10.62250  
 65.000    10.61971  
 65.100    10.61670  
 65.200    10.61349  
 65.300    10.61011  
 65.400    10.60658  
 65.500    10.60293  
 65.600    10.59920  
 65.700    10.59542  
 65.800    10.59160  
 65.900    10.58779  
 66.000    10.58401  
 66.100    10.58029  
 66.200    10.57662  
 66.300    10.57300  
 66.400    10.56942  
 66.500    10.56586  
 66.600    10.56233  
 66.700    10.55882  
 66.800    10.55532  
 66.900    10.55182  
 67.000    10.54831  
 67.100    10.54480  
 67.200    10.54127  
 67.300    10.53773  
 67.400    10.53417  
 67.500    10.53061  
 67.600    10.52703  
 67.700    10.52344  
 67.800    10.51984  
 67.900    10.51623  
 68.000    10.51261  
 68.100    10.50899  
 68.200    10.50536  
 68.300    10.50173  
 68.400    10.49811  
 68.500    10.49451  
 68.600    10.49092  
 68.700    10.48736  
 68.800    10.48384  
 68.900    10.48036  
 69.000    10.47691  
 69.100    10.47352  
 69.200    10.47015  
 69.300    10.46679  
 69.400    10.46340  
 69.500    10.45996  
 69.600    10.45645  
 69.700    10.45285  
 69.800    10.44913  
 69.900    10.44526  
 70.000    10.44121  
 70.100    10.43699  
 70.200    10.43259  
 70.300    10.42805  
 70.400    10.42339  
 70.500    10.41863  
 70.600    10.41380  
 70.700    10.40892  
 70.800    10.40402  
 70.900    10.39912  
 71.000    10.39425  
 71.100    10.38942  
 71.200    10.38464  
 71.300    10.37990  
 71.400    10.37519  
 71.500    10.37051  
 71.600    10.36585  
 71.700    10.36120  
 71.800    10.35656  
 71.900    10.35192  
 72.000    10.34728  
 72.100    10.34263  
 72.200    10.33797  
 72.300    10.33329  
 72.400    10.32861  
 72.500    10.32392  
 72.600    10.31921  
 72.700    10.31450  
 72.800    10.30978  
 72.900    10.30505  
 73.000    10.30032  
 73.100    10.29557  
 73.200    10.29082  
 73.300    10.28608  
 73.400    10.28134  
 73.500    10.27662  
 73.600    10.27191  
 73.700    10.26722  
 73.800    10.26256  
 73.900    10.25794  
 74.000    10.25335  
 74.100    10.24880  
 74.200    10.24427  
 74.300    10.23975  
 74.400    10.23520  
 74.500    10.23062  
 74.600    10.22598  
 74.700    10.22125  
 74.800    10.21642  
 74.900    10.21147  
 75.000    10.20638  
 75.100    10.20113  
 75.200    10.19574  
 75.300    10.19023  
 75.400    10.18461  
 75.500    10.17892  
 75.600    10.17316  
 75.700    10.16737  
 75.800    10.16155  
 75.900    10.15574  
 76.000    10.14995  
 76.100    10.14420  
 76.200    10.13849  
 76.300    10.13281  
 76.400    10.12715  
 76.500    10.12152  
 76.600    10.11591  
 76.700    10.11031  
 76.800    10.10471  
 76.900    10.09912  
 77.000    10.09352  
 77.100    10.08791  
 77.200    10.08230  
 77.300    10.07667  
 77.400    10.07104  
 77.500    10.06540  
 77.600    10.05975  
 77.700    10.05410  
 77.800    10.04843  
 77.900    10.04276  
 78.000    10.03709  
 78.100    10.03140  
 78.200    10.02572  
 78.300    10.02003  
 78.400    10.01435  
 78.500    10.00869  
 78.600    10.00303  
 78.700     9.99740  
 78.800     9.99179  
 78.900     9.98620  
 79.000     9.98065  
 79.100     9.97513  
 79.200     9.96963  
 79.300     9.96413  
 79.400     9.95862  
 79.500     9.95307  
 79.600     9.94747  
 79.700     9.94180  
 79.800     9.93605  
 79.900     9.93019  
 80.000     9.92422  
 80.100     9.91811  
 80.200     9.91188  
 80.300     9.90555  
 80.400     9.89914  
 80.500     9.89265  
 80.600     9.88612  
 80.700     9.87955  
 80.800     9.87297  
 80.900     9.86639  
 81.000     9.85982  
 81.100     9.85329  
 81.200     9.84679  
 81.300     9.84032  
 81.400     9.83388  
 81.500     9.82745  
 81.600     9.82103  
 81.700     9.81463  
 81.800     9.80823  
 81.900     9.80183  
 82.000     9.79543  
 82.100     9.78902  
 82.200     9.78260  
 82.300     9.77618  
 82.400     9.76975  
 82.500     9.76331  
 82.600     9.75687  
 82.700     9.75042  
 82.800     9.74396  
 82.900     9.73750  
 83.000     9.73103  
 83.100     9.72456  
 83.200     9.71808  
 83.300     9.71161  
 83.400     9.70514  
 83.500     9.69868  
 83.600     9.69223  
 83.700     9.68580  
 83.800     9.67939  
 83.900     9.67300  
 84.000     9.66664  
 84.100     9.66030  
 84.200     9.65398  
 84.300     9.64767  
 84.400     9.64133  
 84.500     9.63497  
 84.600     9.62857  
 84.700     9.62211  
 84.800     9.61558  
 84.900     9.60896  
 85.000     9.60224  
 85.100     9.59541  
 85.200     9.58848  
 85.300     9.58146  
 85.400     9.57437  
 85.500     9.56723  
 85.600     9.56004  
 85.700     9.55282  
 85.800     9.54559  
 85.900     9.53836  
 86.000     9.53115  
 86.100     9.52396  
 86.200     9.51680  
 86.300     9.50967  
 86.400     9.50255  
 86.500     9.49545  
 86.600     9.48836  
 86.700     9.48128  
 86.800     9.47420  
 86.900     9.46713  
 87.000     9.46005  
 87.100     9.45297  
 87.200     9.44588  
 87.300     9.43878  
 87.400     9.43168  
 87.500     9.42457  
 87.600     9.41746  
 87.700     9.41034  
 87.800     9.40322  
 87.900     9.39609  
 88.000     9.38896  
 88.100     9.38182  
 88.200     9.37468  
 88.300     9.36754  
 88.400     9.36040  
 88.500     9.35328  
 88.600     9.34616  
 88.700     9.33906  
 88.800     9.33197  
 88.900     9.32490  
 89.000     9.31786  
 89.100     9.31084  
 89.200     9.30383  
 89.300     9.29682  
 89.400     9.28980  
 89.500     9.28276  
 89.600     9.27568  
 89.700     9.26856  
 89.800     9.26137  
 89.900     9.25411  
 90.000     9.24676  
 90.100     9.23932  
 90.200     9.23180  
 90.300     9.22420  
 90.400     9.21655  
 90.500     9.20884  
 90.600     9.20110  
 90.700     9.19334  
 90.800     9.18556  
 90.900     9.17779  
 91.000     9.17003  
 91.100     9.16229  
 91.200     9.15457  
 91.300     9.14688  
 91.400     9.13920  
 91.500     9.13153  
 91.600     9.12388  
 91.700     9.11623  
 91.800     9.10858  
 91.900     9.10094  
 92.000     9.09329  
 92.100     9.08564  
 92.200     9.07798  
 92.300     9.07032  
 92.400     9.06265  
 92.500     9.05498  
 92.600     9.04730  
 92.700     9.03962  
 92.800     9.03194  
 92.900     9.02425  
 93.000     9.01655  
 93.100     9.00886  
 93.200     9.00116  
 93.300     8.99346  
 93.400     8.98576  
 93.500     8.97808  
 93.600     8.97040  
 93.700     8.96273  
 93.800     8.95507  
 93.900     8.94744  
 94.000     8.93982  
 94.100     8.93222  
 94.200     8.92463  
 94.300     8.91704  
 94.400     8.90944  
 94.500     8.90183  
 94.600     8.89418  
 94.700     8.88649  
 94.800     8.87875  
 94.900     8.87095  
 95.000     8.86308  
 95.100     8.85513  
 95.200     8.84711  
 95.300     8.83902  
 95.400     8.83089  
 95.500     8.82272  
 95.600     8.81451  
 95.700     8.80629  
 95.800     8.79805  
 95.900     8.78982  
 96.000     8.78160  
 96.100     8.77340  
 96.200     8.76521  
 96.300     8.75705  
 96.400     8.74889  
 96.500     8.74075  
 96.600     8.73262  
 96.700     8.72449  
 96.800     8.71637  
 96.900     8.70824  
 97.000     8.70012  
 97.100     8.69199  
 97.200     8.68385  
 97.300     8.67571  
 97.400     8.66757  
 97.500     8.65942  
 97.600     8.65127  
 97.700     8.64312  
 97.800     8.63496  
 97.900     8.62680  
 98.000     8.61863  
 98.100     8.61047  
 98.200     8.60230  
 98.300     8.59413  
 98.400     8.58597  
 98.500     8.57781  
 98.600     8.56965  
 98.700     8.56151  
 98.800     8.55338  
 98.900     8.54526  
 99.000     8.53715  
 99.100     8.52906  
 99.200     8.52098  
 99.300     8.51290  
 99.400     8.50482  
 99.500     8.49671  
 99.600     8.48858  
 99.700     8.48042  
 99.800     8.47222  
 99.900     8.46398  
100.000     8.45567  
100.100     8.44730  
100.200     8.43887  
100.300     8.43038  
100.400     8.42184  
100.500     8.41325  
100.600     8.40462  
100.700     8.39595  
100.800     8.38724  
100.900     8.37850  
101.000     8.36972  
101.100     8.36093  
101.200     8.35212  
101.300     8.34329  
101.400     8.33444  
101.500     8.32560  
101.600     8.31674  
101.700     8.30789  
101.800     8.29904  
101.900     8.29021  
102.000     8.28138  
102.100     8.27257  
102.200     8.26378  
102.300     8.25500  
102.400     8.24624  
102.500     8.23749  
102.600     8.22875  
102.700     8.22003  
102.800     8.21131  
102.900     8.20260  
103.000     8.19390  
103.100     8.18521  
103.200     8.17652  
103.300     8.16783  
103.400     8.15915  
103.500     8.15048  
103.600     8.14180  
103.700     8.13313  
103.800     8.12445  
103.900     8.11577  
104.000     8.10709  
104.100     8.09841  
104.200     8.08972  
104.300     8.08103  
104.400     8.07234  
104.500     8.06364  
104.600     8.05494  
104.700     8.04623  
104.800     8.03752  
104.900     8.02881  
105.000     8.02010  
105.100     8.01138  
105.200     8.00266  
105.300     7.99394  
105.400     7.98521  
105.500     7.97648  
105.600     7.96775  
105.700     7.95902  
105.800     7.95028  
105.900     7.94154  
106.000     7.93280  
106.100     7.92406  
106.200     7.91532  
106.300     7.90657  
106.400     7.89783  
106.500     7.88908  
106.600     7.88034  
106.700     7.87160  
106.800     7.86286  
106.900     7.85413  
107.000     7.84540  
107.100     7.83667  
107.200     7.82795  
107.300     7.81924  
107.400     7.81054  
107.500     7.80184  
107.600     7.79316  
107.700     7.78448  
107.800     7.77581  
107.900     7.76716  
108.000     7.75852  
108.100     7.74988  
108.200     7.74126  
108.300     7.73265  
108.400     7.72404  
108.500     7.71543  
108.600     7.70681  
108.700     7.69819  
108.800     7.68956  
108.900     7.68092  
109.000     7.67227  
109.100     7.66360  
109.200     7.65490  
109.300     7.64619  
109.400     7.63744  
109.500     7.62867  
109.600     7.61986  
109.700     7.61101  
109.800     7.60213  
109.900     7.59320  
110.000     7.58423  
110.100     7.57521  
110.200     7.56614  
110.300     7.55703  
110.400     7.54788  
110.500     7.53870  
110.600     7.52948  
110.700     7.52023  
110.800     7.51095  
110.900     7.50166  
111.000     7.49233  
111.100     7.48300  
111.200     7.47364  
111.300     7.46428  
111.400     7.45490  
111.500     7.44552  
111.600     7.43614  
111.700     7.42676  
111.800     7.41738  
111.900     7.40801  
112.000     7.39865  
112.100     7.38930  
112.200     7.37997  
112.300     7.37064  
112.400     7.36132  
112.500     7.35202  
112.600     7.34272  
112.700     7.33344  
112.800     7.32415  
112.900     7.31488  
113.000     7.30561  
113.100     7.29635  
113.200     7.28709  
113.300     7.27783  
113.400     7.26858  
113.500     7.25933  
113.600     7.25008  
113.700     7.24083  
113.800     7.23158  
113.900     7.22233  
114.000     7.21308  
114.100     7.20382  
114.200     7.19456  
114.300     7.18530  
114.400     7.17603  
114.500     7.16677  
114.600     7.15750  
114.700     7.14823  
114.800     7.13895  
114.900     7.12967  
115.000     7.12040  
115.100     7.11111  
115.200     7.10183  
115.300     7.09255  
115.400     7.08326  
115.500     7.07397  
115.600     7.06468  
115.700     7.05539  
115.800     7.04609  
115.900     7.03680  
116.000     7.02750  
116.100     7.01820  
116.200     7.00890  
116.300     6.99960  
116.400     6.99030  
116.500     6.98100  
116.600     6.97170  
116.700     6.96240  
116.800     6.95311  
116.900     6.94382  
117.000     6.93453  
117.100     6.92524  
117.200     6.91596  
117.300     6.90668  
117.400     6.89741  
117.500     6.88815  
117.600     6.87889  
117.700     6.86964  
117.800     6.86039  
117.900     6.85115  
118.000     6.84192  
118.100     6.83270  
118.200     6.82349  
118.300     6.81428  
118.400     6.80507  
118.500     6.79586  
118.600     6.78665  
118.700     6.77744  
118.800     6.76822  
118.900     6.75900  
119.000     6.74976  
119.100     6.74051  
119.200     6.73124  
119.300     6.72196  
119.400     6.71266  
119.500     6.70334  
119.600     6.69400  
119.700     6.68463  
119.800     6.67523  
119.900     6.66581  
120.000     6.65635  
120.100     6.64686  
120.200     6.63733  
120.300     6.62778  
120.400     6.61820  
120.500     6.60860  
120.600     6.59897  
120.700     6.58932  
120.800     6.57965  
120.900     6.56997  
121.000     6.56027  
121.100     6.55056  
121.200     6.54084  
121.300     6.53111  
121.400     6.52137  
121.500     6.51163  
121.600     6.50189  
121.700     6.49215  
121.800     6.48241  
121.900     6.47268  
122.000     6.46295  
122.100     6.45323  
122.200     6.44352  
122.300     6.43382  
122.400     6.42412  
122.500     6.41444  
122.600     6.40475  
122.700     6.39508  
122.800     6.38541  
122.900     6.37574  
123.000     6.36608  
123.100     6.35642  
123.200     6.34676  
123.300     6.33711  
123.400     6.32746  
123.500     6.31781  
123.600     6.30816  
123.700     6.29851  
123.800     6.28886  
123.900     6.27921  
124.000     6.26955  
124.100     6.25990  
124.200     6.25024  
124.300     6.24059  
124.400     6.23093  
124.500     6.22126  
124.600     6.21160  
124.700     6.20194  
124.800     6.19227  
124.900     6.18260  
125.000     6.17293  
125.100     6.16326  
125.200     6.15359  
125.300     6.14391  
125.400     6.13424  
125.500     6.12456  
125.600     6.11488  
125.700     6.10520  
125.800     6.09552  
125.900     6.08584  
126.000     6.07616  
126.100     6.06647  
126.200     6.05679  
126.300     6.04710  
126.400     6.03742  
126.500     6.02774  
126.600     6.01805  
126.700     6.00837  
126.800     5.99869  
126.900     5.98901  
127.000     5.97933  
127.100     5.96966  
127.200     5.95999  
127.300     5.95032  
127.400     5.94066  
127.500     5.93099  
127.600     5.92134  
127.700     5.91169  
127.800     5.90204  
127.900     5.89240  
128.000     5.88276  
128.100     5.87313  
128.200     5.86350  
128.300     5.85388  
128.400     5.84426  
128.500     5.83464  
128.600     5.82501  
128.700     5.81539  
128.800     5.80576  
128.900     5.79613  
129.000     5.78648  
129.100     5.77683  
129.200     5.76717  
129.300     5.75750  
129.400     5.74782  
129.500     5.73812  
129.600     5.72840  
129.700     5.71867  
129.800     5.70892  
129.900     5.69915  
130.000     5.68936  
130.100     5.67955  
130.200     5.66971  
130.300     5.65986  
130.400     5.64999  
130.500     5.64010  
130.600     5.63019  
130.700     5.62027  
130.800     5.61034  
130.900     5.60039  
131.000     5.59044  
131.100     5.58048  
131.200     5.57051  
131.300     5.56053  
131.400     5.55055  
131.500     5.54057  
131.600     5.53059  
131.700     5.52060  
131.800     5.51062  
131.900     5.50065  
132.000     5.49067  
132.100     5.48071  
132.200     5.47074  
132.300     5.46079  
132.400     5.45084  
132.500     5.44089  
132.600     5.43095  
132.700     5.42101  
132.800     5.41107  
132.900     5.40114  
133.000     5.39121  
133.100     5.38128  
133.200     5.37136  
133.300     5.36144  
133.400     5.35151  
133.500     5.34159  
133.600     5.33167  
133.700     5.32175  
133.800     5.31183  
133.900     5.30191  
134.000     5.29198  
134.100     5.28206  
134.200     5.27213  
134.300     5.26221  
134.400     5.25228  
134.500     5.24235  
134.600     5.23242  
134.700     5.22249  
134.800     5.21256  
134.900     5.20262  
135.000     5.19269  
135.100     5.18275  
135.200     5.17282  
135.300     5.16288  
135.400     5.15294  
135.500     5.14300  
135.600     5.13306  
135.700     5.12312  
135.800     5.11318  
135.900     5.10324  
136.000     5.09329  
136.100     5.08335  
136.200     5.07341  
136.300     5.06346  
136.400     5.05352  
136.500     5.04357  
136.600     5.03363  
136.700     5.02369  
136.800     5.01375  
136.900     5.00381  
137.000     4.99387  
137.100     4.98393  
137.200     4.97399  
137.300     4.96406  
137.400     4.95413  
137.500     4.94420  
137.600     4.93428  
137.700     4.92435  
137.800     4.91443  
137.900     4.90452  
138.000     4.89460  
138.100     4.88470  
138.200     4.87479  
138.300     4.86489  
138.400     4.85498  
138.500     4.84508  
138.600     4.83518  
138.700     4.82527  
138.800     4.81536  
138.900     4.80545  
139.000     4.79553  
139.100     4.78561  
139.200     4.77568  
139.300     4.76575  
139.400     4.75581  
139.500     4.74585  
139.600     4.73589  
139.700     4.72591  
139.800     4.71593  
139.900     4.70593  
140.000     4.69592  
140.100     4.68589  
140.200     4.67585  
140.300     4.66579  
140.400     4.65572  
140.500     4.64565  
140.600     4.63556  
140.700     4.62546  
140.800     4.61535  
140.900     4.60524  
141.000     4.59512  
141.100     4.58500  
141.200     4.57487  
141.300     4.56473  
141.400     4.55460  
141.500     4.54446  
141.600     4.53432  
141.700     4.52419  
141.800     4.51405  
141.900     4.50391  
142.000     4.49378  
142.100     4.48365  
142.200     4.47353  
142.300     4.46341  
142.400     4.45329  
142.500     4.44318  
142.600     4.43306  
142.700     4.42296  
142.800     4.41285  
142.900     4.40274  
143.000     4.39264  
143.100     4.38254  
143.200     4.37244  
143.300     4.36234  
143.400     4.35224  
143.500     4.34214  
143.600     4.33204  
143.700     4.32194  
143.800     4.31185  
143.900     4.30175  
144.000     4.29165  
144.100     4.28155  
144.200     4.27145  
144.300     4.26135  
144.400     4.25124  
144.500     4.24114  
144.600     4.23104  
144.700     4.22093  
144.800     4.21083  
144.900     4.20072  
145.000     4.19061  
145.100     4.18051  
145.200     4.17040  
145.300     4.16029  
145.400     4.15018  
145.500     4.14007  
145.600     4.12996  
145.700     4.11985  
145.800     4.10974  
145.900     4.09963  
146.000     4.08952  
146.100     4.07940  
146.200     4.06929  
146.300     4.05918  
146.400     4.04907  
146.500     4.03896  
146.600     4.02884  
146.700     4.01873  
146.800     4.00862  
146.900     3.99851  
147.000     3.98840  
147.100     3.97829  
147.200     3.96819  
147.300     3.95808  
147.400     3.94797  
147.500     3.93787  
147.600     3.92777  
147.700     3.91767  
147.800     3.90757  
147.900     3.89748  
148.000     3.88738  
148.100     3.87729  
148.200     3.86720  
148.300     3.85712  
148.400     3.84703  
148.500     3.83694  
148.600     3.82685  
148.700     3.81676  
148.800     3.80667  
148.900     3.79658  
149.000     3.78648  
149.100     3.77639  
149.200     3.76628  
149.300     3.75618  
149.400     3.74606  
149.500     3.73594  
149.600     3.72582  
149.700     3.71569  
149.800     3.70555  
149.900     3.69541  
150.000     3.68525  
150.100     3.67509  
150.200     3.66492  
150.300     3.65474  
150.400     3.64455  
150.500     3.63436  
150.600     3.62416  
150.700     3.61395  
150.800     3.60374  
150.900     3.59352  
151.000     3.58331  
151.100     3.57308  
151.200     3.56286  
151.300     3.55263  
151.400     3.54240  
151.500     3.53217  
151.600     3.52194  
151.700     3.51171  
151.800     3.50148  
151.900     3.49126  
152.000     3.48103  
152.100     3.47081  
152.200     3.46058  
152.300     3.45036  
152.400     3.44015  
152.500     3.42993  
152.600     3.41972  
152.700     3.40950  
152.800     3.39929  
152.900     3.38908  
153.000     3.37887  
153.100     3.36866  
153.200     3.35846  
153.300     3.34825  
153.400     3.33804  
153.500     3.32784  
153.600     3.31763  
153.700     3.30743  
153.800     3.29722  
153.900     3.28701  
154.000     3.27681  
154.100     3.26660  
154.200     3.25639  
154.300     3.24618  
154.400     3.23598  
154.500     3.22577  
154.600     3.21556  
154.700     3.20535  
154.800     3.19514  
154.900     3.18493  
155.000     3.17471  
155.100     3.16450  
155.200     3.15429  
155.300     3.14408  
155.400     3.13387  
155.500     3.12365  
155.600     3.11344  
155.700     3.10323  
155.800     3.09301  
155.900     3.08280  
156.000     3.07259  
156.100     3.06237  
156.200     3.05216  
156.300     3.04194  
156.400     3.03173  
156.500     3.02152  
156.600     3.01130  
156.700     3.00109  
156.800     2.99087  
156.900     2.98066  
157.000     2.97045  
157.100     2.96023  
157.200     2.95002  
157.300     2.93981  
157.400     2.92959  
157.500     2.91938  
157.600     2.90917  
157.700     2.89896  
157.800     2.88875  
157.900     2.87854  
158.000     2.86832  
158.100     2.85811  
158.200     2.84791  
158.300     2.83770  
158.400     2.82749  
158.500     2.81728  
158.600     2.80707  
158.700     2.79687  
158.800     2.78666  
158.900     2.77646  
159.000     2.76625  
159.100     2.75605  
159.200     2.74585  
159.300     2.73564  
159.400     2.72544  
159.500     2.71523  
159.600     2.70502  
159.700     2.69481  
159.800     2.68459  
159.900     2.67437  
160.000     2.66414  
160.100     2.65391  
160.200     2.64367  
160.300     2.63343  
160.400     2.62318  
160.500     2.61292  
160.600     2.60266  
160.700     2.59240  
160.800     2.58213  
160.900     2.57187  
161.000     2.56159  
161.100     2.55132  
161.200     2.54105  
161.300     2.53077  
161.400     2.52049  
161.500     2.51021  
161.600     2.49993  
161.700     2.48965  
161.800     2.47937  
161.900     2.46910  
162.000     2.45882  
162.100     2.44854  
162.200     2.43827  
162.300     2.42800  
162.400     2.41773  
162.500     2.40746  
162.600     2.39719  
162.700     2.38692  
162.800     2.37666  
162.900     2.36639  
163.000     2.35613  
163.100     2.34586  
163.200     2.33560  
163.300     2.32534  
163.400     2.31507  
163.500     2.30481  
163.600     2.29455  
163.700     2.28428  
163.800     2.27402  
163.900     2.26376  
164.000     2.25350  
164.100     2.24323  
164.200     2.23297  
164.300     2.22270  
164.400     2.21244  
164.500     2.20217  
164.600     2.19191  
164.700     2.18164  
164.800     2.17138  
164.900     2.16111  
165.000     2.15084  
165.100     2.14058  
165.200     2.13031  
165.300     2.12004  
165.400     2.10978  
165.500     2.09951  
165.600     2.08924  
165.700     2.07898  
165.800     2.06871  
165.900     2.05844  
166.000     2.04817  
166.100     2.03791  
166.200     2.02764  
166.300     2.01737  
166.400     2.00710  
166.500     1.99684  
166.600     1.98657  
166.700     1.97630  
166.800     1.96603  
166.900     1.95577  
167.000     1.94550  
167.100     1.93523  
167.200     1.92497  
167.300     1.91470  
167.400     1.90444  
167.500     1.89417  
167.600     1.88391  
167.700     1.87364  
167.800     1.86338  
167.900     1.85311  
168.000     1.84285  
168.100     1.83259  
168.200     1.82232  
168.300     1.81206  
168.400     1.80180  
168.500     1.79154  
168.600     1.78127  
168.700     1.77101  
168.800     1.76075  
168.900     1.75048  
169.000     1.74022  
169.100     1.72995  
169.200     1.71969  
169.300     1.70942  
169.400     1.69916  
169.500     1.68889  
169.600     1.67862  
169.700     1.66835  
169.800     1.65807  
169.900     1.64780  
170.000     1.63753  
170.100     1.62725  
170.200     1.61697  
170.300     1.60669  
170.400     1.59641  
170.500     1.58613  
170.600     1.57584  
170.700     1.56556  
170.800     1.55527  
170.900     1.54499  
171.000     1.53470  
171.100     1.52441  
171.200     1.51412  
171.300     1.50384  
171.400     1.49355  
171.500     1.48326  
171.600     1.47297  
171.700     1.46268  
171.800     1.45239  
171.900     1.44210  
172.000     1.43181  
172.100     1.42153  
172.200     1.41124  
172.300     1.40095  
172.400     1.39066  
172.500     1.38038  
172.600     1.37009  
172.700     1.35981  
172.800     1.34952  
172.900     1.33923  
173.000     1.32895  
173.100     1.31866  
173.200     1.30838  
173.300     1.29809  
173.400     1.28781  
173.500     1.27753  
173.600     1.26724  
173.700     1.25696  
173.800     1.24667  
173.900     1.23639  
174.000     1.22610  
174.100     1.21582  
174.200     1.20553  
174.300     1.19525  
174.400     1.18496  
174.500     1.17467  
174.600     1.16439  
174.700     1.15410  
174.800     1.14382  
174.900     1.13353  
175.000     1.12325  
175.100     1.11296  
175.200     1.10267  
175.300     1.09239  
175.400     1.08210  
175.500     1.07182  
175.600     1.06153  
175.700     1.05125  
175.800     1.04096  
175.900     1.03067  
176.000     1.02039  
176.100     1.01010  
176.200     0.99982  
176.300     0.98953  
176.400     0.97925  
176.500     0.96896  
176.600     0.95868  
176.700     0.94839  
176.800     0.93811  
176.900     0.92782  
177.000     0.91753  
177.100     0.90725  
177.200     0.89696  
177.300     0.88668  
177.400     0.87639  
177.500     0.86611  
177.600     0.85582  
177.700     0.84553  
177.800     0.83525  
177.900     0.82496  
178.000     0.81468  
178.100     0.80439  
178.200     0.79410  
178.300     0.78382  
178.400     0.77353  
178.500     0.76324  
178.600     0.75296  
178.700     0.74267  
178.800     0.73238  
178.900     0.72210  
179.000     0.71181  
179.100     0.70152  
179.200     0.69124  
179.300     0.68095  
179.400     0.67067  
179.500     0.66038  
179.600     0.65010  
179.700     0.63981  
179.800     0.62953  
179.900     0.61925  
180.000     0.60896  
180.100     0.59868  
180.200     0.58840  
180.300     0.57812  
180.400     0.56784  
180.500     0.55756  
180.600     0.54727  
180.700     0.53699  
180.800     0.52672  
180.900     0.51644  
181.000     0.50616  
181.100     0.49588  
181.200     0.48560  
181.300     0.47532  
181.400     0.46504  
181.500     0.45476  
181.600     0.44448  
181.700     0.43421  
181.800     0.42393  
181.900     0.41365  
182.000     0.40337  
182.100     0.39309  
182.200     0.38281  
182.300     0.37253  
182.400     0.36225  
182.500     0.35197  
182.600     0.34169  
182.700     0.33141  
182.800     0.32113  
182.900     0.31085  
183.000     0.30057  
183.100     0.29029  
183.200     0.28001  
183.300     0.26973  
183.400     0.25945  
183.500     0.24917  
183.600     0.23889  
183.700     0.22861  
183.800     0.21833  
183.900     0.20805  
184.000     0.19777  
184.100     0.18749  
184.200     0.17721  
184.300     0.16693  
184.400     0.15665  
184.500     0.14637  
184.600     0.13609  
184.700     0.12581  
184.800     0.11553  
184.900     0.10525  
185.000     0.09497  
185.100     0.08469  
185.200     0.07441  
185.300     0.06413  
185.400     0.05386  
185.500     0.04358  
185.600     0.03330  
185.700     0.02302  
185.800     0.01274  
185.900     0.00246  
186.000    -0.00782  
186.100    -0.01810  
186.200    -0.02838  
186.300    -0.03866  
186.400    -0.04893  
186.500    -0.05921  
186.600    -0.06949  
186.700    -0.07977  
186.800    -0.09005  
186.900    -0.10033  
187.000    -0.11061  
187.100    -0.12089  
187.200    -0.13117  
187.300    -0.14145  
187.400    -0.15173  
187.500    -0.16201  
187.600    -0.17229  
187.700    -0.18257  
187.800    -0.19285  
187.900    -0.20313  
188.000    -0.21341  
188.100    -0.22370  
188.200    -0.23398  
188.300    -0.24427  
188.400    -0.25455  
188.500    -0.26483  
188.600    -0.27512  
188.700    -0.28540  
188.800    -0.29568  
188.900    -0.30597  
189.000    -0.31625  
189.100    -0.32653  
189.200    -0.33681  
189.300    -0.34709  
189.400    -0.35737  
189.500    -0.36765  
189.600    -0.37792  
189.700    -0.38820  
189.800    -0.39847  
189.900    -0.40874  
190.000    -0.41901  
190.100    -0.42928  
190.200    -0.43954  
190.300    -0.44981  
190.400    -0.46007  
190.500    -0.47033  
190.600    -0.48059  
190.700    -0.49084  
190.800    -0.50110  
190.900    -0.51136  
191.000    -0.52161  
191.100    -0.53186  
191.200    -0.54212  
191.300    -0.55237  
191.400    -0.56262  
191.500    -0.57287  
191.600    -0.58313  
191.700    -0.59338  
191.800    -0.60363  
191.900    -0.61388  
192.000    -0.62413  
192.100    -0.63439  
192.200    -0.64464  
192.300    -0.65490  
192.400    -0.66515  
192.500    -0.67541  
192.600    -0.68566  
192.700    -0.69592  
192.800    -0.70617  
192.900    -0.71643  
193.000    -0.72669  
193.100    -0.73694  
193.200    -0.74720  
193.300    -0.75746  
193.400    -0.76772  
193.500    -0.77797  
193.600    -0.78823  
193.700    -0.79849  
193.800    -0.80875  
193.900    -0.81900  
194.000    -0.82926  
194.100    -0.83952  
194.200    -0.84977  
194.300    -0.86003  
194.400    -0.87029  
194.500    -0.88055  
194.600    -0.89080  
194.700    -0.90106  
194.800    -0.91131  
194.900    -0.92157  
195.000    -0.93183  
195.100    -0.94208  
195.200    -0.95234  
195.300    -0.96260  
195.400    -0.97285  
195.500    -0.98311  
195.600    -0.99336  
195.700    -1.00362  
195.800    -1.01387  
195.900    -1.02413  
196.000    -1.03438  
196.100    -1.04464  
196.200    -1.05490  
196.300    -1.06515  
196.400    -1.07541  
196.500    -1.08566  
196.600    -1.09592  
196.700    -1.10617  
196.800    -1.11643  
196.900    -1.12668  
197.000    -1.13694  
197.100    -1.14719  
197.200    -1.15745  
197.300    -1.16771  
197.400    -1.17796  
197.500    -1.18822  
197.600    -1.19848  
197.700    -1.20873  
197.800    -1.21899  
197.900    -1.22925  
198.000    -1.23951  
198.100    -1.24977  
198.200    -1.26003  
198.300    -1.27029  
198.400    -1.28055  
198.500    -1.29081  
198.600    -1.30107  
198.700    -1.31133  
198.800    -1.32159  
198.900    -1.33185  
199.000    -1.34211  
199.100    -1.35237  
199.200    -1.36262  
199.300    -1.37288  
199.400    -1.38313  
199.500    -1.39339  
199.600    -1.40364  
199.700    -1.41389  
199.800    -1.42414  
199.900    -1.43439  
200.000    -1.44463  
200.100    -1.45488  
200.200    -1.46512  
200.300    -1.47536  
200.400    -1.48560  
200.500    -1.49584  
200.600    -1.50607  
200.700    -1.51631  
200.800    -1.52654  
200.900    -1.53677  
201.000    -1.54700  
201.100    -1.55723  
201.200    -1.56746  
201.300    -1.57768  
201.400    -1.58791  
201.500    -1.59813  
201.600    -1.60835  
201.700    -1.61858  
201.800    -1.62880  
201.900    -1.63902  
202.000    -1.64924  
202.100    -1.65945  
202.200    -1.66967  
202.300    -1.67989  
202.400    -1.69010  
202.500    -1.70032  
202.600    -1.71054  
202.700    -1.72075  
202.800    -1.73096  
202.900    -1.74118  
203.000    -1.75139  
203.100    -1.76161  
203.200    -1.77182  
203.300    -1.78203  
203.400    -1.79224  
203.500    -1.80246  
203.600    -1.81267  
203.700    -1.82288  
203.800    -1.83310  
203.900    -1.84331  
204.000    -1.85353  
204.100    -1.86374  
204.200    -1.87395  
204.300    -1.88417  
204.400    -1.89439  
204.500    -1.90460  
204.600    -1.91482  
204.700    -1.92504  
204.800    -1.93525  
204.900    -1.94547  
205.000    -1.95569  
205.100    -1.96591  
205.200    -1.97614  
205.300    -1.98636  
205.400    -1.99658  
205.500    -2.00681  
205.600    -2.01703  
205.700    -2.02726  
205.800    -2.03748  
205.900    -2.04771  
206.000    -2.05793  
206.100    -2.06816  
206.200    -2.07839  
206.300    -2.08862  
206.400    -2.09884  
206.500    -2.10907  
206.600    -2.11930  
206.700    -2.12953  
206.800    -2.13976  
206.900    -2.14998  
207.000    -2.16021  
207.100    -2.17044  
207.200    -2.18067  
207.300    -2.19090  
207.400    -2.20112  
207.500    -2.21135  
207.600    -2.22158  
207.700    -2.23180  
207.800    -2.24203  
207.900    -2.25225  
208.000    -2.26248  
208.100    -2.27270  
208.200    -2.28292  
208.300    -2.29315  
208.400    -2.30337  
208.500    -2.31359  
208.600    -2.32381  
208.700    -2.33402  
208.800    -2.34424  
208.900    -2.35446  
209.000    -2.36467  
209.100    -2.37489  
209.200    -2.38510  
209.300    -2.39531  
209.400    -2.40552  
209.500    -2.41573  
209.600    -2.42594  
209.700    -2.43614  
209.800    -2.44635  
209.900    -2.45655  
210.000    -2.46675  
210.100    -2.47695  
210.200    -2.48715  
210.300    -2.49734  
210.400    -2.50754  
210.500    -2.51773  
210.600    -2.52792  
210.700    -2.53811  
210.800    -2.54830  
210.900    -2.55849  
211.000    -2.56868  
211.100    -2.57886  
211.200    -2.58905  
211.300    -2.59923  
211.400    -2.60941  
211.500    -2.61959  
211.600    -2.62977  
211.700    -2.63995  
211.800    -2.65013  
211.900    -2.66030  
212.000    -2.67048  
212.100    -2.68066  
212.200    -2.69083  
212.300    -2.70101  
212.400    -2.71118  
212.500    -2.72136  
212.600    -2.73153  
212.700    -2.74170  
212.800    -2.75187  
212.900    -2.76205  
213.000    -2.77222  
213.100    -2.78239  
213.200    -2.79256  
213.300    -2.80274  
213.400    -2.81291  
213.500    -2.82308  
213.600    -2.83325  
213.700    -2.84342  
213.800    -2.85360  
213.900    -2.86377  
214.000    -2.87394  
214.100    -2.88412  
214.200    -2.89429  
214.300    -2.90446  
214.400    -2.91464  
214.500    -2.92481  
214.600    -2.93499  
214.700    -2.94517  
214.800    -2.95534  
214.900    -2.96552  
215.000    -2.97570  
215.100    -2.98588  
215.200    -2.99606  
215.300    -3.00624  
215.400    -3.01643  
215.500    -3.02661  
215.600    -3.03679  
215.700    -3.04698  
215.800    -3.05716  
215.900    -3.06735  
216.000    -3.07753  
216.100    -3.08772  
216.200    -3.09790  
216.300    -3.10809  
216.400    -3.11828  
216.500    -3.12846  
216.600    -3.13865  
216.700    -3.14884  
216.800    -3.15902  
216.900    -3.16921  
217.000    -3.17939  
217.100    -3.18958  
217.200    -3.19977  
217.300    -3.20995  
217.400    -3.22014  
217.500    -3.23032  
217.600    -3.24051  
217.700    -3.25069  
217.800    -3.26087  
217.900    -3.27106  
218.000    -3.28124  
218.100    -3.29142  
218.200    -3.30160  
218.300    -3.31178  
218.400    -3.32196  
218.500    -3.33214  
218.600    -3.34231  
218.700    -3.35249  
218.800    -3.36266  
218.900    -3.37284  
219.000    -3.38301  
219.100    -3.39318  
219.200    -3.40335  
219.300    -3.41352  
219.400    -3.42368  
219.500    -3.43385  
219.600    -3.44401  
219.700    -3.45417  
219.800    -3.46433  
219.900    -3.47449  
220.000    -3.48465  
220.100    -3.49480  
220.200    -3.50496  
220.300    -3.51511  
220.400    -3.52526  
220.500    -3.53541  
220.600    -3.54555  
220.700    -3.55570  
220.800    -3.56584  
220.900    -3.57599  
221.000    -3.58613  
221.100    -3.59627  
221.200    -3.60640  
221.300    -3.61654  
221.400    -3.62668  
221.500    -3.63681  
221.600    -3.64695  
221.700    -3.65708  
221.800    -3.66721  
221.900    -3.67734  
222.000    -3.68748  
222.100    -3.69761  
222.200    -3.70773  
222.300    -3.71786  
222.400    -3.72799  
222.500    -3.73812  
222.600    -3.74825  
222.700    -3.75837  
222.800    -3.76850  
222.900    -3.77863  
223.000    -3.78875  
223.100    -3.79888  
223.200    -3.80900  
223.300    -3.81913  
223.400    -3.82925  
223.500    -3.83938  
223.600    -3.84951  
223.700    -3.85963  
223.800    -3.86976  
223.900    -3.87988  
224.000    -3.89001  
224.100    -3.90014  
224.200    -3.91026  
224.300    -3.92039  
224.400    -3.93052  
224.500    -3.94065  
224.600    -3.95078  
224.700    -3.96091  
224.800    -3.97104  
224.900    -3.98117  
225.000    -3.99131  
225.100    -4.00144  
225.200    -4.01157  
225.300    -4.02171  
225.400    -4.03185  
225.500    -4.04198  
225.600    -4.05212  
225.700    -4.06226  
225.800    -4.07240  
225.900    -4.08254  
226.000    -4.09268  
226.100    -4.10282  
226.200    -4.11296  
226.300    -4.12310  
226.400    -4.13324  
226.500    -4.14338  
226.600    -4.15352  
226.700    -4.16366  
226.800    -4.17380  
226.900    -4.18394  
227.000    -4.19408  
227.100    -4.20422  
227.200    -4.21436  
227.300    -4.22450  
227.400    -4.23464  
227.500    -4.24478  
227.600    -4.25492  
227.700    -4.26506  
227.800    -4.27520  
227.900    -4.28533  
228.000    -4.29547  
228.100    -4.30561  
228.200    -4.31574  
228.300    -4.32587  
228.400    -4.33601  
228.500    -4.34614  
228.600    -4.35627  
228.700    -4.36640  
228.800    -4.37653  
228.900    -4.38666  
229.000    -4.39678  
229.100    -4.40691  
229.200    -4.41703  
229.300    -4.42715  
229.400    -4.43727  
229.500    -4.44739  
229.600    -4.45751  
229.700    -4.46763  
229.800    -4.47774  
229.900    -4.48785  
230.000    -4.49796  
230.100    -4.50807  
230.200    -4.51818  
230.300    -4.52828  
230.400    -4.53839  
230.500    -4.54849  
230.600    -4.55859  
230.700    -4.56869  
230.800    -4.57879  
230.900    -4.58888  
231.000    -4.59898  
231.100    -4.60907  
231.200    -4.61916  
231.300    -4.62925  
231.400    -4.63934  
231.500    -4.64943  
231.600    -4.65952  
231.700    -4.66960  
231.800    -4.67969  
231.900    -4.68977  
232.000    -4.69986  
232.100    -4.70994  
232.200    -4.72002  
232.300    -4.73011  
232.400    -4.74019  
232.500    -4.75027  
232.600    -4.76035  
232.700    -4.77043  
232.800    -4.78051  
232.900    -4.79059  
233.000    -4.80067  
233.100    -4.81074  
233.200    -4.82082  
233.300    -4.83090  
233.400    -4.84098  
233.500    -4.85106  
233.600    -4.86114  
233.700    -4.87122  
233.800    -4.88129  
233.900    -4.89137  
234.000    -4.90145  
234.100    -4.91153  
234.200    -4.92161  
234.300    -4.93169  
234.400    -4.94177  
234.500    -4.95186  
234.600    -4.96194  
234.700    -4.97202  
234.800    -4.98211  
234.900    -4.99219  
235.000    -5.00228  
235.100    -5.01236  
235.200    -5.02245  
235.300    -5.03254  
235.400    -5.04263  
235.500    -5.05272  
235.600    -5.06281  
235.700    -5.07290  
235.800    -5.08299  
235.900    -5.09308  
236.000    -5.10318  
236.100    -5.11327  
236.200    -5.12336  
236.300    -5.13345  
236.400    -5.14355  
236.500    -5.15364  
236.600    -5.16374  
236.700    -5.17383  
236.800    -5.18392  
236.900    -5.19402  
237.000    -5.20411  
237.100    -5.21420  
237.200    -5.22430  
237.300    -5.23439  
237.400    -5.24448  
237.500    -5.25458  
237.600    -5.26467  
237.700    -5.27476  
237.800    -5.28485  
237.900    -5.29494  
238.000    -5.30503  
238.100    -5.31512  
238.200    -5.32521  
238.300    -5.33529  
238.400    -5.34538  
238.500    -5.35546  
238.600    -5.36555  
238.700    -5.37563  
238.800    -5.38571  
238.900    -5.39579  
239.000    -5.40587  
239.100    -5.41595  
239.200    -5.42603  
239.300    -5.43610  
239.400    -5.44618  
239.500    -5.45625  
239.600    -5.46632  
239.700    -5.47639  
239.800    -5.48646  
239.900    -5.49653  
240.000    -5.50659  
240.100    -5.51665  
240.200    -5.52671  
240.300    -5.53677  
240.400    -5.54683  
240.500    -5.55689  
240.600    -5.56694  
240.700    -5.57699  
240.800    -5.58705  
240.900    -5.59710  
241.000    -5.60714  
241.100    -5.61719  
241.200    -5.62724  
241.300    -5.63728  
241.400    -5.64733  
241.500    -5.65737  
241.600    -5.66741  
241.700    -5.67745  
241.800    -5.68749  
241.900    -5.69753  
242.000    -5.70757  
242.100    -5.71761  
242.200    -5.72764  
242.300    -5.73768  
242.400    -5.74771  
242.500    -5.75775  
242.600    -5.76778  
242.700    -5.77782  
242.800    -5.78785  
242.900    -5.79788  
243.000    -5.80792  
243.100    -5.81795  
243.200    -5.82798  
243.300    -5.83802  
243.400    -5.84805  
243.500    -5.85808  
243.600    -5.86811  
243.700    -5.87815  
243.800    -5.88818  
243.900    -5.89821  
244.000    -5.90825  
244.100    -5.91828  
244.200    -5.92832  
244.300    -5.93835  
244.400    -5.94839  
244.500    -5.95842  
244.600    -5.96846  
244.700    -5.97850  
244.800    -5.98853  
244.900    -5.99857  
245.000    -6.00861  
245.100    -6.01865  
245.200    -6.02869  
245.300    -6.03874  
245.400    -6.04878  
245.500    -6.05882  
245.600    -6.06887  
245.700    -6.07891  
245.800    -6.08896  
245.900    -6.09900  
246.000    -6.10905  
246.100    -6.11910  
246.200    -6.12914  
246.300    -6.13919  
246.400    -6.14924  
246.500    -6.15928  
246.600    -6.16933  
246.700    -6.17938  
246.800    -6.18943  
246.900    -6.19947  
247.000    -6.20952  
247.100    -6.21957  
247.200    -6.22962  
247.300    -6.23966  
247.400    -6.24971  
247.500    -6.25975  
247.600    -6.26980  
247.700    -6.27985  
247.800    -6.28989  
247.900    -6.29993  
248.000    -6.30998  
248.100    -6.32002  
248.200    -6.33006  
248.300    -6.34010  
248.400    -6.35014  
248.500    -6.36018  
248.600    -6.37022  
248.700    -6.38026  
248.800    -6.39030  
248.900    -6.40033  
249.000    -6.41037  
249.100    -6.42040  
249.200    -6.43043  
249.300    -6.44046  
249.400    -6.45049  
249.500    -6.46052  
249.600    -6.47054  
249.700    -6.48057  
249.800    -6.49059  
249.900    -6.50061  
250.000    -6.51063  
250.100    -6.52065  
250.200    -6.53067  
250.300    -6.54068  
250.400    -6.55070  
250.500    -6.56071  
250.600    -6.57072  
250.700    -6.58073  
250.800    -6.59073  
250.900    -6.60074  
251.000    -6.61075  
251.100    -6.62075  
251.200    -6.63075  
251.300    -6.64075  
251.400    -6.65075  
251.500    -6.66075  
251.600    -6.67075  
251.700    -6.68075  
251.800    -6.69075  
251.900    -6.70074  
252.000    -6.71074  
252.100    -6.72073  
252.200    -6.73072  
252.300    -6.74072  
252.400    -6.75071  
252.500    -6.76070  
252.600    -6.77069  
252.700    -6.78068  
252.800    -6.79067  
252.900    -6.80067  
253.000    -6.81066  
253.100    -6.82065  
253.200    -6.83064  
253.300    -6.84063  
253.400    -6.85061  
253.500    -6.86060  
253.600    -6.87059  
253.700    -6.88058  
253.800    -6.89057  
253.900    -6.90056  
254.000    -6.91056  
254.100    -6.92055  
254.200    -6.93054  
254.300    -6.94053  
254.400    -6.95052  
254.500    -6.96051  
254.600    -6.97051  
254.700    -6.98050  
254.800    -6.99050  
254.900    -7.00049  
255.000    -7.01049  
255.100    -7.02048  
255.200    -7.03048  
255.300    -7.04048  
255.400    -7.05048  
255.500    -7.06048  
255.600    -7.07048  
255.700    -7.08048  
255.800    -7.09048  
255.900    -7.10048  
256.000    -7.11049  
256.100    -7.12049  
256.200    -7.13049  
256.300    -7.14049  
256.400    -7.15050  
256.500    -7.16050  
256.600    -7.17050  
256.700    -7.18051  
256.800    -7.19051  
256.900    -7.20051  
257.000    -7.21052  
257.100    -7.22052  
257.200    -7.23052  
257.300    -7.24053  
257.400    -7.25053  
257.500    -7.26053  
257.600    -7.27053  
257.700    -7.28054  
257.800    -7.29054  
257.900    -7.30054  
258.000    -7.31054  
258.100    -7.32054  
258.200    -7.33053  
258.300    -7.34053  
258.400    -7.35053  
258.500    -7.36053  
258.600    -7.37052  
258.700    -7.38052  
258.800    -7.39051  
258.900    -7.40050  
259.000    -7.41049  
259.100    -7.42048  
259.200    -7.43047  
259.300    -7.44046  
259.400    -7.45045  
259.500    -7.46043  
259.600    -7.47042  
259.700    -7.48040  
259.800    -7.49038  
259.900    -7.50036  
260.000    -7.51034  
260.100    -7.52032  
260.200    -7.53029  
260.300    -7.54026  
260.400    -7.55024  
260.500    -7.56021  
260.600    -7.57018  
260.700    -7.58014  
260.800    -7.59011  
260.900    -7.60008  
261.000    -7.61004  
261.100    -7.62001  
261.200    -7.62997  
261.300    -7.63993  
261.400    -7.64989  
261.500    -7.65985  
261.600    -7.66981  
261.700    -7.67976  
261.800    -7.68972  
261.900    -7.69968  
262.000    -7.70963  
262.100    -7.71959  
262.200    -7.72954  
262.300    -7.73949  
262.400    -7.74945  
262.500    -7.75940  
262.600    -7.76935  
262.700    -7.77930  
262.800    -7.78926  
262.900    -7.79921  
263.000    -7.80916  
263.100    -7.81911  
263.200    -7.82906  
263.300    -7.83901  
263.400    -7.84896  
263.500    -7.85891  
263.600    -7.86886  
263.700    -7.87881  
263.800    -7.88876  
263.900    -7.89871  
264.000    -7.90866  
264.100    -7.91862  
264.200    -7.92857  
264.300    -7.93852  
264.400    -7.94847  
264.500    -7.95843  
264.600    -7.96838  
264.700    -7.97833  
264.800    -7.98829  
264.900    -7.99824  
265.000    -8.00820  
265.100    -8.01816  
265.200    -8.02811  
265.300    -8.03807  
265.400    -8.04803  
265.500    -8.05799  
265.600    -8.06795  
265.700    -8.07791  
265.800    -8.08787  
265.900    -8.09783  
266.000    -8.10780  
266.100    -8.11776  
266.200    -8.12772  
266.300    -8.13768  
266.400    -8.14764  
266.500    -8.15761  
266.600    -8.16757  
266.700    -8.17753  
266.800    -8.18750  
266.900    -8.19746  
267.000    -8.20742  
267.100    -8.21738  
267.200    -8.22735  
267.300    -8.23731  
267.400    -8.24727  
267.500    -8.25723  
267.600    -8.26720  
267.700    -8.27716  
267.800    -8.28712  
267.900    -8.29708  
268.000    -8.30704  
268.100    -8.31700  
268.200    -8.32696  
268.300    -8.33691  
268.400    -8.34687  
268.500    -8.35683  
268.600    -8.36678  
268.700    -8.37674  
268.800    -8.38669  
268.900    -8.39665  
269.000    -8.40660  
269.100    -8.41655  
269.200    -8.42650  
269.300    -8.43645  
269.400    -8.44640  
269.500    -8.45634  
269.600    -8.46629  
269.700    -8.47624  
269.800    -8.48618  
269.900    -8.49612  
270.000    -8.50606  
270.100    -8.51600  
270.200    -8.52594  
270.300    -8.53587  
270.400    -8.54581  
270.500    -8.55574  
270.600    -8.56568  
270.700    -8.57561  
270.800    -8.58554  
270.900    -8.59547  
271.000    -8.60540  
271.100    -8.61532  
271.200    -8.62525  
271.300    -8.63518  
271.400    -8.64510  
271.500    -8.65502  
271.600    -8.66495  
271.700    -8.67487  
271.800    -8.68479  
271.900    -8.69471  
272.000    -8.70463  
272.100    -8.71455  
272.200    -8.72447  
272.300    -8.73439  
272.400    -8.74431  
272.500    -8.75422  
272.600    -8.76414  
272.700    -8.77406  
272.800    -8.78398  
272.900    -8.79389  
273.000    -8.80381  
273.100    -8.81372  
273.200    -8.82364  
273.300    -8.83356  
273.400    -8.84347  
273.500    -8.85339  
273.600    -8.86330  
273.700    -8.87322  
273.800    -8.88314  
273.900    -8.89305  
274.000    -8.90297  
274.100    -8.91288  
274.200    -8.92280  
274.300    -8.93272  
274.400    -8.94264  
274.500    -8.95255  
274.600    -8.96247  
274.700    -8.97239  
274.800    -8.98231  
274.900    -8.99223  
275.000    -9.00215  
275.100    -9.01207  
275.200    -9.02200  
275.300    -9.03192  
275.400    -9.04184  
275.500    -9.05176  
275.600    -9.06169  
275.700    -9.07161  
275.800    -9.08154  
275.900    -9.09146  
276.000    -9.10139  
276.100    -9.11131  
276.200    -9.12124  
276.300    -9.13117  
276.400    -9.14109  
276.500    -9.15102  
276.600    -9.16095  
276.700    -9.17087  
276.800    -9.18080  
276.900    -9.19073  
277.000    -9.20065  
277.100    -9.21058  
277.200    -9.22051  
277.300    -9.23043  
277.400    -9.24036  
277.500    -9.25028  
277.600    -9.26021  
277.700    -9.27013  
277.800    -9.28006  
277.900    -9.28998  
278.000    -9.29991  
278.100    -9.30983  
278.200    -9.31975  
278.300    -9.32968  
278.400    -9.33960  
278.500    -9.34952  
278.600    -9.35944  
278.700    -9.36936  
278.800    -9.37928  
278.900    -9.38920  
279.000    -9.39912  
279.100    -9.40903  
279.200    -9.41895  
279.300    -9.42887  
279.400    -9.43878  
279.500    -9.44869  
279.600    -9.45860  
279.700    -9.46852  
279.800    -9.47843  
279.900    -9.48833  
280.000    -9.49824  
280.100    -9.50815  
280.200    -9.51805  
280.300    -9.52796  
280.400    -9.53786  
280.500    -9.54776  
280.600    -9.55766  
280.700    -9.56756  
280.800    -9.57746  
280.900    -9.58736  
281.000    -9.59726  
281.100    -9.60715  
281.200    -9.61705  
281.300    -9.62694  
281.400    -9.63684  
281.500    -9.64673  
281.600    -9.65662  
281.700    -9.66652  
281.800    -9.67641  
281.900    -9.68630  
282.000    -9.69619  
282.100    -9.70608  
282.200    -9.71597  
282.300    -9.72585  
282.400    -9.73574  
282.500    -9.74563  
282.600    -9.75552  
282.700    -9.76541  
282.800    -9.77529  
282.900    -9.78518  
283.000    -9.79507  
283.100    -9.80495  
283.200    -9.81484  
283.300    -9.82473  
283.400    -9.83461  
283.500    -9.84450  
283.600    -9.85438  
283.700    -9.86427  
283.800    -9.87416  
283.900    -9.88404  
284.000    -9.89393  
284.100    -9.90382  
284.200    -9.91370  
284.300    -9.92359  
284.400    -9.93348  
284.500    -9.94337  
284.600    -9.95326  
284.700    -9.96314  
284.800    -9.97303  
284.900    -9.98292  
285.000    -9.99281  
285.100   -10.00270  
285.200   -10.01260  
285.300   -10.02249  
285.400   -10.03238  
285.500   -10.04227  
285.600   -10.05217  
285.700   -10.06206  
285.800   -10.07195  
285.900   -10.08185  
286.000   -10.09174  
286.100   -10.10164  
286.200   -10.11153  
286.300   -10.12143  
286.400   -10.13132  
286.500   -10.14122  
286.600   -10.15111  
286.700   -10.16101  
286.800   -10.17090  
286.900   -10.18080  
287.000   -10.19069  
287.100   -10.20059  
287.200   -10.21048  
287.300   -10.22038  
287.400   -10.23027  
287.500   -10.24017  
287.600   -10.25006  
287.700   -10.25996  
287.800   -10.26985  
287.900   -10.27975  
288.000   -10.28964  
288.100   -10.29953  
288.200   -10.30942  
288.300   -10.31932  
288.400   -10.32921  
288.500   -10.33910  
288.600   -10.34899  
288.700   -10.35888  
288.800   -10.36877  
288.900   -10.37866  
289.000   -10.38855  
289.100   -10.39843  
289.200   -10.40832  
289.300   -10.41821  
289.400   -10.42809  
289.500   -10.43798  
289.600   -10.44786  
289.700   -10.45774  
289.800   -10.46762  
289.900   -10.47751  
290.000   -10.48739  
290.100   -10.49726  
290.200   -10.50714  
290.300   -10.51702  
290.400   -10.52689  
290.500   -10.53677  
290.600   -10.54664  
290.700   -10.55652  
290.800   -10.56639  
290.900   -10.57626  
291.000   -10.58613  
291.100   -10.59600  
291.200   -10.60587  
291.300   -10.61574  
291.400   -10.62561  
291.500   -10.63548  
291.600   -10.64535  
291.700   -10.65521  
291.800   -10.66508  
291.900   -10.67495  
292.000   -10.68481  
292.100   -10.69468  
292.200   -10.70454  
292.300   -10.71440  
292.400   -10.72427  
292.500   -10.73413  
292.600   -10.74400  
292.700   -10.75386  
292.800   -10.76372  
292.900   -10.77358  
293.000   -10.78345  
293.100   -10.79331  
293.200   -10.80317  
293.300   -10.81303  
293.400   -10.82289  
293.500   -10.83276  
293.600   -10.84262  
293.700   -10.85248  
293.800   -10.86234  
293.900   -10.87221  
294.000   -10.88207  
294.100   -10.89193  
294.200   -10.90179  
294.300   -10.91166  
294.400   -10.92152  
294.500   -10.93138  
294.600   -10.94125  
294.700   -10.95111  
294.800   -10.96097  
294.900   -10.97084  
295.000   -10.98071  
295.100   -10.99057  
295.200   -11.00044  
295.300   -11.01030  
295.400   -11.02017  
295.500   -11.03004  
295.600   -11.03990  
295.700   -11.04977  
295.800   -11.05964  
295.900   -11.06951  
296.000   -11.07938  
296.100   -11.08925  
296.200   -11.09912  
296.300   -11.10898  
296.400   -11.11885  
296.500   -11.12872  
296.600   -11.13859  
296.700   -11.14846  
296.800   -11.15833  
296.900   -11.16820  
297.000   -11.17807  
297.100   -11.18794  
297.200   -11.19781  
297.300   -11.20768  
297.400   -11.21755  
297.500   -11.22742  
297.600   -11.23729  
297.700   -11.24715  
297.800   -11.25702  
297.900   -11.26689  
298.000   -11.27676  
298.100   -11.28663  
298.200   -11.29649  
298.300   -11.30636  
298.400   -11.31623  
298.500   -11.32609  
298.600   -11.33596  
298.700   -11.34583  
298.800   -11.35569  
298.900   -11.36555  
299.000   -11.37542  
299.100   -11.38528  
299.200   -11.39514  
299.300   -11.40501  
299.400   -11.41487  
299.500   -11.42473  
299.600   -11.43459  
299.700   -11.44445  
299.800   -11.45431  
299.900   -11.46417  
300.000   -11.47402  
300.100   -11.48388  
300.200   -11.49374  
300.300   -11.50359  
300.400   -11.51345  
300.500   -11.52330  
300.600   -11.53315  
300.700   -11.54301  
300.800   -11.55286  
300.900   -11.56271  
301.000   -11.57256  
301.100   -11.58241  
301.200   -11.59226  
301.300   -11.60211  
301.400   -11.61196  
301.500   -11.62181  
301.600   -11.63166  
301.700   -11.64150  
301.800   -11.65135  
301.900   -11.66120  
302.000   -11.67104  
302.100   -11.68089  
302.200   -11.69073  
302.300   -11.70058  
302.400   -11.71042  
302.500   -11.72027  
302.600   -11.73011  
302.700   -11.73996  
302.800   -11.74980  
302.900   -11.75965  
303.000   -11.76949  
303.100   -11.77933  
303.200   -11.78918  
303.300   -11.79902  
303.400   -11.80887  
303.500   -11.81871  
303.600   -11.82855  
303.700   -11.83840  
303.800   -11.84824  
303.900   -11.85808  
304.000   -11.86793  
304.100   -11.87777  
304.200   -11.88762  
304.300   -11.89746  
304.400   -11.90730  
304.500   -11.91715  
304.600   -11.92699  
304.700   -11.93684  
304.800   -11.94668  
304.900   -11.95653  
305.000   -11.96638  
305.100   -11.97622  
305.200   -11.98607  
305.300   -11.99591  
305.400   -12.00576  
305.500   -12.01561  
305.600   -12.02546  
305.700   -12.03530  
305.800   -12.04515  
305.900   -12.05500  
306.000   -12.06485  
306.100   -12.07470  
306.200   -12.08455  
306.300   -12.09440  
306.400   -12.10424  
306.500   -12.11409  
306.600   -12.12394  
306.700   -12.13379  
306.800   -12.14364  
306.900   -12.15349  
307.000   -12.16334  
307.100   -12.17319  
307.200   -12.18304  
307.300   -12.19289  
307.400   -12.20273  
307.500   -12.21258  
307.600   -12.22243  
307.700   -12.23228  
307.800   -12.24213  
307.900   -12.25198  
308.000   -12.26183  
308.100   -12.27167  
308.200   -12.28152  
308.300   -12.29137  
308.400   -12.30122  
308.500   -12.31106  
308.600   -12.32091  
308.700   -12.33076  
308.800   -12.34060  
308.900   -12.35045  
309.000   -12.36029  
309.100   -12.37014  
309.200   -12.37998  
309.300   -12.38983  
309.400   -12.39967  
309.500   -12.40952  
309.600   -12.41936  
309.700   -12.42920  
309.800   -12.43904  
309.900   -12.44888  
310.000   -12.45873  
310.100   -12.46857  
310.200   -12.47841  
310.300   -12.48824  
310.400   -12.49808  
310.500   -12.50792  
310.600   -12.51776  
310.700   -12.52760  
310.800   -12.53743  
310.900   -12.54727  
311.000   -12.55711  
311.100   -12.56694  
311.200   -12.57678  
311.300   -12.58661  
311.400   -12.59645  
311.500   -12.60628  
311.600   -12.61612  
311.700   -12.62595  
311.800   -12.63578  
311.900   -12.64562  
312.000   -12.65545  
312.100   -12.66528  
312.200   -12.67511  
312.300   -12.68495  
312.400   -12.69478  
312.500   -12.70461  
312.600   -12.71444  
312.700   -12.72427  
312.800   -12.73411  
312.900   -12.74394  
313.000   -12.75377  
313.100   -12.76360  
313.200   -12.77343  
313.300   -12.78326  
313.400   -12.79309  
313.500   -12.80292  
313.600   -12.81275  
313.700   -12.82258  
313.800   -12.83242  
313.900   -12.84225  
314.000   -12.85208  
314.100   -12.86191  
314.200   -12.87174  
314.300   -12.88157  
314.400   -12.89140  
314.500   -12.90123  
314.600   -12.91107  
314.700   -12.92090  
314.800   -12.93073  
314.900   -12.94056  
315.000   -12.95039  
315.100   -12.96023  
315.200   -12.97006  
315.300   -12.97989  
315.400   -12.98972  
315.500   -12.99956  
315.600   -13.00939  
315.700   -13.01922  
315.800   -13.02906  
315.900   -13.03889  
316.000   -13.04873  
316.100   -13.05856  
316.200   -13.06839  
316.300   -13.07823  
316.400   -13.08806  
316.500   -13.09790  
316.600   -13.10773  
316.700   -13.11757  
316.800   -13.12740  
316.900   -13.13723  
317.000   -13.14707  
317.100   -13.15690  
317.200   -13.16674  
317.300   -13.17657  
317.400   -13.18641  
317.500   -13.19624  
317.600   -13.20608  
317.700   -13.21591  
317.800   -13.22575  
317.900   -13.23558  
318.000   -13.24541  
318.100   -13.25525  
318.200   -13.26508  
318.300   -13.27492  
318.400   -13.28475  
318.500   -13.29458  
318.600   -13.30442  
318.700   -13.31425  
318.800   -13.32408  
318.900   -13.33391  
319.000   -13.34375  
319.100   -13.35358  
319.200   -13.36341  
319.300   -13.37324  
319.400   -13.38308  
319.500   -13.39291  
319.600   -13.40274  
319.700   -13.41257  
319.800   -13.42240  
319.900   -13.43223  
320.000   -13.44206  
320.100   -13.45189  
320.200   -13.46172  
320.300   -13.47155  
320.400   -13.48138  
320.500   -13.49121  
320.600   -13.50103  
320.700   -13.51086  
320.800   -13.52069  
320.900   -13.53052  
321.000   -13.54034  
321.100   -13.55017  
321.200   -13.56000  
321.300   -13.56983  
321.400   -13.57965  
321.500   -13.58948  
321.600   -13.59930  
321.700   -13.60913  
321.800   -13.61896  
321.900   -13.62878  
322.000   -13.63861  
322.100   -13.64843  
322.200   -13.65826  
322.300   -13.66808  
322.400   -13.67791  
322.500   -13.68773  
322.600   -13.69756  
322.700   -13.70738  
322.800   -13.71720  
322.900   -13.72703  
323.000   -13.73685  
323.100   -13.74668  
323.200   -13.75650  
323.300   -13.76633  
323.400   -13.77615  
323.500   -13.78597  
323.600   -13.79580  
323.700   -13.80562  
323.800   -13.81545  
323.900   -13.82527  
324.000   -13.83509  
324.100   -13.84492  
324.200   -13.85474  
324.300   -13.86457  
324.400   -13.87439  
324.500   -13.88421  
324.600   -13.89404  
324.700   -13.90386  
324.800   -13.91369  
324.900   -13.92351  
325.000   -13.93334  
325.100   -13.94316  
325.200   -13.95298  
325.300   -13.96281  
325.400   -13.97263  
325.500   -13.98246  
325.600   -13.99228  
325.700   -14.00211  
325.800   -14.01193  
325.900   -14.02176  
326.000   -14.03158  
326.100   -14.04141  
326.200   -14.05124  
326.300   -14.06106  
326.400   -14.07089  
326.500   -14.08071  
326.600   -14.09054  
326.700   -14.10036  
326.800   -14.11019  
326.900   -14.12001  
327.000   -14.12984  
327.100   -14.13967  
327.200   -14.14949  
327.300   -14.15932  
327.400   -14.16914  
327.500   -14.17897  
327.600   -14.18880  
327.700   -14.19862  
327.800   -14.20845  
327.900   -14.21827  
328.000   -14.22810  
328.100   -14.23793  
328.200   -14.24775  
328.300   -14.25758  
328.400   -14.26740  
328.500   -14.27723  
328.600   -14.28705  
328.700   -14.29688  
328.800   -14.30671  
328.900   -14.31653  
329.000   -14.32636  
329.100   -14.33618  
329.200   -14.34601  
329.300   -14.35583  
329.400   -14.36566  
329.500   -14.37548  
329.600   -14.38531  
329.700   -14.39513  
329.800   -14.40496  
329.900   -14.41478  
330.000   -14.42461  
330.100   -14.43443  
330.200   -14.44426  
330.300   -14.45408  
330.400   -14.46391  
330.500   -14.47373  
330.600   -14.48356  
330.700   -14.49338  
330.800   -14.50321  
330.900   -14.51303  
331.000   -14.52285  
331.100   -14.53268  
331.200   -14.54250  
331.300   -14.55233  
331.400   -14.56215  
331.500   -14.57197  
331.600   -14.58180  
331.700   -14.59162  
331.800   -14.60144  
331.900   -14.61127  
332.000   -14.62109  
332.100   -14.63091  
332.200   -14.64074  
332.300   -14.65056  
332.400   -14.66038  
332.500   -14.67021  
332.600   -14.68003  
332.700   -14.68985  
332.800   -14.69968  
332.900   -14.70950  
333.000   -14.71932  
333.100   -14.72915  
333.200   -14.73897  
333.300   -14.74879  
333.400   -14.75861  
333.500   -14.76844  
333.600   -14.77826  
333.700   -14.78808  
333.800   -14.79791  
333.900   -14.80773  
334.000   -14.81755  
334.100   -14.82737  
334.200   -14.83720  
334.300   -14.84702  
334.400   -14.85684  
334.500   -14.86666  
334.600   -14.87649  
334.700   -14.88631  
334.800   -14.89613  
334.900   -14.90595  
335.000   -14.91578  
335.100   -14.92560  
335.200   -14.93542  
335.300   -14.94524  
335.400   -14.95507  
335.500   -14.96489  
335.600   -14.97471  
335.700   -14.98453  
335.800   -14.99436  
335.900   -15.00418  
336.000   -15.01400  
336.100   -15.02382  
336.200   -15.03364  
336.300   -15.04347  
336.400   -15.05329  
336.500   -15.06311  
336.600   -15.07293  
336.700   -15.08276  
336.800   -15.09258  
336.900   -15.10240  
337.000   -15.11223  
337.100   -15.12205  
337.200   -15.13187  
337.300   -15.14169  
337.400   -15.15152  
337.500   -15.16134  
337.600   -15.17116  
337.700   -15.18099  
337.800   -15.19081  
337.900   -15.20063  
338.000   -15.21046  
338.100   -15.22028  
338.200   -15.23010  
338.300   -15.23993  
338.400   -15.24975  
338.500   -15.25957  
338.600   -15.26940  
338.700   -15.27922  
338.800   -15.28905  
338.900   -15.29887  
339.000   -15.30869  
339.100   -15.31852  
339.200   -15.32834  
339.300   -15.33817  
339.400   -15.34799  
339.500   -15.35782  
339.600   -15.36764  
339.700   -15.37747  
339.800   -15.38729  
339.900   -15.39712  
340.000   -15.40694  
340.100   -15.41677  
340.200   -15.42659  
340.300   -15.43642  
340.400   -15.44625  
340.500   -15.45607  
340.600   -15.46590  
340.700   -15.47573  
340.800   -15.48555  
340.900   -15.49538  
341.000   -15.50520  
341.100   -15.51503  
341.200   -15.52486  
341.300   -15.53469  
341.400   -15.54451  
341.500   -15.55434  
341.600   -15.56417  
341.700   -15.57399  
341.800   -15.58382  
341.900   -15.59365  
342.000   -15.60347  
342.100   -15.61330  
342.200   -15.62313  
342.300   -15.63296  
342.400   -15.64278  
342.500   -15.65261  
342.600   -15.66244  
342.700   -15.67227  
342.800   -15.68209  
342.900   -15.69192  
343.000   -15.70175  
343.100   -15.71158  
343.200   -15.72140  
343.300   -15.73123  
343.400   -15.74106  
343.500   -15.75089  
343.600   -15.76071  
343.700   -15.77054  
343.800   -15.78037  
343.900   -15.79019  
344.000   -15.80002  
344.100   -15.80985  
344.200   -15.81967  
344.300   -15.82950  
344.400   -15.83933  
344.500   -15.84915  
344.600   -15.85898  
344.700   -15.86881  
344.800   -15.87863  
344.900   -15.88846  
345.000   -15.89829  
345.100   -15.90811  
345.200   -15.91794  
345.300   -15.92776  
345.400   -15.93759  
345.500   -15.94741  
345.600   -15.95724  
345.700   -15.96706  
345.800   -15.97689  
345.900   -15.98671  
346.000   -15.99654  
346.100   -16.00636  
346.200   -16.01619  
346.300   -16.02601  
346.400   -16.03584  
346.500   -16.04567  
346.600   -16.05549  
346.700   -16.06532  
346.800   -16.07514  
346.900   -16.08497  
347.000   -16.09479  
347.100   -16.10462  
347.200   -16.11444  
347.300   -16.12427  
347.400   -16.13409  
347.500   -16.14392  
347.600   -16.15374  
347.700   -16.16357  
347.800   -16.17340  
347.900   -16.18322  
348.000   -16.19305  
348.100   -16.20288  
348.200   -16.21270  
348.300   -16.22253  
348.400   -16.23236  
348.500   -16.24218  
348.600   -16.25201  
348.700   -16.26184  
348.800   -16.27167  
348.900   -16.28150  
349.000   -16.29132  
349.100   -16.30115  
349.200   -16.31098  
349.300   -16.32081  
349.400   -16.33064  
349.500   -16.34047  
349.600   -16.35030  
349.700   -16.36013  
349.800   -16.36996  
349.900   -16.37979  
350.000   -16.38963  