0.000     0.00000  
  0.100     0.00000  
  0.200     0.00000  
  0.300     0.00000  
  0.400     0.00000  
  0.500     0.00000  
  0.600     0.00000  
  0.700     0.00000  
  0.800     0.00000  
  0.900     0.00000  
  1.000     0.00000  
  1.100     0.00000  
  1.200     0.00000  
  1.300     0.00000  
  1.400     0.00000  
  1.500     0.00000  
  1.600     0.00000  
  1.700     0.00000  
  1.800     0.00000  
  1.900     0.00000  
  2.000     0.00000  
  2.100     0.00000  
  2.200     0.00000  
  2.300     0.00000  
  2.400     0.00000  
  2.500     0.00000  
  2.600     0.00000  
  2.700     0.00000  
  2.800     0.00000  
  2.900     0.00000  
  3.000     0.00000  
  3.100     0.00000  
  3.200     0.00000  
  3.300     0.00000  
  3.400     0.00000  
  3.500     0.00000  
  3.600     0.00000  
  3.700     0.00000  
  3.800     0.00000  
  3.900     0.00000  
  4.000     0.00000  
  4.100     0.00000  
  4.200     0.00000  
  4.300     0.00000  
  4.400     0.00000  
  4.500     0.00000  
  4.600     0.00000  
  4.700     0.00000  
  4.800     0.00000  
  4.900     0.00000  
  5.000     0.00000  
  5.100     0.00000  
  5.200     0.00000  
  5.300     0.00000  
  5.400     0.00000  
  5.500     0.00000  
  5.600     0.00000  
  5.700     0.00000  
  5.800     0.00000  
  5.900     0.00000  
  6.000     0.00000  
  6.100     0.00000  
  6.200     0.00000  
  6.300     0.00000  
  6.400     0.00000  
  6.500     0.00000  
  6.600     0.00000  
  6.700     0.00000  
  6.800     0.00000  
  6.900     0.00000  
  7.000     0.00000  
  7.100     0.00000  
  7.200     0.00000  
  7.300     0.00000  
  7.400     0.00000  
  7.500     0.00000  
  7.600     0.00000  
  7.700     0.00000  
  7.800     0.00000  
  7.900     0.00000  
  8.000     0.00000  
  8.100     0.00000  
  8.200     0.00000  
  8.300     0.00000  
  8.400     0.00000  
  8.500     0.00000  
  8.600     0.00000  
  8.700     0.00000  
  8.800     0.00000  
  8.900     0.00000  
  9.000     0.00000  
  9.100     0.00000  
  9.200     0.00000  
  9.300     0.00000  
  9.400     0.00000  
  9.500     0.00000  
  9.600     0.00000  
  9.700     0.00000  
  9.800     0.00000  
  9.900     0.00000  
 10.000     0.00000  
 10.100     0.00000  
 10.200     0.00000  
 10.300     0.00000  
 10.400     0.00000  
 10.500     0.00000  
 10.600     0.00000  
 10.700     0.00000  
 10.800     0.00000  
 10.900     0.00000  
 11.000     0.00000  
 11.100     0.00000  
 11.200     0.00000  
 11.300     0.00000  
 11.400     0.00000  
 11.500     0.00000  
 11.600     0.00000  
 11.700     0.00000  
 11.800     0.00000  
 11.900     0.00000  
 12.000     0.00000  
 12.100     0.00000  
 12.200     0.00000  
 12.300     0.00000  
 12.400     0.00000  
 12.500     0.00000  
 12.600     0.00001  
 12.700     0.00001  
 12.800     0.00001  
 12.900     0.00001  
 13.000     0.00001  
 13.100     0.00001  
 13.200     0.00001  
 13.300     0.00001  
 13.400     0.00001  
 13.500     0.00001  
 13.600     0.00001  
 13.700     0.00001  
 13.800     0.00001  
 13.900     0.00001  
 14.000     0.00001  
 14.100     0.00001  
 14.200     0.00001  
 14.300     0.00001  
 14.400     0.00001  
 14.500     0.00001  
 14.600     0.00001  
 14.700     0.00001  
 14.800     0.00001  
 14.900     0.00001  
 15.000     0.00001  
 15.100     0.00001  
 15.200     0.00001  
 15.300     0.00001  
 15.400     0.00001  
 15.500     0.00001  
 15.600     0.00001  
 15.700     0.00002  
 15.800     0.00002  
 15.900     0.00002  
 16.000     0.00002  
 16.100     0.00002  
 16.200     0.00002  
 16.300     0.00002  
 16.400     0.00002  
 16.500     0.00002  
 16.600     0.00002  
 16.700     0.00002  
 16.800     0.00002  
 16.900     0.00002  
 17.000     0.00002  
 17.100     0.00002  
 17.200     0.00002  
 17.300     0.00002  
 17.400     0.00003  
 17.500     0.00003  
 17.600     0.00003  
 17.700     0.00003  
 17.800     0.00003  
 17.900     0.00003  
 18.000     0.00003  
 18.100     0.00003  
 18.200     0.00003  
 18.300     0.00003  
 18.400     0.00003  
 18.500     0.00003  
 18.600     0.00004  
 18.700     0.00004  
 18.800     0.00004  
 18.900     0.00004  
 19.000     0.00004  
 19.100     0.00004  
 19.200     0.00004  
 19.300     0.00004  
 19.400     0.00004  
 19.500     0.00004  
 19.600     0.00004  
 19.700     0.00005  
 19.800     0.00005  
 19.900     0.00005  
 20.000     0.00005  
 20.100     0.00005  
 20.200     0.00005  
 20.300     0.00005  
 20.400     0.00005  
 20.500     0.00005  
 20.600     0.00006  
 20.700     0.00006  
 20.800     0.00006  
 20.900     0.00006  
 21.000     0.00006  
 21.100     0.00006  
 21.200     0.00006  
 21.300     0.00007  
 21.400     0.00007  
 21.500     0.00007  
 21.600     0.00007  
 21.700     0.00007  
 21.800     0.00007  
 21.900     0.00007  
 22.000     0.00008  
 22.100     0.00008  
 22.200     0.00008  
 22.300     0.00008  
 22.400     0.00008  
 22.500     0.00008  
 22.600     0.00009  
 22.700     0.00009  
 22.800     0.00009  
 22.900     0.00009  
 23.000     0.00009  
 23.100     0.00009  
 23.200     0.00010  
 23.300     0.00010  
 23.400     0.00010  
 23.500     0.00010  
 23.600     0.00010  
 23.700     0.00010  
 23.800     0.00011  
 23.900     0.00011  
 24.000     0.00011  
 24.100     0.00011  
 24.200     0.00012  
 24.300     0.00012  
 24.400     0.00012  
 24.500     0.00012  
 24.600     0.00012  
 24.700     0.00013  
 24.800     0.00013  
 24.900     0.00013  
 25.000     0.00013  
 25.100     0.00014  
 25.200     0.00014  
 25.300     0.00014  
 25.400     0.00014  
 25.500     0.00014  
 25.600     0.00015  
 25.700     0.00015  
 25.800     0.00015  
 25.900     0.00015  
 26.000     0.00016  
 26.100     0.00016  
 26.200     0.00016  
 26.300     0.00016  
 26.400     0.00017  
 26.500     0.00017  
 26.600     0.00017  
 26.700     0.00018  
 26.800     0.00018  
 26.900     0.00018  
 27.000     0.00018  
 27.100     0.00019  
 27.200     0.00019  
 27.300     0.00019  
 27.400     0.00020  
 27.500     0.00020  
 27.600     0.00020  
 27.700     0.00020  
 27.800     0.00021  
 27.900     0.00021  
 28.000     0.00021  
 28.100     0.00022  
 28.200     0.00022  
 28.300     0.00022  
 28.400     0.00023  
 28.500     0.00023  
 28.600     0.00023  
 28.700     0.00024  
 28.800     0.00024  
 28.900     0.00024  
 29.000     0.00025  
 29.100     0.00025  
 29.200     0.00025  
 29.300     0.00026  
 29.400     0.00026  
 29.500     0.00026  
 29.600     0.00027  
 29.700     0.00027  
 29.800     0.00028  
 29.900     0.00028  
 30.000     0.00028  
 30.100     0.00029  
 30.200     0.00029  
 30.300     0.00029  
 30.400     0.00030  
 30.500     0.00030  
 30.600     0.00031  
 30.700     0.00031  
 30.800     0.00031  
 30.900     0.00032  
 31.000     0.00032  
 31.100     0.00033  
 31.200     0.00033  
 31.300     0.00034  
 31.400     0.00034  
 31.500     0.00034  
 31.600     0.00035  
 31.700     0.00035  
 31.800     0.00036  
 31.900     0.00036  
 32.000     0.00037  
 32.100     0.00037  
 32.200     0.00038  
 32.300     0.00038  
 32.400     0.00038  
 32.500     0.00039  
 32.600     0.00039  
 32.700     0.00040  
 32.800     0.00040  
 32.900     0.00041  
 33.000     0.00041  
 33.100     0.00042  
 33.200     0.00042  
 33.300     0.00043  
 33.400     0.00043  
 33.500     0.00044  
 33.600     0.00044  
 33.700     0.00045  
 33.800     0.00045  
 33.900     0.00046  
 34.000     0.00046  
 34.100     0.00047  
 34.200     0.00047  
 34.300     0.00048  
 34.400     0.00048  
 34.500     0.00049  
 34.600     0.00050  
 34.700     0.00050  
 34.800     0.00051  
 34.900     0.00051  
 35.000     0.00052  
 35.100     0.00052  
 35.200     0.00053  
 35.300     0.00054  
 35.400     0.00054  
 35.500     0.00055  
 35.600     0.00055  
 35.700     0.00056  
 35.800     0.00056  
 35.900     0.00057  
 36.000     0.00058  
 36.100     0.00058  
 36.200     0.00059  
 36.300     0.00059  
 36.400     0.00060  
 36.500     0.00061  
 36.600     0.00061  
 36.700     0.00062  
 36.800     0.00063  
 36.900     0.00063  
 37.000     0.00064  
 37.100     0.00064  
 37.200     0.00065  
 37.300     0.00066  
 37.400     0.00066  
 37.500     0.00067  
 37.600     0.00068  
 37.700     0.00068  
 37.800     0.00069  
 37.900     0.00070  
 38.000     0.00071  
 38.100     0.00071  
 38.200     0.00072  
 38.300     0.00073  
 38.400     0.00073  
 38.500     0.00074  
 38.600     0.00075  
 38.700     0.00075  
 38.800     0.00076  
 38.900     0.00077  
 39.000     0.00078  
 39.100     0.00078  
 39.200     0.00079  
 39.300     0.00080  
 39.400     0.00080  
 39.500     0.00081  
 39.600     0.00082  
 39.700     0.00083  
 39.800     0.00083  
 39.900     0.00084  
 40.000     0.00085  
 40.100     0.00086  
 40.200     0.00087  
 40.300     0.00087  
 40.400     0.00088  
 40.500     0.00089  
 40.600     0.00090  
 40.700     0.00090  
 40.800     0.00091  
 40.900     0.00092  
 41.000     0.00093  
 41.100     0.00094  
 41.200     0.00095  
 41.300     0.00095  
 41.400     0.00096  
 41.500     0.00097  
 41.600     0.00098  
 41.700     0.00099  
 41.800     0.00100  
 41.900     0.00100  
 42.000     0.00101  
 42.100     0.00102  
 42.200     0.00103  
 42.300     0.00104  
 42.400     0.00105  
 42.500     0.00106  
 42.600     0.00107  
 42.700     0.00107  
 42.800     0.00108  
 42.900     0.00109  
 43.000     0.00110  
 43.100     0.00111  
 43.200     0.00112  
 43.300     0.00113  
 43.400     0.00114  
 43.500     0.00115  
 43.600     0.00116  
 43.700     0.00117  
 43.800     0.00118  
 43.900     0.00118  
 44.000     0.00119  
 44.100     0.00120  
 44.200     0.00121  
 44.300     0.00122  
 44.400     0.00123  
 44.500     0.00124  
 44.600     0.00125  
 44.700     0.00126  
 44.800     0.00127  
 44.900     0.00128  
 45.000     0.00129  
 45.100     0.00130  
 45.200     0.00131  
 45.300     0.00132  
 45.400     0.00133  
 45.500     0.00134  
 45.600     0.00135  
 45.700     0.00136  
 45.800     0.00137  
 45.900     0.00138  
 46.000     0.00139  
 46.100     0.00140  
 46.200     0.00141  
 46.300     0.00142  
 46.400     0.00143  
 46.500     0.00145  
 46.600     0.00146  
 46.700     0.00147  
 46.800     0.00148  
 46.900     0.00149  
 47.000     0.00150  
 47.100     0.00151  
 47.200     0.00152  
 47.300     0.00153  
 47.400     0.00154  
 47.500     0.00155  
 47.600     0.00156  
 47.700     0.00158  
 47.800     0.00159  
 47.900     0.00160  
 48.000     0.00161  
 48.100     0.00162  
 48.200     0.00163  
 48.300     0.00164  
 48.400     0.00166  
 48.500     0.00167  
 48.600     0.00168  
 48.700     0.00169  
 48.800     0.00170  
 48.900     0.00171  
 49.000     0.00173  
 49.100     0.00174  
 49.200     0.00175  
 49.300     0.00176  
 49.400     0.00177  
 49.500     0.00179  
 49.600     0.00180  
 49.700     0.00181  
 49.800     0.00182  
 49.900     0.00183  
 50.000     0.00185  
 50.100     0.00186  
 50.200     0.00187  
 50.300     0.00188  
 50.400     0.00190  
 50.500     0.00191  
 50.600     0.00192  
 50.700     0.00193  
 50.800     0.00195  
 50.900     0.00196  
 51.000     0.00197  
 51.100     0.00198  
 51.200     0.00200  
 51.300     0.00201  
 51.400     0.00202  
 51.500     0.00204  
 51.600     0.00205  
 51.700     0.00206  
 51.800     0.00208  
 51.900     0.00209  
 52.000     0.00210  
 52.100     0.00212  
 52.200     0.00213  
 52.300     0.00214  
 52.400     0.00216  
 52.500     0.00217  
 52.600     0.00218  
 52.700     0.00220  
 52.800     0.00221  
 52.900     0.00222  
 53.000     0.00224  
 53.100     0.00225  
 53.200     0.00226  
 53.300     0.00228  
 53.400     0.00229  
 53.500     0.00231  
 53.600     0.00232  
 53.700     0.00233  
 53.800     0.00235  
 53.900     0.00236  
 54.000     0.00238  
 54.100     0.00239  
 54.200     0.00240  
 54.300     0.00242  
 54.400     0.00243  
 54.500     0.00245  
 54.600     0.00246  
 54.700     0.00248  
 54.800     0.00249  
 54.900     0.00251  
 55.000     0.00252  
 55.100     0.00254  
 55.200     0.00255  
 55.300     0.00257  
 55.400     0.00258  
 55.500     0.00259  
 55.600     0.00261  
 55.700     0.00262  
 55.800     0.00264  
 55.900     0.00265  
 56.000     0.00267  
 56.100     0.00269  
 56.200     0.00270  
 56.300     0.00272  
 56.400     0.00273  
 56.500     0.00275  
 56.600     0.00276  
 56.700     0.00278  
 56.800     0.00279  
 56.900     0.00281  
 57.000     0.00282  
 57.100     0.00284  
 57.200     0.00286  
 57.300     0.00287  
 57.400     0.00289  
 57.500     0.00290  
 57.600     0.00292  
 57.700     0.00293  
 57.800     0.00295  
 57.900     0.00297  
 58.000     0.00298  
 58.100     0.00300  
 58.200     0.00302  
 58.300     0.00303  
 58.400     0.00305  
 58.500     0.00306  
 58.600     0.00308  
 58.700     0.00310  
 58.800     0.00311  
 58.900     0.00313  
 59.000     0.00315  
 59.100     0.00316  
 59.200     0.00318  
 59.300     0.00320  
 59.400     0.00321  
 59.500     0.00323  
 59.600     0.00325  
 59.700     0.00326  
 59.800     0.00328  
 59.900     0.00330  
 60.000     0.00332  
 60.100     0.00333  
 60.200     0.00335  
 60.300     0.00337  
 60.400     0.00338  
 60.500     0.00340  
 60.600     0.00342  
 60.700     0.00344  
 60.800     0.00345  
 60.900     0.00347  
 61.000     0.00349  
 61.100     0.00351  
 61.200     0.00352  
 61.300     0.00354  
 61.400     0.00356  
 61.500     0.00358  
 61.600     0.00360  
 61.700     0.00361  
 61.800     0.00363  
 61.900     0.00365  
 62.000     0.00367  
 62.100     0.00369  
 62.200     0.00370  
 62.300     0.00372  
 62.400     0.00374  
 62.500     0.00376  
 62.600     0.00378  
 62.700     0.00380  
 62.800     0.00381  
 62.900     0.00383  
 63.000     0.00385  
 63.100     0.00387  
 63.200     0.00389  
 63.300     0.00391  
 63.400     0.00393  
 63.500     0.00394  
 63.600     0.00396  
 63.700     0.00398  
 63.800     0.00400  
 63.900     0.00402  
 64.000     0.00404  
 64.100     0.00406  
 64.200     0.00408  
 64.300     0.00410  
 64.400     0.00412  
 64.500     0.00413  
 64.600     0.00415  
 64.700     0.00417  
 64.800     0.00419  
 64.900     0.00421  
 65.000     0.00423  
 65.100     0.00425  
 65.200     0.00427  
 65.300     0.00429  
 65.400     0.00431  
 65.500     0.00433  
 65.600     0.00435  
 65.700     0.00437  
 65.800     0.00439  
 65.900     0.00441  
 66.000     0.00443  
 66.100     0.00445  
 66.200     0.00447  
 66.300     0.00449  
 66.400     0.00451  
 66.500     0.00453  
 66.600     0.00455  
 66.700     0.00457  
 66.800     0.00459  
 66.900     0.00461  
 67.000     0.00463  
 67.100     0.00465  
 67.200     0.00467  
 67.300     0.00469  
 67.400     0.00471  
 67.500     0.00473  
 67.600     0.00476  
 67.700     0.00478  
 67.800     0.00480  
 67.900     0.00482  
 68.000     0.00484  
 68.100     0.00486  
 68.200     0.00488  
 68.300     0.00490  
 68.400     0.00492  
 68.500     0.00494  
 68.600     0.00497  
 68.700     0.00499  
 68.800     0.00501  
 68.900     0.00503  
 69.000     0.00505  
 69.100     0.00507  
 69.200     0.00509  
 69.300     0.00512  
 69.400     0.00514  
 69.500     0.00516  
 69.600     0.00518  
 69.700     0.00520  
 69.800     0.00522  
 69.900     0.00525  
 70.000     0.00527  
 70.100     0.00529  
 70.200     0.00531  
 70.300     0.00533  
 70.400     0.00536  
 70.500     0.00538  
 70.600     0.00540  
 70.700     0.00542  
 70.800     0.00544  
 70.900     0.00547  
 71.000     0.00549  
 71.100     0.00551  
 71.200     0.00553  
 71.300     0.00556  
 71.400     0.00558  
 71.500     0.00560  
 71.600     0.00562  
 71.700     0.00565  
 71.800     0.00567  
 71.900     0.00569  
 72.000     0.00572  
 72.100     0.00574  
 72.200     0.00576  
 72.300     0.00578  
 72.400     0.00581  
 72.500     0.00583  
 72.600     0.00585  
 72.700     0.00588  
 72.800     0.00590  
 72.900     0.00592  
 73.000     0.00595  
 73.100     0.00597  
 73.200     0.00599  
 73.300     0.00602  
 73.400     0.00604  
 73.500     0.00606  
 73.600     0.00609  
 73.700     0.00611  
 73.800     0.00613  
 73.900     0.00616  
 74.000     0.00618  
 74.100     0.00620  
 74.200     0.00623  
 74.300     0.00625  
 74.400     0.00628  
 74.500     0.00630  
 74.600     0.00632  
 74.700     0.00635  
 74.800     0.00637  
 74.900     0.00640  
 75.000     0.00642  
 75.100     0.00645  
 75.200     0.00647  
 75.300     0.00649  
 75.400     0.00652  
 75.500     0.00654  
 75.600     0.00657  
 75.700     0.00659  
 75.800     0.00662  
 75.900     0.00664  
 76.000     0.00667  
 76.100     0.00669  
 76.200     0.00672  
 76.300     0.00674  
 76.400     0.00677  
 76.500     0.00679  
 76.600     0.00681  
 76.700     0.00684  
 76.800     0.00686  
 76.900     0.00689  
 77.000     0.00691  
 77.100     0.00694  
 77.200     0.00697  
 77.300     0.00699  
 77.400     0.00702  
 77.500     0.00704  
 77.600     0.00707  
 77.700     0.00709  
 77.800     0.00712  
 77.900     0.00714  
 78.000     0.00717  
 78.100     0.00719  
 78.200     0.00722  
 78.300     0.00725  
 78.400     0.00727  
 78.500     0.00730  
 78.600     0.00732  
 78.700     0.00735  
 78.800     0.00737  
 78.900     0.00740  
 79.000     0.00743  
 79.100     0.00745  
 79.200     0.00748  
 79.300     0.00751  
 79.400     0.00753  
 79.500     0.00756  
 79.600     0.00758  
 79.700     0.00761  
 79.800     0.00764  
 79.900     0.00766  
 80.000     0.00769  
 80.100     0.00772  
 80.200     0.00774  
 80.300     0.00777  
 80.400     0.00780  
 80.500     0.00782  
 80.600     0.00785  
 80.700     0.00788  
 80.800     0.00790  
 80.900     0.00793  
 81.000     0.00796  
 81.100     0.00798  
 81.200     0.00801  
 81.300     0.00804  
 81.400     0.00806  
 81.500     0.00809  
 81.600     0.00812  
 81.700     0.00815  
 81.800     0.00817  
 81.900     0.00820  
 82.000     0.00823  
 82.100     0.00826  
 82.200     0.00828  
 82.300     0.00831  
 82.400     0.00834  
 82.500     0.00837  
 82.600     0.00839  
 82.700     0.00842  
 82.800     0.00845  
 82.900     0.00848  
 83.000     0.00850  
 83.100     0.00853  
 83.200     0.00856  
 83.300     0.00859  
 83.400     0.00862  
 83.500     0.00864  
 83.600     0.00867  
 83.700     0.00870  
 83.800     0.00873  
 83.900     0.00876  
 84.000     0.00878  
 84.100     0.00881  
 84.200     0.00884  
 84.300     0.00887  
 84.400     0.00890  
 84.500     0.00893  
 84.600     0.00895  
 84.700     0.00898  
 84.800     0.00901  
 84.900     0.00904  
 85.000     0.00907  
 85.100     0.00910  
 85.200     0.00913  
 85.300     0.00916  
 85.400     0.00918  
 85.500     0.00921  
 85.600     0.00924  
 85.700     0.00927  
 85.800     0.00930  
 85.900     0.00933  
 86.000     0.00936  
 86.100     0.00939  
 86.200     0.00942  
 86.300     0.00945  
 86.400     0.00947  
 86.500     0.00950  
 86.600     0.00953  
 86.700     0.00956  
 86.800     0.00959  
 86.900     0.00962  
 87.000     0.00965  
 87.100     0.00968  
 87.200     0.00971  
 87.300     0.00974  
 87.400     0.00977  
 87.500     0.00980  
 87.600     0.00983  
 87.700     0.00986  
 87.800     0.00989  
 87.900     0.00992  
 88.000     0.00995  
 88.100     0.00998  
 88.200     0.01001  
 88.300     0.01004  
 88.400     0.01007  
 88.500     0.01010  
 88.600     0.01013  
 88.700     0.01016  
 88.800     0.01019  
 88.900     0.01022  
 89.000     0.01025  
 89.100     0.01028  
 89.200     0.01031  
 89.300     0.01034  
 89.400     0.01037  
 89.500     0.01040  
 89.600     0.01043  
 89.700     0.01046  
 89.800     0.01049  
 89.900     0.01053  
 90.000     0.01056  
 90.100     0.01059  
 90.200     0.01062  
 90.300     0.01065  
 90.400     0.01068  
 90.500     0.01071  
 90.600     0.01074  
 90.700     0.01077  
 90.800     0.01080  
 90.900     0.01083  
 91.000     0.01087  
 91.100     0.01090  
 91.200     0.01093  
 91.300     0.01096  
 91.400     0.01099  
 91.500     0.01102  
 91.600     0.01105  
 91.700     0.01109  
 91.800     0.01112  
 91.900     0.01115  
 92.000     0.01118  
 92.100     0.01121  
 92.200     0.01124  
 92.300     0.01127  
 92.400     0.01131  
 92.500     0.01134  
 92.600     0.01137  
 92.700     0.01140  
 92.800     0.01143  
 92.900     0.01147  
 93.000     0.01150  
 93.100     0.01153  
 93.200     0.01156  
 93.300     0.01159  
 93.400     0.01163  
 93.500     0.01166  
 93.600     0.01169  
 93.700     0.01172  
 93.800     0.01176  
 93.900     0.01179  
 94.000     0.01182  
 94.100     0.01185  
 94.200     0.01189  
 94.300     0.01192  
 94.400     0.01195  
 94.500     0.01198  
 94.600     0.01202  
 94.700     0.01205  
 94.800     0.01208  
 94.900     0.01211  
 95.000     0.01215  
 95.100     0.01218  
 95.200     0.01221  
 95.300     0.01225  
 95.400     0.01228  
 95.500     0.01231  
 95.600     0.01234  
 95.700     0.01238  
 95.800     0.01241  
 95.900     0.01244  
 96.000     0.01248  
 96.100     0.01251  
 96.200     0.01254  
 96.300     0.01258  
 96.400     0.01261  
 96.500     0.01264  
 96.600     0.01268  
 96.700     0.01271  
 96.800     0.01274  
 96.900     0.01278  
 97.000     0.01281  
 97.100     0.01284  
 97.200     0.01288  
 97.300     0.01291  
 97.400     0.01295  
 97.500     0.01298  
 97.600     0.01301  
 97.700     0.01305  
 97.800     0.01308  
 97.900     0.01312  
 98.000     0.01315  
 98.100     0.01318  
 98.200     0.01322  
 98.300     0.01325  
 98.400     0.01329  
 98.500     0.01332  
 98.600     0.01335  
 98.700     0.01339  
 98.800     0.01342  
 98.900     0.01346  
 99.000     0.01349  
 99.100     0.01353  
 99.200     0.01356  
 99.300     0.01359  
 99.400     0.01363  
 99.500     0.01366  
 99.600     0.01370  
 99.700     0.01373  
 99.800     0.01377  
 99.900     0.01380  
100.000     0.01384  
100.100     0.01387  
100.200     0.01391  
100.300     0.01394  
100.400     0.01398  
100.500     0.01401  
100.600     0.01405  
100.700     0.01408  
100.800     0.01412  
100.900     0.01415  
101.000     0.01419  
101.100     0.01422  
101.200     0.01426  
101.300     0.01429  
101.400     0.01433  
101.500     0.01436  
101.600     0.01440  
101.700     0.01443  
101.800     0.01447  
101.900     0.01450  
102.000     0.01454  
102.100     0.01458  
102.200     0.01461  
102.300     0.01465  
102.400     0.01468  
102.500     0.01472  
102.600     0.01475  
102.700     0.01479  
102.800     0.01483  
102.900     0.01486  
103.000     0.01490  
103.100     0.01493  
103.200     0.01497  
103.300     0.01501  
103.400     0.01504  
103.500     0.01508  
103.600     0.01511  
103.700     0.01515  
103.800     0.01519  
103.900     0.01522  
104.000     0.01526  
104.100     0.01530  
104.200     0.01533  
104.300     0.01537  
104.400     0.01540  
104.500     0.01544  
104.600     0.01548  
104.700     0.01551  
104.800     0.01555  
104.900     0.01559  
105.000     0.01562  
105.100     0.01566  
105.200     0.01570  
105.300     0.01573  
105.400     0.01577  
105.500     0.01581  
105.600     0.01584  
105.700     0.01588  
105.800     0.01592  
105.900     0.01596  
106.000     0.01599  
106.100     0.01603  
106.200     0.01607  
106.300     0.01610  
106.400     0.01614  
106.500     0.01618  
106.600     0.01621  
106.700     0.01625  
106.800     0.01629  
106.900     0.01633  
107.000     0.01636  
107.100     0.01640  
107.200     0.01644  
107.300     0.01648  
107.400     0.01651  
107.500     0.01655  
107.600     0.01659  
107.700     0.01663  
107.800     0.01666  
107.900     0.01670  
108.000     0.01674  
108.100     0.01678  
108.200     0.01681  
108.300     0.01685  
108.400     0.01689  
108.500     0.01693  
108.600     0.01697  
108.700     0.01700  
108.800     0.01704  
108.900     0.01708  
109.000     0.01712  
109.100     0.01716  
109.200     0.01719  
109.300     0.01723  
109.400     0.01727  
109.500     0.01731  
109.600     0.01735  
109.700     0.01739  
109.800     0.01742  
109.900     0.01746  
110.000     0.01750  
110.100     0.01754  
110.200     0.01758  
110.300     0.01762  
110.400     0.01766  
110.500     0.01769  
110.600     0.01773  
110.700     0.01777  
110.800     0.01781  
110.900     0.01785  
111.000     0.01789  
111.100     0.01793  
111.200     0.01796  
111.300     0.01800  
111.400     0.01804  
111.500     0.01808  
111.600     0.01812  
111.700     0.01816  
111.800     0.01820  
111.900     0.01824  
112.000     0.01828  
112.100     0.01832  
112.200     0.01836  
112.300     0.01839  
112.400     0.01843  
112.500     0.01847  
112.600     0.01851  
112.700     0.01855  
112.800     0.01859  
112.900     0.01863  
113.000     0.01867  
113.100     0.01871  
113.200     0.01875  
113.300     0.01879  
113.400     0.01883  
113.500     0.01887  
113.600     0.01891  
113.700     0.01895  
113.800     0.01899  
113.900     0.01903  
114.000     0.01907  
114.100     0.01911  
114.200     0.01915  
114.300     0.01919  
114.400     0.01923  
114.500     0.01927  
114.600     0.01931  
114.700     0.01935  
114.800     0.01939  
114.900     0.01943  
115.000     0.01947  
115.100     0.01951  
115.200     0.01955  
115.300     0.01959  
115.400     0.01963  
115.500     0.01967  
115.600     0.01971  
115.700     0.01975  
115.800     0.01979  
115.900     0.01983  
116.000     0.01987  
116.100     0.01991  
116.200     0.01995  
116.300     0.01999  
116.400     0.02003  
116.500     0.02007  
116.600     0.02011  
116.700     0.02015  
116.800     0.02019  
116.900     0.02024  
117.000     0.02028  
117.100     0.02032  
117.200     0.02036  
117.300     0.02040  
117.400     0.02044  
117.500     0.02048  
117.600     0.02052  
117.700     0.02056  
117.800     0.02060  
117.900     0.02064  
118.000     0.02069  
118.100     0.02073  
118.200     0.02077  
118.300     0.02081  
118.400     0.02085  
118.500     0.02089  
118.600     0.02093  
118.700     0.02098  
118.800     0.02102  
118.900     0.02106  
119.000     0.02110  
119.100     0.02114  
119.200     0.02118  
119.300     0.02122  
119.400     0.02127  
119.500     0.02131  
119.600     0.02135  
119.700     0.02139  
119.800     0.02143  
119.900     0.02147  
120.000     0.02152  
120.100     0.02156  
120.200     0.02160  
120.300     0.02164  
120.400     0.02168  
120.500     0.02173  
120.600     0.02177  
120.700     0.02181  
120.800     0.02185  
120.900     0.02189  
121.000     0.02194  
121.100     0.02198  
121.200     0.02202  
121.300     0.02206  
121.400     0.02210  
121.500     0.02215  
121.600     0.02219  
121.700     0.02223  
121.800     0.02227  
121.900     0.02232  
122.000     0.02236  
122.100     0.02240  
122.200     0.02244  
122.300     0.02249  
122.400     0.02253  
122.500     0.02257  
122.600     0.02261  
122.700     0.02266  
122.800     0.02270  
122.900     0.02274  
123.000     0.02278  
123.100     0.02283  
123.200     0.02287  
123.300     0.02291  
123.400     0.02296  
123.500     0.02300  
123.600     0.02304  
123.700     0.02308  
123.800     0.02313  
123.900     0.02317  
124.000     0.02321  
124.100     0.02326  
124.200     0.02330  
124.300     0.02334  
124.400     0.02339  
124.500     0.02343  
124.600     0.02347  
124.700     0.02352  
124.800     0.02356  
124.900     0.02360  
125.000     0.02364  
125.100     0.02369  
125.200     0.02373  
125.300     0.02378  
125.400     0.02382  
125.500     0.02386  
125.600     0.02391  
125.700     0.02395  
125.800     0.02399  
125.900     0.02404  
126.000     0.02408  
126.100     0.02412  
126.200     0.02417  
126.300     0.02421  
126.400     0.02425  
126.500     0.02430  
126.600     0.02434  
126.700     0.02439  
126.800     0.02443  
126.900     0.02447  
127.000     0.02452  
127.100     0.02456  
127.200     0.02461  
127.300     0.02465  
127.400     0.02469  
127.500     0.02474  
127.600     0.02478  
127.700     0.02483  
127.800     0.02487  
127.900     0.02492  
128.000     0.02496  
128.100     0.02500  
128.200     0.02505  
128.300     0.02509  
128.400     0.02514  
128.500     0.02518  
128.600     0.02523  
128.700     0.02527  
128.800     0.02532  
128.900     0.02536  
129.000     0.02540  
129.100     0.02545  
129.200     0.02549  
129.300     0.02554  
129.400     0.02558  
129.500     0.02563  
129.600     0.02567  
129.700     0.02572  
129.800     0.02576  
129.900     0.02581  
130.000     0.02585  
130.100     0.02590  
130.200     0.02594  
130.300     0.02599  
130.400     0.02603  
130.500     0.02608  
130.600     0.02612  
130.700     0.02617  
130.800     0.02621  
130.900     0.02626  
131.000     0.02630  
131.100     0.02635  
131.200     0.02639  
131.300     0.02644  
131.400     0.02648  
131.500     0.02653  
131.600     0.02657  
131.700     0.02662  
131.800     0.02666  
131.900     0.02671  
132.000     0.02675  
132.100     0.02680  
132.200     0.02684  
132.300     0.02689  
132.400     0.02694  
132.500     0.02698  
132.600     0.02703  
132.700     0.02707  
132.800     0.02712  
132.900     0.02716  
133.000     0.02721  
133.100     0.02726  
133.200     0.02730  
133.300     0.02735  
133.400     0.02739  
133.500     0.02744  
133.600     0.02749  
133.700     0.02753  
133.800     0.02758  
133.900     0.02762  
134.000     0.02767  
134.100     0.02772  
134.200     0.02776  
134.300     0.02781  
134.400     0.02785  
134.500     0.02790  
134.600     0.02795  
134.700     0.02799  
134.800     0.02804  
134.900     0.02808  
135.000     0.02813  
135.100     0.02818  
135.200     0.02822  
135.300     0.02827  
135.400     0.02832  
135.500     0.02836  
135.600     0.02841  
135.700     0.02845  
135.800     0.02850  
135.900     0.02855  
136.000     0.02859  
136.100     0.02864  
136.200     0.02869  
136.300     0.02873  
136.400     0.02878  
136.500     0.02883  
136.600     0.02887  
136.700     0.02892  
136.800     0.02897  
136.900     0.02901  
137.000     0.02906  
137.100     0.02911  
137.200     0.02915  
137.300     0.02920  
137.400     0.02925  
137.500     0.02930  
137.600     0.02934  
137.700     0.02939  
137.800     0.02944  
137.900     0.02948  
138.000     0.02953  
138.100     0.02958  
138.200     0.02963  
138.300     0.02967  
138.400     0.02972  
138.500     0.02977  
138.600     0.02981  
138.700     0.02986  
138.800     0.02991  
138.900     0.02996  
139.000     0.03000  
139.100     0.03005  
139.200     0.03010  
139.300     0.03015  
139.400     0.03019  
139.500     0.03024  
139.600     0.03029  
139.700     0.03034  
139.800     0.03038  
139.900     0.03043  
140.000     0.03048  
140.100     0.03053  
140.200     0.03057  
140.300     0.03062  
140.400     0.03067  
140.500     0.03072  
140.600     0.03077  
140.700     0.03081  
140.800     0.03086  
140.900     0.03091  
141.000     0.03096  
141.100     0.03100  
141.200     0.03105  
141.300     0.03110  
141.400     0.03115  
141.500     0.03120  
141.600     0.03124  
141.700     0.03129  
141.800     0.03134  
141.900     0.03139  
142.000     0.03144  
142.100     0.03149  
142.200     0.03153  
142.300     0.03158  
142.400     0.03163  
142.500     0.03168  
142.600     0.03173  
142.700     0.03178  
142.800     0.03182  
142.900     0.03187  
143.000     0.03192  
143.100     0.03197  
143.200     0.03202  
143.300     0.03207  
143.400     0.03211  
143.500     0.03216  
143.600     0.03221  
143.700     0.03226  
143.800     0.03231  
143.900     0.03236  
144.000     0.03241  
144.100     0.03245  
144.200     0.03250  
144.300     0.03255  
144.400     0.03260  
144.500     0.03265  
144.600     0.03270  
144.700     0.03275  
144.800     0.03280  
144.900     0.03284  
145.000     0.03289  
145.100     0.03294  
145.200     0.03299  
145.300     0.03304  
145.400     0.03309  
145.500     0.03314  
145.600     0.03319  
145.700     0.03324  
145.800     0.03329  
145.900     0.03333  
146.000     0.03338  
146.100     0.03343  
146.200     0.03348  
146.300     0.03353  
146.400     0.03358  
146.500     0.03363  
146.600     0.03368  
146.700     0.03373  
146.800     0.03378  
146.900     0.03383  
147.000     0.03388  
147.100     0.03393  
147.200     0.03398  
147.300     0.03403  
147.400     0.03408  
147.500     0.03412  
147.600     0.03417  
147.700     0.03422  
147.800     0.03427  
147.900     0.03432  
148.000     0.03437  
148.100     0.03442  
148.200     0.03447  
148.300     0.03452  
148.400     0.03457  
148.500     0.03462  
148.600     0.03467  
148.700     0.03472  
148.800     0.03477  
148.900     0.03482  
149.000     0.03487  
149.100     0.03492  
149.200     0.03497  
149.300     0.03502  
149.400     0.03507  
149.500     0.03512  
149.600     0.03517  
149.700     0.03522  
149.800     0.03527  
149.900     0.03532  
150.000     0.03537  
150.100     0.03542  
150.200     0.03547  
150.300     0.03552  
150.400     0.03557  
150.500     0.03562  
150.600     0.03567  
150.700     0.03572  
150.800     0.03577  
150.900     0.03582  
151.000     0.03588  
151.100     0.03593  
151.200     0.03598  
151.300     0.03603  
151.400     0.03608  
151.500     0.03613  
151.600     0.03618  
151.700     0.03623  
151.800     0.03628  
151.900     0.03633  
152.000     0.03638  
152.100     0.03643  
152.200     0.03648  
152.300     0.03653  
152.400     0.03658  
152.500     0.03663  
152.600     0.03669  
152.700     0.03674  
152.800     0.03679  
152.900     0.03684  
153.000     0.03689  
153.100     0.03694  
153.200     0.03699  
153.300     0.03704  
153.400     0.03709  
153.500     0.03714  
153.600     0.03719  
153.700     0.03725  
153.800     0.03730  
153.900     0.03735  
154.000     0.03740  
154.100     0.03745  
154.200     0.03750  
154.300     0.03755  
154.400     0.03760  
154.500     0.03765  
154.600     0.03771  
154.700     0.03776  
154.800     0.03781  
154.900     0.03786  
155.000     0.03791  
155.100     0.03796  
155.200     0.03801  
155.300     0.03807  
155.400     0.03812  
155.500     0.03817  
155.600     0.03822  
155.700     0.03827  
155.800     0.03832  
155.900     0.03837  
156.000     0.03843  
156.100     0.03848  
156.200     0.03853  
156.300     0.03858  
156.400     0.03863  
156.500     0.03868  
156.600     0.03874  
156.700     0.03879  
156.800     0.03884  
156.900     0.03889  
157.000     0.03894  
157.100     0.03899  
157.200     0.03905  
157.300     0.03910  
157.400     0.03915  
157.500     0.03920  
157.600     0.03925  
157.700     0.03931  
157.800     0.03936  
157.900     0.03941  
158.000     0.03946  
158.100     0.03951  
158.200     0.03957  
158.300     0.03962  
158.400     0.03967  
158.500     0.03972  
158.600     0.03978  
158.700     0.03983  
158.800     0.03988  
158.900     0.03993  
159.000     0.03998  
159.100     0.04004  
159.200     0.04009  
159.300     0.04014  
159.400     0.04019  
159.500     0.04025  
159.600     0.04030  
159.700     0.04035  
159.800     0.04040  
159.900     0.04046  
160.000     0.04051  
160.100     0.04056  
160.200     0.04061  
160.300     0.04067  
160.400     0.04072  
160.500     0.04077  
160.600     0.04082  
160.700     0.04088  
160.800     0.04093  
160.900     0.04098  
161.000     0.04103  
161.100     0.04109  
161.200     0.04114  
161.300     0.04119  
161.400     0.04125  
161.500     0.04130  
161.600     0.04135  
161.700     0.04140  
161.800     0.04146  
161.900     0.04151  
162.000     0.04156  
162.100     0.04162  
162.200     0.04167  
162.300     0.04172  
162.400     0.04177  
162.500     0.04183  
162.600     0.04188  
162.700     0.04193  
162.800     0.04199  
162.900     0.04204  
163.000     0.04209  
163.100     0.04215  
163.200     0.04220  
163.300     0.04225  
163.400     0.04231  
163.500     0.04236  
163.600     0.04241  
163.700     0.04247  
163.800     0.04252  
163.900     0.04257  
164.000     0.04263  
164.100     0.04268  
164.200     0.04273  
164.300     0.04279  
164.400     0.04284  
164.500     0.04289  
164.600     0.04295  
164.700     0.04300  
164.800     0.04305  
164.900     0.04311  
165.000     0.04316  
165.100     0.04321  
165.200     0.04327  
165.300     0.04332  
165.400     0.04337  
165.500     0.04343  
165.600     0.04348  
165.700     0.04354  
165.800     0.04359  
165.900     0.04364  
166.000     0.04370  
166.100     0.04375  
166.200     0.04380  
166.300     0.04386  
166.400     0.04391  
166.500     0.04397  
166.600     0.04402  
166.700     0.04407  
166.800     0.04413  
166.900     0.04418  
167.000     0.04424  
167.100     0.04429  
167.200     0.04434  
167.300     0.04440  
167.400     0.04445  
167.500     0.04451  
167.600     0.04456  
167.700     0.04461  
167.800     0.04467  
167.900     0.04472  
168.000     0.04478  
168.100     0.04483  
168.200     0.04489  
168.300     0.04494  
168.400     0.04499  
168.500     0.04505  
168.600     0.04510  
168.700     0.04516  
168.800     0.04521  
168.900     0.04527  
169.000     0.04532  
169.100     0.04537  
169.200     0.04543  
169.300     0.04548  
169.400     0.04554  
169.500     0.04559  
169.600     0.04565  
169.700     0.04570  
169.800     0.04576  
169.900     0.04581  
170.000     0.04586  
170.100     0.04592  
170.200     0.04597  
170.300     0.04603  
170.400     0.04608  
170.500     0.04614  
170.600     0.04619  
170.700     0.04625  
170.800     0.04630  
170.900     0.04636  
171.000     0.04641  
171.100     0.04647  
171.200     0.04652  
171.300     0.04658  
171.400     0.04663  
171.500     0.04669  
171.600     0.04674  
171.700     0.04680  
171.800     0.04685  
171.900     0.04691  
172.000     0.04696  
172.100     0.04702  
172.200     0.04707  
172.300     0.04713  
172.400     0.04718  
172.500     0.04724  
172.600     0.04729  
172.700     0.04735  
172.800     0.04740  
172.900     0.04746  
173.000     0.04751  
173.100     0.04757  
173.200     0.04762  
173.300     0.04768  
173.400     0.04773  
173.500     0.04779  
173.600     0.04784  
173.700     0.04790  
173.800     0.04796  
173.900     0.04801  
174.000     0.04807  
174.100     0.04812  
174.200     0.04818  
174.300     0.04823  
174.400     0.04829  
174.500     0.04834  
174.600     0.04840  
174.700     0.04845  
174.800     0.04851  
174.900     0.04857  
175.000     0.04862  
175.100     0.04868  
175.200     0.04873  
175.300     0.04879  
175.400     0.04884  
175.500     0.04890  
175.600     0.04896  
175.700     0.04901  
175.800     0.04907  
175.900     0.04912  
176.000     0.04918  
176.100     0.04923  
176.200     0.04929  
176.300     0.04935  
176.400     0.04940  
176.500     0.04946  
176.600     0.04951  
176.700     0.04957  
176.800     0.04962  
176.900     0.04968  
177.000     0.04974  
177.100     0.04979  
177.200     0.04985  
177.300     0.04990  
177.400     0.04996  
177.500     0.05002  
177.600     0.05007  
177.700     0.05013  
177.800     0.05018  
177.900     0.05024  
178.000     0.05030  
178.100     0.05035  
178.200     0.05041  
178.300     0.05047  
178.400     0.05052  
178.500     0.05058  
178.600     0.05063  
178.700     0.05069  
178.800     0.05075  
178.900     0.05080  
179.000     0.05086  
179.100     0.05092  
179.200     0.05097  
179.300     0.05103  
179.400     0.05108  
179.500     0.05114  
179.600     0.05120  
179.700     0.05125  
179.800     0.05131  
179.900     0.05137  
180.000     0.05142  
180.100     0.05148  
180.200     0.05154  
180.300     0.05159  
180.400     0.05165  
180.500     0.05171  
180.600     0.05176  
180.700     0.05182  
180.800     0.05188  
180.900     0.05193  
181.000     0.05199  
181.100     0.05205  
181.200     0.05210  
181.300     0.05216  
181.400     0.05222  
181.500     0.05227  
181.600     0.05233  
181.700     0.05239  
181.800     0.05245  
181.900     0.05250  
182.000     0.05256  
182.100     0.05262  
182.200     0.05267  
182.300     0.05273  
182.400     0.05279  
182.500     0.05284  
182.600     0.05290  
182.700     0.05296  
182.800     0.05301  
182.900     0.05307  
183.000     0.05313  
183.100     0.05319  
183.200     0.05324  
183.300     0.05330  
183.400     0.05336  
183.500     0.05341  
183.600     0.05347  
183.700     0.05353  
183.800     0.05359  
183.900     0.05364  
184.000     0.05370  
184.100     0.05376  
184.200     0.05381  
184.300     0.05387  
184.400     0.05393  
184.500     0.05399  
184.600     0.05404  
184.700     0.05410  
184.800     0.05416  
184.900     0.05422  
185.000     0.05427  
185.100     0.05433  
185.200     0.05439  
185.300     0.05445  
185.400     0.05450  
185.500     0.05456  
185.600     0.05462  
185.700     0.05468  
185.800     0.05473  
185.900     0.05479  
186.000     0.05485  
186.100     0.05491  
186.200     0.05496  
186.300     0.05502  
186.400     0.05508  
186.500     0.05514  
186.600     0.05520  
186.700     0.05525  
186.800     0.05531  
186.900     0.05537  
187.000     0.05543  
187.100     0.05548  
187.200     0.05554  
187.300     0.05560  
187.400     0.05566  
187.500     0.05572  
187.600     0.05577  
187.700     0.05583  
187.800     0.05589  
187.900     0.05595  
188.000     0.05600  
188.100     0.05606  
188.200     0.05612  
188.300     0.05618  
188.400     0.05624  
188.500     0.05630  
188.600     0.05635  
188.700     0.05641  
188.800     0.05647  
188.900     0.05653  
189.000     0.05659  
189.100     0.05664  
189.200     0.05670  
189.300     0.05676  
189.400     0.05682  
189.500     0.05688  
189.600     0.05693  
189.700     0.05699  
189.800     0.05705  
189.900     0.05711  
190.000     0.05717  
190.100     0.05723  
190.200     0.05728  
190.300     0.05734  
190.400     0.05740  
190.500     0.05746  
190.600     0.05752  
190.700     0.05758  
190.800     0.05763  
190.900     0.05769  
191.000     0.05775  
191.100     0.05781  
191.200     0.05787  
191.300     0.05793  
191.400     0.05799  
191.500     0.05804  
191.600     0.05810  
191.700     0.05816  
191.800     0.05822  
191.900     0.05828  
192.000     0.05834  
192.100     0.05840  
192.200     0.05845  
192.300     0.05851  
192.400     0.05857  
192.500     0.05863  
192.600     0.05869  
192.700     0.05875  
192.800     0.05881  
192.900     0.05887  
193.000     0.05892  
193.100     0.05898  
193.200     0.05904  
193.300     0.05910  
193.400     0.05916  
193.500     0.05922  
193.600     0.05928  
193.700     0.05934  
193.800     0.05940  
193.900     0.05945  
194.000     0.05951  
194.100     0.05957  
194.200     0.05963  
194.300     0.05969  
194.400     0.05975  
194.500     0.05981  
194.600     0.05987  
194.700     0.05993  
194.800     0.05999  
194.900     0.06004  
195.000     0.06010  
195.100     0.06016  
195.200     0.06022  
195.300     0.06028  
195.400     0.06034  
195.500     0.06040  
195.600     0.06046  
195.700     0.06052  
195.800     0.06058  
195.900     0.06064  
196.000     0.06070  
196.100     0.06076  
196.200     0.06081  
196.300     0.06087  
196.400     0.06093  
196.500     0.06099  
196.600     0.06105  
196.700     0.06111  
196.800     0.06117  
196.900     0.06123  
197.000     0.06129  
197.100     0.06135  
197.200     0.06141  
197.300     0.06147  
197.400     0.06153  
197.500     0.06159  
197.600     0.06165  
197.700     0.06171  
197.800     0.06177  
197.900     0.06183  
198.000     0.06188  
198.100     0.06194  
198.200     0.06200  
198.300     0.06206  
198.400     0.06212  
198.500     0.06218  
198.600     0.06224  
198.700     0.06230  
198.800     0.06236  
198.900     0.06242  
199.000     0.06248  
199.100     0.06254  
199.200     0.06260  
199.300     0.06266  
199.400     0.06272  
199.500     0.06278  
199.600     0.06284  
199.700     0.06290  
199.800     0.06296  
199.900     0.06302  
200.000     0.06308  
200.100     0.06314  
200.200     0.06320  
200.300     0.06326  
200.400     0.06332  
200.500     0.06338  
200.600     0.06344  
200.700     0.06350  
200.800     0.06356  
200.900     0.06362  
201.000     0.06368  
201.100     0.06374  
201.200     0.06380  
201.300     0.06386  
201.400     0.06392  
201.500     0.06398  
201.600     0.06404  
201.700     0.06410  
201.800     0.06416  
201.900     0.06422  
202.000     0.06428  
202.100     0.06434  
202.200     0.06440  
202.300     0.06446  
202.400     0.06452  
202.500     0.06458  
202.600     0.06464  
202.700     0.06470  
202.800     0.06476  
202.900     0.06482  
203.000     0.06488  
203.100     0.06494  
203.200     0.06501  
203.300     0.06507  
203.400     0.06513  
203.500     0.06519  
203.600     0.06525  
203.700     0.06531  
203.800     0.06537  
203.900     0.06543  
204.000     0.06549  
204.100     0.06555  
204.200     0.06561  
204.300     0.06567  
204.400     0.06573  
204.500     0.06579  
204.600     0.06585  
204.700     0.06591  
204.800     0.06597  
204.900     0.06603  
205.000     0.06609  
205.100     0.06616  
205.200     0.06622  
205.300     0.06628  
205.400     0.06634  
205.500     0.06640  
205.600     0.06646  
205.700     0.06652  
205.800     0.06658  
205.900     0.06664  
206.000     0.06670  
206.100     0.06676  
206.200     0.06682  
206.300     0.06689  
206.400     0.06695  
206.500     0.06701  
206.600     0.06707  
206.700     0.06713  
206.800     0.06719  
206.900     0.06725  
207.000     0.06731  
207.100     0.06737  
207.200     0.06743  
207.300     0.06749  
207.400     0.06756  
207.500     0.06762  
207.600     0.06768  
207.700     0.06774  
207.800     0.06780  
207.900     0.06786  
208.000     0.06792  
208.100     0.06798  
208.200     0.06804  
208.300     0.06811  
208.400     0.06817  
208.500     0.06823  
208.600     0.06829  
208.700     0.06835  
208.800     0.06841  
208.900     0.06847  
209.000     0.06853  
209.100     0.06859  
209.200     0.06866  
209.300     0.06872  
209.400     0.06878  
209.500     0.06884  
209.600     0.06890  
209.700     0.06896  
209.800     0.06902  
209.900     0.06909  
210.000     0.06915  
210.100     0.06921  
210.200     0.06927  
210.300     0.06933  
210.400     0.06939  
210.500     0.06945  
210.600     0.06952  
210.700     0.06958  
210.800     0.06964  
210.900     0.06970  
211.000     0.06976  
211.100     0.06982  
211.200     0.06988  
211.300     0.06995  
211.400     0.07001  
211.500     0.07007  
211.600     0.07013  
211.700     0.07019  
211.800     0.07025  
211.900     0.07032  
212.000     0.07038  
212.100     0.07044  
212.200     0.07050  
212.300     0.07056  
212.400     0.07062  
212.500     0.07069  
212.600     0.07075  
212.700     0.07081  
212.800     0.07087  
212.900     0.07093  
213.000     0.07100  
213.100     0.07106  
213.200     0.07112  
213.300     0.07118  
213.400     0.07124  
213.500     0.07130  
213.600     0.07137  
213.700     0.07143  
213.800     0.07149  
213.900     0.07155  
214.000     0.07161  
214.100     0.07168  
214.200     0.07174  
214.300     0.07180  
214.400     0.07186  
214.500     0.07192  
214.600     0.07199  
214.700     0.07205  
214.800     0.07211  
214.900     0.07217  
215.000     0.07223  
215.100     0.07230  
215.200     0.07236  
215.300     0.07242  
215.400     0.07248  
215.500     0.07254  
215.600     0.07261  
215.700     0.07267  
215.800     0.07273  
215.900     0.07279  
216.000     0.07286  
216.100     0.07292  
216.200     0.07298  
216.300     0.07304  
216.400     0.07310  
216.500     0.07317  
216.600     0.07323  
216.700     0.07329  
216.800     0.07335  
216.900     0.07342  
217.000     0.07348  
217.100     0.07354  
217.200     0.07360  
217.300     0.07367  
217.400     0.07373  
217.500     0.07379  
217.600     0.07385  
217.700     0.07391  
217.800     0.07398  
217.900     0.07404  
218.000     0.07410  
218.100     0.07416  
218.200     0.07423  
218.300     0.07429  
218.400     0.07435  
218.500     0.07441  
218.600     0.07448  
218.700     0.07454  
218.800     0.07460  
218.900     0.07466  
219.000     0.07473  
219.100     0.07479  
219.200     0.07485  
219.300     0.07492  
219.400     0.07498  
219.500     0.07504  
219.600     0.07510  
219.700     0.07517  
219.800     0.07523  
219.900     0.07529  
220.000     0.07535  
220.100     0.07542  
220.200     0.07548  
220.300     0.07554  
220.400     0.07561  
220.500     0.07567  
220.600     0.07573  
220.700     0.07579  
220.800     0.07586  
220.900     0.07592  
221.000     0.07598  
221.100     0.07604  
221.200     0.07611  
221.300     0.07617  
221.400     0.07623  
221.500     0.07630  
221.600     0.07636  
221.700     0.07642  
221.800     0.07649  
221.900     0.07655  
222.000     0.07661  
222.100     0.07667  
222.200     0.07674  
222.300     0.07680  
222.400     0.07686  
222.500     0.07693  
222.600     0.07699  
222.700     0.07705  
222.800     0.07712  
222.900     0.07718  
223.000     0.07724  
223.100     0.07731  
223.200     0.07737  
223.300     0.07743  
223.400     0.07749  
223.500     0.07756  
223.600     0.07762  
223.700     0.07768  
223.800     0.07775  
223.900     0.07781  
224.000     0.07787  
224.100     0.07794  
224.200     0.07800  
224.300     0.07806  
224.400     0.07813  
224.500     0.07819  
224.600     0.07825  
224.700     0.07832  
224.800     0.07838  
224.900     0.07844  
225.000     0.07851  
225.100     0.07857  
225.200     0.07863  
225.300     0.07870  
225.400     0.07876  
225.500     0.07882  
225.600     0.07889  
225.700     0.07895  
225.800     0.07901  
225.900     0.07908  
226.000     0.07914  
226.100     0.07920  
226.200     0.07927  
226.300     0.07933  
226.400     0.07940  
226.500     0.07946  
226.600     0.07952  
226.700     0.07959  
226.800     0.07965  
226.900     0.07971  
227.000     0.07978  
227.100     0.07984  
227.200     0.07990  
227.300     0.07997  
227.400     0.08003  
227.500     0.08010  
227.600     0.08016  
227.700     0.08022  
227.800     0.08029  
227.900     0.08035  
228.000     0.08041  
228.100     0.08048  
228.200     0.08054  
228.300     0.08061  
228.400     0.08067  
228.500     0.08073  
228.600     0.08080  
228.700     0.08086  
228.800     0.08092  
228.900     0.08099  
229.000     0.08105  
229.100     0.08112  
229.200     0.08118  
229.300     0.08124  
229.400     0.08131  
229.500     0.08137  
229.600     0.08144  
229.700     0.08150  
229.800     0.08156  
229.900     0.08163  
230.000     0.08169  
230.100     0.08175  
230.200     0.08182  
230.300     0.08188  
230.400     0.08195  
230.500     0.08201  
230.600     0.08208  
230.700     0.08214  
230.800     0.08220  
230.900     0.08227  
231.000     0.08233  
231.100     0.08240  
231.200     0.08246  
231.300     0.08252  
231.400     0.08259  
231.500     0.08265  
231.600     0.08272  
231.700     0.08278  
231.800     0.08284  
231.900     0.08291  
232.000     0.08297  
232.100     0.08304  
232.200     0.08310  
232.300     0.08317  
232.400     0.08323  
232.500     0.08329  
232.600     0.08336  
232.700     0.08342  
232.800     0.08349  
232.900     0.08355  
233.000     0.08362  
233.100     0.08368  
233.200     0.08374  
233.300     0.08381  
233.400     0.08387  
233.500     0.08394  
233.600     0.08400  
233.700     0.08407  
233.800     0.08413  
233.900     0.08419  
234.000     0.08426  
234.100     0.08432  
234.200     0.08439  
234.300     0.08445  
234.400     0.08452  
234.500     0.08458  
234.600     0.08465  
234.700     0.08471  
234.800     0.08477  
234.900     0.08484  
235.000     0.08490  
235.100     0.08497  
235.200     0.08503  
235.300     0.08510  
235.400     0.08516  
235.500     0.08523  
235.600     0.08529  
235.700     0.08536  
235.800     0.08542  
235.900     0.08549  
236.000     0.08555  
236.100     0.08561  
236.200     0.08568  
236.300     0.08574  
236.400     0.08581  
236.500     0.08587  
236.600     0.08594  
236.700     0.08600  
236.800     0.08607  
236.900     0.08613  
237.000     0.08620  
237.100     0.08626  
237.200     0.08633  
237.300     0.08639  
237.400     0.08646  
237.500     0.08652  
237.600     0.08659  
237.700     0.08665  
237.800     0.08672  
237.900     0.08678  
238.000     0.08685  
238.100     0.08691  
238.200     0.08698  
238.300     0.08704  
238.400     0.08710  
238.500     0.08717  
238.600     0.08723  
238.700     0.08730  
238.800     0.08736  
238.900     0.08743  
239.000     0.08749  
239.100     0.08756  
239.200     0.08762  
239.300     0.08769  
239.400     0.08775  
239.500     0.08782  
239.600     0.08788  
239.700     0.08795  
239.800     0.08801  
239.900     0.08808  
240.000     0.08814  
240.100     0.08821  
240.200     0.08828  
240.300     0.08834  
240.400     0.08841  
240.500     0.08847  
240.600     0.08854  
240.700     0.08860  
240.800     0.08867  
240.900     0.08873  
241.000     0.08880  
241.100     0.08886  
241.200     0.08893  
241.300     0.08899  
241.400     0.08906  
241.500     0.08912  
241.600     0.08919  
241.700     0.08925  
241.800     0.08932  
241.900     0.08938  
242.000     0.08945  
242.100     0.08951  
242.200     0.08958  
242.300     0.08964  
242.400     0.08971  
242.500     0.08978  
242.600     0.08984  
242.700     0.08991  
242.800     0.08997  
242.900     0.09004  
243.000     0.09010  
243.100     0.09017  
243.200     0.09023  
243.300     0.09030  
243.400     0.09036  
243.500     0.09043  
243.600     0.09049  
243.700     0.09056  
243.800     0.09063  
243.900     0.09069  
244.000     0.09076  
244.100     0.09082  
244.200     0.09089  
244.300     0.09095  
244.400     0.09102  
244.500     0.09108  
244.600     0.09115  
244.700     0.09122  
244.800     0.09128  
244.900     0.09135  
245.000     0.09141  
245.100     0.09148  
245.200     0.09154  
245.300     0.09161  
245.400     0.09167  
245.500     0.09174  
245.600     0.09181  
245.700     0.09187  
245.800     0.09194  
245.900     0.09200  
246.000     0.09207  
246.100     0.09213  
246.200     0.09220  
246.300     0.09227  
246.400     0.09233  
246.500     0.09240  
246.600     0.09246  
246.700     0.09253  
246.800     0.09259  
246.900     0.09266  
247.000     0.09273  
247.100     0.09279  
247.200     0.09286  
247.300     0.09292  
247.400     0.09299  
247.500     0.09305  
247.600     0.09312  
247.700     0.09319  
247.800     0.09325  
247.900     0.09332  
248.000     0.09338  
248.100     0.09345  
248.200     0.09352  
248.300     0.09358  
248.400     0.09365  
248.500     0.09371  
248.600     0.09378  
248.700     0.09385  
248.800     0.09391  
248.900     0.09398  
249.000     0.09404  
249.100     0.09411  
249.200     0.09418  
249.300     0.09424  
249.400     0.09431  
249.500     0.09437  
249.600     0.09444  
249.700     0.09451  
249.800     0.09457  
249.900     0.09464  
250.000     0.09470  
250.100     0.09477  
250.200     0.09484  
250.300     0.09490  
250.400     0.09497  
250.500     0.09503  
250.600     0.09510  
250.700     0.09517  
250.800     0.09523  
250.900     0.09530  
251.000     0.09537  
251.100     0.09543  
251.200     0.09550  
251.300     0.09556  
251.400     0.09563  
251.500     0.09570  
251.600     0.09576  
251.700     0.09583  
251.800     0.09590  
251.900     0.09596  
252.000     0.09603  
252.100     0.09609  
252.200     0.09616  
252.300     0.09623  
252.400     0.09629  
252.500     0.09636  
252.600     0.09643  
252.700     0.09649  
252.800     0.09656  
252.900     0.09662  
253.000     0.09669  
253.100     0.09676  
253.200     0.09682  
253.300     0.09689  
253.400     0.09696  
253.500     0.09702  
253.600     0.09709  
253.700     0.09716  
253.800     0.09722  
253.900     0.09729  
254.000     0.09736  
254.100     0.09742  
254.200     0.09749  
254.300     0.09756  
254.400     0.09762  
254.500     0.09769  
254.600     0.09775  
254.700     0.09782  
254.800     0.09789  
254.900     0.09795  
255.000     0.09802  
255.100     0.09809  
255.200     0.09815  
255.300     0.09822  
255.400     0.09829  
255.500     0.09835  
255.600     0.09842  
255.700     0.09849  
255.800     0.09855  
255.900     0.09862  
256.000     0.09869  
256.100     0.09875  
256.200     0.09882  
256.300     0.09889  
256.400     0.09895  
256.500     0.09902  
256.600     0.09909  
256.700     0.09915  
256.800     0.09922  
256.900     0.09929  
257.000     0.09935  
257.100     0.09942  
257.200     0.09949  
257.300     0.09955  
257.400     0.09962  
257.500     0.09969  
257.600     0.09976  
257.700     0.09982  
257.800     0.09989  
257.900     0.09996  
258.000     0.10002  
258.100     0.10009  
258.200     0.10016  
258.300     0.10022  
258.400     0.10029  
258.500     0.10036  
258.600     0.10042  
258.700     0.10049  
258.800     0.10056  
258.900     0.10062  
259.000     0.10069  
259.100     0.10076  
259.200     0.10083  
259.300     0.10089  
259.400     0.10096  
259.500     0.10103  
259.600     0.10109  
259.700     0.10116  
259.800     0.10123  
259.900     0.10129  
260.000     0.10136  
260.100     0.10143  
260.200     0.10150  
260.300     0.10156  
260.400     0.10163  
260.500     0.10170  
260.600     0.10176  
260.700     0.10183  
260.800     0.10190  
260.900     0.10196  
261.000     0.10203  
261.100     0.10210  
261.200     0.10217  
261.300     0.10223  
261.400     0.10230  
261.500     0.10237  
261.600     0.10243  
261.700     0.10250  
261.800     0.10257  
261.900     0.10264  
262.000     0.10270  
262.100     0.10277  
262.200     0.10284  
262.300     0.10290  
262.400     0.10297  
262.500     0.10304  
262.600     0.10311  
262.700     0.10317  
262.800     0.10324  
262.900     0.10331  
263.000     0.10338  
263.100     0.10344  
263.200     0.10351  
263.300     0.10358  
263.400     0.10364  
263.500     0.10371  
263.600     0.10378  
263.700     0.10385  
263.800     0.10391  
263.900     0.10398  
264.000     0.10405  
264.100     0.10412  
264.200     0.10418  
264.300     0.10425  
264.400     0.10432  
264.500     0.10438  
264.600     0.10445  
264.700     0.10452  
264.800     0.10459  
264.900     0.10465  
265.000     0.10472  
265.100     0.10479  
265.200     0.10486  
265.300     0.10492  
265.400     0.10499  
265.500     0.10506  
265.600     0.10513  
265.700     0.10519  
265.800     0.10526  
265.900     0.10533  
266.000     0.10540  
266.100     0.10546  
266.200     0.10553  
266.300     0.10560  
266.400     0.10567  
266.500     0.10573  
266.600     0.10580  
266.700     0.10587  
266.800     0.10594  
266.900     0.10600  
267.000     0.10607  
267.100     0.10614  
267.200     0.10621  
267.300     0.10627  
267.400     0.10634  
267.500     0.10641  
267.600     0.10648  
267.700     0.10655  
267.800     0.10661  
267.900     0.10668  
268.000     0.10675  
268.100     0.10682  
268.200     0.10688  
268.300     0.10695  
268.400     0.10702  
268.500     0.10709  
268.600     0.10715  
268.700     0.10722  
268.800     0.10729  
268.900     0.10736  
269.000     0.10743  
269.100     0.10749  
269.200     0.10756  
269.300     0.10763  
269.400     0.10770  
269.500     0.10776  
269.600     0.10783  
269.700     0.10790  
269.800     0.10797  
269.900     0.10804  
270.000     0.10810  
270.100     0.10817  
270.200     0.10824  
270.300     0.10831  
270.400     0.10837  
270.500     0.10844  
270.600     0.10851  
270.700     0.10858  
270.800     0.10865  
270.900     0.10871  
271.000     0.10878  
271.100     0.10885  
271.200     0.10892  
271.300     0.10899  
271.400     0.10905  
271.500     0.10912  
271.600     0.10919  
271.700     0.10926  
271.800     0.10933  
271.900     0.10939  
272.000     0.10946  
272.100     0.10953  
272.200     0.10960  
272.300     0.10967  
272.400     0.10973  
272.500     0.10980  
272.600     0.10987  
272.700     0.10994  
272.800     0.11001  
272.900     0.11007  
273.000     0.11014  
273.100     0.11021  
273.200     0.11028  
273.300     0.11035  
273.400     0.11041  
273.500     0.11048  
273.600     0.11055  
273.700     0.11062  
273.800     0.11069  
273.900     0.11075  
274.000     0.11082  
274.100     0.11089  
274.200     0.11096  
274.300     0.11103  
274.400     0.11109  
274.500     0.11116  
274.600     0.11123  
274.700     0.11130  
274.800     0.11137  
274.900     0.11144  
275.000     0.11150  
275.100     0.11157  
275.200     0.11164  
275.300     0.11171  
275.400     0.11178  
275.500     0.11185  
275.600     0.11191  
275.700     0.11198  
275.800     0.11205  
275.900     0.11212  
276.000     0.11219  
276.100     0.11225  
276.200     0.11232  
276.300     0.11239  
276.400     0.11246  
276.500     0.11253  
276.600     0.11260  
276.700     0.11266  
276.800     0.11273  
276.900     0.11280  
277.000     0.11287  
277.100     0.11294  
277.200     0.11301  
277.300     0.11307  
277.400     0.11314  
277.500     0.11321  
277.600     0.11328  
277.700     0.11335  
277.800     0.11342  
277.900     0.11348  
278.000     0.11355  
278.100     0.11362  
278.200     0.11369  
278.300     0.11376  
278.400     0.11383  
278.500     0.11390  
278.600     0.11396  
278.700     0.11403  
278.800     0.11410  
278.900     0.11417  
279.000     0.11424  
279.100     0.11431  
279.200     0.11437  
279.300     0.11444  
279.400     0.11451  
279.500     0.11458  
279.600     0.11465  
279.700     0.11472  
279.800     0.11479  
279.900     0.11485  
280.000     0.11492  
280.100     0.11499  
280.200     0.11506  
280.300     0.11513  
280.400     0.11520  
280.500     0.11527  
280.600     0.11533  
280.700     0.11540  
280.800     0.11547  
280.900     0.11554  
281.000     0.11561  
281.100     0.11568  
281.200     0.11575  
281.300     0.11581  
281.400     0.11588  
281.500     0.11595  
281.600     0.11602  
281.700     0.11609  
281.800     0.11616  
281.900     0.11623  
282.000     0.11630  
282.100     0.11636  
282.200     0.11643  
282.300     0.11650  
282.400     0.11657  
282.500     0.11664  
282.600     0.11671  
282.700     0.11678  
282.800     0.11685  
282.900     0.11691  
283.000     0.11698  
283.100     0.11705  
283.200     0.11712  
283.300     0.11719  
283.400     0.11726  
283.500     0.11733  
283.600     0.11740  
283.700     0.11746  
283.800     0.11753  
283.900     0.11760  
284.000     0.11767  
284.100     0.11774  
284.200     0.11781  
284.300     0.11788  
284.400     0.11795  
284.500     0.11801  
284.600     0.11808  
284.700     0.11815  
284.800     0.11822  
284.900     0.11829  
285.000     0.11836  
285.100     0.11843  
285.200     0.11850  
285.300     0.11857  
285.400     0.11863  
285.500     0.11870  
285.600     0.11877  
285.700     0.11884  
285.800     0.11891  
285.900     0.11898  
286.000     0.11905  
286.100     0.11912  
286.200     0.11919  
286.300     0.11926  
286.400     0.11932  
286.500     0.11939  
286.600     0.11946  
286.700     0.11953  
286.800     0.11960  
286.900     0.11967  
287.000     0.11974  
287.100     0.11981  
287.200     0.11988  
287.300     0.11995  
287.400     0.12001  
287.500     0.12008  
287.600     0.12015  
287.700     0.12022  
287.800     0.12029  
287.900     0.12036  
288.000     0.12043  
288.100     0.12050  
288.200     0.12057  
288.300     0.12064  
288.400     0.12070  
288.500     0.12077  
288.600     0.12084  
288.700     0.12091  
288.800     0.12098  
288.900     0.12105  
289.000     0.12112  
289.100     0.12119  
289.200     0.12126  
289.300     0.12133  
289.400     0.12140  
289.500     0.12147  
289.600     0.12153  
289.700     0.12160  
289.800     0.12167  
289.900     0.12174  
290.000     0.12181  
290.100     0.12188  
290.200     0.12195  
290.300     0.12202  
290.400     0.12209  
290.500     0.12216  
290.600     0.12223  
290.700     0.12230  
290.800     0.12236  
290.900     0.12243  
291.000     0.12250  
291.100     0.12257  
291.200     0.12264  
291.300     0.12271  
291.400     0.12278  
291.500     0.12285  
291.600     0.12292  
291.700     0.12299  
291.800     0.12306  
291.900     0.12313  
292.000     0.12320  
292.100     0.12327  
292.200     0.12333  
292.300     0.12340  
292.400     0.12347  
292.500     0.12354  
292.600     0.12361  
292.700     0.12368  
292.800     0.12375  
292.900     0.12382  
293.000     0.12389  
293.100     0.12396  
293.200     0.12403  
293.300     0.12410  
293.400     0.12417  
293.500     0.12424  
293.600     0.12431  
293.700     0.12438  
293.800     0.12444  
293.900     0.12451  
294.000     0.12458  
294.100     0.12465  
294.200     0.12472  
294.300     0.12479  
294.400     0.12486  
294.500     0.12493  
294.600     0.12500  
294.700     0.12507  
294.800     0.12514  
294.900     0.12521  
295.000     0.12528  
295.100     0.12535  
295.200     0.12542  
295.300     0.12549  
295.400     0.12556  
295.500     0.12563  
295.600     0.12570  
295.700     0.12576  
295.800     0.12583  
295.900     0.12590  
296.000     0.12597  
296.100     0.12604  
296.200     0.12611  
296.300     0.12618  
296.400     0.12625  
296.500     0.12632  
296.600     0.12639  
296.700     0.12646  
296.800     0.12653  
296.900     0.12660  
297.000     0.12667  
297.100     0.12674  
297.200     0.12681  
297.300     0.12688  
297.400     0.12695  
297.500     0.12702  
297.600     0.12709  
297.700     0.12716  
297.800     0.12723  
297.900     0.12730  
298.000     0.12737  
298.100     0.12744  
298.200     0.12751  
298.300     0.12757  
298.400     0.12764  
298.500     0.12771  
298.600     0.12778  
298.700     0.12785  
298.800     0.12792  
298.900     0.12799  
299.000     0.12806  
299.100     0.12813  
299.200     0.12820  
299.300     0.12827  
299.400     0.12834  
299.500     0.12841  
299.600     0.12848  
299.700     0.12855  
299.800     0.12862  
299.900     0.12869  
300.000     0.12876  
300.100     0.12883  
300.200     0.12890  
300.300     0.12897  
300.400     0.12904  
300.500     0.12911  
300.600     0.12918  
300.700     0.12925  
300.800     0.12932  
300.900     0.12939  
301.000     0.12946  
301.100     0.12953  
301.200     0.12960  
301.300     0.12967  
301.400     0.12974  
301.500     0.12981  
301.600     0.12988  
301.700     0.12995  
301.800     0.13002  
301.900     0.13009  
302.000     0.13016  
302.100     0.13023  
302.200     0.13030  
302.300     0.13037  
302.400     0.13044  
302.500     0.13051  
302.600     0.13057  
302.700     0.13064  
302.800     0.13071  
302.900     0.13078  
303.000     0.13085  
303.100     0.13092  
303.200     0.13099  
303.300     0.13106  
303.400     0.13113  
303.500     0.13120  
303.600     0.13127  
303.700     0.13134  
303.800     0.13141  
303.900     0.13148  
304.000     0.13155  
304.100     0.13162  
304.200     0.13169  
304.300     0.13176  
304.400     0.13183  
304.500     0.13190  
304.600     0.13197  
304.700     0.13204  
304.800     0.13211  
304.900     0.13218  
305.000     0.13225  
305.100     0.13232  
305.200     0.13239  
305.300     0.13246  
305.400     0.13253  
305.500     0.13260  
305.600     0.13267  
305.700     0.13274  
305.800     0.13281  
305.900     0.13288  
306.000     0.13295  
306.100     0.13302  
306.200     0.13309  
306.300     0.13316  
306.400     0.13323  
306.500     0.13330  
306.600     0.13337  
306.700     0.13344  
306.800     0.13351  
306.900     0.13358  
307.000     0.13365  
307.100     0.13372  
307.200     0.13379  
307.300     0.13386  
307.400     0.13393  
307.500     0.13400  
307.600     0.13407  
307.700     0.13414  
307.800     0.13421  
307.900     0.13429  
308.000     0.13436  
308.100     0.13443  
308.200     0.13450  
308.300     0.13457  
308.400     0.13464  
308.500     0.13471  
308.600     0.13478  
308.700     0.13485  
308.800     0.13492  
308.900     0.13499  
309.000     0.13506  
309.100     0.13513  
309.200     0.13520  
309.300     0.13527  
309.400     0.13534  
309.500     0.13541  
309.600     0.13548  
309.700     0.13555  
309.800     0.13562  
309.900     0.13569  
310.000     0.13576  
310.100     0.13583  
310.200     0.13590  
310.300     0.13597  
310.400     0.13604  
310.500     0.13611  
310.600     0.13618  
310.700     0.13625  
310.800     0.13632  
310.900     0.13639  
311.000     0.13646  
311.100     0.13653  
311.200     0.13660  
311.300     0.13667  
311.400     0.13674  
311.500     0.13681  
311.600     0.13688  
311.700     0.13695  
311.800     0.13702  
311.900     0.13709  
312.000     0.13716  
312.100     0.13723  
312.200     0.13730  
312.300     0.13738  
312.400     0.13745  
312.500     0.13752  
312.600     0.13759  
312.700     0.13766  
312.800     0.13773  
312.900     0.13780  
313.000     0.13787  
313.100     0.13794  
313.200     0.13801  
313.300     0.13808  
313.400     0.13815  
313.500     0.13822  
313.600     0.13829  
313.700     0.13836  
313.800     0.13843  
313.900     0.13850  
314.000     0.13857  
314.100     0.13864  
314.200     0.13871  
314.300     0.13878  
314.400     0.13885  
314.500     0.13892  
314.600     0.13899  
314.700     0.13906  
314.800     0.13913  
314.900     0.13920  
315.000     0.13928  
315.100     0.13935  
315.200     0.13942  
315.300     0.13949  
315.400     0.13956  
315.500     0.13963  
315.600     0.13970  
315.700     0.13977  
315.800     0.13984  
315.900     0.13991  
316.000     0.13998  
316.100     0.14005  
316.200     0.14012  
316.300     0.14019  
316.400     0.14026  
316.500     0.14033  
316.600     0.14040  
316.700     0.14047  
316.800     0.14054  
316.900     0.14061  
317.000     0.14068  
317.100     0.14075  
317.200     0.14082  
317.300     0.14090  
317.400     0.14097  
317.500     0.14104  
317.600     0.14111  
317.700     0.14118  
317.800     0.14125  
317.900     0.14132  
318.000     0.14139  
318.100     0.14146  
318.200     0.14153  
318.300     0.14160  
318.400     0.14167  
318.500     0.14174  
318.600     0.14181  
318.700     0.14188  
318.800     0.14195  
318.900     0.14202  
319.000     0.14209  
319.100     0.14216  
319.200     0.14224  
319.300     0.14231  
319.400     0.14238  
319.500     0.14245  
319.600     0.14252  
319.700     0.14259  
319.800     0.14266  
319.900     0.14273  
320.000     0.14280  
320.100     0.14287  
320.200     0.14294  
320.300     0.14301  
320.400     0.14308  
320.500     0.14315  
320.600     0.14322  
320.700     0.14329  
320.800     0.14336  
320.900     0.14344  
321.000     0.14351  
321.100     0.14358  
321.200     0.14365  
321.300     0.14372  
321.400     0.14379  
321.500     0.14386  
321.600     0.14393  
321.700     0.14400  
321.800     0.14407  
321.900     0.14414  
322.000     0.14421  
322.100     0.14428  
322.200     0.14435  
322.300     0.14442  
322.400     0.14450  
322.500     0.14457  
322.600     0.14464  
322.700     0.14471  
322.800     0.14478  
322.900     0.14485  
323.000     0.14492  
323.100     0.14499  
323.200     0.14506  
323.300     0.14513  
323.400     0.14520  
323.500     0.14527  
323.600     0.14534  
323.700     0.14541  
323.800     0.14549  
323.900     0.14556  
324.000     0.14563  
324.100     0.14570  
324.200     0.14577  
324.300     0.14584  
324.400     0.14591  
324.500     0.14598  
324.600     0.14605  
324.700     0.14612  
324.800     0.14619  
324.900     0.14626  
325.000     0.14633  
325.100     0.14640  
325.200     0.14648  
325.300     0.14655  
325.400     0.14662  
325.500     0.14669  
325.600     0.14676  
325.700     0.14683  
325.800     0.14690  
325.900     0.14697  
326.000     0.14704  
326.100     0.14711  
326.200     0.14718  
326.300     0.14725  
326.400     0.14732  
326.500     0.14740  
326.600     0.14747  
326.700     0.14754  
326.800     0.14761  
326.900     0.14768  
327.000     0.14775  
327.100     0.14782  
327.200     0.14789  
327.300     0.14796  
327.400     0.14803  
327.500     0.14810  
327.600     0.14817  
327.700     0.14825  
327.800     0.14832  
327.900     0.14839  
328.000     0.14846  
328.100     0.14853  
328.200     0.14860  
328.300     0.14867  
328.400     0.14874  
328.500     0.14881  
328.600     0.14888  
328.700     0.14895  
328.800     0.14902  
328.900     0.14910  
329.000     0.14917  
329.100     0.14924  
329.200     0.14931  
329.300     0.14938  
329.400     0.14945  
329.500     0.14952  
329.600     0.14959  
329.700     0.14966  
329.800     0.14973  
329.900     0.14980  
330.000     0.14988  
330.100     0.14995  
330.200     0.15002  
330.300     0.15009  
330.400     0.15016  
330.500     0.15023  
330.600     0.15030  
330.700     0.15037  
330.800     0.15044  
330.900     0.15051  
331.000     0.15058  
331.100     0.15065  
331.200     0.15073  
331.300     0.15080  
331.400     0.15087  
331.500     0.15094  
331.600     0.15101  
331.700     0.15108  
331.800     0.15115  
331.900     0.15122  
332.000     0.15129  
332.100     0.15136  
332.200     0.15144  
332.300     0.15151  
332.400     0.15158  
332.500     0.15165  
332.600     0.15172  
332.700     0.15179  
332.800     0.15186  
332.900     0.15193  
333.000     0.15200  
333.100     0.15207  
333.200     0.15214  
333.300     0.15222  
333.400     0.15229  
333.500     0.15236  
333.600     0.15243  
333.700     0.15250  
333.800     0.15257  
333.900     0.15264  
334.000     0.15271  
334.100     0.15278  
334.200     0.15285  
334.300     0.15293  
334.400     0.15300  
334.500     0.15307  
334.600     0.15314  
334.700     0.15321  
334.800     0.15328  
334.900     0.15335  
335.000     0.15342  
335.100     0.15349  
335.200     0.15357  
335.300     0.15364  
335.400     0.15371  
335.500     0.15378  
335.600     0.15385  
335.700     0.15392  
335.800     0.15399  
335.900     0.15406  
336.000     0.15413  
336.100     0.15420  
336.200     0.15428  
336.300     0.15435  
336.400     0.15442  
336.500     0.15449  
336.600     0.15456  
336.700     0.15463  
336.800     0.15470  
336.900     0.15477  
337.000     0.15484  
337.100     0.15491  
337.200     0.15499  
337.300     0.15506  
337.400     0.15513  
337.500     0.15520  
337.600     0.15527  
337.700     0.15534  
337.800     0.15541  
337.900     0.15548  
338.000     0.15555  
338.100     0.15563  
338.200     0.15570  
338.300     0.15577  
338.400     0.15584  
338.500     0.15591  
338.600     0.15598  
338.700     0.15605  
338.800     0.15612  
338.900     0.15619  
339.000     0.15627  
339.100     0.15634  
339.200     0.15641  
339.300     0.15648  
339.400     0.15655  
339.500     0.15662  
339.600     0.15669  
339.700     0.15676  
339.800     0.15683  
339.900     0.15690  
340.000     0.15698  
340.100     0.15705  
340.200     0.15712  
340.300     0.15719  
340.400     0.15726  
340.500     0.15733  
340.600     0.15740  
340.700     0.15747  
340.800     0.15754  
340.900     0.15762  
341.000     0.15769  
341.100     0.15776  
341.200     0.15783  
341.300     0.15790  
341.400     0.15797  
341.500     0.15804  
341.600     0.15811  
341.700     0.15818  
341.800     0.15826  
341.900     0.15833  
342.000     0.15840  
342.100     0.15847  
342.200     0.15854  
342.300     0.15861  
342.400     0.15868  
342.500     0.15875  
342.600     0.15882  
342.700     0.15890  
342.800     0.15897  
342.900     0.15904  
343.000     0.15911  
343.100     0.15918  
343.200     0.15925  
343.300     0.15932  
343.400     0.15939  
343.500     0.15946  
343.600     0.15954  
343.700     0.15961  
343.800     0.15968  
343.900     0.15975  
344.000     0.15982  
344.100     0.15989  
344.200     0.15996  
344.300     0.16003  
344.400     0.16011  
344.500     0.16018  
344.600     0.16025  
344.700     0.16032  
344.800     0.16039  
344.900     0.16046  
345.000     0.16053  
345.100     0.16060  
345.200     0.16067  
345.300     0.16075  
345.400     0.16082  
345.500     0.16089  
345.600     0.16096  
345.700     0.16103  
345.800     0.16110  
345.900     0.16117  
346.000     0.16124  
346.100     0.16131  
346.200     0.16139  
346.300     0.16146  
346.400     0.16153  
346.500     0.16160  
346.600     0.16167  
346.700     0.16174  
346.800     0.16181  
346.900     0.16188  
347.000     0.16196  
347.100     0.16203  
347.200     0.16210  
347.300     0.16217  
347.400     0.16224  
347.500     0.16231  
347.600     0.16238  
347.700     0.16245  
347.800     0.16253  
347.900     0.16260  
348.000     0.16267  
348.100     0.16274  
348.200     0.16281  
348.300     0.16288  
348.400     0.16295  
348.500     0.16302  
348.600     0.16310  
348.700     0.16317  
348.800     0.16324  
348.900     0.16331  
349.000     0.16338  
349.100     0.16345  
349.200     0.16352  
349.300     0.16359  
349.400     0.16366  
349.500     0.16374  
349.600     0.16381  
349.700     0.16388  
349.800     0.16395  
349.900     0.16402  
350.000     0.16409  