 0.000     0.00000  
  0.100     0.00000  
  0.200     0.00000  
  0.300     0.00000  
  0.400     0.00000  
  0.500     0.00000  
  0.600     0.00000  
  0.700     0.00000  
  0.800     0.00000  
  0.900     0.00000  
  1.000     0.00000  
  1.100     0.00000  
  1.200     0.00000  
  1.300     0.00000  
  1.400     0.00000  
  1.500     0.00000  
  1.600     0.00000  
  1.700     0.00000  
  1.800     0.00000  
  1.900     0.00000  
  2.000     0.00000  
  2.100     0.00000  
  2.200     0.00000  
  2.300     0.00000  
  2.400     0.00000  
  2.500     0.00000  
  2.600     0.00001  
  2.700     0.00001  
  2.800     0.00001  
  2.900     0.00001  
  3.000     0.00001  
  3.100     0.00001  
  3.200     0.00001  
  3.300     0.00002  
  3.400     0.00002  
  3.500     0.00002  
  3.600     0.00002  
  3.700     0.00003  
  3.800     0.00003  
  3.900     0.00003  
  4.000     0.00004  
  4.100     0.00004  
  4.200     0.00005  
  4.300     0.00005  
  4.400     0.00006  
  4.500     0.00006  
  4.600     0.00007  
  4.700     0.00008  
  4.800     0.00008  
  4.900     0.00009  
  5.000     0.00010  
  5.100     0.00011  
  5.200     0.00012  
  5.300     0.00013  
  5.400     0.00014  
  5.500     0.00015  
  5.600     0.00017  
  5.700     0.00018  
  5.800     0.00019  
  5.900     0.00021  
  6.000     0.00022  
  6.100     0.00024  
  6.200     0.00026  
  6.300     0.00027  
  6.400     0.00029  
  6.500     0.00031  
  6.600     0.00033  
  6.700     0.00036  
  6.800     0.00038  
  6.900     0.00040  
  7.000     0.00043  
  7.100     0.00045  
  7.200     0.00048  
  7.300     0.00051  
  7.400     0.00054  
  7.500     0.00057  
  7.600     0.00060  
  7.700     0.00063  
  7.800     0.00067  
  7.900     0.00070  
  8.000     0.00074  
  8.100     0.00077  
  8.200     0.00081  
  8.300     0.00085  
  8.400     0.00090  
  8.500     0.00094  
  8.600     0.00098  
  8.700     0.00103  
  8.800     0.00108  
  8.900     0.00113  
  9.000     0.00118  
  9.100     0.00123  
  9.200     0.00128  
  9.300     0.00134  
  9.400     0.00139  
  9.500     0.00145  
  9.600     0.00151  
  9.700     0.00157  
  9.800     0.00163  
  9.900     0.00170  
 10.000     0.00177  
 10.100     0.00183  
 10.200     0.00190  
 10.300     0.00198  
 10.400     0.00205  
 10.500     0.00212  
 10.600     0.00220  
 10.700     0.00228  
 10.800     0.00236  
 10.900     0.00244  
 11.000     0.00253  
 11.100     0.00261  
 11.200     0.00270  
 11.300     0.00279  
 11.400     0.00288  
 11.500     0.00298  
 11.600     0.00307  
 11.700     0.00317  
 11.800     0.00327  
 11.900     0.00337  
 12.000     0.00347  
 12.100     0.00358  
 12.200     0.00369  
 12.300     0.00380  
 12.400     0.00391  
 12.500     0.00402  
 12.600     0.00414  
 12.700     0.00426  
 12.800     0.00438  
 12.900     0.00450  
 13.000     0.00462  
 13.100     0.00475  
 13.200     0.00488  
 13.300     0.00501  
 13.400     0.00514  
 13.500     0.00528  
 13.600     0.00542  
 13.700     0.00556  
 13.800     0.00570  
 13.900     0.00584  
 14.000     0.00599  
 14.100     0.00614  
 14.200     0.00629  
 14.300     0.00644  
 14.400     0.00660  
 14.500     0.00675  
 14.600     0.00692  
 14.700     0.00708  
 14.800     0.00724  
 14.900     0.00741  
 15.000     0.00758  
 15.100     0.00775  
 15.200     0.00792  
 15.300     0.00810  
 15.400     0.00828  
 15.500     0.00846  
 15.600     0.00864  
 15.700     0.00883  
 15.800     0.00902  
 15.900     0.00921  
 16.000     0.00940  
 16.100     0.00960  
 16.200     0.00980  
 16.300     0.01000  
 16.400     0.01020  
 16.500     0.01041  
 16.600     0.01061  
 16.700     0.01082  
 16.800     0.01104  
 16.900     0.01125  
 17.000     0.01147  
 17.100     0.01169  
 17.200     0.01191  
 17.300     0.01213  
 17.400     0.01236  
 17.500     0.01259  
 17.600     0.01282  
 17.700     0.01306  
 17.800     0.01330  
 17.900     0.01353  
 18.000     0.01378  
 18.100     0.01402  
 18.200     0.01427  
 18.300     0.01452  
 18.400     0.01477  
 18.500     0.01502  
 18.600     0.01528  
 18.700     0.01554  
 18.800     0.01580  
 18.900     0.01607  
 19.000     0.01633  
 19.100     0.01660  
 19.200     0.01688  
 19.300     0.01715  
 19.400     0.01743  
 19.500     0.01771  
 19.600     0.01799  
 19.700     0.01827  
 19.800     0.01856  
 19.900     0.01885  
 20.000     0.01914  
 20.100     0.01944  
 20.200     0.01973  
 20.300     0.02003  
 20.400     0.02034  
 20.500     0.02064  
 20.600     0.02095  
 20.700     0.02126  
 20.800     0.02157  
 20.900     0.02188  
 21.000     0.02220  
 21.100     0.02252  
 21.200     0.02284  
 21.300     0.02317  
 21.400     0.02349  
 21.500     0.02382  
 21.600     0.02416  
 21.700     0.02449  
 21.800     0.02483  
 21.900     0.02517  
 22.000     0.02551  
 22.100     0.02585  
 22.200     0.02620  
 22.300     0.02655  
 22.400     0.02690  
 22.500     0.02726  
 22.600     0.02761  
 22.700     0.02797  
 22.800     0.02833  
 22.900     0.02870  
 23.000     0.02907  
 23.100     0.02944  
 23.200     0.02981  
 23.300     0.03018  
 23.400     0.03056  
 23.500     0.03094  
 23.600     0.03132  
 23.700     0.03170  
 23.800     0.03209  
 23.900     0.03248  
 24.000     0.03287  
 24.100     0.03326  
 24.200     0.03366  
 24.300     0.03406  
 24.400     0.03446  
 24.500     0.03486  
 24.600     0.03527  
 24.700     0.03568  
 24.800     0.03609  
 24.900     0.03650  
 25.000     0.03692  
 25.100     0.03733  
 25.200     0.03775  
 25.300     0.03818  
 25.400     0.03860  
 25.500     0.03903  
 25.600     0.03946  
 25.700     0.03989  
 25.800     0.04033  
 25.900     0.04076  
 26.000     0.04120  
 26.100     0.04164  
 26.200     0.04209  
 26.300     0.04254  
 26.400     0.04298  
 26.500     0.04344  
 26.600     0.04389  
 26.700     0.04434  
 26.800     0.04480  
 26.900     0.04526  
 27.000     0.04573  
 27.100     0.04619  
 27.200     0.04666  
 27.300     0.04713  
 27.400     0.04760  
 27.500     0.04807  
 27.600     0.04855  
 27.700     0.04903  
 27.800     0.04951  
 27.900     0.05000  
 28.000     0.05048  
 28.100     0.05097  
 28.200     0.05146  
 28.300     0.05195  
 28.400     0.05245  
 28.500     0.05294  
 28.600     0.05344  
 28.700     0.05395  
 28.800     0.05445  
 28.900     0.05496  
 29.000     0.05546  
 29.100     0.05597  
 29.200     0.05649  
 29.300     0.05700  
 29.400     0.05752  
 29.500     0.05804  
 29.600     0.05856  
 29.700     0.05909  
 29.800     0.05961  
 29.900     0.06014  
 30.000     0.06067  
 30.100     0.06120  
 30.200     0.06174  
 30.300     0.06227  
 30.400     0.06281  
 30.500     0.06335  
 30.600     0.06390  
 30.700     0.06444  
 30.800     0.06499  
 30.900     0.06554  
 31.000     0.06609  
 31.100     0.06665  
 31.200     0.06720  
 31.300     0.06776  
 31.400     0.06832  
 31.500     0.06888  
 31.600     0.06945  
 31.700     0.07002  
 31.800     0.07058  
 31.900     0.07116  
 32.000     0.07173  
 32.100     0.07230  
 32.200     0.07288  
 32.300     0.07346  
 32.400     0.07404  
 32.500     0.07462  
 32.600     0.07521  
 32.700     0.07580  
 32.800     0.07639  
 32.900     0.07698  
 33.000     0.07757  
 33.100     0.07817  
 33.200     0.07876  
 33.300     0.07936  
 33.400     0.07996  
 33.500     0.08057  
 33.600     0.08117  
 33.700     0.08178  
 33.800     0.08239  
 33.900     0.08300  
 34.000     0.08361  
 34.100     0.08423  
 34.200     0.08485  
 34.300     0.08546  
 34.400     0.08609  
 34.500     0.08671  
 34.600     0.08733  
 34.700     0.08796  
 34.800     0.08859  
 34.900     0.08922  
 35.000     0.08985  
 35.100     0.09049  
 35.200     0.09112  
 35.300     0.09176  
 35.400     0.09240  
 35.500     0.09304  
 35.600     0.09369  
 35.700     0.09433  
 35.800     0.09498  
 35.900     0.09563  
 36.000     0.09628  
 36.100     0.09694  
 36.200     0.09759  
 36.300     0.09825  
 36.400     0.09891  
 36.500     0.09957  
 36.600     0.10023  
 36.700     0.10089  
 36.800     0.10156  
 36.900     0.10223  
 37.000     0.10290  
 37.100     0.10357  
 37.200     0.10424  
 37.300     0.10492  
 37.400     0.10559  
 37.500     0.10627  
 37.600     0.10695  
 37.700     0.10763  
 37.800     0.10832  
 37.900     0.10900  
 38.000     0.10969  
 38.100     0.11038  
 38.200     0.11107  
 38.300     0.11176  
 38.400     0.11246  
 38.500     0.11315  
 38.600     0.11385  
 38.700     0.11455  
 38.800     0.11525  
 38.900     0.11595  
 39.000     0.11666  
 39.100     0.11737  
 39.200     0.11807  
 39.300     0.11878  
 39.400     0.11949  
 39.500     0.12021  
 39.600     0.12092  
 39.700     0.12164  
 39.800     0.12235  
 39.900     0.12307  
 40.000     0.12380  
 40.100     0.12452  
 40.200     0.12524  
 40.300     0.12597  
 40.400     0.12670  
 40.500     0.12742  
 40.600     0.12816  
 40.700     0.12889  
 40.800     0.12962  
 40.900     0.13036  
 41.000     0.13110  
 41.100     0.13183  
 41.200     0.13257  
 41.300     0.13332  
 41.400     0.13406  
 41.500     0.13480  
 41.600     0.13555  
 41.700     0.13630  
 41.800     0.13705  
 41.900     0.13780  
 42.000     0.13855  
 42.100     0.13931  
 42.200     0.14006  
 42.300     0.14082  
 42.400     0.14158  
 42.500     0.14234  
 42.600     0.14310  
 42.700     0.14387  
 42.800     0.14463  
 42.900     0.14540  
 43.000     0.14616  
 43.100     0.14693  
 43.200     0.14770  
 43.300     0.14848  
 43.400     0.14925  
 43.500     0.15002  
 43.600     0.15080  
 43.700     0.15158  
 43.800     0.15236  
 43.900     0.15314  
 44.000     0.15392  
 44.100     0.15471  
 44.200     0.15549  
 44.300     0.15628  
 44.400     0.15707  
 44.500     0.15786  
 44.600     0.15865  
 44.700     0.15944  
 44.800     0.16023  
 44.900     0.16103  
 45.000     0.16182  
 45.100     0.16262  
 45.200     0.16342  
 45.300     0.16422  
 45.400     0.16502  
 45.500     0.16583  
 45.600     0.16663  
 45.700     0.16744  
 45.800     0.16824  
 45.900     0.16905  
 46.000     0.16986  
 46.100     0.17067  
 46.200     0.17149  
 46.300     0.17230  
 46.400     0.17312  
 46.500     0.17393  
 46.600     0.17475  
 46.700     0.17557  
 46.800     0.17639  
 46.900     0.17721  
 47.000     0.17804  
 47.100     0.17886  
 47.200     0.17969  
 47.300     0.18051  
 47.400     0.18134  
 47.500     0.18217  
 47.600     0.18300  
 47.700     0.18383  
 47.800     0.18467  
 47.900     0.18550  
 48.000     0.18634  
 48.100     0.18717  
 48.200     0.18801  
 48.300     0.18885  
 48.400     0.18969  
 48.500     0.19053  
 48.600     0.19138  
 48.700     0.19222  
 48.800     0.19307  
 48.900     0.19391  
 49.000     0.19476  
 49.100     0.19561  
 49.200     0.19646  
 49.300     0.19731  
 49.400     0.19816  
 49.500     0.19902  
 49.600     0.19987  
 49.700     0.20073  
 49.800     0.20159  
 49.900     0.20244  
 50.000     0.20330  
 50.100     0.20416  
 50.200     0.20503  
 50.300     0.20589  
 50.400     0.20675  
 50.500     0.20762  
 50.600     0.20849  
 50.700     0.20935  
 50.800     0.21022  
 50.900     0.21109  
 51.000     0.21196  
 51.100     0.21284  
 51.200     0.21371  
 51.300     0.21458  
 51.400     0.21546  
 51.500     0.21634  
 51.600     0.21721  
 51.700     0.21809  
 51.800     0.21897  
 51.900     0.21985  
 52.000     0.22073  
 52.100     0.22162  
 52.200     0.22250  
 52.300     0.22339  
 52.400     0.22427  
 52.500     0.22516  
 52.600     0.22605  
 52.700     0.22694  
 52.800     0.22783  
 52.900     0.22872  
 53.000     0.22961  
 53.100     0.23050  
 53.200     0.23140  
 53.300     0.23229  
 53.400     0.23319  
 53.500     0.23409  
 53.600     0.23499  
 53.700     0.23589  
 53.800     0.23679  
 53.900     0.23769  
 54.000     0.23859  
 54.100     0.23949  
 54.200     0.24040  
 54.300     0.24130  
 54.400     0.24221  
 54.500     0.24312  
 54.600     0.24403  
 54.700     0.24494  
 54.800     0.24585  
 54.900     0.24676  
 55.000     0.24767  
 55.100     0.24858  
 55.200     0.24950  
 55.300     0.25041  
 55.400     0.25133  
 55.500     0.25224  
 55.600     0.25316  
 55.700     0.25408  
 55.800     0.25500  
 55.900     0.25592  
 56.000     0.25684  
 56.100     0.25776  
 56.200     0.25869  
 56.300     0.25961  
 56.400     0.26054  
 56.500     0.26146  
 56.600     0.26239  
 56.700     0.26332  
 56.800     0.26425  
 56.900     0.26518  
 57.000     0.26611  
 57.100     0.26704  
 57.200     0.26797  
 57.300     0.26890  
 57.400     0.26984  
 57.500     0.27077  
 57.600     0.27171  
 57.700     0.27265  
 57.800     0.27358  
 57.900     0.27452  
 58.000     0.27546  
 58.100     0.27640  
 58.200     0.27734  
 58.300     0.27828  
 58.400     0.27922  
 58.500     0.28017  
 58.600     0.28111  
 58.700     0.28206  
 58.800     0.28300  
 58.900     0.28395  
 59.000     0.28490  
 59.100     0.28585  
 59.200     0.28679  
 59.300     0.28774  
 59.400     0.28869  
 59.500     0.28965  
 59.600     0.29060  
 59.700     0.29155  
 59.800     0.29251  
 59.900     0.29346  
 60.000     0.29442  
 60.100     0.29537  
 60.200     0.29633  
 60.300     0.29729  
 60.400     0.29824  
 60.500     0.29920  
 60.600     0.30016  
 60.700     0.30112  
 60.800     0.30209  
 60.900     0.30305  
 61.000     0.30401  
 61.100     0.30497  
 61.200     0.30594  
 61.300     0.30690  
 61.400     0.30787  
 61.500     0.30884  
 61.600     0.30980  
 61.700     0.31077  
 61.800     0.31174  
 61.900     0.31271  
 62.000     0.31368  
 62.100     0.31465  
 62.200     0.31562  
 62.300     0.31660  
 62.400     0.31757  
 62.500     0.31854  
 62.600     0.31952  
 62.700     0.32049  
 62.800     0.32147  
 62.900     0.32245  
 63.000     0.32342  
 63.100     0.32440  
 63.200     0.32538  
 63.300     0.32636  
 63.400     0.32734  
 63.500     0.32832  
 63.600     0.32930  
 63.700     0.33028  
 63.800     0.33127  
 63.900     0.33225  
 64.000     0.33323  
 64.100     0.33422  
 64.200     0.33520  
 64.300     0.33619  
 64.400     0.33718  
 64.500     0.33816  
 64.600     0.33915  
 64.700     0.34014  
 64.800     0.34113  
 64.900     0.34212  
 65.000     0.34311  
 65.100     0.34410  
 65.200     0.34509  
 65.300     0.34608  
 65.400     0.34708  
 65.500     0.34807  
 65.600     0.34906  
 65.700     0.35006  
 65.800     0.35105  
 65.900     0.35205  
 66.000     0.35305  
 66.100     0.35404  
 66.200     0.35504  
 66.300     0.35604  
 66.400     0.35704  
 66.500     0.35804  
 66.600     0.35904  
 66.700     0.36004  
 66.800     0.36104  
 66.900     0.36204  
 67.000     0.36305  
 67.100     0.36405  
 67.200     0.36505  
 67.300     0.36606  
 67.400     0.36706  
 67.500     0.36807  
 67.600     0.36907  
 67.700     0.37008  
 67.800     0.37109  
 67.900     0.37209  
 68.000     0.37310  
 68.100     0.37411  
 68.200     0.37512  
 68.300     0.37613  
 68.400     0.37714  
 68.500     0.37815  
 68.600     0.37916  
 68.700     0.38017  
 68.800     0.38118  
 68.900     0.38220  
 69.000     0.38321  
 69.100     0.38422  
 69.200     0.38524  
 69.300     0.38625  
 69.400     0.38727  
 69.500     0.38829  
 69.600     0.38930  
 69.700     0.39032  
 69.800     0.39134  
 69.900     0.39236  
 70.000     0.39337  
 70.100     0.39439  
 70.200     0.39541  
 70.300     0.39643  
 70.400     0.39745  
 70.500     0.39847  
 70.600     0.39950  
 70.700     0.40052  
 70.800     0.40154  
 70.900     0.40256  
 71.000     0.40359  
 71.100     0.40461  
 71.200     0.40563  
 71.300     0.40666  
 71.400     0.40768  
 71.500     0.40871  
 71.600     0.40974  
 71.700     0.41076  
 71.800     0.41179  
 71.900     0.41282  
 72.000     0.41385  
 72.100     0.41487  
 72.200     0.41590  
 72.300     0.41693  
 72.400     0.41796  
 72.500     0.41899  
 72.600     0.42002  
 72.700     0.42105  
 72.800     0.42209  
 72.900     0.42312  
 73.000     0.42415  
 73.100     0.42518  
 73.200     0.42622  
 73.300     0.42725  
 73.400     0.42829  
 73.500     0.42932  
 73.600     0.43036  
 73.700     0.43139  
 73.800     0.43243  
 73.900     0.43346  
 74.000     0.43450  
 74.100     0.43554  
 74.200     0.43657  
 74.300     0.43761  
 74.400     0.43865  
 74.500     0.43969  
 74.600     0.44073  
 74.700     0.44177  
 74.800     0.44281  
 74.900     0.44385  
 75.000     0.44489  
 75.100     0.44593  
 75.200     0.44697  
 75.300     0.44801  
 75.400     0.44906  
 75.500     0.45010  
 75.600     0.45114  
 75.700     0.45218  
 75.800     0.45323  
 75.900     0.45427  
 76.000     0.45532  
 76.100     0.45636  
 76.200     0.45741  
 76.300     0.45845  
 76.400     0.45950  
 76.500     0.46054  
 76.600     0.46159  
 76.700     0.46264  
 76.800     0.46369  
 76.900     0.46473  
 77.000     0.46578  
 77.100     0.46683  
 77.200     0.46788  
 77.300     0.46893  
 77.400     0.46998  
 77.500     0.47103  
 77.600     0.47208  
 77.700     0.47313  
 77.800     0.47418  
 77.900     0.47523  
 78.000     0.47628  
 78.100     0.47733  
 78.200     0.47839  
 78.300     0.47944  
 78.400     0.48049  
 78.500     0.48154  
 78.600     0.48260  
 78.700     0.48365  
 78.800     0.48470  
 78.900     0.48576  
 79.000     0.48681  
 79.100     0.48787  
 79.200     0.48892  
 79.300     0.48998  
 79.400     0.49104  
 79.500     0.49209  
 79.600     0.49315  
 79.700     0.49421  
 79.800     0.49526  
 79.900     0.49632  
 80.000     0.49738  
 80.100     0.49844  
 80.200     0.49949  
 80.300     0.50055  
 80.400     0.50161  
 80.500     0.50267  
 80.600     0.50373  
 80.700     0.50479  
 80.800     0.50585  
 80.900     0.50691  
 81.000     0.50797  
 81.100     0.50903  
 81.200     0.51009  
 81.300     0.51115  
 81.400     0.51222  
 81.500     0.51328  
 81.600     0.51434  
 81.700     0.51540  
 81.800     0.51647  
 81.900     0.51753  
 82.000     0.51859  
 82.100     0.51966  
 82.200     0.52072  
 82.300     0.52178  
 82.400     0.52285  
 82.500     0.52391  
 82.600     0.52498  
 82.700     0.52604  
 82.800     0.52711  
 82.900     0.52817  
 83.000     0.52924  
 83.100     0.53031  
 83.200     0.53137  
 83.300     0.53244  
 83.400     0.53351  
 83.500     0.53457  
 83.600     0.53564  
 83.700     0.53671  
 83.800     0.53777  
 83.900     0.53884  
 84.000     0.53991  
 84.100     0.54098  
 84.200     0.54205  
 84.300     0.54312  
 84.400     0.54419  
 84.500     0.54526  
 84.600     0.54633  
 84.700     0.54740  
 84.800     0.54847  
 84.900     0.54954  
 85.000     0.55061  
 85.100     0.55168  
 85.200     0.55275  
 85.300     0.55382  
 85.400     0.55489  
 85.500     0.55596  
 85.600     0.55703  
 85.700     0.55811  
 85.800     0.55918  
 85.900     0.56025  
 86.000     0.56132  
 86.100     0.56239  
 86.200     0.56347  
 86.300     0.56454  
 86.400     0.56561  
 86.500     0.56669  
 86.600     0.56776  
 86.700     0.56884  
 86.800     0.56991  
 86.900     0.57098  
 87.000     0.57206  
 87.100     0.57313  
 87.200     0.57421  
 87.300     0.57528  
 87.400     0.57636  
 87.500     0.57743  
 87.600     0.57851  
 87.700     0.57958  
 87.800     0.58066  
 87.900     0.58174  
 88.000     0.58281  
 88.100     0.58389  
 88.200     0.58497  
 88.300     0.58604  
 88.400     0.58712  
 88.500     0.58820  
 88.600     0.58927  
 88.700     0.59035  
 88.800     0.59143  
 88.900     0.59251  
 89.000     0.59358  
 89.100     0.59466  
 89.200     0.59574  
 89.300     0.59682  
 89.400     0.59790  
 89.500     0.59898  
 89.600     0.60006  
 89.700     0.60113  
 89.800     0.60221  
 89.900     0.60329  
 90.000     0.60437  
 90.100     0.60545  
 90.200     0.60653  
 90.300     0.60761  
 90.400     0.60869  
 90.500     0.60977  
 90.600     0.61085  
 90.700     0.61193  
 90.800     0.61301  
 90.900     0.61409  
 91.000     0.61517  
 91.100     0.61625  
 91.200     0.61734  
 91.300     0.61842  
 91.400     0.61950  
 91.500     0.62058  
 91.600     0.62166  
 91.700     0.62274  
 91.800     0.62383  
 91.900     0.62491  
 92.000     0.62599  
 92.100     0.62707  
 92.200     0.62815  
 92.300     0.62924  
 92.400     0.63032  
 92.500     0.63140  
 92.600     0.63249  
 92.700     0.63357  
 92.800     0.63465  
 92.900     0.63573  
 93.000     0.63682  
 93.100     0.63790  
 93.200     0.63898  
 93.300     0.64007  
 93.400     0.64115  
 93.500     0.64224  
 93.600     0.64332  
 93.700     0.64440  
 93.800     0.64549  
 93.900     0.64657  
 94.000     0.64766  
 94.100     0.64874  
 94.200     0.64982  
 94.300     0.65091  
 94.400     0.65199  
 94.500     0.65308  
 94.600     0.65416  
 94.700     0.65525  
 94.800     0.65633  
 94.900     0.65742  
 95.000     0.65850  
 95.100     0.65959  
 95.200     0.66068  
 95.300     0.66176  
 95.400     0.66285  
 95.500     0.66393  
 95.600     0.66502  
 95.700     0.66610  
 95.800     0.66719  
 95.900     0.66828  
 96.000     0.66936  
 96.100     0.67045  
 96.200     0.67153  
 96.300     0.67262  
 96.400     0.67371  
 96.500     0.67479  
 96.600     0.67588  
 96.700     0.67697  
 96.800     0.67805  
 96.900     0.67914  
 97.000     0.68023  
 97.100     0.68131  
 97.200     0.68240  
 97.300     0.68349  
 97.400     0.68457  
 97.500     0.68566  
 97.600     0.68675  
 97.700     0.68784  
 97.800     0.68892  
 97.900     0.69001  
 98.000     0.69110  
 98.100     0.69219  
 98.200     0.69327  
 98.300     0.69436  
 98.400     0.69545  
 98.500     0.69654  
 98.600     0.69762  
 98.700     0.69871  
 98.800     0.69980  
 98.900     0.70089  
 99.000     0.70197  
 99.100     0.70306  
 99.200     0.70415  
 99.300     0.70524  
 99.400     0.70633  
 99.500     0.70742  
 99.600     0.70850  
 99.700     0.70959  
 99.800     0.71068  
 99.900     0.71177  
100.000     0.71286  
100.100     0.71395  
100.200     0.71503  
100.300     0.71612  
100.400     0.71721  
100.500     0.71830  
100.600     0.71939  
100.700     0.72048  
100.800     0.72157  
100.900     0.72265  
101.000     0.72374  
101.100     0.72483  
101.200     0.72592  
101.300     0.72701  
101.400     0.72810  
101.500     0.72919  
101.600     0.73028  
101.700     0.73136  
101.800     0.73245  
101.900     0.73354  
102.000     0.73463  
102.100     0.73572  
102.200     0.73681  
102.300     0.73790  
102.400     0.73899  
102.500     0.74008  
102.600     0.74117  
102.700     0.74225  
102.800     0.74334  
102.900     0.74443  
103.000     0.74552  
103.100     0.74661  
103.200     0.74770  
103.300     0.74879  
103.400     0.74988  
103.500     0.75097  
103.600     0.75206  
103.700     0.75315  
103.800     0.75423  
103.900     0.75532  
104.000     0.75641  
104.100     0.75750  
104.200     0.75859  
104.300     0.75968  
104.400     0.76077  
104.500     0.76186  
104.600     0.76295  
104.700     0.76404  
104.800     0.76513  
104.900     0.76622  
105.000     0.76730  
105.100     0.76839  
105.200     0.76948  
105.300     0.77057  
105.400     0.77166  
105.500     0.77275  
105.600     0.77384  
105.700     0.77493  
105.800     0.77602  
105.900     0.77711  
106.000     0.77820  
106.100     0.77929  
106.200     0.78037  
106.300     0.78146  
106.400     0.78255  
106.500     0.78364  
106.600     0.78473  
106.700     0.78582  
106.800     0.78691  
106.900     0.78800  
107.000     0.78909  
107.100     0.79017  
107.200     0.79126  
107.300     0.79235  
107.400     0.79344  
107.500     0.79453  
107.600     0.79562  
107.700     0.79671  
107.800     0.79780  
107.900     0.79889  
108.000     0.79997  
108.100     0.80106  
108.200     0.80215  
108.300     0.80324  
108.400     0.80433  
108.500     0.80542  
108.600     0.80651  
108.700     0.80759  
108.800     0.80868  
108.900     0.80977  
109.000     0.81086  
109.100     0.81195  
109.200     0.81304  
109.300     0.81412  
109.400     0.81521  
109.500     0.81630  
109.600     0.81739  
109.700     0.81848  
109.800     0.81956  
109.900     0.82065  
110.000     0.82174  
110.100     0.82283  
110.200     0.82392  
110.300     0.82500  
110.400     0.82609  
110.500     0.82718  
110.600     0.82827  
110.700     0.82936  
110.800     0.83044  
110.900     0.83153  
111.000     0.83262  
111.100     0.83371  
111.200     0.83479  
111.300     0.83588  
111.400     0.83697  
111.500     0.83806  
111.600     0.83914  
111.700     0.84023  
111.800     0.84132  
111.900     0.84240  
112.000     0.84349  
112.100     0.84458  
112.200     0.84567  
112.300     0.84675  
112.400     0.84784  
112.500     0.84893  
112.600     0.85001  
112.700     0.85110  
112.800     0.85219  
112.900     0.85327  
113.000     0.85436  
113.100     0.85545  
113.200     0.85653  
113.300     0.85762  
113.400     0.85870  
113.500     0.85979  
113.600     0.86088  
113.700     0.86196  
113.800     0.86305  
113.900     0.86414  
114.000     0.86522  
114.100     0.86631  
114.200     0.86739  
114.300     0.86848  
114.400     0.86956  
114.500     0.87065  
114.600     0.87173  
114.700     0.87282  
114.800     0.87391  
114.900     0.87499  
115.000     0.87608  
115.100     0.87716  
115.200     0.87825  
115.300     0.87933  
115.400     0.88042  
115.500     0.88150  
115.600     0.88258  
115.700     0.88367  
115.800     0.88475  
115.900     0.88584  
116.000     0.88692  
116.100     0.88801  
116.200     0.88909  
116.300     0.89018  
116.400     0.89126  
116.500     0.89234  
116.600     0.89343  
116.700     0.89451  
116.800     0.89560  
116.900     0.89668  
117.000     0.89776  
117.100     0.89885  
117.200     0.89993  
117.300     0.90101  
117.400     0.90210  
117.500     0.90318  
117.600     0.90426  
117.700     0.90535  
117.800     0.90643  
117.900     0.90751  
118.000     0.90859  
118.100     0.90968  
118.200     0.91076  
118.300     0.91184  
118.400     0.91293  
118.500     0.91401  
118.600     0.91509  
118.700     0.91617  
118.800     0.91725  
118.900     0.91834  
119.000     0.91942  
119.100     0.92050  
119.200     0.92158  
119.300     0.92266  
119.400     0.92374  
119.500     0.92483  
119.600     0.92591  
119.700     0.92699  
119.800     0.92807  
119.900     0.92915  
120.000     0.93023  
120.100     0.93131  
120.200     0.93239  
120.300     0.93347  
120.400     0.93455  
120.500     0.93563  
120.600     0.93671  
120.700     0.93779  
120.800     0.93887  
120.900     0.93995  
121.000     0.94103  
121.100     0.94211  
121.200     0.94319  
121.300     0.94427  
121.400     0.94535  
121.500     0.94643  
121.600     0.94751  
121.700     0.94859  
121.800     0.94967  
121.900     0.95075  
122.000     0.95183  
122.100     0.95291  
122.200     0.95398  
122.300     0.95506  
122.400     0.95614  
122.500     0.95722  
122.600     0.95830  
122.700     0.95938  
122.800     0.96045  
122.900     0.96153  
123.000     0.96261  
123.100     0.96369  
123.200     0.96476  
123.300     0.96584  
123.400     0.96692  
123.500     0.96800  
123.600     0.96907  
123.700     0.97015  
123.800     0.97123  
123.900     0.97230  
124.000     0.97338  
124.100     0.97446  
124.200     0.97553  
124.300     0.97661  
124.400     0.97769  
124.500     0.97876  
124.600     0.97984  
124.700     0.98091  
124.800     0.98199  
124.900     0.98306  
125.000     0.98414  
125.100     0.98521  
125.200     0.98629  
125.300     0.98737  
125.400     0.98844  
125.500     0.98951  
125.600     0.99059  
125.700     0.99166  
125.800     0.99274  
125.900     0.99381  
126.000     0.99489  
126.100     0.99596  
126.200     0.99704  
126.300     0.99811  
126.400     0.99918  
126.500     1.00026  
126.600     1.00133  
126.700     1.00240  
126.800     1.00348  
126.900     1.00455  
127.000     1.00562  
127.100     1.00669  
127.200     1.00777  
127.300     1.00884  
127.400     1.00991  
127.500     1.01098  
127.600     1.01206  
127.700     1.01313  
127.800     1.01420  
127.900     1.01527  
128.000     1.01634  
128.100     1.01742  
128.200     1.01849  
128.300     1.01956  
128.400     1.02063  
128.500     1.02170  
128.600     1.02277  
128.700     1.02384  
128.800     1.02491  
128.900     1.02598  
129.000     1.02705  
129.100     1.02812  
129.200     1.02919  
129.300     1.03026  
129.400     1.03133  
129.500     1.03240  
129.600     1.03347  
129.700     1.03454  
129.800     1.03561  
129.900     1.03668  
130.000     1.03775  
130.100     1.03882  
130.200     1.03988  
130.300     1.04095  
130.400     1.04202  
130.500     1.04309  
130.600     1.04416  
130.700     1.04523  
130.800     1.04629  
130.900     1.04736  
131.000     1.04843  
131.100     1.04950  
131.200     1.05056  
131.300     1.05163  
131.400     1.05270  
131.500     1.05376  
131.600     1.05483  
131.700     1.05590  
131.800     1.05696  
131.900     1.05803  
132.000     1.05909  
132.100     1.06016  
132.200     1.06123  
132.300     1.06229  
132.400     1.06336  
132.500     1.06442  
132.600     1.06549  
132.700     1.06655  
132.800     1.06762  
132.900     1.06868  
133.000     1.06975  
133.100     1.07081  
133.200     1.07188  
133.300     1.07294  
133.400     1.07400  
133.500     1.07507  
133.600     1.07613  
133.700     1.07719  
133.800     1.07826  
133.900     1.07932  
134.000     1.08038  
134.100     1.08145  
134.200     1.08251  
134.300     1.08357  
134.400     1.08463  
134.500     1.08570  
134.600     1.08676  
134.700     1.08782  
134.800     1.08888  
134.900     1.08994  
135.000     1.09101  
135.100     1.09207  
135.200     1.09313  
135.300     1.09419  
135.400     1.09525  
135.500     1.09631  
135.600     1.09737  
135.700     1.09843  
135.800     1.09949  
135.900     1.10055  
136.000     1.10161  
136.100     1.10267  
136.200     1.10373  
136.300     1.10479  
136.400     1.10585  
136.500     1.10691  
136.600     1.10797  
136.700     1.10903  
136.800     1.11009  
136.900     1.11114  
137.000     1.11220  
137.100     1.11326  
137.200     1.11432  
137.300     1.11538  
137.400     1.11643  
137.500     1.11749  
137.600     1.11855  
137.700     1.11961  
137.800     1.12066  
137.900     1.12172  
138.000     1.12278  
138.100     1.12383  
138.200     1.12489  
138.300     1.12595  
138.400     1.12700  
138.500     1.12806  
138.600     1.12911  
138.700     1.13017  
138.800     1.13122  
138.900     1.13228  
139.000     1.13333  
139.100     1.13439  
139.200     1.13544  
139.300     1.13650  
139.400     1.13755  
139.500     1.13861  
139.600     1.13966  
139.700     1.14071  
139.800     1.14177  
139.900     1.14282  
140.000     1.14387  
140.100     1.14493  
140.200     1.14598  
140.300     1.14703  
140.400     1.14809  
140.500     1.14914  
140.600     1.15019  
140.700     1.15124  
140.800     1.15230  
140.900     1.15335  
141.000     1.15440  
141.100     1.15545  
141.200     1.15650  
141.300     1.15755  
141.400     1.15860  
141.500     1.15965  
141.600     1.16070  
141.700     1.16175  
141.800     1.16281  
141.900     1.16386  
142.000     1.16490  
142.100     1.16595  
142.200     1.16700  
142.300     1.16805  
142.400     1.16910  
142.500     1.17015  
142.600     1.17120  
142.700     1.17225  
142.800     1.17330  
142.900     1.17435  
143.000     1.17539  
143.100     1.17644  
143.200     1.17749  
143.300     1.17854  
143.400     1.17959  
143.500     1.18063  
143.600     1.18168  
143.700     1.18273  
143.800     1.18377  
143.900     1.18482  
144.000     1.18587  
144.100     1.18691  
144.200     1.18796  
144.300     1.18900  
144.400     1.19005  
144.500     1.19110  
144.600     1.19214  
144.700     1.19319  
144.800     1.19423  
144.900     1.19528  
145.000     1.19632  
145.100     1.19736  
145.200     1.19841  
145.300     1.19945  
145.400     1.20050  
145.500     1.20154  
145.600     1.20258  
145.700     1.20363  
145.800     1.20467  
145.900     1.20571  
146.000     1.20676  
146.100     1.20780  
146.200     1.20884  
146.300     1.20988  
146.400     1.21093  
146.500     1.21197  
146.600     1.21301  
146.700     1.21405  
146.800     1.21509  
146.900     1.21613  
147.000     1.21717  
147.100     1.21821  
147.200     1.21925  
147.300     1.22029  
147.400     1.22134  
147.500     1.22238  
147.600     1.22341  
147.700     1.22445  
147.800     1.22549  
147.900     1.22653  
148.000     1.22757  
148.100     1.22861  
148.200     1.22965  
148.300     1.23069  
148.400     1.23173  
148.500     1.23276  
148.600     1.23380  
148.700     1.23484  
148.800     1.23588  
148.900     1.23691  
149.000     1.23795  
149.100     1.23899  
149.200     1.24003  
149.300     1.24106  
149.400     1.24210  
149.500     1.24313  
149.600     1.24417  
149.700     1.24521  
149.800     1.24624  
149.900     1.24728  
150.000     1.24831  
150.100     1.24935  
150.200     1.25038  
150.300     1.25142  
150.400     1.25245  
150.500     1.25349  
150.600     1.25452  
150.700     1.25555  
150.800     1.25659  
150.900     1.25762  
151.000     1.25866  
151.100     1.25969  
151.200     1.26072  
151.300     1.26175  
151.400     1.26279  
151.500     1.26382  
151.600     1.26485  
151.700     1.26588  
151.800     1.26691  
151.900     1.26795  
152.000     1.26898  
152.100     1.27001  
152.200     1.27104  
152.300     1.27207  
152.400     1.27310  
152.500     1.27413  
152.600     1.27516  
152.700     1.27619  
152.800     1.27722  
152.900     1.27825  
153.000     1.27928  
153.100     1.28031  
153.200     1.28134  
153.300     1.28237  
153.400     1.28340  
153.500     1.28443  
153.600     1.28545  
153.700     1.28648  
153.800     1.28751  
153.900     1.28854  
154.000     1.28956  
154.100     1.29059  
154.200     1.29162  
154.300     1.29265  
154.400     1.29367  
154.500     1.29470  
154.600     1.29573  
154.700     1.29675  
154.800     1.29778  
154.900     1.29880  
155.000     1.29983  
155.100     1.30085  
155.200     1.30188  
155.300     1.30290  
155.400     1.30393  
155.500     1.30495  
155.600     1.30598  
155.700     1.30700  
155.800     1.30803  
155.900     1.30905  
156.000     1.31007  
156.100     1.31110  
156.200     1.31212  
156.300     1.31314  
156.400     1.31417  
156.500     1.31519  
156.600     1.31621  
156.700     1.31723  
156.800     1.31825  
156.900     1.31928  
157.000     1.32030  
157.100     1.32132  
157.200     1.32234  
157.300     1.32336  
157.400     1.32438  
157.500     1.32540  
157.600     1.32642  
157.700     1.32744  
157.800     1.32846  
157.900     1.32948  
158.000     1.33050  
158.100     1.33152  
158.200     1.33254  
158.300     1.33356  
158.400     1.33458  
158.500     1.33560  
158.600     1.33661  
158.700     1.33763  
158.800     1.33865  
158.900     1.33967  
159.000     1.34069  
159.100     1.34170  
159.200     1.34272  
159.300     1.34374  
159.400     1.34475  
159.500     1.34577  
159.600     1.34679  
159.700     1.34780  
159.800     1.34882  
159.900     1.34983  
160.000     1.35085  
160.100     1.35187  
160.200     1.35288  
160.300     1.35390  
160.400     1.35491  
160.500     1.35592  
160.600     1.35694  
160.700     1.35795  
160.800     1.35897  
160.900     1.35998  
161.000     1.36099  
161.100     1.36201  
161.200     1.36302  
161.300     1.36403  
161.400     1.36504  
161.500     1.36606  
161.600     1.36707  
161.700     1.36808  
161.800     1.36909  
161.900     1.37010  
162.000     1.37111  
162.100     1.37213  
162.200     1.37314  
162.300     1.37415  
162.400     1.37516  
162.500     1.37617  
162.600     1.37718  
162.700     1.37819  
162.800     1.37920  
162.900     1.38021  
163.000     1.38122  
163.100     1.38223  
163.200     1.38323  
163.300     1.38424  
163.400     1.38525  
163.500     1.38626  
163.600     1.38727  
163.700     1.38827  
163.800     1.38928  
163.900     1.39029  
164.000     1.39130  
164.100     1.39230  
164.200     1.39331  
164.300     1.39432  
164.400     1.39532  
164.500     1.39633  
164.600     1.39734  
164.700     1.39834  
164.800     1.39935  
164.900     1.40035  
165.000     1.40136  
165.100     1.40236  
165.200     1.40337  
165.300     1.40437  
165.400     1.40538  
165.500     1.40638  
165.600     1.40738  
165.700     1.40839  
165.800     1.40939  
165.900     1.41039  
166.000     1.41140  
166.100     1.41240  
166.200     1.41340  
166.300     1.41440  
166.400     1.41541  
166.500     1.41641  
166.600     1.41741  
166.700     1.41841  
166.800     1.41941  
166.900     1.42041  
167.000     1.42141  
167.100     1.42241  
167.200     1.42341  
167.300     1.42441  
167.400     1.42541  
167.500     1.42641  
167.600     1.42741  
167.700     1.42841  
167.800     1.42941  
167.900     1.43041  
168.000     1.43141  
168.100     1.43241  
168.200     1.43341  
168.300     1.43440  
168.400     1.43540  
168.500     1.43640  
168.600     1.43740  
168.700     1.43839  
168.800     1.43939  
168.900     1.44039  
169.000     1.44138  
169.100     1.44238  
169.200     1.44338  
169.300     1.44437  
169.400     1.44537  
169.500     1.44636  
169.600     1.44736  
169.700     1.44835  
169.800     1.44935  
169.900     1.45034  
170.000     1.45134  
170.100     1.45233  
170.200     1.45333  
170.300     1.45432  
170.400     1.45531  
170.500     1.45631  
170.600     1.45730  
170.700     1.45829  
170.800     1.45929  
170.900     1.46028  
171.000     1.46127  
171.100     1.46226  
171.200     1.46325  
171.300     1.46425  
171.400     1.46524  
171.500     1.46623  
171.600     1.46722  
171.700     1.46821  
171.800     1.46920  
171.900     1.47019  
172.000     1.47118  
172.100     1.47217  
172.200     1.47316  
172.300     1.47415  
172.400     1.47514  
172.500     1.47613  
172.600     1.47712  
172.700     1.47811  
172.800     1.47909  
172.900     1.48008  
173.000     1.48107  
173.100     1.48206  
173.200     1.48305  
173.300     1.48403  
173.400     1.48502  
173.500     1.48601  
173.600     1.48699  
173.700     1.48798  
173.800     1.48897  
173.900     1.48995  
174.000     1.49094  
174.100     1.49192  
174.200     1.49291  
174.300     1.49389  
174.400     1.49488  
174.500     1.49586  
174.600     1.49685  
174.700     1.49783  
174.800     1.49881  
174.900     1.49980  
175.000     1.50078  
175.100     1.50177  
175.200     1.50275  
175.300     1.50373  
175.400     1.50471  
175.500     1.50570  
175.600     1.50668  
175.700     1.50766  
175.800     1.50864  
175.900     1.50962  
176.000     1.51061  
176.100     1.51159  
176.200     1.51257  
176.300     1.51355  
176.400     1.51453  
176.500     1.51551  
176.600     1.51649  
176.700     1.51747  
176.800     1.51845  
176.900     1.51943  
177.000     1.52041  
177.100     1.52139  
177.200     1.52237  
177.300     1.52334  
177.400     1.52432  
177.500     1.52530  
177.600     1.52628  
177.700     1.52726  
177.800     1.52823  
177.900     1.52921  
178.000     1.53019  
178.100     1.53116  
178.200     1.53214  
178.300     1.53312  
178.400     1.53409  
178.500     1.53507  
178.600     1.53605  
178.700     1.53702  
178.800     1.53800  
178.900     1.53897  
179.000     1.53995  
179.100     1.54092  
179.200     1.54189  
179.300     1.54287  
179.400     1.54384  
179.500     1.54482  
179.600     1.54579  
179.700     1.54676  
179.800     1.54774  
179.900     1.54871  
180.000     1.54968  
180.100     1.55065  
180.200     1.55163  
180.300     1.55260  
180.400     1.55357  
180.500     1.55454  
180.600     1.55551  
180.700     1.55648  
180.800     1.55745  
180.900     1.55842  
181.000     1.55939  
181.100     1.56036  
181.200     1.56133  
181.300     1.56230  
181.400     1.56327  
181.500     1.56424  
181.600     1.56521  
181.700     1.56618  
181.800     1.56715  
181.900     1.56812  
182.000     1.56909  
182.100     1.57005  
182.200     1.57102  
182.300     1.57199  
182.400     1.57296  
182.500     1.57392  
182.600     1.57489  
182.700     1.57586  
182.800     1.57682  
182.900     1.57779  
183.000     1.57876  
183.100     1.57972  
183.200     1.58069  
183.300     1.58165  
183.400     1.58262  
183.500     1.58358  
183.600     1.58455  
183.700     1.58551  
183.800     1.58648  
183.900     1.58744  
184.000     1.58840  
184.100     1.58937  
184.200     1.59033  
184.300     1.59129  
184.400     1.59226  
184.500     1.59322  
184.600     1.59418  
184.700     1.59514  
184.800     1.59610  
184.900     1.59707  
185.000     1.59803  
185.100     1.59899  
185.200     1.59995  
185.300     1.60091  
185.400     1.60187  
185.500     1.60283  
185.600     1.60379  
185.700     1.60475  
185.800     1.60571  
185.900     1.60667  
186.000     1.60763  
186.100     1.60859  
186.200     1.60955  
186.300     1.61051  
186.400     1.61146  
186.500     1.61242  
186.600     1.61338  
186.700     1.61434  
186.800     1.61530  
186.900     1.61625  
187.000     1.61721  
187.100     1.61817  
187.200     1.61912  
187.300     1.62008  
187.400     1.62104  
187.500     1.62199  
187.600     1.62295  
187.700     1.62390  
187.800     1.62486  
187.900     1.62581  
188.000     1.62677  
188.100     1.62772  
188.200     1.62868  
188.300     1.62963  
188.400     1.63058  
188.500     1.63154  
188.600     1.63249  
188.700     1.63345  
188.800     1.63440  
188.900     1.63535  
189.000     1.63630  
189.100     1.63726  
189.200     1.63821  
189.300     1.63916  
189.400     1.64011  
189.500     1.64106  
189.600     1.64201  
189.700     1.64297  
189.800     1.64392  
189.900     1.64487  
190.000     1.64582  
190.100     1.64677  
190.200     1.64772  
190.300     1.64867  
190.400     1.64962  
190.500     1.65057  
190.600     1.65151  
190.700     1.65246  
190.800     1.65341  
190.900     1.65436  
191.000     1.65531  
191.100     1.65626  
191.200     1.65720  
191.300     1.65815  
191.400     1.65910  
191.500     1.66004  
191.600     1.66099  
191.700     1.66194  
191.800     1.66288  
191.900     1.66383  
192.000     1.66478  
192.100     1.66572  
192.200     1.66667  
192.300     1.66761  
192.400     1.66856  
192.500     1.66950  
192.600     1.67045  
192.700     1.67139  
192.800     1.67233  
192.900     1.67328  
193.000     1.67422  
193.100     1.67517  
193.200     1.67611  
193.300     1.67705  
193.400     1.67799  
193.500     1.67894  
193.600     1.67988  
193.700     1.68082  
193.800     1.68176  
193.900     1.68270  
194.000     1.68364  
194.100     1.68459  
194.200     1.68553  
194.300     1.68647  
194.400     1.68741  
194.500     1.68835  
194.600     1.68929  
194.700     1.69023  
194.800     1.69117  
194.900     1.69211  
195.000     1.69305  
195.100     1.69398  
195.200     1.69492  
195.300     1.69586  
195.400     1.69680  
195.500     1.69774  
195.600     1.69868  
195.700     1.69961  
195.800     1.70055  
195.900     1.70149  
196.000     1.70242  
196.100     1.70336  
196.200     1.70430  
196.300     1.70523  
196.400     1.70617  
196.500     1.70710  
196.600     1.70804  
196.700     1.70898  
196.800     1.70991  
196.900     1.71084  
197.000     1.71178  
197.100     1.71271  
197.200     1.71365  
197.300     1.71458  
197.400     1.71552  
197.500     1.71645  
197.600     1.71738  
197.700     1.71831  
197.800     1.71925  
197.900     1.72018  
198.000     1.72111  
198.100     1.72204  
198.200     1.72298  
198.300     1.72391  
198.400     1.72484  
198.500     1.72577  
198.600     1.72670  
198.700     1.72763  
198.800     1.72856  
198.900     1.72949  
199.000     1.73042  
199.100     1.73135  
199.200     1.73228  
199.300     1.73321  
199.400     1.73414  
199.500     1.73507  
199.600     1.73600  
199.700     1.73693  
199.800     1.73786  
199.900     1.73878  
200.000     1.73971  
200.100     1.74064  
200.200     1.74157  
200.300     1.74249  
200.400     1.74342  
200.500     1.74435  
200.600     1.74527  
200.700     1.74620  
200.800     1.74713  
200.900     1.74805  
201.000     1.74898  
201.100     1.74990  
201.200     1.75083  
201.300     1.75175  
201.400     1.75268  
201.500     1.75360  
201.600     1.75453  
201.700     1.75545  
201.800     1.75637  
201.900     1.75730  
202.000     1.75822  
202.100     1.75914  
202.200     1.76007  
202.300     1.76099  
202.400     1.76191  
202.500     1.76283  
202.600     1.76375  
202.700     1.76468  
202.800     1.76560  
202.900     1.76652  
203.000     1.76744  
203.100     1.76836  
203.200     1.76928  
203.300     1.77020  
203.400     1.77112  
203.500     1.77204  
203.600     1.77296  
203.700     1.77388  
203.800     1.77480  
203.900     1.77572  
204.000     1.77664  
204.100     1.77756  
204.200     1.77847  
204.300     1.77939  
204.400     1.78031  
204.500     1.78123  
204.600     1.78215  
204.700     1.78306  
204.800     1.78398  
204.900     1.78490  
205.000     1.78581  
205.100     1.78673  
205.200     1.78765  
205.300     1.78856  
205.400     1.78948  
205.500     1.79039  
205.600     1.79131  
205.700     1.79222  
205.800     1.79314  
205.900     1.79405  
206.000     1.79497  
206.100     1.79588  
206.200     1.79679  
206.300     1.79771  
206.400     1.79862  
206.500     1.79953  
206.600     1.80045  
206.700     1.80136  
206.800     1.80227  
206.900     1.80318  
207.000     1.80410  
207.100     1.80501  
207.200     1.80592  
207.300     1.80683  
207.400     1.80774  
207.500     1.80865  
207.600     1.80956  
207.700     1.81047  
207.800     1.81138  
207.900     1.81229  
208.000     1.81320  
208.100     1.81411  
208.200     1.81502  
208.300     1.81593  
208.400     1.81684  
208.500     1.81775  
208.600     1.81866  
208.700     1.81957  
208.800     1.82047  
208.900     1.82138  
209.000     1.82229  
209.100     1.82320  
209.200     1.82410  
209.300     1.82501  
209.400     1.82592  
209.500     1.82682  
209.600     1.82773  
209.700     1.82864  
209.800     1.82954  
209.900     1.83045  
210.000     1.83135  
210.100     1.83226  
210.200     1.83316  
210.300     1.83407  
210.400     1.83497  
210.500     1.83587  
210.600     1.83678  
210.700     1.83768  
210.800     1.83859  
210.900     1.83949  
211.000     1.84039  
211.100     1.84129  
211.200     1.84220  
211.300     1.84310  
211.400     1.84400  
211.500     1.84490  
211.600     1.84581  
211.700     1.84671  
211.800     1.84761  
211.900     1.84851  
212.000     1.84941  
212.100     1.85031  
212.200     1.85121  
212.300     1.85211  
212.400     1.85301  
212.500     1.85391  
212.600     1.85481  
212.700     1.85571  
212.800     1.85661  
212.900     1.85751  
213.000     1.85840  
213.100     1.85930  
213.200     1.86020  
213.300     1.86110  
213.400     1.86200  
213.500     1.86289  
213.600     1.86379  
213.700     1.86469  
213.800     1.86558  
213.900     1.86648  
214.000     1.86738  
214.100     1.86827  
214.200     1.86917  
214.300     1.87006  
214.400     1.87096  
214.500     1.87185  
214.600     1.87275  
214.700     1.87364  
214.800     1.87454  
214.900     1.87543  
215.000     1.87633  
215.100     1.87722  
215.200     1.87811  
215.300     1.87901  
215.400     1.87990  
215.500     1.88079  
215.600     1.88169  
215.700     1.88258  
215.800     1.88347  
215.900     1.88436  
216.000     1.88525  
216.100     1.88615  
216.200     1.88704  
216.300     1.88793  
216.400     1.88882  
216.500     1.88971  
216.600     1.89060  
216.700     1.89149  
216.800     1.89238  
216.900     1.89327  
217.000     1.89416  
217.100     1.89505  
217.200     1.89594  
217.300     1.89683  
217.400     1.89772  
217.500     1.89860  
217.600     1.89949  
217.700     1.90038  
217.800     1.90127  
217.900     1.90216  
218.000     1.90304  
218.100     1.90393  
218.200     1.90482  
218.300     1.90570  
218.400     1.90659  
218.500     1.90748  
218.600     1.90836  
218.700     1.90925  
218.800     1.91013  
218.900     1.91102  
219.000     1.91190  
219.100     1.91279  
219.200     1.91367  
219.300     1.91456  
219.400     1.91544  
219.500     1.91632  
219.600     1.91721  
219.700     1.91809  
219.800     1.91898  
219.900     1.91986  
220.000     1.92074  
220.100     1.92162  
220.200     1.92251  
220.300     1.92339  
220.400     1.92427  
220.500     1.92515  
220.600     1.92603  
220.700     1.92691  
220.800     1.92780  
220.900     1.92868  
221.000     1.92956  
221.100     1.93044  
221.200     1.93132  
221.300     1.93220  
221.400     1.93308  
221.500     1.93396  
221.600     1.93484  
221.700     1.93571  
221.800     1.93659  
221.900     1.93747  
222.000     1.93835  
222.100     1.93923  
222.200     1.94011  
222.300     1.94098  
222.400     1.94186  
222.500     1.94274  
222.600     1.94361  
222.700     1.94449  
222.800     1.94537  
222.900     1.94624  
223.000     1.94712  
223.100     1.94800  
223.200     1.94887  
223.300     1.94975  
223.400     1.95062  
223.500     1.95150  
223.600     1.95237  
223.700     1.95325  
223.800     1.95412  
223.900     1.95499  
224.000     1.95587  
224.100     1.95674  
224.200     1.95762  
224.300     1.95849  
224.400     1.95936  
224.500     1.96023  
224.600     1.96111  
224.700     1.96198  
224.800     1.96285  
224.900     1.96372  
225.000     1.96459  
225.100     1.96547  
225.200     1.96634  
225.300     1.96721  
225.400     1.96808  
225.500     1.96895  
225.600     1.96982  
225.700     1.97069  
225.800     1.97156  
225.900     1.97243  
226.000     1.97330  
226.100     1.97417  
226.200     1.97504  
226.300     1.97591  
226.400     1.97677  
226.500     1.97764  
226.600     1.97851  
226.700     1.97938  
226.800     1.98025  
226.900     1.98111  
227.000     1.98198  
227.100     1.98285  
227.200     1.98371  
227.300     1.98458  
227.400     1.98545  
227.500     1.98631  
227.600     1.98718  
227.700     1.98804  
227.800     1.98891  
227.900     1.98978  
228.000     1.99064  
228.100     1.99151  
228.200     1.99237  
228.300     1.99323  
228.400     1.99410  
228.500     1.99496  
228.600     1.99583  
228.700     1.99669  
228.800     1.99755  
228.900     1.99842  
229.000     1.99928  
229.100     2.00014  
229.200     2.00100  
229.300     2.00186  
229.400     2.00273  
229.500     2.00359  
229.600     2.00445  
229.700     2.00531  
229.800     2.00617  
229.900     2.00703  
230.000     2.00789  
230.100     2.00875  
230.200     2.00961  
230.300     2.01047  
230.400     2.01133  
230.500     2.01219  
230.600     2.01305  
230.700     2.01391  
230.800     2.01477  
230.900     2.01563  
231.000     2.01649  
231.100     2.01734  
231.200     2.01820  
231.300     2.01906  
231.400     2.01992  
231.500     2.02077  
231.600     2.02163  
231.700     2.02249  
231.800     2.02334  
231.900     2.02420  
232.000     2.02506  
232.100     2.02591  
232.200     2.02677  
232.300     2.02762  
232.400     2.02848  
232.500     2.02933  
232.600     2.03019  
232.700     2.03104  
232.800     2.03190  
232.900     2.03275  
233.000     2.03361  
233.100     2.03446  
233.200     2.03531  
233.300     2.03617  
233.400     2.03702  
233.500     2.03787  
233.600     2.03872  
233.700     2.03958  
233.800     2.04043  
233.900     2.04128  
234.000     2.04213  
234.100     2.04298  
234.200     2.04384  
234.300     2.04469  
234.400     2.04554  
234.500     2.04639  
234.600     2.04724  
234.700     2.04809  
234.800     2.04894  
234.900     2.04979  
235.000     2.05064  
235.100     2.05149  
235.200     2.05234  
235.300     2.05318  
235.400     2.05403  
235.500     2.05488  
235.600     2.05573  
235.700     2.05658  
235.800     2.05742  
235.900     2.05827  
236.000     2.05912  
236.100     2.05997  
236.200     2.06081  
236.300     2.06166  
236.400     2.06251  
236.500     2.06335  
236.600     2.06420  
236.700     2.06504  
236.800     2.06589  
236.900     2.06674  
237.000     2.06758  
237.100     2.06843  
237.200     2.06927  
237.300     2.07011  
237.400     2.07096  
237.500     2.07180  
237.600     2.07265  
237.700     2.07349  
237.800     2.07433  
237.900     2.07518  
238.000     2.07602  
238.100     2.07686  
238.200     2.07770  
238.300     2.07855  
238.400     2.07939  
238.500     2.08023  
238.600     2.08107  
238.700     2.08191  
238.800     2.08275  
238.900     2.08360  
239.000     2.08444  
239.100     2.08528  
239.200     2.08612  
239.300     2.08696  
239.400     2.08780  
239.500     2.08864  
239.600     2.08948  
239.700     2.09031  
239.800     2.09115  
239.900     2.09199  
240.000     2.09283  
240.100     2.09367  
240.200     2.09451  
240.300     2.09535  
240.400     2.09618  
240.500     2.09702  
240.600     2.09786  
240.700     2.09869  
240.800     2.09953  
240.900     2.10037  
241.000     2.10120  
241.100     2.10204  
241.200     2.10288  
241.300     2.10371  
241.400     2.10455  
241.500     2.10538  
241.600     2.10622  
241.700     2.10705  
241.800     2.10789  
241.900     2.10872  
242.000     2.10956  
242.100     2.11039  
242.200     2.11122  
242.300     2.11206  
242.400     2.11289  
242.500     2.11372  
242.600     2.11456  
242.700     2.11539  
242.800     2.11622  
242.900     2.11705  
243.000     2.11789  
243.100     2.11872  
243.200     2.11955  
243.300     2.12038  
243.400     2.12121  
243.500     2.12204  
243.600     2.12287  
243.700     2.12370  
243.800     2.12453  
243.900     2.12536  
244.000     2.12619  
244.100     2.12702  
244.200     2.12785  
244.300     2.12868  
244.400     2.12951  
244.500     2.13034  
244.600     2.13117  
244.700     2.13200  
244.800     2.13282  
244.900     2.13365  
245.000     2.13448  
245.100     2.13531  
245.200     2.13613  
245.300     2.13696  
245.400     2.13779  
245.500     2.13861  
245.600     2.13944  
245.700     2.14027  
245.800     2.14109  
245.900     2.14192  
246.000     2.14274  
246.100     2.14357  
246.200     2.14439  
246.300     2.14522  
246.400     2.14604  
246.500     2.14687  
246.600     2.14769  
246.700     2.14852  
246.800     2.14934  
246.900     2.15016  
247.000     2.15099  
247.100     2.15181  
247.200     2.15263  
247.300     2.15345  
247.400     2.15428  
247.500     2.15510  
247.600     2.15592  
247.700     2.15674  
247.800     2.15756  
247.900     2.15839  
248.000     2.15921  
248.100     2.16003  
248.200     2.16085  
248.300     2.16167  
248.400     2.16249  
248.500     2.16331  
248.600     2.16413  
248.700     2.16495  
248.800     2.16577  
248.900     2.16659  
249.000     2.16741  
249.100     2.16823  
249.200     2.16904  
249.300     2.16986  
249.400     2.17068  
249.500     2.17150  
249.600     2.17232  
249.700     2.17313  
249.800     2.17395  
249.900     2.17477  
250.000     2.17558  
250.100     2.17640  
250.200     2.17722  
250.300     2.17803  
250.400     2.17885  
250.500     2.17967  
250.600     2.18048  
250.700     2.18130  
250.800     2.18211  
250.900     2.18293  
251.000     2.18374  
251.100     2.18456  
251.200     2.18537  
251.300     2.18618  
251.400     2.18700  
251.500     2.18781  
251.600     2.18863  
251.700     2.18944  
251.800     2.19025  
251.900     2.19106  
252.000     2.19188  
252.100     2.19269  
252.200     2.19350  
252.300     2.19431  
252.400     2.19512  
252.500     2.19594  
252.600     2.19675  
252.700     2.19756  
252.800     2.19837  
252.900     2.19918  
253.000     2.19999  
253.100     2.20080  
253.200     2.20161  
253.300     2.20242  
253.400     2.20323  
253.500     2.20404  
253.600     2.20485  
253.700     2.20566  
253.800     2.20647  
253.900     2.20727  
254.000     2.20808  
254.100     2.20889  
254.200     2.20970  
254.300     2.21051  
254.400     2.21131  
254.500     2.21212  
254.600     2.21293  
254.700     2.21373  
254.800     2.21454  
254.900     2.21535  
255.000     2.21615  
255.100     2.21696  
255.200     2.21777  
255.300     2.21857  
255.400     2.21938  
255.500     2.22018  
255.600     2.22099  
255.700     2.22179  
255.800     2.22260  
255.900     2.22340  
256.000     2.22420  
256.100     2.22501  
256.200     2.22581  
256.300     2.22661  
256.400     2.22742  
256.500     2.22822  
256.600     2.22902  
256.700     2.22983  
256.800     2.23063  
256.900     2.23143  
257.000     2.23223  
257.100     2.23303  
257.200     2.23383  
257.300     2.23464  
257.400     2.23544  
257.500     2.23624  
257.600     2.23704  
257.700     2.23784  
257.800     2.23864  
257.900     2.23944  
258.000     2.24024  
258.100     2.24104  
258.200     2.24184  
258.300     2.24264  
258.400     2.24344  
258.500     2.24423  
258.600     2.24503  
258.700     2.24583  
258.800     2.24663  
258.900     2.24743  
259.000     2.24822  
259.100     2.24902  
259.200     2.24982  
259.300     2.25062  
259.400     2.25141  
259.500     2.25221  
259.600     2.25301  
259.700     2.25380  
259.800     2.25460  
259.900     2.25539  
260.000     2.25619  
260.100     2.25698  
260.200     2.25778  
260.300     2.25857  
260.400     2.25937  
260.500     2.26016  
260.600     2.26096  
260.700     2.26175  
260.800     2.26255  
260.900     2.26334  
261.000     2.26413  
261.100     2.26493  
261.200     2.26572  
261.300     2.26651  
261.400     2.26730  
261.500     2.26810  
261.600     2.26889  
261.700     2.26968  
261.800     2.27047  
261.900     2.27126  
262.000     2.27205  
262.100     2.27285  
262.200     2.27364  
262.300     2.27443  
262.400     2.27522  
262.500     2.27601  
262.600     2.27680  
262.700     2.27759  
262.800     2.27838  
262.900     2.27917  
263.000     2.27996  
263.100     2.28075  
263.200     2.28153  
263.300     2.28232  
263.400     2.28311  
263.500     2.28390  
263.600     2.28469  
263.700     2.28547  
263.800     2.28626  
263.900     2.28705  
264.000     2.28784  
264.100     2.28862  
264.200     2.28941  
264.300     2.29020  
264.400     2.29098  
264.500     2.29177  
264.600     2.29255  
264.700     2.29334  
264.800     2.29413  
264.900     2.29491  
265.000     2.29570  
265.100     2.29648  
265.200     2.29727  
265.300     2.29805  
265.400     2.29883  
265.500     2.29962  
265.600     2.30040  
265.700     2.30119  
265.800     2.30197  
265.900     2.30275  
266.000     2.30353  
266.100     2.30432  
266.200     2.30510  
266.300     2.30588  
266.400     2.30666  
266.500     2.30745  
266.600     2.30823  
266.700     2.30901  
266.800     2.30979  
266.900     2.31057  
267.000     2.31135  
267.100     2.31213  
267.200     2.31291  
267.300     2.31369  
267.400     2.31447  
267.500     2.31525  
267.600     2.31603  
267.700     2.31681  
267.800     2.31759  
267.900     2.31837  
268.000     2.31915  
268.100     2.31993  
268.200     2.32071  
268.300     2.32148  
268.400     2.32226  
268.500     2.32304  
268.600     2.32382  
268.700     2.32459  
268.800     2.32537  
268.900     2.32615  
269.000     2.32692  
269.100     2.32770  
269.200     2.32848  
269.300     2.32925  
269.400     2.33003  
269.500     2.33080  
269.600     2.33158  
269.700     2.33235  
269.800     2.33313  
269.900     2.33390  
270.000     2.33468  
270.100     2.33545  
270.200     2.33623  
270.300     2.33700  
270.400     2.33778  
270.500     2.33855  
270.600     2.33932  
270.700     2.34010  
270.800     2.34087  
270.900     2.34164  
271.000     2.34241  
271.100     2.34319  
271.200     2.34396  
271.300     2.34473  
271.400     2.34550  
271.500     2.34627  
271.600     2.34704  
271.700     2.34782  
271.800     2.34859  
271.900     2.34936  
272.000     2.35013  
272.100     2.35090  
272.200     2.35167  
272.300     2.35244  
272.400     2.35321  
272.500     2.35398  
272.600     2.35475  
272.700     2.35551  
272.800     2.35628  
272.900     2.35705  
273.000     2.35782  
273.100     2.35859  
273.200     2.35936  
273.300     2.36012  
273.400     2.36089  
273.500     2.36166  
273.600     2.36243  
273.700     2.36319  
273.800     2.36396  
273.900     2.36473  
274.000     2.36549  
274.100     2.36626  
274.200     2.36703  
274.300     2.36779  
274.400     2.36856  
274.500     2.36932  
274.600     2.37009  
274.700     2.37085  
274.800     2.37162  
274.900     2.37238  
275.000     2.37314  
275.100     2.37391  
275.200     2.37467  
275.300     2.37544  
275.400     2.37620  
275.500     2.37696  
275.600     2.37773  
275.700     2.37849  
275.800     2.37925  
275.900     2.38001  
276.000     2.38078  
276.100     2.38154  
276.200     2.38230  
276.300     2.38306  
276.400     2.38382  
276.500     2.38458  
276.600     2.38535  
276.700     2.38611  
276.800     2.38687  
276.900     2.38763  
277.000     2.38839  
277.100     2.38915  
277.200     2.38991  
277.300     2.39067  
277.400     2.39143  
277.500     2.39219  
277.600     2.39294  
277.700     2.39370  
277.800     2.39446  
277.900     2.39522  
278.000     2.39598  
278.100     2.39674  
278.200     2.39749  
278.300     2.39825  
278.400     2.39901  
278.500     2.39977  
278.600     2.40052  
278.700     2.40128  
278.800     2.40204  
278.900     2.40279  
279.000     2.40355  
279.100     2.40430  
279.200     2.40506  
279.300     2.40581  
279.400     2.40657  
279.500     2.40732  
279.600     2.40808  
279.700     2.40883  
279.800     2.40959  
279.900     2.41034  
280.000     2.41110  
280.100     2.41185  
280.200     2.41260  
280.300     2.41336  
280.400     2.41411  
280.500     2.41486  
280.600     2.41562  
280.700     2.41637  
280.800     2.41712  
280.900     2.41787  
281.000     2.41863  
281.100     2.41938  
281.200     2.42013  
281.300     2.42088  
281.400     2.42163  
281.500     2.42238  
281.600     2.42313  
281.700     2.42388  
281.800     2.42463  
281.900     2.42538  
282.000     2.42613  
282.100     2.42688  
282.200     2.42763  
282.300     2.42838  
282.400     2.42913  
282.500     2.42988  
282.600     2.43063  
282.700     2.43138  
282.800     2.43213  
282.900     2.43288  
283.000     2.43362  
283.100     2.43437  
283.200     2.43512  
283.300     2.43587  
283.400     2.43661  
283.500     2.43736  
283.600     2.43811  
283.700     2.43885  
283.800     2.43960  
283.900     2.44035  
284.000     2.44109  
284.100     2.44184  
284.200     2.44258  
284.300     2.44333  
284.400     2.44407  
284.500     2.44482  
284.600     2.44556  
284.700     2.44631  
284.800     2.44705  
284.900     2.44780  
285.000     2.44854  
285.100     2.44928  
285.200     2.45003  
285.300     2.45077  
285.400     2.45151  
285.500     2.45226  
285.600     2.45300  
285.700     2.45374  
285.800     2.45448  
285.900     2.45523  
286.000     2.45597  
286.100     2.45671  
286.200     2.45745  
286.300     2.45819  
286.400     2.45893  
286.500     2.45967  
286.600     2.46042  
286.700     2.46116  
286.800     2.46190  
286.900     2.46264  
287.000     2.46338  
287.100     2.46412  
287.200     2.46486  
287.300     2.46559  
287.400     2.46633  
287.500     2.46707  
287.600     2.46781  
287.700     2.46855  
287.800     2.46929  
287.900     2.47003  
288.000     2.47076  
288.100     2.47150  
288.200     2.47224  
288.300     2.47298  
288.400     2.47371  
288.500     2.47445  
288.600     2.47519  
288.700     2.47592  
288.800     2.47666  
288.900     2.47740  
289.000     2.47813  
289.100     2.47887  
289.200     2.47960  
289.300     2.48034  
289.400     2.48107  
289.500     2.48181  
289.600     2.48254  
289.700     2.48328  
289.800     2.48401  
289.900     2.48475  
290.000     2.48548  
290.100     2.48621  
290.200     2.48695  
290.300     2.48768  
290.400     2.48841  
290.500     2.48915  
290.600     2.48988  
290.700     2.49061  
290.800     2.49135  
290.900     2.49208  
291.000     2.49281  
291.100     2.49354  
291.200     2.49427  
291.300     2.49500  
291.400     2.49574  
291.500     2.49647  
291.600     2.49720  
291.700     2.49793  
291.800     2.49866  
291.900     2.49939  
292.000     2.50012  
292.100     2.50085  
292.200     2.50158  
292.300     2.50231  
292.400     2.50304  
292.500     2.50376  
292.600     2.50449  
292.700     2.50522  
292.800     2.50595  
292.900     2.50668  
293.000     2.50741  
293.100     2.50813  
293.200     2.50886  
293.300     2.50959  
293.400     2.51032  
293.500     2.51104  
293.600     2.51177  
293.700     2.51250  
293.800     2.51322  
293.900     2.51395  
294.000     2.51468  
294.100     2.51540  
294.200     2.51613  
294.300     2.51685  
294.400     2.51758  
294.500     2.51830  
294.600     2.51903  
294.700     2.51975  
294.800     2.52048  
294.900     2.52120  
295.000     2.52193  
295.100     2.52265  
295.200     2.52337  
295.300     2.52410  
295.400     2.52482  
295.500     2.52554  
295.600     2.52627  
295.700     2.52699  
295.800     2.52771  
295.900     2.52843  
296.000     2.52915  
296.100     2.52988  
296.200     2.53060  
296.300     2.53132  
296.400     2.53204  
296.500     2.53276  
296.600     2.53348  
296.700     2.53420  
296.800     2.53492  
296.900     2.53564  
297.000     2.53636  
297.100     2.53708  
297.200     2.53780  
297.300     2.53852  
297.400     2.53924  
297.500     2.53996  
297.600     2.54068  
297.700     2.54140  
297.800     2.54212  
297.900     2.54284  
298.000     2.54355  
298.100     2.54427  
298.200     2.54499  
298.300     2.54571  
298.400     2.54642  
298.500     2.54714  
298.600     2.54786  
298.700     2.54858  
298.800     2.54929  
298.900     2.55001  
299.000     2.55072  
299.100     2.55144  
299.200     2.55216  
299.300     2.55287  
299.400     2.55359  
299.500     2.55430  
299.600     2.55502  
299.700     2.55573  
299.800     2.55645  
299.900     2.55716  
300.000     2.55788  
300.100     2.55859  
300.200     2.55930  
300.300     2.56002  
300.400     2.56073  
300.500     2.56144  
300.600     2.56216  
300.700     2.56287  
300.800     2.56358  
300.900     2.56430  
301.000     2.56501  
301.100     2.56572  
301.200     2.56643  
301.300     2.56714  
301.400     2.56785  
301.500     2.56857  
301.600     2.56928  
301.700     2.56999  
301.800     2.57070  
301.900     2.57141  
302.000     2.57212  
302.100     2.57283  
302.200     2.57354  
302.300     2.57425  
302.400     2.57496  
302.500     2.57567  
302.600     2.57638  
302.700     2.57709  
302.800     2.57780  
302.900     2.57850  
303.000     2.57921  
303.100     2.57992  
303.200     2.58063  
303.300     2.58134  
303.400     2.58204  
303.500     2.58275  
303.600     2.58346  
303.700     2.58417  
303.800     2.58487  
303.900     2.58558  
304.000     2.58629  
304.100     2.58699  
304.200     2.58770  
304.300     2.58840  
304.400     2.58911  
304.500     2.58982  
304.600     2.59052  
304.700     2.59123  
304.800     2.59193  
304.900     2.59264  
305.000     2.59334  
305.100     2.59404  
305.200     2.59475  
305.300     2.59545  
305.400     2.59616  
305.500     2.59686  
305.600     2.59756  
305.700     2.59827  
305.800     2.59897  
305.900     2.59967  
306.000     2.60037  
306.100     2.60108  
306.200     2.60178  
306.300     2.60248  
306.400     2.60318  
306.500     2.60389  
306.600     2.60459  
306.700     2.60529  
306.800     2.60599  
306.900     2.60669  
307.000     2.60739  
307.100     2.60809  
307.200     2.60879  
307.300     2.60949  
307.400     2.61019  
307.500     2.61089  
307.600     2.61159  
307.700     2.61229  
307.800     2.61299  
307.900     2.61369  
308.000     2.61439  
308.100     2.61509  
308.200     2.61578  
308.300     2.61648  
308.400     2.61718  
308.500     2.61788  
308.600     2.61858  
308.700     2.61927  
308.800     2.61997  
308.900     2.62067  
309.000     2.62136  
309.100     2.62206  
309.200     2.62276  
309.300     2.62345  
309.400     2.62415  
309.500     2.62485  
309.600     2.62554  
309.700     2.62624  
309.800     2.62693  
309.900     2.62763  
310.000     2.62832  
310.100     2.62902  
310.200     2.62971  
310.300     2.63041  
310.400     2.63110  
310.500     2.63179  
310.600     2.63249  
310.700     2.63318  
310.800     2.63388  
310.900     2.63457  
311.000     2.63526  
311.100     2.63596  
311.200     2.63665  
311.300     2.63734  
311.400     2.63803  
311.500     2.63872  
311.600     2.63942  
311.700     2.64011  
311.800     2.64080  
311.900     2.64149  
312.000     2.64218  
312.100     2.64287  
312.200     2.64356  
312.300     2.64425  
312.400     2.64495  
312.500     2.64564  
312.600     2.64633  
312.700     2.64702  
312.800     2.64770  
312.900     2.64839  
313.000     2.64908  
313.100     2.64977  
313.200     2.65046  
313.300     2.65115  
313.400     2.65184  
313.500     2.65253  
313.600     2.65322  
313.700     2.65390  
313.800     2.65459  
313.900     2.65528  
314.000     2.65597  
314.100     2.65665  
314.200     2.65734  
314.300     2.65803  
314.400     2.65871  
314.500     2.65940  
314.600     2.66009  
314.700     2.66077  
314.800     2.66146  
314.900     2.66214  
315.000     2.66283  
315.100     2.66351  
315.200     2.66420  
315.300     2.66488  
315.400     2.66557  
315.500     2.66625  
315.600     2.66694  
315.700     2.66762  
315.800     2.66831  
315.900     2.66899  
316.000     2.66967  
316.100     2.67036  
316.200     2.67104  
316.300     2.67172  
316.400     2.67241  
316.500     2.67309  
316.600     2.67377  
316.700     2.67445  
316.800     2.67514  
316.900     2.67582  
317.000     2.67650  
317.100     2.67718  
317.200     2.67786  
317.300     2.67854  
317.400     2.67922  
317.500     2.67991  
317.600     2.68059  
317.700     2.68127  
317.800     2.68195  
317.900     2.68263  
318.000     2.68331  
318.100     2.68399  
318.200     2.68467  
318.300     2.68534  
318.400     2.68602  
318.500     2.68670  
318.600     2.68738  
318.700     2.68806  
318.800     2.68874  
318.900     2.68942  
319.000     2.69009  
319.100     2.69077  
319.200     2.69145  
319.300     2.69213  
319.400     2.69280  
319.500     2.69348  
319.600     2.69416  
319.700     2.69484  
319.800     2.69551  
319.900     2.69619  
320.000     2.69686  
320.100     2.69754  
320.200     2.69822  
320.300     2.69889  
320.400     2.69957  
320.500     2.70024  
320.600     2.70092  
320.700     2.70159  
320.800     2.70227  
320.900     2.70294  
321.000     2.70361  
321.100     2.70429  
321.200     2.70496  
321.300     2.70564  
321.400     2.70631  
321.500     2.70698  
321.600     2.70766  
321.700     2.70833  
321.800     2.70900  
321.900     2.70967  
322.000     2.71035  
322.100     2.71102  
322.200     2.71169  
322.300     2.71236  
322.400     2.71303  
322.500     2.71371  
322.600     2.71438  
322.700     2.71505  
322.800     2.71572  
322.900     2.71639  
323.000     2.71706  
323.100     2.71773  
323.200     2.71840  
323.300     2.71907  
323.400     2.71974  
323.500     2.72041  
323.600     2.72108  
323.700     2.72175  
323.800     2.72242  
323.900     2.72309  
324.000     2.72376  
324.100     2.72442  
324.200     2.72509  
324.300     2.72576  
324.400     2.72643  
324.500     2.72710  
324.600     2.72776  
324.700     2.72843  
324.800     2.72910  
324.900     2.72977  
325.000     2.73043  
325.100     2.73110  
325.200     2.73177  
325.300     2.73243  
325.400     2.73310  
325.500     2.73376  
325.600     2.73443  
325.700     2.73510  
325.800     2.73576  
325.900     2.73643  
326.000     2.73709  
326.100     2.73776  
326.200     2.73842  
326.300     2.73909  
326.400     2.73975  
326.500     2.74041  
326.600     2.74108  
326.700     2.74174  
326.800     2.74241  
326.900     2.74307  
327.000     2.74373  
327.100     2.74439  
327.200     2.74506  
327.300     2.74572  
327.400     2.74638  
327.500     2.74704  
327.600     2.74771  
327.700     2.74837  
327.800     2.74903  
327.900     2.74969  
328.000     2.75035  
328.100     2.75101  
328.200     2.75168  
328.300     2.75234  
328.400     2.75300  
328.500     2.75366  
328.600     2.75432  
328.700     2.75498  
328.800     2.75564  
328.900     2.75630  
329.000     2.75696  
329.100     2.75762  
329.200     2.75828  
329.300     2.75893  
329.400     2.75959  
329.500     2.76025  
329.600     2.76091  
329.700     2.76157  
329.800     2.76223  
329.900     2.76288  
330.000     2.76354  
330.100     2.76420  
330.200     2.76486  
330.300     2.76551  
330.400     2.76617  
330.500     2.76683  
330.600     2.76748  
330.700     2.76814  
330.800     2.76880  
330.900     2.76945  
331.000     2.77011  
331.100     2.77076  
331.200     2.77142  
331.300     2.77208  
331.400     2.77273  
331.500     2.77339  
331.600     2.77404  
331.700     2.77469  
331.800     2.77535  
331.900     2.77600  
332.000     2.77666  
332.100     2.77731  
332.200     2.77797  
332.300     2.77862  
332.400     2.77927  
332.500     2.77993  
332.600     2.78058  
332.700     2.78123  
332.800     2.78188  
332.900     2.78254  
333.000     2.78319  
333.100     2.78384  
333.200     2.78449  
333.300     2.78514  
333.400     2.78580  
333.500     2.78645  
333.600     2.78710  
333.700     2.78775  
333.800     2.78840  
333.900     2.78905  
334.000     2.78970  
334.100     2.79035  
334.200     2.79100  
334.300     2.79165  
334.400     2.79230  
334.500     2.79295  
334.600     2.79360  
334.700     2.79425  
334.800     2.79490  
334.900     2.79555  
335.000     2.79620  
335.100     2.79684  
335.200     2.79749  
335.300     2.79814  
335.400     2.79879  
335.500     2.79944  
335.600     2.80008  
335.700     2.80073  
335.800     2.80138  
335.900     2.80202  
336.000     2.80267  
336.100     2.80332  
336.200     2.80396  
336.300     2.80461  
336.400     2.80526  
336.500     2.80590  
336.600     2.80655  
336.700     2.80719  
336.800     2.80784  
336.900     2.80848  
337.000     2.80913  
337.100     2.80977  
337.200     2.81042  
337.300     2.81106  
337.400     2.81171  
337.500     2.81235  
337.600     2.81300  
337.700     2.81364  
337.800     2.81428  
337.900     2.81493  
338.000     2.81557  
338.100     2.81621  
338.200     2.81686  
338.300     2.81750  
338.400     2.81814  
338.500     2.81878  
338.600     2.81943  
338.700     2.82007  
338.800     2.82071  
338.900     2.82135  
339.000     2.82199  
339.100     2.82263  
339.200     2.82328  
339.300     2.82392  
339.400     2.82456  
339.500     2.82520  
339.600     2.82584  
339.700     2.82648  
339.800     2.82712  
339.900     2.82776  
340.000     2.82840  
340.100     2.82904  
340.200     2.82968  
340.300     2.83032  
340.400     2.83095  
340.500     2.83159  
340.600     2.83223  
340.700     2.83287  
340.800     2.83351  
340.900     2.83415  
341.000     2.83479  
341.100     2.83542  
341.200     2.83606  
341.300     2.83670  
341.400     2.83733  
341.500     2.83797  
341.600     2.83861  
341.700     2.83925  
341.800     2.83988  
341.900     2.84052  
342.000     2.84115  
342.100     2.84179  
342.200     2.84243  
342.300     2.84306  
342.400     2.84370  
342.500     2.84433  
342.600     2.84497  
342.700     2.84560  
342.800     2.84624  
342.900     2.84687  
343.000     2.84751  
343.100     2.84814  
343.200     2.84877  
343.300     2.84941  
343.400     2.85004  
343.500     2.85068  
343.600     2.85131  
343.700     2.85194  
343.800     2.85257  
343.900     2.85321  
344.000     2.85384  
344.100     2.85447  
344.200     2.85510  
344.300     2.85574  
344.400     2.85637  
344.500     2.85700  
344.600     2.85763  
344.700     2.85826  
344.800     2.85889  
344.900     2.85953  
345.000     2.86016  
345.100     2.86079  
345.200     2.86142  
345.300     2.86205  
345.400     2.86268  
345.500     2.86331  
345.600     2.86394  
345.700     2.86457  
345.800     2.86520  
345.900     2.86583  
346.000     2.86645  
346.100     2.86708  
346.200     2.86771  
346.300     2.86834  
346.400     2.86897  
346.500     2.86960  
346.600     2.87023  
346.700     2.87085  
346.800     2.87148  
346.900     2.87211  
347.000     2.87274  
347.100     2.87336  
347.200     2.87399  
347.300     2.87462  
347.400     2.87524  
347.500     2.87587  
347.600     2.87650  
347.700     2.87712  
347.800     2.87775  
347.900     2.87837  
348.000     2.87900  
348.100     2.87962  
348.200     2.88025  
348.300     2.88087  
348.400     2.88150  
348.500     2.88212  
348.600     2.88275  
348.700     2.88337  
348.800     2.88400  
348.900     2.88462  
349.000     2.88525  
349.100     2.88587  
349.200     2.88649  
349.300     2.88712  
349.400     2.88774  
349.500     2.88836  
349.600     2.88898  
349.700     2.88961  
349.800     2.89023  
349.900     2.89085  
350.000     2.89147  