0.000     0.00000  
  0.100     2.39325  
  0.200     6.79975  
  0.300    11.20178  
  0.400    15.29555  
  0.500    19.02050  
  0.600    22.37839  
  0.700    25.39245  
  0.800    28.09342  
  0.900    30.51365  
  1.000    32.68429  
  1.100    34.63408  
  1.200    36.38888  
  1.300    37.97159  
  1.400    39.40234  
  1.500    40.69871  
  1.600    41.87602  
  1.700    42.94762  
  1.800    43.92511  
  1.900    44.81860  
  2.000    45.63694  
  2.100    46.38785  
  2.200    47.07810  
  2.300    47.71364  
  2.400    48.29972  
  2.500    48.84096  
  2.600    49.34147  
  2.700    49.80488  
  2.800    50.23444  
  2.900    50.63304  
  3.000    51.00326  
  3.100    51.34743  
  3.200    51.66762  
  3.300    51.96572  
  3.400    52.24343  
  3.500    52.50227  
  3.600    52.74364  
  3.700    52.96881  
  3.800    53.17891  
  3.900    53.37501  
  4.000    53.55805  
  4.100    53.72892  
  4.200    53.88843  
  4.300    54.03729  
  4.400    54.17621  
  4.500    54.30579  
  4.600    54.42662  
  4.700    54.53923  
  4.800    54.64411  
  4.900    54.74171  
  5.000    54.83247  
  5.100    54.91679  
  5.200    54.99502  
  5.300    55.06746  
  5.400    55.13445  
  5.500    55.19629  
  5.600    55.25330  
  5.700    55.30570  
  5.800    55.35371  
  5.900    55.39758  
  6.000    55.43750  
  6.100    55.47371  
  6.200    55.50637  
  6.300    55.53564  
  6.400    55.56170  
  6.500    55.58470  
  6.600    55.60480  
  6.700    55.62213  
  6.800    55.63681  
  6.900    55.64896  
  7.000    55.65870  
  7.100    55.66616  
  7.200    55.67142  
  7.300    55.67459  
  7.400    55.67575  
  7.500    55.67499  
  7.600    55.67240  
  7.700    55.66807  
  7.800    55.66205  
  7.900    55.65442  
  8.000    55.64525  
  8.100    55.63462  
  8.200    55.62257  
  8.300    55.60916  
  8.400    55.59445  
  8.500    55.57849  
  8.600    55.56134  
  8.700    55.54305  
  8.800    55.52364  
  8.900    55.50318  
  9.000    55.48171  
  9.100    55.45925  
  9.200    55.43586  
  9.300    55.41157  
  9.400    55.38641  
  9.500    55.36041  
  9.600    55.33362  
  9.700    55.30605  
  9.800    55.27774  
  9.900    55.24872  
 10.000    55.21901  
 10.100    55.18865  
 10.200    55.15766  
 10.300    55.12605  
 10.400    55.09385  
 10.500    55.06108  
 10.600    55.02776  
 10.700    54.99391  
 10.800    54.95955  
 10.900    54.92470  
 11.000    54.88939  
 11.100    54.85362  
 11.200    54.81743  
 11.300    54.78082  
 11.400    54.74380  
 11.500    54.70639  
 11.600    54.66861  
 11.700    54.63046  
 11.800    54.59196  
 11.900    54.55313  
 12.000    54.51397  
 12.100    54.47451  
 12.200    54.43475  
 12.300    54.39470  
 12.400    54.35437  
 12.500    54.31377  
 12.600    54.27292  
 12.700    54.23181  
 12.800    54.19046  
 12.900    54.14889  
 13.000    54.10709  
 13.100    54.06508  
 13.200    54.02287  
 13.300    53.98046  
 13.400    53.93786  
 13.500    53.89508  
 13.600    53.85213  
 13.700    53.80900  
 13.800    53.76571  
 13.900    53.72226  
 14.000    53.67867  
 14.100    53.63493  
 14.200    53.59106  
 14.300    53.54706  
 14.400    53.50292  
 14.500    53.45867  
 14.600    53.41430  
 14.700    53.36982  
 14.800    53.32523  
 14.900    53.28054  
 15.000    53.23575  
 15.100    53.19087  
 15.200    53.14590  
 15.300    53.10084  
 15.400    53.05571  
 15.500    53.01049  
 15.600    52.96521  
 15.700    52.91985  
 15.800    52.87442  
 15.900    52.82894  
 16.000    52.78339  
 16.100    52.73778  
 16.200    52.69213  
 16.300    52.64642  
 16.400    52.60067  
 16.500    52.55487  
 16.600    52.50903  
 16.700    52.46314  
 16.800    52.41723  
 16.900    52.37127  
 17.000    52.32529  
 17.100    52.27927  
 17.200    52.23323  
 17.300    52.18717  
 17.400    52.14108  
 17.500    52.09497  
 17.600    52.04884  
 17.700    52.00269  
 17.800    51.95653  
 17.900    51.91036  
 18.000    51.86417  
 18.100    51.81798  
 18.200    51.77178  
 18.300    51.72557  
 18.400    51.67936  
 18.500    51.63314  
 18.600    51.58692  
 18.700    51.54071  
 18.800    51.49449  
 18.900    51.44828  
 19.000    51.40207  
 19.100    51.35587  
 19.200    51.30967  
 19.300    51.26348  
 19.400    51.21731  
 19.500    51.17114  
 19.600    51.12498  
 19.700    51.07884  
 19.800    51.03271  
 19.900    50.98659  
 20.000    50.94050  
 20.100    50.89441  
 20.200    50.84835  
 20.300    50.80231  
 20.400    50.75628  
 20.500    50.71027  
 20.600    50.66429  
 20.700    50.61833  
 20.800    50.57239  
 20.900    50.52648  
 21.000    50.48059  
 21.100    50.43472  
 21.200    50.38888  
 21.300    50.34307  
 21.400    50.29729  
 21.500    50.25153  
 21.600    50.20581  
 21.700    50.16011  
 21.800    50.11444  
 21.900    50.06880  
 22.000    50.02320  
 22.100    49.97762  
 22.200    49.93208  
 22.300    49.88657  
 22.400    49.84110  
 22.500    49.79566  
 22.600    49.75025  
 22.700    49.70488  
 22.800    49.65954  
 22.900    49.61424  
 23.000    49.56897  
 23.100    49.52374  
 23.200    49.47855  
 23.300    49.43339  
 23.400    49.38827  
 23.500    49.34319  
 23.600    49.29815  
 23.700    49.25315  
 23.800    49.20819  
 23.900    49.16326  
 24.000    49.11838  
 24.100    49.07353  
 24.200    49.02873  
 24.300    48.98396  
 24.400    48.93924  
 24.500    48.89456  
 24.600    48.84992  
 24.700    48.80532  
 24.800    48.76076  
 24.900    48.71624  
 25.000    48.67177  
 25.100    48.62734  
 25.200    48.58295  
 25.300    48.53861  
 25.400    48.49430  
 25.500    48.45004  
 25.600    48.40583  
 25.700    48.36166  
 25.800    48.31753  
 25.900    48.27344  
 26.000    48.22940  
 26.100    48.18541  
 26.200    48.14146  
 26.300    48.09755  
 26.400    48.05369  
 26.500    48.00987  
 26.600    47.96610  
 26.700    47.92237  
 26.800    47.87868  
 26.900    47.83505  
 27.000    47.79145  
 27.100    47.74791  
 27.200    47.70441  
 27.300    47.66095  
 27.400    47.61754  
 27.500    47.57418  
 27.600    47.53086  
 27.700    47.48759  
 27.800    47.44436  
 27.900    47.40118  
 28.000    47.35804  
 28.100    47.31496  
 28.200    47.27191  
 28.300    47.22892  
 28.400    47.18597  
 28.500    47.14306  
 28.600    47.10021  
 28.700    47.05740  
 28.800    47.01463  
 28.900    46.97192  
 29.000    46.92924  
 29.100    46.88662  
 29.200    46.84404  
 29.300    46.80151  
 29.400    46.75902  
 29.500    46.71659  
 29.600    46.67419  
 29.700    46.63185  
 29.800    46.58955  
 29.900    46.54730  
 30.000    46.50509  
 30.100    46.46293  
 30.200    46.42082  
 30.300    46.37876  
 30.400    46.33674  
 30.500    46.29476  
 30.600    46.25284  
 30.700    46.21096  
 30.800    46.16912  
 30.900    46.12734  
 31.000    46.08560  
 31.100    46.04390  
 31.200    46.00226  
 31.300    45.96066  
 31.400    45.91910  
 31.500    45.87759  
 31.600    45.83613  
 31.700    45.79472  
 31.800    45.75335  
 31.900    45.71202  
 32.000    45.67075  
 32.100    45.62952  
 32.200    45.58833  
 32.300    45.54719  
 32.400    45.50610  
 32.500    45.46506  
 32.600    45.42406  
 32.700    45.38310  
 32.800    45.34219  
 32.900    45.30133  
 33.000    45.26051  
 33.100    45.21974  
 33.200    45.17902  
 33.300    45.13834  
 33.400    45.09770  
 33.500    45.05711  
 33.600    45.01657  
 33.700    44.97607  
 33.800    44.93562  
 33.900    44.89521  
 34.000    44.85485  
 34.100    44.81453  
 34.200    44.77426  
 34.300    44.73404  
 34.400    44.69385  
 34.500    44.65372  
 34.600    44.61363  
 34.700    44.57358  
 34.800    44.53358  
 34.900    44.49362  
 35.000    44.45371  
 35.100    44.41384  
 35.200    44.37401  
 35.300    44.33423  
 35.400    44.29450  
 35.500    44.25481  
 35.600    44.21516  
 35.700    44.17556  
 35.800    44.13600  
 35.900    44.09649  
 36.000    44.05702  
 36.100    44.01759  
 36.200    43.97821  
 36.300    43.93887  
 36.400    43.89958  
 36.500    43.86032  
 36.600    43.82112  
 36.700    43.78195  
 36.800    43.74283  
 36.900    43.70375  
 37.000    43.66472  
 37.100    43.62573  
 37.200    43.58678  
 37.300    43.54788  
 37.400    43.50901  
 37.500    43.47019  
 37.600    43.43142  
 37.700    43.39268  
 37.800    43.35399  
 37.900    43.31534  
 38.000    43.27674  
 38.100    43.23818  
 38.200    43.19965  
 38.300    43.16118  
 38.400    43.12274  
 38.500    43.08434  
 38.600    43.04599  
 38.700    43.00768  
 38.800    42.96941  
 38.900    42.93119  
 39.000    42.89300  
 39.100    42.85486  
 39.200    42.81676  
 39.300    42.77870  
 39.400    42.74068  
 39.500    42.70270  
 39.600    42.66476  
 39.700    42.62687  
 39.800    42.58902  
 39.900    42.55120  
 40.000    42.51343  
 40.100    42.47570  
 40.200    42.43801  
 40.300    42.40036  
 40.400    42.36275  
 40.500    42.32518  
 40.600    42.28766  
 40.700    42.25017  
 40.800    42.21272  
 40.900    42.17531  
 41.000    42.13795  
 41.100    42.10062  
 41.200    42.06333  
 41.300    42.02609  
 41.400    41.98888  
 41.500    41.95171  
 41.600    41.91459  
 41.700    41.87750  
 41.800    41.84045  
 41.900    41.80344  
 42.000    41.76647  
 42.100    41.72954  
 42.200    41.69265  
 42.300    41.65580  
 42.400    41.61899  
 42.500    41.58222  
 42.600    41.54548  
 42.700    41.50879  
 42.800    41.47213  
 42.900    41.43551  
 43.000    41.39893  
 43.100    41.36239  
 43.200    41.32589  
 43.300    41.28942  
 43.400    41.25300  
 43.500    41.21661  
 43.600    41.18026  
 43.700    41.14395  
 43.800    41.10768  
 43.900    41.07144  
 44.000    41.03524  
 44.100    40.99908  
 44.200    40.96296  
 44.300    40.92687  
 44.400    40.89083  
 44.500    40.85482  
 44.600    40.81885  
 44.700    40.78291  
 44.800    40.74701  
 44.900    40.71115  
 45.000    40.67533  
 45.100    40.63954  
 45.200    40.60379  
 45.300    40.56808  
 45.400    40.53240  
 45.500    40.49676  
 45.600    40.46116  
 45.700    40.42559  
 45.800    40.39006  
 45.900    40.35457  
 46.000    40.31911  
 46.100    40.28369  
 46.200    40.24830  
 46.300    40.21295  
 46.400    40.17764  
 46.500    40.14236  
 46.600    40.10712  
 46.700    40.07192  
 46.800    40.03675  
 46.900    40.00161  
 47.000    39.96651  
 47.100    39.93145  
 47.200    39.89642  
 47.300    39.86143  
 47.400    39.82647  
 47.500    39.79155  
 47.600    39.75666  
 47.700    39.72181  
 47.800    39.68699  
 47.900    39.65221  
 48.000    39.61746  
 48.100    39.58275  
 48.200    39.54807  
 48.300    39.51343  
 48.400    39.47882  
 48.500    39.44425  
 48.600    39.40971  
 48.700    39.37520  
 48.800    39.34073  
 48.900    39.30629  
 49.000    39.27189  
 49.100    39.23752  
 49.200    39.20319  
 49.300    39.16889  
 49.400    39.13462  
 49.500    39.10039  
 49.600    39.06619  
 49.700    39.03202  
 49.800    38.99789  
 49.900    38.96379  
 50.000    38.92972  
 50.100    38.89569  
 50.200    38.86169  
 50.300    38.82772  
 50.400    38.79378  
 50.500    38.75988  
 50.600    38.72601  
 50.700    38.69218  
 50.800    38.65838  
 50.900    38.62461  
 51.000    38.59087  
 51.100    38.55717  
 51.200    38.52350  
 51.300    38.48986  
 51.400    38.45625  
 51.500    38.42268  
 51.600    38.38914  
 51.700    38.35563  
 51.800    38.32215  
 51.900    38.28871  
 52.000    38.25529  
 52.100    38.22191  
 52.200    38.18857  
 52.300    38.15525  
 52.400    38.12196  
 52.500    38.08871  
 52.600    38.05549  
 52.700    38.02230  
 52.800    37.98914  
 52.900    37.95601  
 53.000    37.92292  
 53.100    37.88985  
 53.200    37.85682  
 53.300    37.82382  
 53.400    37.79085  
 53.500    37.75791  
 53.600    37.72500  
 53.700    37.69212  
 53.800    37.65927  
 53.900    37.62646  
 54.000    37.59367  
 54.100    37.56092  
 54.200    37.52819  
 54.300    37.49550  
 54.400    37.46284  
 54.500    37.43020  
 54.600    37.39760  
 54.700    37.36503  
 54.800    37.33249  
 54.900    37.29997  
 55.000    37.26749  
 55.100    37.23504  
 55.200    37.20262  
 55.300    37.17023  
 55.400    37.13787  
 55.500    37.10554  
 55.600    37.07323  
 55.700    37.04096  
 55.800    37.00872  
 55.900    36.97650  
 56.000    36.94432  
 56.100    36.91217  
 56.200    36.88004  
 56.300    36.84795  
 56.400    36.81588  
 56.500    36.78384  
 56.600    36.75184  
 56.700    36.71986  
 56.800    36.68791  
 56.900    36.65599  
 57.000    36.62409  
 57.100    36.59223  
 57.200    36.56040  
 57.300    36.52859  
 57.400    36.49681  
 57.500    36.46507  
 57.600    36.43335  
 57.700    36.40166  
 57.800    36.36999  
 57.900    36.33836  
 58.000    36.30675  
 58.100    36.27518  
 58.200    36.24363  
 58.300    36.21211  
 58.400    36.18061  
 58.500    36.14915  
 58.600    36.11771  
 58.700    36.08630  
 58.800    36.05492  
 58.900    36.02357  
 59.000    35.99224  
 59.100    35.96095  
 59.200    35.92968  
 59.300    35.89843  
 59.400    35.86722  
 59.500    35.83603  
 59.600    35.80487  
 59.700    35.77374  
 59.800    35.74263  
 59.900    35.71156  
 60.000    35.68051  
 60.100    35.64948  
 60.200    35.61849  
 60.300    35.58752  
 60.400    35.55658  
 60.500    35.52566  
 60.600    35.49477  
 60.700    35.46391  
 60.800    35.43308  
 60.900    35.40227  
 61.000    35.37149  
 61.100    35.34073  
 61.200    35.31001  
 61.300    35.27930  
 61.400    35.24863  
 61.500    35.21798  
 61.600    35.18736  
 61.700    35.15676  
 61.800    35.12619  
 61.900    35.09565  
 62.000    35.06513  
 62.100    35.03464  
 62.200    35.00418  
 62.300    34.97374  
 62.400    34.94333  
 62.500    34.91294  
 62.600    34.88258  
 62.700    34.85225  
 62.800    34.82194  
 62.900    34.79165  
 63.000    34.76140  
 63.100    34.73117  
 63.200    34.70096  
 63.300    34.67078  
 63.400    34.64062  
 63.500    34.61049  
 63.600    34.58039  
 63.700    34.55031  
 63.800    34.52025  
 63.900    34.49023  
 64.000    34.46022  
 64.100    34.43024  
 64.200    34.40029  
 64.300    34.37036  
 64.400    34.34046  
 64.500    34.31058  
 64.600    34.28073  
 64.700    34.25090  
 64.800    34.22110  
 64.900    34.19132  
 65.000    34.16156  
 65.100    34.13184  
 65.200    34.10213  
 65.300    34.07245  
 65.400    34.04280  
 65.500    34.01316  
 65.600    33.98356  
 65.700    33.95398  
 65.800    33.92442  
 65.900    33.89488  
 66.000    33.86537  
 66.100    33.83589  
 66.200    33.80643  
 66.300    33.77699  
 66.400    33.74758  
 66.500    33.71819  
 66.600    33.68883  
 66.700    33.65949  
 66.800    33.63017  
 66.900    33.60088  
 67.000    33.57161  
 67.100    33.54236  
 67.200    33.51314  
 67.300    33.48394  
 67.400    33.45477  
 67.500    33.42562  
 67.600    33.39649  
 67.700    33.36739  
 67.800    33.33831  
 67.900    33.30925  
 68.000    33.28022  
 68.100    33.25121  
 68.200    33.22222  
 68.300    33.19326  
 68.400    33.16432  
 68.500    33.13540  
 68.600    33.10650  
 68.700    33.07763  
 68.800    33.04879  
 68.900    33.01996  
 69.000    32.99116  
 69.100    32.96238  
 69.200    32.93362  
 69.300    32.90489  
 69.400    32.87618  
 69.500    32.84749  
 69.600    32.81883  
 69.700    32.79018  
 69.800    32.76156  
 69.900    32.73296  
 70.000    32.70439  
 70.100    32.67584  
 70.200    32.64731  
 70.300    32.61880  
 70.400    32.59031  
 70.500    32.56185  
 70.600    32.53341  
 70.700    32.50499  
 70.800    32.47660  
 70.900    32.44822  
 71.000    32.41987  
 71.100    32.39154  
 71.200    32.36323  
 71.300    32.33495  
 71.400    32.30668  
 71.500    32.27844  
 71.600    32.25022  
 71.700    32.22202  
 71.800    32.19385  
 71.900    32.16569  
 72.000    32.13756  
 72.100    32.10945  
 72.200    32.08136  
 72.300    32.05329  
 72.400    32.02525  
 72.500    31.99722  
 72.600    31.96922  
 72.700    31.94124  
 72.800    31.91328  
 72.900    31.88534  
 73.000    31.85742  
 73.100    31.82952  
 73.200    31.80165  
 73.300    31.77379  
 73.400    31.74596  
 73.500    31.71815  
 73.600    31.69036  
 73.700    31.66259  
 73.800    31.63484  
 73.900    31.60712  
 74.000    31.57941  
 74.100    31.55172  
 74.200    31.52406  
 74.300    31.49642  
 74.400    31.46879  
 74.500    31.44119  
 74.600    31.41361  
 74.700    31.38605  
 74.800    31.35851  
 74.900    31.33099  
 75.000    31.30349  
 75.100    31.27602  
 75.200    31.24856  
 75.300    31.22112  
 75.400    31.19370  
 75.500    31.16631  
 75.600    31.13893  
 75.700    31.11158  
 75.800    31.08424  
 75.900    31.05693  
 76.000    31.02963  
 76.100    31.00236  
 76.200    30.97510  
 76.300    30.94787  
 76.400    30.92066  
 76.500    30.89346  
 76.600    30.86629  
 76.700    30.83914  
 76.800    30.81200  
 76.900    30.78489  
 77.000    30.75780  
 77.100    30.73072  
 77.200    30.70367  
 77.300    30.67663  
 77.400    30.64962  
 77.500    30.62262  
 77.600    30.59565  
 77.700    30.56869  
 77.800    30.54176  
 77.900    30.51484  
 78.000    30.48795  
 78.100    30.46107  
 78.200    30.43421  
 78.300    30.40737  
 78.400    30.38055  
 78.500    30.35375  
 78.600    30.32697  
 78.700    30.30021  
 78.800    30.27347  
 78.900    30.24675  
 79.000    30.22005  
 79.100    30.19336  
 79.200    30.16670  
 79.300    30.14005  
 79.400    30.11343  
 79.500    30.08682  
 79.600    30.06023  
 79.700    30.03367  
 79.800    30.00712  
 79.900    29.98058  
 80.000    29.95407  
 80.100    29.92758  
 80.200    29.90110  
 80.300    29.87465  
 80.400    29.84821  
 80.500    29.82179  
 80.600    29.79540  
 80.700    29.76901  
 80.800    29.74265  
 80.900    29.71631  
 81.000    29.68999  
 81.100    29.66368  
 81.200    29.63739  
 81.300    29.61112  
 81.400    29.58487  
 81.500    29.55864  
 81.600    29.53243  
 81.700    29.50623  
 81.800    29.48005  
 81.900    29.45390  
 82.000    29.42776  
 82.100    29.40163  
 82.200    29.37553  
 82.300    29.34944  
 82.400    29.32338  
 82.500    29.29733  
 82.600    29.27130  
 82.700    29.24528  
 82.800    29.21929  
 82.900    29.19331  
 83.000    29.16735  
 83.100    29.14141  
 83.200    29.11549  
 83.300    29.08958  
 83.400    29.06370  
 83.500    29.03783  
 83.600    29.01198  
 83.700    28.98614  
 83.800    28.96033  
 83.900    28.93453  
 84.000    28.90875  
 84.100    28.88299  
 84.200    28.85724  
 84.300    28.83151  
 84.400    28.80580  
 84.500    28.78011  
 84.600    28.75444  
 84.700    28.72878  
 84.800    28.70314  
 84.900    28.67752  
 85.000    28.65191  
 85.100    28.62633  
 85.200    28.60076  
 85.300    28.57520  
 85.400    28.54967  
 85.500    28.52415  
 85.600    28.49865  
 85.700    28.47317  
 85.800    28.44770  
 85.900    28.42225  
 86.000    28.39682  
 86.100    28.37140  
 86.200    28.34601  
 86.300    28.32062  
 86.400    28.29526  
 86.500    28.26991  
 86.600    28.24458  
 86.700    28.21927  
 86.800    28.19398  
 86.900    28.16870  
 87.000    28.14344  
 87.100    28.11819  
 87.200    28.09296  
 87.300    28.06775  
 87.400    28.04256  
 87.500    28.01738  
 87.600    27.99222  
 87.700    27.96707  
 87.800    27.94194  
 87.900    27.91683  
 88.000    27.89174  
 88.100    27.86666  
 88.200    27.84160  
 88.300    27.81656  
 88.400    27.79153  
 88.500    27.76652  
 88.600    27.74152  
 88.700    27.71654  
 88.800    27.69158  
 88.900    27.66663  
 89.000    27.64170  
 89.100    27.61679  
 89.200    27.59189  
 89.300    27.56701  
 89.400    27.54215  
 89.500    27.51730  
 89.600    27.49247  
 89.700    27.46765  
 89.800    27.44285  
 89.900    27.41807  
 90.000    27.39330  
 90.100    27.36855  
 90.200    27.34381  
 90.300    27.31910  
 90.400    27.29439  
 90.500    27.26971  
 90.600    27.24503  
 90.700    27.22038  
 90.800    27.19574  
 90.900    27.17112  
 91.000    27.14651  
 91.100    27.12192  
 91.200    27.09734  
 91.300    27.07278  
 91.400    27.04824  
 91.500    27.02371  
 91.600    26.99920  
 91.700    26.97470  
 91.800    26.95022  
 91.900    26.92575  
 92.000    26.90130  
 92.100    26.87687  
 92.200    26.85245  
 92.300    26.82804  
 92.400    26.80366  
 92.500    26.77928  
 92.600    26.75493  
 92.700    26.73059  
 92.800    26.70626  
 92.900    26.68195  
 93.000    26.65766  
 93.100    26.63338  
 93.200    26.60911  
 93.300    26.58486  
 93.400    26.56063  
 93.500    26.53641  
 93.600    26.51221  
 93.700    26.48802  
 93.800    26.46385  
 93.900    26.43969  
 94.000    26.41555  
 94.100    26.39142  
 94.200    26.36731  
 94.300    26.34321  
 94.400    26.31913  
 94.500    26.29506  
 94.600    26.27101  
 94.700    26.24697  
 94.800    26.22295  
 94.900    26.19894  
 95.000    26.17495  
 95.100    26.15098  
 95.200    26.12702  
 95.300    26.10307  
 95.400    26.07914  
 95.500    26.05522  
 95.600    26.03132  
 95.700    26.00743  
 95.800    25.98356  
 95.900    25.95970  
 96.000    25.93585  
 96.100    25.91202  
 96.200    25.88820  
 96.300    25.86440  
 96.400    25.84061  
 96.500    25.81684  
 96.600    25.79308  
 96.700    25.76934  
 96.800    25.74562  
 96.900    25.72191  
 97.000    25.69822  
 97.100    25.67455  
 97.200    25.65090  
 97.300    25.62726  
 97.400    25.60363  
 97.500    25.58001  
 97.600    25.55641  
 97.700    25.53281  
 97.800    25.50922  
 97.900    25.48563  
 98.000    25.46204  
 98.100    25.43846  
 98.200    25.41489  
 98.300    25.39132  
 98.400    25.36778  
 98.500    25.34427  
 98.600    25.32078  
 98.700    25.29734  
 98.800    25.27394  
 98.900    25.25059  
 99.000    25.22729  
 99.100    25.20406  
 99.200    25.18087  
 99.300    25.15769  
 99.400    25.13450  
 99.500    25.11129  
 99.600    25.08802  
 99.700    25.06468  
 99.800    25.04123  
 99.900    25.01767  
100.000    24.99395  
100.100    24.97007  
100.200    24.94604  
100.300    24.92187  
100.400    24.89758  
100.500    24.87319  
100.600    24.84871  
100.700    24.82416  
100.800    24.79956  
100.900    24.77492  
101.000    24.75026  
101.100    24.72560  
101.200    24.70095  
101.300    24.67633  
101.400    24.65176  
101.500    24.62726  
101.600    24.60283  
101.700    24.57850  
101.800    24.55429  
101.900    24.53020  
102.000    24.50627  
102.100    24.48249  
102.200    24.45887  
102.300    24.43540  
102.400    24.41206  
102.500    24.38884  
102.600    24.36574  
102.700    24.34275  
102.800    24.31986  
102.900    24.29705  
103.000    24.27433  
103.100    24.25167  
103.200    24.22907  
103.300    24.20652  
103.400    24.18401  
103.500    24.16153  
103.600    24.13907  
103.700    24.11662  
103.800    24.09417  
103.900    24.07172  
104.000    24.04924  
104.100    24.02674  
104.200    24.00422  
104.300    23.98168  
104.400    23.95911  
104.500    23.93653  
104.600    23.91393  
104.700    23.89132  
104.800    23.86870  
104.900    23.84608  
105.000    23.82345  
105.100    23.80082  
105.200    23.77819  
105.300    23.75556  
105.400    23.73294  
105.500    23.71033  
105.600    23.68772  
105.700    23.66514  
105.800    23.64256  
105.900    23.62001  
106.000    23.59748  
106.100    23.57497  
106.200    23.55248  
106.300    23.53001  
106.400    23.50757  
106.500    23.48515  
106.600    23.46275  
106.700    23.44036  
106.800    23.41800  
106.900    23.39565  
107.000    23.37332  
107.100    23.35101  
107.200    23.32872  
107.300    23.30643  
107.400    23.28417  
107.500    23.26192  
107.600    23.23968  
107.700    23.21745  
107.800    23.19523  
107.900    23.17303  
108.000    23.15083  
108.100    23.12865  
108.200    23.10647  
108.300    23.08431  
108.400    23.06215  
108.500    23.04001  
108.600    23.01787  
108.700    22.99575  
108.800    22.97364  
108.900    22.95153  
109.000    22.92944  
109.100    22.90736  
109.200    22.88530  
109.300    22.86324  
109.400    22.84119  
109.500    22.81916  
109.600    22.79714  
109.700    22.77513  
109.800    22.75313  
109.900    22.73115  
110.000    22.70918  
110.100    22.68722  
110.200    22.66527  
110.300    22.64334  
110.400    22.62142  
110.500    22.59951  
110.600    22.57762  
110.700    22.55574  
110.800    22.53387  
110.900    22.51201  
111.000    22.49017  
111.100    22.46833  
111.200    22.44651  
111.300    22.42470  
111.400    22.40291  
111.500    22.38112  
111.600    22.35935  
111.700    22.33759  
111.800    22.31584  
111.900    22.29410  
112.000    22.27238  
112.100    22.25066  
112.200    22.22896  
112.300    22.20727  
112.400    22.18559  
112.500    22.16392  
112.600    22.14227  
112.700    22.12062  
112.800    22.09899  
112.900    22.07737  
113.000    22.05576  
113.100    22.03416  
113.200    22.01258  
113.300    21.99100  
113.400    21.96944  
113.500    21.94789  
113.600    21.92635  
113.700    21.90482  
113.800    21.88330  
113.900    21.86179  
114.000    21.84030  
114.100    21.81882  
114.200    21.79735  
114.300    21.77589  
114.400    21.75444  
114.500    21.73300  
114.600    21.71158  
114.700    21.69016  
114.800    21.66876  
114.900    21.64737  
115.000    21.62599  
115.100    21.60462  
115.200    21.58327  
115.300    21.56192  
115.400    21.54059  
115.500    21.51927  
115.600    21.49795  
115.700    21.47665  
115.800    21.45537  
115.900    21.43409  
116.000    21.41282  
116.100    21.39157  
116.200    21.37032  
116.300    21.34909  
116.400    21.32787  
116.500    21.30666  
116.600    21.28546  
116.700    21.26427  
116.800    21.24309  
116.900    21.22193  
117.000    21.20077  
117.100    21.17963  
117.200    21.15849  
117.300    21.13737  
117.400    21.11626  
117.500    21.09516  
117.600    21.07407  
117.700    21.05300  
117.800    21.03193  
117.900    21.01087  
118.000    20.98983  
118.100    20.96879  
118.200    20.94777  
118.300    20.92676  
118.400    20.90576  
118.500    20.88477  
118.600    20.86379  
118.700    20.84282  
118.800    20.82186  
118.900    20.80091  
119.000    20.77998  
119.100    20.75905  
119.200    20.73814  
119.300    20.71724  
119.400    20.69634  
119.500    20.67546  
119.600    20.65459  
119.700    20.63373  
119.800    20.61288  
119.900    20.59204  
120.000    20.57121  
120.100    20.55039  
120.200    20.52959  
120.300    20.50879  
120.400    20.48801  
120.500    20.46723  
120.600    20.44647  
120.700    20.42571  
120.800    20.40497  
120.900    20.38424  
121.000    20.36351  
121.100    20.34280  
121.200    20.32210  
121.300    20.30141  
121.400    20.28073  
121.500    20.26006  
121.600    20.23940  
121.700    20.21876  
121.800    20.19812  
121.900    20.17749  
122.000    20.15688  
122.100    20.13627  
122.200    20.11567  
122.300    20.09509  
122.400    20.07451  
122.500    20.05395  
122.600    20.03339  
122.700    20.01285  
122.800    19.99232  
122.900    19.97179  
123.000    19.95128  
123.100    19.93078  
123.200    19.91029  
123.300    19.88981  
123.400    19.86933  
123.500    19.84887  
123.600    19.82842  
123.700    19.80798  
123.800    19.78755  
123.900    19.76713  
124.000    19.74672  
124.100    19.72632  
124.200    19.70593  
124.300    19.68555  
124.400    19.66519  
124.500    19.64483  
124.600    19.62448  
124.700    19.60414  
124.800    19.58381  
124.900    19.56349  
125.000    19.54319  
125.100    19.52289  
125.200    19.50260  
125.300    19.48232  
125.400    19.46205  
125.500    19.44180  
125.600    19.42155  
125.700    19.40131  
125.800    19.38108  
125.900    19.36087  
126.000    19.34066  
126.100    19.32046  
126.200    19.30027  
126.300    19.28010  
126.400    19.25993  
126.500    19.23977  
126.600    19.21962  
126.700    19.19949  
126.800    19.17936  
126.900    19.15924  
127.000    19.13913  
127.100    19.11903  
127.200    19.09895  
127.300    19.07887  
127.400    19.05880  
127.500    19.03874  
127.600    19.01869  
127.700    18.99865  
127.800    18.97862  
127.900    18.95860  
128.000    18.93859  
128.100    18.91859  
128.200    18.89860  
128.300    18.87862  
128.400    18.85865  
128.500    18.83869  
128.600    18.81874  
128.700    18.79880  
128.800    18.77886  
128.900    18.75894  
129.000    18.73903  
129.100    18.71913  
129.200    18.69923  
129.300    18.67935  
129.400    18.65947  
129.500    18.63961  
129.600    18.61975  
129.700    18.59991  
129.800    18.58007  
129.900    18.56025  
130.000    18.54043  
130.100    18.52062  
130.200    18.50082  
130.300    18.48104  
130.400    18.46126  
130.500    18.44149  
130.600    18.42173  
130.700    18.40198  
130.800    18.38224  
130.900    18.36250  
131.000    18.34278  
131.100    18.32307  
131.200    18.30337  
131.300    18.28367  
131.400    18.26399  
131.500    18.24431  
131.600    18.22465  
131.700    18.20499  
131.800    18.18534  
131.900    18.16571  
132.000    18.14608  
132.100    18.12646  
132.200    18.10685  
132.300    18.08725  
132.400    18.06766  
132.500    18.04807  
132.600    18.02850  
132.700    18.00894  
132.800    17.98938  
132.900    17.96984  
133.000    17.95030  
133.100    17.93078  
133.200    17.91126  
133.300    17.89175  
133.400    17.87225  
133.500    17.85276  
133.600    17.83328  
133.700    17.81381  
133.800    17.79435  
133.900    17.77489  
134.000    17.75545  
134.100    17.73601  
134.200    17.71659  
134.300    17.69717  
134.400    17.67776  
134.500    17.65836  
134.600    17.63897  
134.700    17.61959  
134.800    17.60022  
134.900    17.58086  
135.000    17.56151  
135.100    17.54216  
135.200    17.52283  
135.300    17.50350  
135.400    17.48418  
135.500    17.46487  
135.600    17.44557  
135.700    17.42628  
135.800    17.40700  
135.900    17.38773  
136.000    17.36846  
136.100    17.34921  
136.200    17.32996  
136.300    17.31072  
136.400    17.29150  
136.500    17.27228  
136.600    17.25307  
136.700    17.23386  
136.800    17.21467  
136.900    17.19549  
137.000    17.17631  
137.100    17.15715  
137.200    17.13799  
137.300    17.11884  
137.400    17.09970  
137.500    17.08057  
137.600    17.06145  
137.700    17.04233  
137.800    17.02323  
137.900    17.00413  
138.000    16.98504  
138.100    16.96597  
138.200    16.94690  
138.300    16.92783  
138.400    16.90878  
138.500    16.88974  
138.600    16.87070  
138.700    16.85168  
138.800    16.83266  
138.900    16.81365  
139.000    16.79465  
139.100    16.77566  
139.200    16.75667  
139.300    16.73770  
139.400    16.71873  
139.500    16.69978  
139.600    16.68083  
139.700    16.66189  
139.800    16.64296  
139.900    16.62403  
140.000    16.60512  
140.100    16.58621  
140.200    16.56732  
140.300    16.54843  
140.400    16.52955  
140.500    16.51068  
140.600    16.49181  
140.700    16.47296  
140.800    16.45411  
140.900    16.43528  
141.000    16.41645  
141.100    16.39763  
141.200    16.37882  
141.300    16.36001  
141.400    16.34122  
141.500    16.32243  
141.600    16.30365  
141.700    16.28488  
141.800    16.26612  
141.900    16.24737  
142.000    16.22863  
142.100    16.20989  
142.200    16.19116  
142.300    16.17244  
142.400    16.15373  
142.500    16.13503  
142.600    16.11634  
142.700    16.09765  
142.800    16.07897  
142.900    16.06030  
143.000    16.04164  
143.100    16.02299  
143.200    16.00435  
143.300    15.98571  
143.400    15.96708  
143.500    15.94846  
143.600    15.92985  
143.700    15.91125  
143.800    15.89266  
143.900    15.87407  
144.000    15.85549  
144.100    15.83692  
144.200    15.81836  
144.300    15.79981  
144.400    15.78126  
144.500    15.76273  
144.600    15.74420  
144.700    15.72568  
144.800    15.70717  
144.900    15.68866  
145.000    15.67017  
145.100    15.65168  
145.200    15.63320  
145.300    15.61473  
145.400    15.59627  
145.500    15.57781  
145.600    15.55936  
145.700    15.54092  
145.800    15.52249  
145.900    15.50407  
146.000    15.48566  
146.100    15.46725  
146.200    15.44885  
146.300    15.43046  
146.400    15.41208  
146.500    15.39371  
146.600    15.37534  
146.700    15.35698  
146.800    15.33863  
146.900    15.32029  
147.000    15.30196  
147.100    15.28363  
147.200    15.26531  
147.300    15.24700  
147.400    15.22870  
147.500    15.21040  
147.600    15.19212  
147.700    15.17384  
147.800    15.15557  
147.900    15.13731  
148.000    15.11905  
148.100    15.10081  
148.200    15.08257  
148.300    15.06434  
148.400    15.04611  
148.500    15.02790  
148.600    15.00969  
148.700    14.99149  
148.800    14.97330  
148.900    14.95512  
149.000    14.93694  
149.100    14.91877  
149.200    14.90061  
149.300    14.88246  
149.400    14.86432  
149.500    14.84618  
149.600    14.82805  
149.700    14.80993  
149.800    14.79182  
149.900    14.77371  
150.000    14.75562  
150.100    14.73753  
150.200    14.71944  
150.300    14.70137  
150.400    14.68330  
150.500    14.66524  
150.600    14.64719  
150.700    14.62915  
150.800    14.61111  
150.900    14.59308  
151.000    14.57506  
151.100    14.55705  
151.200    14.53905  
151.300    14.52105  
151.400    14.50306  
151.500    14.48508  
151.600    14.46710  
151.700    14.44914  
151.800    14.43118  
151.900    14.41322  
152.000    14.39528  
152.100    14.37734  
152.200    14.35942  
152.300    14.34149  
152.400    14.32358  
152.500    14.30567  
152.600    14.28778  
152.700    14.26989  
152.800    14.25200  
152.900    14.23413  
153.000    14.21626  
153.100    14.19840  
153.200    14.18054  
153.300    14.16270  
153.400    14.14486  
153.500    14.12703  
153.600    14.10921  
153.700    14.09139  
153.800    14.07358  
153.900    14.05578  
154.000    14.03799  
154.100    14.02020  
154.200    14.00242  
154.300    13.98465  
154.400    13.96689  
154.500    13.94913  
154.600    13.93138  
154.700    13.91364  
154.800    13.89591  
154.900    13.87818  
155.000    13.86046  
155.100    13.84275  
155.200    13.82505  
155.300    13.80735  
155.400    13.78966  
155.500    13.77198  
155.600    13.75430  
155.700    13.73664  
155.800    13.71898  
155.900    13.70132  
156.000    13.68368  
156.100    13.66604  
156.200    13.64841  
156.300    13.63079  
156.400    13.61317  
156.500    13.59556  
156.600    13.57796  
156.700    13.56037  
156.800    13.54278  
156.900    13.52520  
157.000    13.50763  
157.100    13.49006  
157.200    13.47250  
157.300    13.45495  
157.400    13.43741  
157.500    13.41987  
157.600    13.40234  
157.700    13.38482  
157.800    13.36731  
157.900    13.34980  
158.000    13.33230  
158.100    13.31481  
158.200    13.29732  
158.300    13.27984  
158.400    13.26237  
158.500    13.24491  
158.600    13.22745  
158.700    13.21000  
158.800    13.19256  
158.900    13.17513  
159.000    13.15770  
159.100    13.14028  
159.200    13.12286  
159.300    13.10546  
159.400    13.08806  
159.500    13.07066  
159.600    13.05328  
159.700    13.03590  
159.800    13.01853  
159.900    13.00116  
160.000    12.98381  
160.100    12.96646  
160.200    12.94911  
160.300    12.93178  
160.400    12.91445  
160.500    12.89713  
160.600    12.87981  
160.700    12.86251  
160.800    12.84520  
160.900    12.82791  
161.000    12.81062  
161.100    12.79335  
161.200    12.77607  
161.300    12.75881  
161.400    12.74155  
161.500    12.72430  
161.600    12.70705  
161.700    12.68982  
161.800    12.67258  
161.900    12.65536  
162.000    12.63815  
162.100    12.62094  
162.200    12.60373  
162.300    12.58654  
162.400    12.56935  
162.500    12.55217  
162.600    12.53499  
162.700    12.51782  
162.800    12.50066  
162.900    12.48351  
163.000    12.46636  
163.100    12.44922  
163.200    12.43209  
163.300    12.41496  
163.400    12.39784  
163.500    12.38073  
163.600    12.36363  
163.700    12.34653  
163.800    12.32944  
163.900    12.31235  
164.000    12.29527  
164.100    12.27820  
164.200    12.26114  
164.300    12.24408  
164.400    12.22703  
164.500    12.20998  
164.600    12.19295  
164.700    12.17592  
164.800    12.15889  
164.900    12.14188  
165.000    12.12487  
165.100    12.10786  
165.200    12.09087  
165.300    12.07388  
165.400    12.05689  
165.500    12.03992  
165.600    12.02295  
165.700    12.00599  
165.800    11.98903  
165.900    11.97208  
166.000    11.95514  
166.100    11.93820  
166.200    11.92128  
166.300    11.90435  
166.400    11.88744  
166.500    11.87053  
166.600    11.85363  
166.700    11.83673  
166.800    11.81984  
166.900    11.80296  
167.000    11.78609  
167.100    11.76922  
167.200    11.75236  
167.300    11.73550  
167.400    11.71865  
167.500    11.70181  
167.600    11.68498  
167.700    11.66815  
167.800    11.65133  
167.900    11.63451  
168.000    11.61770  
168.100    11.60090  
168.200    11.58411  
168.300    11.56732  
168.400    11.55054  
168.500    11.53376  
168.600    11.51699  
168.700    11.50023  
168.800    11.48347  
168.900    11.46673  
169.000    11.44998  
169.100    11.43325  
169.200    11.41652  
169.300    11.39979  
169.400    11.38308  
169.500    11.36637  
169.600    11.34967  
169.700    11.33297  
169.800    11.31628  
169.900    11.29960  
170.000    11.28292  
170.100    11.26625  
170.200    11.24958  
170.300    11.23293  
170.400    11.21627  
170.500    11.19963  
170.600    11.18299  
170.700    11.16636  
170.800    11.14974  
170.900    11.13312  
171.000    11.11650  
171.100    11.09990  
171.200    11.08330  
171.300    11.06671  
171.400    11.05012  
171.500    11.03354  
171.600    11.01697  
171.700    11.00040  
171.800    10.98384  
171.900    10.96728  
172.000    10.95074  
172.100    10.93419  
172.200    10.91766  
172.300    10.90113  
172.400    10.88461  
172.500    10.86809  
172.600    10.85158  
172.700    10.83508  
172.800    10.81858  
172.900    10.80209  
173.000    10.78561  
173.100    10.76913  
173.200    10.75266  
173.300    10.73619  
173.400    10.71973  
173.500    10.70328  
173.600    10.68684  
173.700    10.67040  
173.800    10.65396  
173.900    10.63753  
174.000    10.62111  
174.100    10.60470  
174.200    10.58829  
174.300    10.57189  
174.400    10.55549  
174.500    10.53910  
174.600    10.52272  
174.700    10.50634  
174.800    10.48997  
174.900    10.47361  
175.000    10.45725  
175.100    10.44090  
175.200    10.42455  
175.300    10.40821  
175.400    10.39188  
175.500    10.37555  
175.600    10.35923  
175.700    10.34292  
175.800    10.32661  
175.900    10.31031  
176.000    10.29401  
176.100    10.27772  
176.200    10.26144  
176.300    10.24516  
176.400    10.22889  
176.500    10.21262  
176.600    10.19636  
176.700    10.18011  
176.800    10.16386  
176.900    10.14762  
177.000    10.13139  
177.100    10.11516  
177.200    10.09894  
177.300    10.08272  
177.400    10.06651  
177.500    10.05031  
177.600    10.03411  
177.700    10.01792  
177.800    10.00174  
177.900     9.98556  
178.000     9.96939  
178.100     9.95322  
178.200     9.93706  
178.300     9.92090  
178.400     9.90475  
178.500     9.88861  
178.600     9.87248  
178.700     9.85635  
178.800     9.84022  
178.900     9.82410  
179.000     9.80799  
179.100     9.79188  
179.200     9.77578  
179.300     9.75969  
179.400     9.74360  
179.500     9.72752  
179.600     9.71144  
179.700     9.69538  
179.800     9.67931  
179.900     9.66325  
180.000     9.64720  
180.100     9.63116  
180.200     9.61512  
180.300     9.59908  
180.400     9.58306  
180.500     9.56703  
180.600     9.55102  
180.700     9.53501  
180.800     9.51900  
180.900     9.50301  
181.000     9.48702  
181.100     9.47103  
181.200     9.45505  
181.300     9.43908  
181.400     9.42311  
181.500     9.40715  
181.600     9.39119  
181.700     9.37524  
181.800     9.35930  
181.900     9.34336  
182.000     9.32743  
182.100     9.31150  
182.200     9.29558  
182.300     9.27967  
182.400     9.26376  
182.500     9.24785  
182.600     9.23196  
182.700     9.21607  
182.800     9.20018  
182.900     9.18430  
183.000     9.16843  
183.100     9.15256  
183.200     9.13670  
183.300     9.12085  
183.400     9.10500  
183.500     9.08915  
183.600     9.07332  
183.700     9.05748  
183.800     9.04166  
183.900     9.02584  
184.000     9.01002  
184.100     8.99422  
184.200     8.97841  
184.300     8.96262  
184.400     8.94683  
184.500     8.93104  
184.600     8.91526  
184.700     8.89949  
184.800     8.88372  
184.900     8.86796  
185.000     8.85220  
185.100     8.83645  
185.200     8.82071  
185.300     8.80497  
185.400     8.78924  
185.500     8.77351  
185.600     8.75779  
185.700     8.74207  
185.800     8.72637  
185.900     8.71066  
186.000     8.69496  
186.100     8.67927  
186.200     8.66359  
186.300     8.64790  
186.400     8.63223  
186.500     8.61656  
186.600     8.60090  
186.700     8.58524  
186.800     8.56959  
186.900     8.55394  
187.000     8.53830  
187.100     8.52267  
187.200     8.50704  
187.300     8.49142  
187.400     8.47580  
187.500     8.46019  
187.600     8.44458  
187.700     8.42898  
187.800     8.41339  
187.900     8.39780  
188.000     8.38221  
188.100     8.36664  
188.200     8.35106  
188.300     8.33550  
188.400     8.31994  
188.500     8.30438  
188.600     8.28883  
188.700     8.27329  
188.800     8.25775  
188.900     8.24222  
189.000     8.22669  
189.100     8.21117  
189.200     8.19566  
189.300     8.18015  
189.400     8.16464  
189.500     8.14915  
189.600     8.13365  
189.700     8.11817  
189.800     8.10268  
189.900     8.08721  
190.000     8.07174  
190.100     8.05627  
190.200     8.04081  
190.300     8.02536  
190.400     8.00991  
190.500     7.99447  
190.600     7.97903  
190.700     7.96360  
190.800     7.94818  
190.900     7.93276  
191.000     7.91734  
191.100     7.90194  
191.200     7.88653  
191.300     7.87114  
191.400     7.85574  
191.500     7.84036  
191.600     7.82498  
191.700     7.80960  
191.800     7.79423  
191.900     7.77887  
192.000     7.76351  
192.100     7.74815  
192.200     7.73281  
192.300     7.71746  
192.400     7.70213  
192.500     7.68680  
192.600     7.67147  
192.700     7.65615  
192.800     7.64084  
192.900     7.62553  
193.000     7.61022  
193.100     7.59493  
193.200     7.57963  
193.300     7.56435  
193.400     7.54906  
193.500     7.53379  
193.600     7.51852  
193.700     7.50325  
193.800     7.48799  
193.900     7.47274  
194.000     7.45749  
194.100     7.44225  
194.200     7.42701  
194.300     7.41178  
194.400     7.39655  
194.500     7.38133  
194.600     7.36611  
194.700     7.35090  
194.800     7.33569  
194.900     7.32049  
195.000     7.30530  
195.100     7.29011  
195.200     7.27493  
195.300     7.25975  
195.400     7.24458  
195.500     7.22941  
195.600     7.21425  
195.700     7.19909  
195.800     7.18394  
195.900     7.16879  
196.000     7.15365  
196.100     7.13852  
196.200     7.12339  
196.300     7.10826  
196.400     7.09314  
196.500     7.07803  
196.600     7.06292  
196.700     7.04782  
196.800     7.03272  
196.900     7.01763  
197.000     7.00254  
197.100     6.98746  
197.200     6.97238  
197.300     6.95731  
197.400     6.94224  
197.500     6.92718  
197.600     6.91213  
197.700     6.89708  
197.800     6.88203  
197.900     6.86700  
198.000     6.85196  
198.100     6.83693  
198.200     6.82191  
198.300     6.80689  
198.400     6.79188  
198.500     6.77687  
198.600     6.76187  
198.700     6.74687  
198.800     6.73188  
198.900     6.71690  
199.000     6.70191  
199.100     6.68694  
199.200     6.67197  
199.300     6.65700  
199.400     6.64204  
199.500     6.62709  
199.600     6.61214  
199.700     6.59720  
199.800     6.58226  
199.900     6.56732  
200.000     6.55240  
200.100     6.53747  
200.200     6.52255  
200.300     6.50764  
200.400     6.49273  
200.500     6.47783  
200.600     6.46293  
200.700     6.44804  
200.800     6.43316  
200.900     6.41827  
201.000     6.40340  
201.100     6.38853  
201.200     6.37366  
201.300     6.35880  
201.400     6.34395  
201.500     6.32910  
201.600     6.31425  
201.700     6.29941  
201.800     6.28458  
201.900     6.26975  
202.000     6.25492  
202.100     6.24010  
202.200     6.22529  
202.300     6.21048  
202.400     6.19568  
202.500     6.18088  
202.600     6.16609  
202.700     6.15130  
202.800     6.13651  
202.900     6.12174  
203.000     6.10696  
203.100     6.09220  
203.200     6.07743  
203.300     6.06268  
203.400     6.04793  
203.500     6.03318  
203.600     6.01844  
203.700     6.00370  
203.800     5.98897  
203.900     5.97424  
204.000     5.95952  
204.100     5.94480  
204.200     5.93009  
204.300     5.91539  
204.400     5.90069  
204.500     5.88599  
204.600     5.87130  
204.700     5.85661  
204.800     5.84193  
204.900     5.82726  
205.000     5.81259  
205.100     5.79792  
205.200     5.78326  
205.300     5.76861  
205.400     5.75396  
205.500     5.73931  
205.600     5.72467  
205.700     5.71004  
205.800     5.69541  
205.900     5.68078  
206.000     5.66616  
206.100     5.65155  
206.200     5.63694  
206.300     5.62234  
206.400     5.60774  
206.500     5.59314  
206.600     5.57855  
206.700     5.56397  
206.800     5.54939  
206.900     5.53481  
207.000     5.52025  
207.100     5.50568  
207.200     5.49112  
207.300     5.47657  
207.400     5.46202  
207.500     5.44747  
207.600     5.43294  
207.700     5.41840  
207.800     5.40387  
207.900     5.38935  
208.000     5.37483  
208.100     5.36032  
208.200     5.34581  
208.300     5.33130  
208.400     5.31680  
208.500     5.30231  
208.600     5.28782  
208.700     5.27334  
208.800     5.25886  
208.900     5.24438  
209.000     5.22991  
209.100     5.21545  
209.200     5.20099  
209.300     5.18654  
209.400     5.17209  
209.500     5.15764  
209.600     5.14320  
209.700     5.12877  
209.800     5.11434  
209.900     5.09991  
210.000     5.08550  
210.100     5.07108  
210.200     5.05667  
210.300     5.04227  
210.400     5.02787  
210.500     5.01347  
210.600     4.99908  
210.700     4.98470  
210.800     4.97032  
210.900     4.95594  
211.000     4.94157  
211.100     4.92721  
211.200     4.91284  
211.300     4.89849  
211.400     4.88414  
211.500     4.86979  
211.600     4.85545  
211.700     4.84112  
211.800     4.82679  
211.900     4.81246  
212.000     4.79814  
212.100     4.78382  
212.200     4.76951  
212.300     4.75520  
212.400     4.74090  
212.500     4.72660  
212.600     4.71231  
212.700     4.69803  
212.800     4.68374  
212.900     4.66947  
213.000     4.65519  
213.100     4.64093  
213.200     4.62666  
213.300     4.61241  
213.400     4.59815  
213.500     4.58390  
213.600     4.56966  
213.700     4.55542  
213.800     4.54119  
213.900     4.52696  
214.000     4.51274  
214.100     4.49852  
214.200     4.48430  
214.300     4.47009  
214.400     4.45589  
214.500     4.44169  
214.600     4.42749  
214.700     4.41330  
214.800     4.39912  
214.900     4.38493  
215.000     4.37076  
215.100     4.35659  
215.200     4.34242  
215.300     4.32826  
215.400     4.31410  
215.500     4.29995  
215.600     4.28580  
215.700     4.27166  
215.800     4.25752  
215.900     4.24339  
216.000     4.22926  
216.100     4.21514  
216.200     4.20102  
216.300     4.18691  
216.400     4.17280  
216.500     4.15869  
216.600     4.14459  
216.700     4.13050  
216.800     4.11641  
216.900     4.10232  
217.000     4.08824  
217.100     4.07417  
217.200     4.06010  
217.300     4.04603  
217.400     4.03197  
217.500     4.01791  
217.600     4.00386  
217.700     3.98981  
217.800     3.97577  
217.900     3.96173  
218.000     3.94770  
218.100     3.93367  
218.200     3.91965  
218.300     3.90563  
218.400     3.89161  
218.500     3.87760  
218.600     3.86360  
218.700     3.84960  
218.800     3.83560  
218.900     3.82161  
219.000     3.80762  
219.100     3.79364  
219.200     3.77967  
219.300     3.76569  
219.400     3.75173  
219.500     3.73776  
219.600     3.72381  
219.700     3.70985  
219.800     3.69590  
219.900     3.68196  
220.000     3.66802  
220.100     3.65409  
220.200     3.64016  
220.300     3.62623  
220.400     3.61231  
220.500     3.59839  
220.600     3.58448  
220.700     3.57057  
220.800     3.55667  
220.900     3.54277  
221.000     3.52888  
221.100     3.51499  
221.200     3.50111  
221.300     3.48723  
221.400     3.47336  
221.500     3.45949  
221.600     3.44562  
221.700     3.43176  
221.800     3.41790  
221.900     3.40405  
222.000     3.39021  
222.100     3.37636  
222.200     3.36253  
222.300     3.34869  
222.400     3.33486  
222.500     3.32104  
222.600     3.30722  
222.700     3.29341  
222.800     3.27960  
222.900     3.26579  
223.000     3.25199  
223.100     3.23820  
223.200     3.22440  
223.300     3.21062  
223.400     3.19683  
223.500     3.18306  
223.600     3.16928  
223.700     3.15551  
223.800     3.14175  
223.900     3.12799  
224.000     3.11424  
224.100     3.10049  
224.200     3.08674  
224.300     3.07300  
224.400     3.05926  
224.500     3.04553  
224.600     3.03180  
224.700     3.01808  
224.800     3.00436  
224.900     2.99065  
225.000     2.97694  
225.100     2.96323  
225.200     2.94953  
225.300     2.93583  
225.400     2.92214  
225.500     2.90846  
225.600     2.89477  
225.700     2.88110  
225.800     2.86742  
225.900     2.85375  
226.000     2.84009  
226.100     2.82643  
226.200     2.81278  
226.300     2.79912  
226.400     2.78548  
226.500     2.77184  
226.600     2.75820  
226.700     2.74457  
226.800     2.73094  
226.900     2.71732  
227.000     2.70370  
227.100     2.69008  
227.200     2.67647  
227.300     2.66287  
227.400     2.64926  
227.500     2.63567  
227.600     2.62208  
227.700     2.60849  
227.800     2.59490  
227.900     2.58133  
228.000     2.56775  
228.100     2.55418  
228.200     2.54062  
228.300     2.52706  
228.400     2.51350  
228.500     2.49995  
228.600     2.48640  
228.700     2.47286  
228.800     2.45932  
228.900     2.44578  
229.000     2.43225  
229.100     2.41873  
229.200     2.40521  
229.300     2.39169  
229.400     2.37818  
229.500     2.36467  
229.600     2.35117  
229.700     2.33767  
229.800     2.32418  
229.900     2.31069  
230.000     2.29720  
230.100     2.28372  
230.200     2.27025  
230.300     2.25677  
230.400     2.24331  
230.500     2.22984  
230.600     2.21639  
230.700     2.20293  
230.800     2.18948  
230.900     2.17604  
231.000     2.16260  
231.100     2.14916  
231.200     2.13573  
231.300     2.12230  
231.400     2.10888  
231.500     2.09546  
231.600     2.08204  
231.700     2.06863  
231.800     2.05523  
231.900     2.04183  
232.000     2.02843  
232.100     2.01504  
232.200     2.00165  
232.300     1.98826  
232.400     1.97489  
232.500     1.96151  
232.600     1.94814  
232.700     1.93477  
232.800     1.92141  
232.900     1.90805  
233.000     1.89470  
233.100     1.88135  
233.200     1.86801  
233.300     1.85467  
233.400     1.84133  
233.500     1.82800  
233.600     1.81468  
233.700     1.80135  
233.800     1.78804  
233.900     1.77472  
234.000     1.76141  
234.100     1.74811  
234.200     1.73481  
234.300     1.72151  
234.400     1.70822  
234.500     1.69493  
234.600     1.68165  
234.700     1.66837  
234.800     1.65509  
234.900     1.64182  
235.000     1.62856  
235.100     1.61530  
235.200     1.60204  
235.300     1.58879  
235.400     1.57554  
235.500     1.56229  
235.600     1.54905  
235.700     1.53582  
235.800     1.52259  
235.900     1.50936  
236.000     1.49614  
236.100     1.48292  
236.200     1.46970  
236.300     1.45650  
236.400     1.44329  
236.500     1.43009  
236.600     1.41689  
236.700     1.40370  
236.800     1.39051  
236.900     1.37733  
237.000     1.36415  
237.100     1.35097  
237.200     1.33780  
237.300     1.32463  
237.400     1.31147  
237.500     1.29831  
237.600     1.28516  
237.700     1.27201  
237.800     1.25887  
237.900     1.24572  
238.000     1.23259  
238.100     1.21946  
238.200     1.20633  
238.300     1.19320  
238.400     1.18008  
238.500     1.16697  
238.600     1.15386  
238.700     1.14075  
238.800     1.12765  
238.900     1.11455  
239.000     1.10145  
239.100     1.08836  
239.200     1.07528  
239.300     1.06220  
239.400     1.04912  
239.500     1.03605  
239.600     1.02298  
239.700     1.00991  
239.800     0.99685  
239.900     0.98380  
240.000     0.97075  
240.100     0.95770  
240.200     0.94466  
240.300     0.93162  
240.400     0.91858  
240.500     0.90555  
240.600     0.89253  
240.700     0.87950  
240.800     0.86649  
240.900     0.85347  
241.000     0.84046  
241.100     0.82746  
241.200     0.81446  
241.300     0.80146  
241.400     0.78847  
241.500     0.77548  
241.600     0.76249  
241.700     0.74951  
241.800     0.73654  
241.900     0.72357  
242.000     0.71060  
242.100     0.69764  
242.200     0.68468  
242.300     0.67172  
242.400     0.65877  
242.500     0.64582  
242.600     0.63288  
242.700     0.61994  
242.800     0.60701  
242.900     0.59408  
243.000     0.58115  
243.100     0.56823  
243.200     0.55532  
243.300     0.54240  
243.400     0.52949  
243.500     0.51659  
243.600     0.50369  
243.700     0.49079  
243.800     0.47790  
243.900     0.46501  
244.000     0.45213  
244.100     0.43925  
244.200     0.42637  
244.300     0.41350  
244.400     0.40063  
244.500     0.38777  
244.600     0.37491  
244.700     0.36206  
244.800     0.34921  
244.900     0.33636  
245.000     0.32352  
245.100     0.31068  
245.200     0.29784  
245.300     0.28501  
245.400     0.27219  
245.500     0.25937  
245.600     0.24655  
245.700     0.23373  
245.800     0.22092  
245.900     0.20812  
246.000     0.19532  
246.100     0.18252  
246.200     0.16973  
246.300     0.15694  
246.400     0.14415  
246.500     0.13137  
246.600     0.11860  
246.700     0.10582  
246.800     0.09305  
246.900     0.08029  
247.000     0.06753  
247.100     0.05477  
247.200     0.04202  
247.300     0.02927  
247.400     0.01653  
247.500     0.00379  
247.600    -0.00895  
247.700    -0.02168  
247.800    -0.03440  
247.900    -0.04713  
248.000    -0.05985  
248.100    -0.07256  
248.200    -0.08527  
248.300    -0.09798  
248.400    -0.11068  
248.500    -0.12338  
248.600    -0.13608  
248.700    -0.14877  
248.800    -0.16146  
248.900    -0.17414  
249.000    -0.18682  
249.100    -0.19949  
249.200    -0.21216  
249.300    -0.22483  
249.400    -0.23749  
249.500    -0.25015  
249.600    -0.26280  
249.700    -0.27545  
249.800    -0.28810  
249.900    -0.30074  
250.000    -0.31338  
250.100    -0.32601  
250.200    -0.33864  
250.300    -0.35127  
250.400    -0.36389  
250.500    -0.37651  
250.600    -0.38912  
250.700    -0.40173  
250.800    -0.41434  
250.900    -0.42694  
251.000    -0.43954  
251.100    -0.45213  
251.200    -0.46472  
251.300    -0.47731  
251.400    -0.48989  
251.500    -0.50247  
251.600    -0.51504  
251.700    -0.52761  
251.800    -0.54018  
251.900    -0.55274  
252.000    -0.56529  
252.100    -0.57785  
252.200    -0.59040  
252.300    -0.60294  
252.400    -0.61548  
252.500    -0.62802  
252.600    -0.64056  
252.700    -0.65309  
252.800    -0.66561  
252.900    -0.67813  
253.000    -0.69065  
253.100    -0.70316  
253.200    -0.71567  
253.300    -0.72818  
253.400    -0.74068  
253.500    -0.75318  
253.600    -0.76567  
253.700    -0.77816  
253.800    -0.79064  
253.900    -0.80313  
254.000    -0.81560  
254.100    -0.82808  
254.200    -0.84055  
254.300    -0.85301  
254.400    -0.86547  
254.500    -0.87793  
254.600    -0.89039  
254.700    -0.90283  
254.800    -0.91528  
254.900    -0.92772  
255.000    -0.94016  
255.100    -0.95259  
255.200    -0.96502  
255.300    -0.97745  
255.400    -0.98987  
255.500    -1.00229  
255.600    -1.01470  
255.700    -1.02711  
255.800    -1.03952  
255.900    -1.05192  
256.000    -1.06432  
256.100    -1.07671  
256.200    -1.08910  
256.300    -1.10149  
256.400    -1.11387  
256.500    -1.12625  
256.600    -1.13862  
256.700    -1.15099  
256.800    -1.16336  
256.900    -1.17572  
257.000    -1.18808  
257.100    -1.20044  
257.200    -1.21279  
257.300    -1.22513  
257.400    -1.23748  
257.500    -1.24982  
257.600    -1.26215  
257.700    -1.27448  
257.800    -1.28681  
257.900    -1.29913  
258.000    -1.31145  
258.100    -1.32377  
258.200    -1.33608  
258.300    -1.34839  
258.400    -1.36069  
258.500    -1.37299  
258.600    -1.38528  
258.700    -1.39758  
258.800    -1.40986  
258.900    -1.42215  
259.000    -1.43443  
259.100    -1.44670  
259.200    -1.45898  
259.300    -1.47124  
259.400    -1.48351  
259.500    -1.49577  
259.600    -1.50803  
259.700    -1.52028  
259.800    -1.53253  
259.900    -1.54477  
260.000    -1.55701  
260.100    -1.56925  
260.200    -1.58148  
260.300    -1.59371  
260.400    -1.60594  
260.500    -1.61816  
260.600    -1.63038  
260.700    -1.64259  
260.800    -1.65480  
260.900    -1.66700  
261.000    -1.67921  
261.100    -1.69140  
261.200    -1.70360  
261.300    -1.71579  
261.400    -1.72798  
261.500    -1.74016  
261.600    -1.75234  
261.700    -1.76451  
261.800    -1.77668  
261.900    -1.78885  
262.000    -1.80101  
262.100    -1.81317  
262.200    -1.82533  
262.300    -1.83748  
262.400    -1.84963  
262.500    -1.86177  
262.600    -1.87391  
262.700    -1.88605  
262.800    -1.89818  
262.900    -1.91031  
263.000    -1.92243  
263.100    -1.93455  
263.200    -1.94667  
263.300    -1.95878  
263.400    -1.97089  
263.500    -1.98300  
263.600    -1.99510  
263.700    -2.00719  
263.800    -2.01929  
263.900    -2.03138  
264.000    -2.04346  
264.100    -2.05555  
264.200    -2.06762  
264.300    -2.07970  
264.400    -2.09177  
264.500    -2.10384  
264.600    -2.11590  
264.700    -2.12796  
264.800    -2.14001  
264.900    -2.15207  
265.000    -2.16411  
265.100    -2.17616  
265.200    -2.18820  
265.300    -2.20023  
265.400    -2.21227  
265.500    -2.22429  
265.600    -2.23632  
265.700    -2.24834  
265.800    -2.26036  
265.900    -2.27237  
266.000    -2.28438  
266.100    -2.29638  
266.200    -2.30839  
266.300    -2.32038  
266.400    -2.33238  
266.500    -2.34437  
266.600    -2.35636  
266.700    -2.36834  
266.800    -2.38032  
266.900    -2.39229  
267.000    -2.40426  
267.100    -2.41623  
267.200    -2.42820  
267.300    -2.44016  
267.400    -2.45211  
267.500    -2.46406  
267.600    -2.47601  
267.700    -2.48796  
267.800    -2.49990  
267.900    -2.51184  
268.000    -2.52377  
268.100    -2.53570  
268.200    -2.54762  
268.300    -2.55955  
268.400    -2.57146  
268.500    -2.58338  
268.600    -2.59529  
268.700    -2.60720  
268.800    -2.61910  
268.900    -2.63100  
269.000    -2.64290  
269.100    -2.65479  
269.200    -2.66668  
269.300    -2.67856  
269.400    -2.69044  
269.500    -2.70232  
269.600    -2.71419  
269.700    -2.72606  
269.800    -2.73793  
269.900    -2.74979  
270.000    -2.76164  
270.100    -2.77350  
270.200    -2.78535  
270.300    -2.79720  
270.400    -2.80904  
270.500    -2.82088  
270.600    -2.83271  
270.700    -2.84455  
270.800    -2.85637  
270.900    -2.86820  
271.000    -2.88002  
271.100    -2.89184  
271.200    -2.90365  
271.300    -2.91546  
271.400    -2.92726  
271.500    -2.93907  
271.600    -2.95086  
271.700    -2.96266  
271.800    -2.97445  
271.900    -2.98624  
272.000    -2.99802  
272.100    -3.00980  
272.200    -3.02157  
272.300    -3.03335  
272.400    -3.04511  
272.500    -3.05688  
272.600    -3.06864  
272.700    -3.08040  
272.800    -3.09215  
272.900    -3.10390  
273.000    -3.11565  
273.100    -3.12739  
273.200    -3.13913  
273.300    -3.15086  
273.400    -3.16259  
273.500    -3.17432  
273.600    -3.18604  
273.700    -3.19776  
273.800    -3.20948  
273.900    -3.22119  
274.000    -3.23290  
274.100    -3.24461  
274.200    -3.25631  
274.300    -3.26801  
274.400    -3.27970  
274.500    -3.29139  
274.600    -3.30308  
274.700    -3.31476  
274.800    -3.32644  
274.900    -3.33811  
275.000    -3.34979  
275.100    -3.36145  
275.200    -3.37312  
275.300    -3.38478  
275.400    -3.39644  
275.500    -3.40809  
275.600    -3.41974  
275.700    -3.43139  
275.800    -3.44303  
275.900    -3.45467  
276.000    -3.46630  
276.100    -3.47793  
276.200    -3.48956  
276.300    -3.50119  
276.400    -3.51281  
276.500    -3.52442  
276.600    -3.53604  
276.700    -3.54764  
276.800    -3.55925  
276.900    -3.57085  
277.000    -3.58245  
277.100    -3.59404  
277.200    -3.60564  
277.300    -3.61722  
277.400    -3.62881  
277.500    -3.64039  
277.600    -3.65196  
277.700    -3.66354  
277.800    -3.67510  
277.900    -3.68667  
278.000    -3.69823  
278.100    -3.70979  
278.200    -3.72134  
278.300    -3.73289  
278.400    -3.74444  
278.500    -3.75599  
278.600    -3.76753  
278.700    -3.77906  
278.800    -3.79059  
278.900    -3.80212  
279.000    -3.81365  
279.100    -3.82517  
279.200    -3.83669  
279.300    -3.84820  
279.400    -3.85971  
279.500    -3.87122  
279.600    -3.88272  
279.700    -3.89422  
279.800    -3.90572  
279.900    -3.91721  
280.000    -3.92870  
280.100    -3.94018  
280.200    -3.95167  
280.300    -3.96314  
280.400    -3.97462  
280.500    -3.98609  
280.600    -3.99756  
280.700    -4.00902  
280.800    -4.02048  
280.900    -4.03193  
281.000    -4.04339  
281.100    -4.05484  
281.200    -4.06628  
281.300    -4.07772  
281.400    -4.08916  
281.500    -4.10059  
281.600    -4.11203  
281.700    -4.12345  
281.800    -4.13488  
281.900    -4.14630  
282.000    -4.15771  
282.100    -4.16912  
282.200    -4.18053  
282.300    -4.19194  
282.400    -4.20334  
282.500    -4.21474  
282.600    -4.22613  
282.700    -4.23753  
282.800    -4.24891  
282.900    -4.26030  
283.000    -4.27168  
283.100    -4.28305  
283.200    -4.29443  
283.300    -4.30580  
283.400    -4.31716  
283.500    -4.32852  
283.600    -4.33988  
283.700    -4.35124  
283.800    -4.36259  
283.900    -4.37394  
284.000    -4.38528  
284.100    -4.39662  
284.200    -4.40796  
284.300    -4.41929  
284.400    -4.43062  
284.500    -4.44195  
284.600    -4.45327  
284.700    -4.46459  
284.800    -4.47590  
284.900    -4.48722  
285.000    -4.49852  
285.100    -4.50983  
285.200    -4.52113  
285.300    -4.53243  
285.400    -4.54372  
285.500    -4.55501  
285.600    -4.56630  
285.700    -4.57758  
285.800    -4.58886  
285.900    -4.60014  
286.000    -4.61141  
286.100    -4.62268  
286.200    -4.63394  
286.300    -4.64521  
286.400    -4.65646  
286.500    -4.66772  
286.600    -4.67897  
286.700    -4.69022  
286.800    -4.70146  
286.900    -4.71270  
287.000    -4.72394  
287.100    -4.73517  
287.200    -4.74640  
287.300    -4.75763  
287.400    -4.76885  
287.500    -4.78007  
287.600    -4.79128  
287.700    -4.80250  
287.800    -4.81370  
287.900    -4.82491  
288.000    -4.83611  
288.100    -4.84731  
288.200    -4.85850  
288.300    -4.86969  
288.400    -4.88088  
288.500    -4.89206  
288.600    -4.90324  
288.700    -4.91442  
288.800    -4.92559  
288.900    -4.93676  
289.000    -4.94793  
289.100    -4.95909  
289.200    -4.97025  
289.300    -4.98140  
289.400    -4.99255  
289.500    -5.00370  
289.600    -5.01484  
289.700    -5.02599  
289.800    -5.03712  
289.900    -5.04826  
290.000    -5.05939  
290.100    -5.07051  
290.200    -5.08164  
290.300    -5.09276  
290.400    -5.10387  
290.500    -5.11499  
290.600    -5.12609  
290.700    -5.13720  
290.800    -5.14830  
290.900    -5.15940  
291.000    -5.17049  
291.100    -5.18159  
291.200    -5.19267  
291.300    -5.20376  
291.400    -5.21484  
291.500    -5.22592  
291.600    -5.23699  
291.700    -5.24806  
291.800    -5.25913  
291.900    -5.27019  
292.000    -5.28125  
292.100    -5.29231  
292.200    -5.30336  
292.300    -5.31441  
292.400    -5.32545  
292.500    -5.33650  
292.600    -5.34754  
292.700    -5.35857  
292.800    -5.36960  
292.900    -5.38063  
293.000    -5.39165  
293.100    -5.40268  
293.200    -5.41369  
293.300    -5.42471  
293.400    -5.43572  
293.500    -5.44673  
293.600    -5.45773  
293.700    -5.46873  
293.800    -5.47973  
293.900    -5.49072  
294.000    -5.50171  
294.100    -5.51269  
294.200    -5.52368  
294.300    -5.53466  
294.400    -5.54563  
294.500    -5.55660  
294.600    -5.56757  
294.700    -5.57854  
294.800    -5.58950  
294.900    -5.60046  
295.000    -5.61141  
295.100    -5.62236  
295.200    -5.63331  
295.300    -5.64426  
295.400    -5.65520  
295.500    -5.66613  
295.600    -5.67707  
295.700    -5.68800  
295.800    -5.69893  
295.900    -5.70985  
296.000    -5.72077  
296.100    -5.73169  
296.200    -5.74260  
296.300    -5.75351  
296.400    -5.76441  
296.500    -5.77532  
296.600    -5.78622  
296.700    -5.79711  
296.800    -5.80800  
296.900    -5.81889  
297.000    -5.82978  
297.100    -5.84066  
297.200    -5.85154  
297.300    -5.86241  
297.400    -5.87329  
297.500    -5.88415  
297.600    -5.89502  
297.700    -5.90588  
297.800    -5.91674  
297.900    -5.92759  
298.000    -5.93844  
298.100    -5.94929  
298.200    -5.96013  
298.300    -5.97097  
298.400    -5.98181  
298.500    -5.99264  
298.600    -6.00347  
298.700    -6.01430  
298.800    -6.02512  
298.900    -6.03594  
299.000    -6.04676  
299.100    -6.05757  
299.200    -6.06838  
299.300    -6.07919  
299.400    -6.08999  
299.500    -6.10079  
299.600    -6.11159  
299.700    -6.12238  
299.800    -6.13317  
299.900    -6.14395  
300.000    -6.15473  
300.100    -6.16551  
300.200    -6.17629  
300.300    -6.18706  
300.400    -6.19783  
300.500    -6.20859  
300.600    -6.21935  
300.700    -6.23011  
300.800    -6.24087  
300.900    -6.25162  
301.000    -6.26236  
301.100    -6.27311  
301.200    -6.28385  
301.300    -6.29459  
301.400    -6.30532  
301.500    -6.31605  
301.600    -6.32678  
301.700    -6.33750  
301.800    -6.34822  
301.900    -6.35894  
302.000    -6.36965  
302.100    -6.38036  
302.200    -6.39107  
302.300    -6.40177  
302.400    -6.41247  
302.500    -6.42317  
302.600    -6.43386  
302.700    -6.44455  
302.800    -6.45524  
302.900    -6.46592  
303.000    -6.47660  
303.100    -6.48728  
303.200    -6.49795  
303.300    -6.50862  
303.400    -6.51928  
303.500    -6.52995  
303.600    -6.54060  
303.700    -6.55126  
303.800    -6.56191  
303.900    -6.57256  
304.000    -6.58321  
304.100    -6.59385  
304.200    -6.60449  
304.300    -6.61512  
304.400    -6.62575  
304.500    -6.63638  
304.600    -6.64701  
304.700    -6.65763  
304.800    -6.66825  
304.900    -6.67886  
305.000    -6.68947  
305.100    -6.70008  
305.200    -6.71069  
305.300    -6.72129  
305.400    -6.73188  
305.500    -6.74248  
305.600    -6.75307  
305.700    -6.76366  
305.800    -6.77424  
305.900    -6.78482  
306.000    -6.79540  
306.100    -6.80597  
306.200    -6.81655  
306.300    -6.82711  
306.400    -6.83768  
306.500    -6.84824  
306.600    -6.85880  
306.700    -6.86935  
306.800    -6.87990  
306.900    -6.89045  
307.000    -6.90099  
307.100    -6.91153  
307.200    -6.92207  
307.300    -6.93260  
307.400    -6.94313  
307.500    -6.95366  
307.600    -6.96418  
307.700    -6.97470  
307.800    -6.98522  
307.900    -6.99573  
308.000    -7.00624  
308.100    -7.01675  
308.200    -7.02725  
308.300    -7.03775  
308.400    -7.04825  
308.500    -7.05874  
308.600    -7.06923  
308.700    -7.07972  
308.800    -7.09020  
308.900    -7.10068  
309.000    -7.11116  
309.100    -7.12163  
309.200    -7.13210  
309.300    -7.14257  
309.400    -7.15303  
309.500    -7.16349  
309.600    -7.17395  
309.700    -7.18440  
309.800    -7.19485  
309.900    -7.20530  
310.000    -7.21574  
310.100    -7.22618  
310.200    -7.23661  
310.300    -7.24705  
310.400    -7.25748  
310.500    -7.26790  
310.600    -7.27833  
310.700    -7.28875  
310.800    -7.29916  
310.900    -7.30957  
311.000    -7.31998  
311.100    -7.33039  
311.200    -7.34079  
311.300    -7.35119  
311.400    -7.36159  
311.500    -7.37198  
311.600    -7.38237  
311.700    -7.39276  
311.800    -7.40314  
311.900    -7.41352  
312.000    -7.42390  
312.100    -7.43427  
312.200    -7.44464  
312.300    -7.45500  
312.400    -7.46537  
312.500    -7.47573  
312.600    -7.48608  
312.700    -7.49643  
312.800    -7.50678  
312.900    -7.51713  
313.000    -7.52747  
313.100    -7.53781  
313.200    -7.54815  
313.300    -7.55848  
313.400    -7.56881  
313.500    -7.57914  
313.600    -7.58946  
313.700    -7.59978  
313.800    -7.61010  
313.900    -7.62041  
314.000    -7.63072  
314.100    -7.64102  
314.200    -7.65133  
314.300    -7.66163  
314.400    -7.67192  
314.500    -7.68222  
314.600    -7.69250  
314.700    -7.70279  
314.800    -7.71307  
314.900    -7.72335  
315.000    -7.73363  
315.100    -7.74390  
315.200    -7.75417  
315.300    -7.76444  
315.400    -7.77470  
315.500    -7.78496  
315.600    -7.79522  
315.700    -7.80547  
315.800    -7.81572  
315.900    -7.82597  
316.000    -7.83621  
316.100    -7.84645  
316.200    -7.85669  
316.300    -7.86692  
316.400    -7.87715  
316.500    -7.88738  
316.600    -7.89760  
316.700    -7.90782  
316.800    -7.91804  
316.900    -7.92825  
317.000    -7.93846  
317.100    -7.94867  
317.200    -7.95887  
317.300    -7.96907  
317.400    -7.97927  
317.500    -7.98946  
317.600    -7.99965  
317.700    -8.00984  
317.800    -8.02002  
317.900    -8.03020  
318.000    -8.04038  
318.100    -8.05055  
318.200    -8.06072  
318.300    -8.07089  
318.400    -8.08106  
318.500    -8.09122  
318.600    -8.10137  
318.700    -8.11153  
318.800    -8.12168  
318.900    -8.13183  
319.000    -8.14197  
319.100    -8.15211  
319.200    -8.16225  
319.300    -8.17238  
319.400    -8.18251  
319.500    -8.19264  
319.600    -8.20277  
319.700    -8.21289  
319.800    -8.22300  
319.900    -8.23312  
320.000    -8.24323  
320.100    -8.25334  
320.200    -8.26344  
320.300    -8.27355  
320.400    -8.28364  
320.500    -8.29374  
320.600    -8.30383  
320.700    -8.31392  
320.800    -8.32400  
320.900    -8.33409  
321.000    -8.34416  
321.100    -8.35424  
321.200    -8.36431  
321.300    -8.37438  
321.400    -8.38445  
321.500    -8.39451  
321.600    -8.40457  
321.700    -8.41462  
321.800    -8.42468  
321.900    -8.43473  
322.000    -8.44477  
322.100    -8.45481  
322.200    -8.46485  
322.300    -8.47489  
322.400    -8.48492  
322.500    -8.49495  
322.600    -8.50498  
322.700    -8.51500  
322.800    -8.52502  
322.900    -8.53504  
323.000    -8.54505  
323.100    -8.55506  
323.200    -8.56507  
323.300    -8.57507  
323.400    -8.58507  
323.500    -8.59507  
323.600    -8.60506  
323.700    -8.61505  
323.800    -8.62504  
323.900    -8.63502  
324.000    -8.64501  
324.100    -8.65498  
324.200    -8.66496  
324.300    -8.67493  
324.400    -8.68490  
324.500    -8.69486  
324.600    -8.70482  
324.700    -8.71478  
324.800    -8.72474  
324.900    -8.73469  
325.000    -8.74464  
325.100    -8.75458  
325.200    -8.76452  
325.300    -8.77446  
325.400    -8.78440  
325.500    -8.79433  
325.600    -8.80426  
325.700    -8.81418  
325.800    -8.82411  
325.900    -8.83402  
326.000    -8.84394  
326.100    -8.85385  
326.200    -8.86376  
326.300    -8.87367  
326.400    -8.88357  
326.500    -8.89347  
326.600    -8.90337  
326.700    -8.91326  
326.800    -8.92315  
326.900    -8.93304  
327.000    -8.94292  
327.100    -8.95280  
327.200    -8.96268  
327.300    -8.97255  
327.400    -8.98242  
327.500    -8.99229  
327.600    -9.00216  
327.700    -9.01202  
327.800    -9.02188  
327.900    -9.03173  
328.000    -9.04158  
328.100    -9.05143  
328.200    -9.06127  
328.300    -9.07112  
328.400    -9.08096  
328.500    -9.09079  
328.600    -9.10062  
328.700    -9.11045  
328.800    -9.12028  
328.900    -9.13010  
329.000    -9.13992  
329.100    -9.14973  
329.200    -9.15955  
329.300    -9.16936  
329.400    -9.17916  
329.500    -9.18897  
329.600    -9.19877  
329.700    -9.20856  
329.800    -9.21836  
329.900    -9.22815  
330.000    -9.23794  
330.100    -9.24772  
330.200    -9.25750  
330.300    -9.26728  
330.400    -9.27705  
330.500    -9.28682  
330.600    -9.29659  
330.700    -9.30636  
330.800    -9.31612  
330.900    -9.32588  
331.000    -9.33563  
331.100    -9.34538  
331.200    -9.35513  
331.300    -9.36488  
331.400    -9.37462  
331.500    -9.38436  
331.600    -9.39409  
331.700    -9.40383  
331.800    -9.41356  
331.900    -9.42328  
332.000    -9.43301  
332.100    -9.44273  
332.200    -9.45244  
332.300    -9.46216  
332.400    -9.47187  
332.500    -9.48157  
332.600    -9.49128  
332.700    -9.50098  
332.800    -9.51068  
332.900    -9.52037  
333.000    -9.53006  
333.100    -9.53975  
333.200    -9.54944  
333.300    -9.55912  
333.400    -9.56880  
333.500    -9.57847  
333.600    -9.58814  
333.700    -9.59781  
333.800    -9.60748  
333.900    -9.61714  
334.000    -9.62680  
334.100    -9.63646  
334.200    -9.64611  
334.300    -9.65576  
334.400    -9.66541  
334.500    -9.67505  
334.600    -9.68469  
334.700    -9.69433  
334.800    -9.70396  
334.900    -9.71359  
335.000    -9.72322  
335.100    -9.73285  
335.200    -9.74247  
335.300    -9.75209  
335.400    -9.76170  
335.500    -9.77131  
335.600    -9.78092  
335.700    -9.79053  
335.800    -9.80013  
335.900    -9.80973  
336.000    -9.81932  
336.100    -9.82892  
336.200    -9.83851  
336.300    -9.84809  
336.400    -9.85768  
336.500    -9.86726  
336.600    -9.87683  
336.700    -9.88641  
336.800    -9.89598  
336.900    -9.90555  
337.000    -9.91511  
337.100    -9.92467  
337.200    -9.93423  
337.300    -9.94378  
337.400    -9.95334  
337.500    -9.96288  
337.600    -9.97243  
337.700    -9.98197  
337.800    -9.99151  
337.900   -10.00105  
338.000   -10.01058  
338.100   -10.02011  
338.200   -10.02964  
338.300   -10.03916  
338.400   -10.04868  
338.500   -10.05820  
338.600   -10.06771  
338.700   -10.07722  
338.800   -10.08673  
338.900   -10.09623  
339.000   -10.10573  
339.100   -10.11523  
339.200   -10.12473  
339.300   -10.13422  
339.400   -10.14371  
339.500   -10.15319  
339.600   -10.16267  
339.700   -10.17215  
339.800   -10.18163  
339.900   -10.19110  
340.000   -10.20057  
340.100   -10.21004  
340.200   -10.21950  
340.300   -10.22896  
340.400   -10.23842  
340.500   -10.24787  
340.600   -10.25732  
340.700   -10.26677  
340.800   -10.27622  
340.900   -10.28566  
341.000   -10.29510  
341.100   -10.30453  
341.200   -10.31396  
341.300   -10.32339  
341.400   -10.33282  
341.500   -10.34224  
341.600   -10.35166  
341.700   -10.36108  
341.800   -10.37049  
341.900   -10.37990  
342.000   -10.38931  
342.100   -10.39871  
342.200   -10.40811  
342.300   -10.41751  
342.400   -10.42690  
342.500   -10.43629  
342.600   -10.44568  
342.700   -10.45507  
342.800   -10.46445  
342.900   -10.47383  
343.000   -10.48320  
343.100   -10.49257  
343.200   -10.50194  
343.300   -10.51131  
343.400   -10.52067  
343.500   -10.53003  
343.600   -10.53939  
343.700   -10.54874  
343.800   -10.55809  
343.900   -10.56744  
344.000   -10.57679  
344.100   -10.58613  
344.200   -10.59546  
344.300   -10.60480  
344.400   -10.61413  
344.500   -10.62346  
344.600   -10.63278  
344.700   -10.64211  
344.800   -10.65143  
344.900   -10.66074  
345.000   -10.67006  
345.100   -10.67936  
345.200   -10.68867  
345.300   -10.69798  
345.400   -10.70728  
345.500   -10.71657  
345.600   -10.72587  
345.700   -10.73516  
345.800   -10.74445  
345.900   -10.75373  
346.000   -10.76301  
346.100   -10.77229  
346.200   -10.78157  
346.300   -10.79084  
346.400   -10.80011  
346.500   -10.80937  
346.600   -10.81864  
346.700   -10.82790  
346.800   -10.83715  
346.900   -10.84641  
347.000   -10.85566  
347.100   -10.86491  
347.200   -10.87415  
347.300   -10.88339  
347.400   -10.89263  
347.500   -10.90187  
347.600   -10.91110  
347.700   -10.92033  
347.800   -10.92955  
347.900   -10.93877  
348.000   -10.94799  
348.100   -10.95721  
348.200   -10.96642  
348.300   -10.97563  
348.400   -10.98484  
348.500   -10.99405  
348.600   -11.00325  
348.700   -11.01244  
348.800   -11.02164  
348.900   -11.03083  
349.000   -11.04002  
349.100   -11.04920  
349.200   -11.05839  
349.300   -11.06757  
349.400   -11.07674  
349.500   -11.08592  
349.600   -11.09509  
349.700   -11.10425  
349.800   -11.11342  
349.900   -11.12258  
350.000   -11.13174  