 0.000     0.00000  
  0.100     0.00000  
  0.200     0.00000  
  0.300     0.00000  
  0.400     0.00000  
  0.500     0.00000  
  0.600     0.00000  
  0.700     0.00000  
  0.800     0.00000  
  0.900     0.00000  
  1.000     0.00000  
  1.100     0.00000  
  1.200     0.00000  
  1.300     0.00000  
  1.400     0.00000  
  1.500     0.00000  
  1.600     0.00000  
  1.700     0.00000  
  1.800     0.00000  
  1.900     0.00001  
  2.000     0.00001  
  2.100     0.00001  
  2.200     0.00001  
  2.300     0.00001  
  2.400     0.00001  
  2.500     0.00002  
  2.600     0.00002  
  2.700     0.00002  
  2.800     0.00003  
  2.900     0.00003  
  3.000     0.00003  
  3.100     0.00004  
  3.200     0.00005  
  3.300     0.00005  
  3.400     0.00006  
  3.500     0.00007  
  3.600     0.00008  
  3.700     0.00008  
  3.800     0.00009  
  3.900     0.00010  
  4.000     0.00010  
  4.100     0.00012  
  4.200     0.00013  
  4.300     0.00014  
  4.400     0.00016  
  4.500     0.00017  
  4.600     0.00018  
  4.700     0.00020  
  4.800     0.00021  
  4.900     0.00022  
  5.000     0.00024  
  5.100     0.00025  
  5.200     0.00028  
  5.300     0.00030  
  5.400     0.00032  
  5.500     0.00035  
  5.600     0.00037  
  5.700     0.00039  
  5.800     0.00041  
  5.900     0.00043  
  6.000     0.00046  
  6.100     0.00049  
  6.200     0.00052  
  6.300     0.00056  
  6.400     0.00059  
  6.500     0.00062  
  6.600     0.00066  
  6.700     0.00069  
  6.800     0.00072  
  6.900     0.00075  
  7.000     0.00079  
  7.100     0.00083  
  7.200     0.00088  
  7.300     0.00092  
  7.400     0.00097  
  7.500     0.00102  
  7.600     0.00106  
  7.700     0.00111  
  7.800     0.00115  
  7.900     0.00120  
  8.000     0.00124  
  8.100     0.00130  
  8.200     0.00136  
  8.300     0.00142  
  8.400     0.00148  
  8.500     0.00154  
  8.600     0.00160  
  8.700     0.00166  
  8.800     0.00171  
  8.900     0.00177  
  9.000     0.00184  
  9.100     0.00191  
  9.200     0.00198  
  9.300     0.00206  
  9.400     0.00213  
  9.500     0.00221  
  9.600     0.00228  
  9.700     0.00235  
  9.800     0.00242  
  9.900     0.00250  
 10.000     0.00258  
 10.100     0.00266  
 10.200     0.00275  
 10.300     0.00285  
 10.400     0.00295  
 10.500     0.00305  
 10.600     0.00315  
 10.700     0.00325  
 10.800     0.00335  
 10.900     0.00346  
 11.000     0.00355  
 11.100     0.00365  
 11.200     0.00374  
 11.300     0.00384  
 11.400     0.00393  
 11.500     0.00402  
 11.600     0.00412  
 11.700     0.00421  
 11.800     0.00431  
 11.900     0.00442  
 12.000     0.00453  
 12.100     0.00465  
 12.200     0.00477  
 12.300     0.00490  
 12.400     0.00503  
 12.500     0.00516  
 12.600     0.00530  
 12.700     0.00543  
 12.800     0.00557  
 12.900     0.00570  
 13.000     0.00583  
 13.100     0.00596  
 13.200     0.00609  
 13.300     0.00621  
 13.400     0.00634  
 13.500     0.00646  
 13.600     0.00659  
 13.700     0.00672  
 13.800     0.00685  
 13.900     0.00699  
 14.000     0.00713  
 14.100     0.00728  
 14.200     0.00744  
 14.300     0.00760  
 14.400     0.00776  
 14.500     0.00793  
 14.600     0.00809  
 14.700     0.00826  
 14.800     0.00843  
 14.900     0.00860  
 15.000     0.00876  
 15.100     0.00892  
 15.200     0.00908  
 15.300     0.00924  
 15.400     0.00940  
 15.500     0.00955  
 15.600     0.00971  
 15.700     0.00988  
 15.800     0.01004  
 15.900     0.01021  
 16.000     0.01039  
 16.100     0.01057  
 16.200     0.01076  
 16.300     0.01095  
 16.400     0.01114  
 16.500     0.01134  
 16.600     0.01154  
 16.700     0.01174  
 16.800     0.01194  
 16.900     0.01213  
 17.000     0.01233  
 17.100     0.01252  
 17.200     0.01272  
 17.300     0.01291  
 17.400     0.01310  
 17.500     0.01329  
 17.600     0.01348  
 17.700     0.01367  
 17.800     0.01387  
 17.900     0.01407  
 18.000     0.01428  
 18.100     0.01449  
 18.200     0.01471  
 18.300     0.01493  
 18.400     0.01515  
 18.500     0.01538  
 18.600     0.01561  
 18.700     0.01584  
 18.800     0.01607  
 18.900     0.01629  
 19.000     0.01652  
 19.100     0.01674  
 19.200     0.01697  
 19.300     0.01719  
 19.400     0.01741  
 19.500     0.01763  
 19.600     0.01785  
 19.700     0.01807  
 19.800     0.01830  
 19.900     0.01853  
 20.000     0.01877  
 20.100     0.01901  
 20.200     0.01925  
 20.300     0.01950  
 20.400     0.01976  
 20.500     0.02001  
 20.600     0.02027  
 20.700     0.02053  
 20.800     0.02078  
 20.900     0.02104  
 21.000     0.02130  
 21.100     0.02155  
 21.200     0.02180  
 21.300     0.02205  
 21.400     0.02230  
 21.500     0.02254  
 21.600     0.02279  
 21.700     0.02305  
 21.800     0.02330  
 21.900     0.02356  
 22.000     0.02382  
 22.100     0.02409  
 22.200     0.02436  
 22.300     0.02464  
 22.400     0.02492  
 22.500     0.02520  
 22.600     0.02548  
 22.700     0.02577  
 22.800     0.02605  
 22.900     0.02633  
 23.000     0.02662  
 23.100     0.02689  
 23.200     0.02717  
 23.300     0.02745  
 23.400     0.02773  
 23.500     0.02800  
 23.600     0.02828  
 23.700     0.02856  
 23.800     0.02884  
 23.900     0.02912  
 24.000     0.02941  
 24.100     0.02969  
 24.200     0.02999  
 24.300     0.03028  
 24.400     0.03058  
 24.500     0.03087  
 24.600     0.03117  
 24.700     0.03147  
 24.800     0.03178  
 24.900     0.03208  
 25.000     0.03238  
 25.100     0.03269  
 25.200     0.03299  
 25.300     0.03330  
 25.400     0.03360  
 25.500     0.03391  
 25.600     0.03422  
 25.700     0.03453  
 25.800     0.03484  
 25.900     0.03516  
 26.000     0.03547  
 26.100     0.03579  
 26.200     0.03612  
 26.300     0.03644  
 26.400     0.03677  
 26.500     0.03709  
 26.600     0.03742  
 26.700     0.03775  
 26.800     0.03808  
 26.900     0.03840  
 27.000     0.03873  
 27.100     0.03905  
 27.200     0.03938  
 27.300     0.03970  
 27.400     0.04002  
 27.500     0.04034  
 27.600     0.04067  
 27.700     0.04099  
 27.800     0.04132  
 27.900     0.04165  
 28.000     0.04198  
 28.100     0.04232  
 28.200     0.04266  
 28.300     0.04301  
 28.400     0.04335  
 28.500     0.04370  
 28.600     0.04405  
 28.700     0.04440  
 28.800     0.04475  
 28.900     0.04510  
 29.000     0.04544  
 29.100     0.04579  
 29.200     0.04613  
 29.300     0.04647  
 29.400     0.04681  
 29.500     0.04715  
 29.600     0.04749  
 29.700     0.04784  
 29.800     0.04819  
 29.900     0.04854  
 30.000     0.04890  
 30.100     0.04926  
 30.200     0.04963  
 30.300     0.05000  
 30.400     0.05038  
 30.500     0.05075  
 30.600     0.05114  
 30.700     0.05152  
 30.800     0.05190  
 30.900     0.05228  
 31.000     0.05266  
 31.100     0.05304  
 31.200     0.05342  
 31.300     0.05380  
 31.400     0.05417  
 31.500     0.05455  
 31.600     0.05493  
 31.700     0.05530  
 31.800     0.05568  
 31.900     0.05605  
 32.000     0.05643  
 32.100     0.05680  
 32.200     0.05718  
 32.300     0.05755  
 32.400     0.05793  
 32.500     0.05830  
 32.600     0.05868  
 32.700     0.05906  
 32.800     0.05943  
 32.900     0.05981  
 33.000     0.06019  
 33.100     0.06057  
 33.200     0.06095  
 33.300     0.06132  
 33.400     0.06170  
 33.500     0.06208  
 33.600     0.06246  
 33.700     0.06283  
 33.800     0.06321  
 33.900     0.06358  
 34.000     0.06395  
 34.100     0.06432  
 34.200     0.06469  
 34.300     0.06506  
 34.400     0.06543  
 34.500     0.06580  
 34.600     0.06618  
 34.700     0.06656  
 34.800     0.06694  
 34.900     0.06732  
 35.000     0.06772  
 35.100     0.06811  
 35.200     0.06852  
 35.300     0.06892  
 35.400     0.06933  
 35.500     0.06975  
 35.600     0.07016  
 35.700     0.07058  
 35.800     0.07100  
 35.900     0.07142  
 36.000     0.07184  
 36.100     0.07225  
 36.200     0.07267  
 36.300     0.07308  
 36.400     0.07350  
 36.500     0.07391  
 36.600     0.07432  
 36.700     0.07473  
 36.800     0.07514  
 36.900     0.07555  
 37.000     0.07596  
 37.100     0.07637  
 37.200     0.07678  
 37.300     0.07719  
 37.400     0.07761  
 37.500     0.07802  
 37.600     0.07843  
 37.700     0.07884  
 37.800     0.07926  
 37.900     0.07967  
 38.000     0.08008  
 38.100     0.08050  
 38.200     0.08091  
 38.300     0.08132  
 38.400     0.08174  
 38.500     0.08215  
 38.600     0.08256  
 38.700     0.08297  
 38.800     0.08339  
 38.900     0.08380  
 39.000     0.08421  
 39.100     0.08461  
 39.200     0.08502  
 39.300     0.08543  
 39.400     0.08584  
 39.500     0.08624  
 39.600     0.08666  
 39.700     0.08707  
 39.800     0.08748  
 39.900     0.08790  
 40.000     0.08833  
 40.100     0.08876  
 40.200     0.08919  
 40.300     0.08963  
 40.400     0.09006  
 40.500     0.09051  
 40.600     0.09095  
 40.700     0.09139  
 40.800     0.09184  
 40.900     0.09228  
 41.000     0.09273  
 41.100     0.09317  
 41.200     0.09361  
 41.300     0.09406  
 41.400     0.09450  
 41.500     0.09494  
 41.600     0.09538  
 41.700     0.09581  
 41.800     0.09625  
 41.900     0.09669  
 42.000     0.09713  
 42.100     0.09757  
 42.200     0.09801  
 42.300     0.09845  
 42.400     0.09889  
 42.500     0.09933  
 42.600     0.09977  
 42.700     0.10021  
 42.800     0.10065  
 42.900     0.10109  
 43.000     0.10153  
 43.100     0.10197  
 43.200     0.10241  
 43.300     0.10286  
 43.400     0.10330  
 43.500     0.10374  
 43.600     0.10418  
 43.700     0.10462  
 43.800     0.10506  
 43.900     0.10550  
 44.000     0.10593  
 44.100     0.10637  
 44.200     0.10681  
 44.300     0.10724  
 44.400     0.10768  
 44.500     0.10812  
 44.600     0.10856  
 44.700     0.10900  
 44.800     0.10944  
 44.900     0.10988  
 45.000     0.11033  
 45.100     0.11079  
 45.200     0.11124  
 45.300     0.11170  
 45.400     0.11216  
 45.500     0.11263  
 45.600     0.11309  
 45.700     0.11356  
 45.800     0.11402  
 45.900     0.11449  
 46.000     0.11495  
 46.100     0.11542  
 46.200     0.11588  
 46.300     0.11634  
 46.400     0.11680  
 46.500     0.11727  
 46.600     0.11773  
 46.700     0.11819  
 46.800     0.11865  
 46.900     0.11911  
 47.000     0.11957  
 47.100     0.12003  
 47.200     0.12049  
 47.300     0.12095  
 47.400     0.12142  
 47.500     0.12188  
 47.600     0.12234  
 47.700     0.12280  
 47.800     0.12326  
 47.900     0.12373  
 48.000     0.12419  
 48.100     0.12465  
 48.200     0.12511  
 48.300     0.12558  
 48.400     0.12604  
 48.500     0.12650  
 48.600     0.12696  
 48.700     0.12742  
 48.800     0.12789  
 48.900     0.12835  
 49.000     0.12881  
 49.100     0.12927  
 49.200     0.12972  
 49.300     0.13018  
 49.400     0.13064  
 49.500     0.13110  
 49.600     0.13156  
 49.700     0.13202  
 49.800     0.13249  
 49.900     0.13296  
 50.000     0.13342  
 50.100     0.13390  
 50.200     0.13437  
 50.300     0.13485  
 50.400     0.13532  
 50.500     0.13580  
 50.600     0.13629  
 50.700     0.13677  
 50.800     0.13725  
 50.900     0.13773  
 51.000     0.13821  
 51.100     0.13869  
 51.200     0.13917  
 51.300     0.13965  
 51.400     0.14013  
 51.500     0.14061  
 51.600     0.14109  
 51.700     0.14157  
 51.800     0.14204  
 51.900     0.14252  
 52.000     0.14300  
 52.100     0.14348  
 52.200     0.14396  
 52.300     0.14443  
 52.400     0.14491  
 52.500     0.14539  
 52.600     0.14587  
 52.700     0.14635  
 52.800     0.14683  
 52.900     0.14731  
 53.000     0.14779  
 53.100     0.14827  
 53.200     0.14875  
 53.300     0.14923  
 53.400     0.14971  
 53.500     0.15018  
 53.600     0.15066  
 53.700     0.15114  
 53.800     0.15162  
 53.900     0.15210  
 54.000     0.15258  
 54.100     0.15305  
 54.200     0.15353  
 54.300     0.15400  
 54.400     0.15448  
 54.500     0.15496  
 54.600     0.15544  
 54.700     0.15592  
 54.800     0.15640  
 54.900     0.15688  
 55.000     0.15736  
 55.100     0.15785  
 55.200     0.15834  
 55.300     0.15883  
 55.400     0.15932  
 55.500     0.15981  
 55.600     0.16031  
 55.700     0.16080  
 55.800     0.16130  
 55.900     0.16179  
 56.000     0.16229  
 56.100     0.16278  
 56.200     0.16327  
 56.300     0.16377  
 56.400     0.16426  
 56.500     0.16475  
 56.600     0.16524  
 56.700     0.16573  
 56.800     0.16623  
 56.900     0.16672  
 57.000     0.16721  
 57.100     0.16770  
 57.200     0.16819  
 57.300     0.16868  
 57.400     0.16918  
 57.500     0.16967  
 57.600     0.17016  
 57.700     0.17065  
 57.800     0.17115  
 57.900     0.17164  
 58.000     0.17213  
 58.100     0.17262  
 58.200     0.17312  
 58.300     0.17361  
 58.400     0.17410  
 58.500     0.17460  
 58.600     0.17509  
 58.700     0.17558  
 58.800     0.17607  
 58.900     0.17656  
 59.000     0.17706  
 59.100     0.17755  
 59.200     0.17804  
 59.300     0.17853  
 59.400     0.17902  
 59.500     0.17951  
 59.600     0.18000  
 59.700     0.18049  
 59.800     0.18099  
 59.900     0.18148  
 60.000     0.18198  
 60.100     0.18248  
 60.200     0.18298  
 60.300     0.18348  
 60.400     0.18398  
 60.500     0.18449  
 60.600     0.18499  
 60.700     0.18550  
 60.800     0.18600  
 60.900     0.18651  
 61.000     0.18701  
 61.100     0.18751  
 61.200     0.18802  
 61.300     0.18852  
 61.400     0.18903  
 61.500     0.18953  
 61.600     0.19003  
 61.700     0.19053  
 61.800     0.19104  
 61.900     0.19154  
 62.000     0.19204  
 62.100     0.19254  
 62.200     0.19305  
 62.300     0.19355  
 62.400     0.19405  
 62.500     0.19456  
 62.600     0.19506  
 62.700     0.19556  
 62.800     0.19607  
 62.900     0.19657  
 63.000     0.19707  
 63.100     0.19758  
 63.200     0.19808  
 63.300     0.19859  
 63.400     0.19909  
 63.500     0.19959  
 63.600     0.20010  
 63.700     0.20060  
 63.800     0.20110  
 63.900     0.20160  
 64.000     0.20211  
 64.100     0.20261  
 64.200     0.20311  
 64.300     0.20361  
 64.400     0.20411  
 64.500     0.20461  
 64.600     0.20512  
 64.700     0.20562  
 64.800     0.20613  
 64.900     0.20663  
 65.000     0.20714  
 65.100     0.20765  
 65.200     0.20816  
 65.300     0.20867  
 65.400     0.20918  
 65.500     0.20969  
 65.600     0.21021  
 65.700     0.21072  
 65.800     0.21123  
 65.900     0.21175  
 66.000     0.21226  
 66.100     0.21277  
 66.200     0.21329  
 66.300     0.21380  
 66.400     0.21431  
 66.500     0.21482  
 66.600     0.21533  
 66.700     0.21585  
 66.800     0.21636  
 66.900     0.21687  
 67.000     0.21738  
 67.100     0.21789  
 67.200     0.21840  
 67.300     0.21892  
 67.400     0.21943  
 67.500     0.21994  
 67.600     0.22045  
 67.700     0.22097  
 67.800     0.22148  
 67.900     0.22199  
 68.000     0.22250  
 68.100     0.22302  
 68.200     0.22353  
 68.300     0.22404  
 68.400     0.22455  
 68.500     0.22507  
 68.600     0.22558  
 68.700     0.22609  
 68.800     0.22660  
 68.900     0.22711  
 69.000     0.22763  
 69.100     0.22814  
 69.200     0.22865  
 69.300     0.22916  
 69.400     0.22967  
 69.500     0.23018  
 69.600     0.23069  
 69.700     0.23120  
 69.800     0.23172  
 69.900     0.23223  
 70.000     0.23275  
 70.100     0.23326  
 70.200     0.23378  
 70.300     0.23430  
 70.400     0.23482  
 70.500     0.23534  
 70.600     0.23586  
 70.700     0.23638  
 70.800     0.23690  
 70.900     0.23742  
 71.000     0.23795  
 71.100     0.23847  
 71.200     0.23899  
 71.300     0.23951  
 71.400     0.24003  
 71.500     0.24055  
 71.600     0.24107  
 71.700     0.24159  
 71.800     0.24211  
 71.900     0.24263  
 72.000     0.24315  
 72.100     0.24366  
 72.200     0.24418  
 72.300     0.24470  
 72.400     0.24522  
 72.500     0.24574  
 72.600     0.24626  
 72.700     0.24678  
 72.800     0.24730  
 72.900     0.24782  
 73.000     0.24834  
 73.100     0.24886  
 73.200     0.24938  
 73.300     0.24990  
 73.400     0.25043  
 73.500     0.25095  
 73.600     0.25147  
 73.700     0.25198  
 73.800     0.25250  
 73.900     0.25302  
 74.000     0.25354  
 74.100     0.25406  
 74.200     0.25458  
 74.300     0.25510  
 74.400     0.25562  
 74.500     0.25614  
 74.600     0.25666  
 74.700     0.25718  
 74.800     0.25770  
 74.900     0.25822  
 75.000     0.25874  
 75.100     0.25926  
 75.200     0.25979  
 75.300     0.26032  
 75.400     0.26084  
 75.500     0.26137  
 75.600     0.26190  
 75.700     0.26242  
 75.800     0.26295  
 75.900     0.26348  
 76.000     0.26401  
 76.100     0.26454  
 76.200     0.26506  
 76.300     0.26559  
 76.400     0.26612  
 76.500     0.26664  
 76.600     0.26717  
 76.700     0.26770  
 76.800     0.26822  
 76.900     0.26875  
 77.000     0.26927  
 77.100     0.26980  
 77.200     0.27033  
 77.300     0.27085  
 77.400     0.27138  
 77.500     0.27191  
 77.600     0.27243  
 77.700     0.27296  
 77.800     0.27349  
 77.900     0.27402  
 78.000     0.27454  
 78.100     0.27507  
 78.200     0.27560  
 78.300     0.27612  
 78.400     0.27665  
 78.500     0.27718  
 78.600     0.27770  
 78.700     0.27823  
 78.800     0.27876  
 78.900     0.27928  
 79.000     0.27981  
 79.100     0.28033  
 79.200     0.28086  
 79.300     0.28138  
 79.400     0.28191  
 79.500     0.28244  
 79.600     0.28296  
 79.700     0.28349  
 79.800     0.28402  
 79.900     0.28455  
 80.000     0.28507  
 80.100     0.28561  
 80.200     0.28614  
 80.300     0.28667  
 80.400     0.28720  
 80.500     0.28773  
 80.600     0.28827  
 80.700     0.28880  
 80.800     0.28934  
 80.900     0.28987  
 81.000     0.29040  
 81.100     0.29094  
 81.200     0.29147  
 81.300     0.29200  
 81.400     0.29254  
 81.500     0.29307  
 81.600     0.29360  
 81.700     0.29413  
 81.800     0.29467  
 81.900     0.29520  
 82.000     0.29573  
 82.100     0.29626  
 82.200     0.29680  
 82.300     0.29733  
 82.400     0.29786  
 82.500     0.29840  
 82.600     0.29893  
 82.700     0.29946  
 82.800     0.29999  
 82.900     0.30053  
 83.000     0.30106  
 83.100     0.30159  
 83.200     0.30213  
 83.300     0.30266  
 83.400     0.30319  
 83.500     0.30373  
 83.600     0.30426  
 83.700     0.30479  
 83.800     0.30532  
 83.900     0.30586  
 84.000     0.30639  
 84.100     0.30692  
 84.200     0.30745  
 84.300     0.30798  
 84.400     0.30852  
 84.500     0.30905  
 84.600     0.30958  
 84.700     0.31011  
 84.800     0.31065  
 84.900     0.31118  
 85.000     0.31172  
 85.100     0.31225  
 85.200     0.31279  
 85.300     0.31333  
 85.400     0.31387  
 85.500     0.31440  
 85.600     0.31494  
 85.700     0.31548  
 85.800     0.31602  
 85.900     0.31656  
 86.000     0.31710  
 86.100     0.31764  
 86.200     0.31818  
 86.300     0.31872  
 86.400     0.31926  
 86.500     0.31980  
 86.600     0.32033  
 86.700     0.32087  
 86.800     0.32141  
 86.900     0.32195  
 87.000     0.32249  
 87.100     0.32303  
 87.200     0.32356  
 87.300     0.32410  
 87.400     0.32464  
 87.500     0.32518  
 87.600     0.32572  
 87.700     0.32626  
 87.800     0.32680  
 87.900     0.32734  
 88.000     0.32787  
 88.100     0.32841  
 88.200     0.32895  
 88.300     0.32949  
 88.400     0.33003  
 88.500     0.33057  
 88.600     0.33111  
 88.700     0.33164  
 88.800     0.33218  
 88.900     0.33272  
 89.000     0.33326  
 89.100     0.33380  
 89.200     0.33433  
 89.300     0.33487  
 89.400     0.33541  
 89.500     0.33595  
 89.600     0.33649  
 89.700     0.33702  
 89.800     0.33756  
 89.900     0.33810  
 90.000     0.33864  
 90.100     0.33919  
 90.200     0.33973  
 90.300     0.34027  
 90.400     0.34082  
 90.500     0.34136  
 90.600     0.34191  
 90.700     0.34245  
 90.800     0.34300  
 90.900     0.34354  
 91.000     0.34408  
 91.100     0.34463  
 91.200     0.34517  
 91.300     0.34572  
 91.400     0.34626  
 91.500     0.34681  
 91.600     0.34735  
 91.700     0.34789  
 91.800     0.34844  
 91.900     0.34898  
 92.000     0.34953  
 92.100     0.35007  
 92.200     0.35061  
 92.300     0.35116  
 92.400     0.35170  
 92.500     0.35225  
 92.600     0.35279  
 92.700     0.35333  
 92.800     0.35388  
 92.900     0.35442  
 93.000     0.35497  
 93.100     0.35551  
 93.200     0.35605  
 93.300     0.35660  
 93.400     0.35714  
 93.500     0.35769  
 93.600     0.35823  
 93.700     0.35878  
 93.800     0.35932  
 93.900     0.35986  
 94.000     0.36041  
 94.100     0.36095  
 94.200     0.36149  
 94.300     0.36204  
 94.400     0.36258  
 94.500     0.36312  
 94.600     0.36367  
 94.700     0.36421  
 94.800     0.36476  
 94.900     0.36530  
 95.000     0.36585  
 95.100     0.36639  
 95.200     0.36694  
 95.300     0.36749  
 95.400     0.36804  
 95.500     0.36859  
 95.600     0.36914  
 95.700     0.36969  
 95.800     0.37024  
 95.900     0.37079  
 96.000     0.37134  
 96.100     0.37189  
 96.200     0.37244  
 96.300     0.37299  
 96.400     0.37354  
 96.500     0.37409  
 96.600     0.37464  
 96.700     0.37519  
 96.800     0.37574  
 96.900     0.37628  
 97.000     0.37683  
 97.100     0.37738  
 97.200     0.37793  
 97.300     0.37848  
 97.400     0.37903  
 97.500     0.37958  
 97.600     0.38013  
 97.700     0.38068  
 97.800     0.38123  
 97.900     0.38178  
 98.000     0.38233  
 98.100     0.38288  
 98.200     0.38343  
 98.300     0.38398  
 98.400     0.38453  
 98.500     0.38507  
 98.600     0.38562  
 98.700     0.38617  
 98.800     0.38672  
 98.900     0.38727  
 99.000     0.38782  
 99.100     0.38837  
 99.200     0.38892  
 99.300     0.38947  
 99.400     0.39001  
 99.500     0.39056  
 99.600     0.39111  
 99.700     0.39166  
 99.800     0.39221  
 99.900     0.39276  
100.000     0.39331  
100.100     0.39387  
100.200     0.39442  
100.300     0.39497  
100.400     0.39553  
100.500     0.39608  
100.600     0.39664  
100.700     0.39719  
100.800     0.39775  
100.900     0.39831  
101.000     0.39887  
101.100     0.39942  
101.200     0.39998  
101.300     0.40054  
101.400     0.40110  
101.500     0.40166  
101.600     0.40222  
101.700     0.40278  
101.800     0.40333  
101.900     0.40389  
102.000     0.40445  
102.100     0.40501  
102.200     0.40557  
102.300     0.40612  
102.400     0.40668  
102.500     0.40724  
102.600     0.40780  
102.700     0.40835  
102.800     0.40891  
102.900     0.40947  
103.000     0.41002  
103.100     0.41058  
103.200     0.41114  
103.300     0.41169  
103.400     0.41225  
103.500     0.41281  
103.600     0.41336  
103.700     0.41392  
103.800     0.41448  
103.900     0.41503  
104.000     0.41559  
104.100     0.41614  
104.200     0.41670  
104.300     0.41726  
104.400     0.41781  
104.500     0.41837  
104.600     0.41893  
104.700     0.41948  
104.800     0.42004  
104.900     0.42060  
105.000     0.42115  
105.100     0.42171  
105.200     0.42227  
105.300     0.42283  
105.400     0.42338  
105.500     0.42394  
105.600     0.42450  
105.700     0.42505  
105.800     0.42561  
105.900     0.42617  
106.000     0.42673  
106.100     0.42728  
106.200     0.42784  
106.300     0.42840  
106.400     0.42896  
106.500     0.42951  
106.600     0.43007  
106.700     0.43063  
106.800     0.43119  
106.900     0.43174  
107.000     0.43230  
107.100     0.43286  
107.200     0.43341  
107.300     0.43397  
107.400     0.43453  
107.500     0.43508  
107.600     0.43564  
107.700     0.43620  
107.800     0.43675  
107.900     0.43731  
108.000     0.43786  
108.100     0.43842  
108.200     0.43897  
108.300     0.43953  
108.400     0.44008  
108.500     0.44064  
108.600     0.44119  
108.700     0.44175  
108.800     0.44231  
108.900     0.44286  
109.000     0.44342  
109.100     0.44397  
109.200     0.44453  
109.300     0.44509  
109.400     0.44564  
109.500     0.44620  
109.600     0.44676  
109.700     0.44732  
109.800     0.44788  
109.900     0.44844  
110.000     0.44900  
110.100     0.44956  
110.200     0.45013  
110.300     0.45069  
110.400     0.45125  
110.500     0.45182  
110.600     0.45239  
110.700     0.45295  
110.800     0.45352  
110.900     0.45409  
111.000     0.45465  
111.100     0.45522  
111.200     0.45579  
111.300     0.45636  
111.400     0.45693  
111.500     0.45749  
111.600     0.45806  
111.700     0.45863  
111.800     0.45920  
111.900     0.45977  
112.000     0.46034  
112.100     0.46090  
112.200     0.46147  
112.300     0.46204  
112.400     0.46261  
112.500     0.46317  
112.600     0.46374  
112.700     0.46431  
112.800     0.46487  
112.900     0.46544  
113.000     0.46601  
113.100     0.46657  
113.200     0.46714  
113.300     0.46771  
113.400     0.46827  
113.500     0.46884  
113.600     0.46941  
113.700     0.46997  
113.800     0.47054  
113.900     0.47110  
114.000     0.47167  
114.100     0.47224  
114.200     0.47280  
114.300     0.47337  
114.400     0.47394  
114.500     0.47450  
114.600     0.47507  
114.700     0.47564  
114.800     0.47620  
114.900     0.47677  
115.000     0.47734  
115.100     0.47790  
115.200     0.47847  
115.300     0.47904  
115.400     0.47960  
115.500     0.48017  
115.600     0.48074  
115.700     0.48130  
115.800     0.48187  
115.900     0.48244  
116.000     0.48300  
116.100     0.48357  
116.200     0.48414  
116.300     0.48471  
116.400     0.48527  
116.500     0.48584  
116.600     0.48641  
116.700     0.48698  
116.800     0.48754  
116.900     0.48811  
117.000     0.48868  
117.100     0.48924  
117.200     0.48981  
117.300     0.49038  
117.400     0.49094  
117.500     0.49151  
117.600     0.49208  
117.700     0.49264  
117.800     0.49321  
117.900     0.49377  
118.000     0.49434  
118.100     0.49491  
118.200     0.49547  
118.300     0.49604  
118.400     0.49660  
118.500     0.49717  
118.600     0.49773  
118.700     0.49830  
118.800     0.49886  
118.900     0.49943  
119.000     0.49999  
119.100     0.50056  
119.200     0.50112  
119.300     0.50169  
119.400     0.50226  
119.500     0.50283  
119.600     0.50339  
119.700     0.50396  
119.800     0.50453  
119.900     0.50510  
120.000     0.50567  
120.100     0.50625  
120.200     0.50682  
120.300     0.50739  
120.400     0.50797  
120.500     0.50854  
120.600     0.50912  
120.700     0.50969  
120.800     0.51027  
120.900     0.51085  
121.000     0.51142  
121.100     0.51200  
121.200     0.51258  
121.300     0.51316  
121.400     0.51373  
121.500     0.51431  
121.600     0.51489  
121.700     0.51547  
121.800     0.51605  
121.900     0.51662  
122.000     0.51720  
122.100     0.51778  
122.200     0.51836  
122.300     0.51893  
122.400     0.51951  
122.500     0.52009  
122.600     0.52066  
122.700     0.52124  
122.800     0.52182  
122.900     0.52239  
123.000     0.52297  
123.100     0.52354  
123.200     0.52412  
123.300     0.52470  
123.400     0.52527  
123.500     0.52585  
123.600     0.52642  
123.700     0.52700  
123.800     0.52757  
123.900     0.52815  
124.000     0.52873  
124.100     0.52930  
124.200     0.52988  
124.300     0.53045  
124.400     0.53103  
124.500     0.53161  
124.600     0.53218  
124.700     0.53276  
124.800     0.53333  
124.900     0.53391  
125.000     0.53449  
125.100     0.53506  
125.200     0.53564  
125.300     0.53622  
125.400     0.53679  
125.500     0.53737  
125.600     0.53795  
125.700     0.53852  
125.800     0.53910  
125.900     0.53968  
126.000     0.54025  
126.100     0.54083  
126.200     0.54141  
126.300     0.54198  
126.400     0.54256  
126.500     0.54314  
126.600     0.54371  
126.700     0.54429  
126.800     0.54487  
126.900     0.54544  
127.000     0.54602  
127.100     0.54660  
127.200     0.54717  
127.300     0.54775  
127.400     0.54832  
127.500     0.54890  
127.600     0.54948  
127.700     0.55005  
127.800     0.55063  
127.900     0.55120  
128.000     0.55178  
128.100     0.55235  
128.200     0.55293  
128.300     0.55350  
128.400     0.55408  
128.500     0.55465  
128.600     0.55523  
128.700     0.55580  
128.800     0.55638  
128.900     0.55695  
129.000     0.55753  
129.100     0.55810  
129.200     0.55868  
129.300     0.55925  
129.400     0.55983  
129.500     0.56041  
129.600     0.56099  
129.700     0.56157  
129.800     0.56214  
129.900     0.56272  
130.000     0.56330  
130.100     0.56389  
130.200     0.56447  
130.300     0.56505  
130.400     0.56563  
130.500     0.56622  
130.600     0.56680  
130.700     0.56739  
130.800     0.56797  
130.900     0.56856  
131.000     0.56914  
131.100     0.56973  
131.200     0.57031  
131.300     0.57090  
131.400     0.57149  
131.500     0.57207  
131.600     0.57266  
131.700     0.57325  
131.800     0.57383  
131.900     0.57442  
132.000     0.57501  
132.100     0.57559  
132.200     0.57618  
132.300     0.57677  
132.400     0.57735  
132.500     0.57794  
132.600     0.57852  
132.700     0.57911  
132.800     0.57969  
132.900     0.58028  
133.000     0.58086  
133.100     0.58145  
133.200     0.58203  
133.300     0.58262  
133.400     0.58320  
133.500     0.58379  
133.600     0.58437  
133.700     0.58496  
133.800     0.58554  
133.900     0.58613  
134.000     0.58671  
134.100     0.58729  
134.200     0.58788  
134.300     0.58846  
134.400     0.58905  
134.500     0.58963  
134.600     0.59022  
134.700     0.59080  
134.800     0.59139  
134.900     0.59197  
135.000     0.59256  
135.100     0.59314  
135.200     0.59373  
135.300     0.59432  
135.400     0.59490  
135.500     0.59549  
135.600     0.59607  
135.700     0.59666  
135.800     0.59724  
135.900     0.59783  
136.000     0.59841  
136.100     0.59900  
136.200     0.59958  
136.300     0.60017  
136.400     0.60076  
136.500     0.60134  
136.600     0.60193  
136.700     0.60251  
136.800     0.60310  
136.900     0.60368  
137.000     0.60427  
137.100     0.60485  
137.200     0.60544  
137.300     0.60602  
137.400     0.60661  
137.500     0.60719  
137.600     0.60778  
137.700     0.60836  
137.800     0.60895  
137.900     0.60953  
138.000     0.61012  
138.100     0.61070  
138.200     0.61128  
138.300     0.61187  
138.400     0.61245  
138.500     0.61304  
138.600     0.61362  
138.700     0.61420  
138.800     0.61479  
138.900     0.61537  
139.000     0.61595  
139.100     0.61654  
139.200     0.61712  
139.300     0.61771  
139.400     0.61830  
139.500     0.61888  
139.600     0.61947  
139.700     0.62005  
139.800     0.62064  
139.900     0.62123  
140.000     0.62182  
140.100     0.62241  
140.200     0.62300  
140.300     0.62359  
140.400     0.62418  
140.500     0.62477  
140.600     0.62536  
140.700     0.62596  
140.800     0.62655  
140.900     0.62714  
141.000     0.62774  
141.100     0.62833  
141.200     0.62892  
141.300     0.62952  
141.400     0.63011  
141.500     0.63071  
141.600     0.63130  
141.700     0.63190  
141.800     0.63249  
141.900     0.63309  
142.000     0.63368  
142.100     0.63427  
142.200     0.63487  
142.300     0.63546  
142.400     0.63606  
142.500     0.63665  
142.600     0.63724  
142.700     0.63784  
142.800     0.63843  
142.900     0.63902  
143.000     0.63961  
143.100     0.64021  
143.200     0.64080  
143.300     0.64139  
143.400     0.64199  
143.500     0.64258  
143.600     0.64317  
143.700     0.64376  
143.800     0.64436  
143.900     0.64495  
144.000     0.64554  
144.100     0.64613  
144.200     0.64673  
144.300     0.64732  
144.400     0.64791  
144.500     0.64851  
144.600     0.64910  
144.700     0.64969  
144.800     0.65029  
144.900     0.65088  
145.000     0.65147  
145.100     0.65206  
145.200     0.65266  
145.300     0.65325  
145.400     0.65384  
145.500     0.65444  
145.600     0.65503  
145.700     0.65562  
145.800     0.65622  
145.900     0.65681  
146.000     0.65740  
146.100     0.65800  
146.200     0.65859  
146.300     0.65918  
146.400     0.65978  
146.500     0.66037  
146.600     0.66096  
146.700     0.66156  
146.800     0.66215  
146.900     0.66274  
147.000     0.66334  
147.100     0.66393  
147.200     0.66452  
147.300     0.66512  
147.400     0.66571  
147.500     0.66630  
147.600     0.66690  
147.700     0.66749  
147.800     0.66808  
147.900     0.66867  
148.000     0.66926  
148.100     0.66986  
148.200     0.67045  
148.300     0.67104  
148.400     0.67163  
148.500     0.67222  
148.600     0.67282  
148.700     0.67341  
148.800     0.67400  
148.900     0.67459  
149.000     0.67519  
149.100     0.67578  
149.200     0.67637  
149.300     0.67696  
149.400     0.67756  
149.500     0.67815  
149.600     0.67875  
149.700     0.67934  
149.800     0.67994  
149.900     0.68053  
150.000     0.68113  
150.100     0.68172  
150.200     0.68232  
150.300     0.68292  
150.400     0.68352  
150.500     0.68412  
150.600     0.68471  
150.700     0.68531  
150.800     0.68591  
150.900     0.68651  
151.000     0.68711  
151.100     0.68771  
151.200     0.68831  
151.300     0.68891  
151.400     0.68952  
151.500     0.69012  
151.600     0.69072  
151.700     0.69132  
151.800     0.69192  
151.900     0.69252  
152.000     0.69312  
152.100     0.69372  
152.200     0.69432  
152.300     0.69492  
152.400     0.69552  
152.500     0.69612  
152.600     0.69672  
152.700     0.69732  
152.800     0.69792  
152.900     0.69852  
153.000     0.69912  
153.100     0.69972  
153.200     0.70032  
153.300     0.70092  
153.400     0.70152  
153.500     0.70212  
153.600     0.70272  
153.700     0.70332  
153.800     0.70392  
153.900     0.70451  
154.000     0.70511  
154.100     0.70571  
154.200     0.70631  
154.300     0.70691  
154.400     0.70751  
154.500     0.70811  
154.600     0.70871  
154.700     0.70931  
154.800     0.70991  
154.900     0.71051  
155.000     0.71111  
155.100     0.71171  
155.200     0.71231  
155.300     0.71291  
155.400     0.71351  
155.500     0.71411  
155.600     0.71471  
155.700     0.71531  
155.800     0.71591  
155.900     0.71651  
156.000     0.71711  
156.100     0.71771  
156.200     0.71831  
156.300     0.71891  
156.400     0.71951  
156.500     0.72011  
156.600     0.72071  
156.700     0.72131  
156.800     0.72191  
156.900     0.72251  
157.000     0.72311  
157.100     0.72371  
157.200     0.72431  
157.300     0.72491  
157.400     0.72551  
157.500     0.72611  
157.600     0.72670  
157.700     0.72730  
157.800     0.72790  
157.900     0.72850  
158.000     0.72910  
158.100     0.72970  
158.200     0.73030  
158.300     0.73090  
158.400     0.73150  
158.500     0.73210  
158.600     0.73270  
158.700     0.73330  
158.800     0.73390  
158.900     0.73450  
159.000     0.73510  
159.100     0.73570  
159.200     0.73629  
159.300     0.73689  
159.400     0.73749  
159.500     0.73809  
159.600     0.73869  
159.700     0.73929  
159.800     0.73989  
159.900     0.74049  
160.000     0.74109  
160.100     0.74170  
160.200     0.74230  
160.300     0.74290  
160.400     0.74350  
160.500     0.74411  
160.600     0.74471  
160.700     0.74532  
160.800     0.74592  
160.900     0.74653  
161.000     0.74713  
161.100     0.74774  
161.200     0.74834  
161.300     0.74895  
161.400     0.74955  
161.500     0.75016  
161.600     0.75076  
161.700     0.75137  
161.800     0.75198  
161.900     0.75258  
162.000     0.75319  
162.100     0.75379  
162.200     0.75440  
162.300     0.75500  
162.400     0.75561  
162.500     0.75621  
162.600     0.75682  
162.700     0.75742  
162.800     0.75803  
162.900     0.75863  
163.000     0.75924  
163.100     0.75984  
163.200     0.76045  
163.300     0.76105  
163.400     0.76165  
163.500     0.76226  
163.600     0.76286  
163.700     0.76347  
163.800     0.76407  
163.900     0.76468  
164.000     0.76528  
164.100     0.76589  
164.200     0.76649  
164.300     0.76709  
164.400     0.76770  
164.500     0.76830  
164.600     0.76891  
164.700     0.76951  
164.800     0.77012  
164.900     0.77072  
165.000     0.77133  
165.100     0.77193  
165.200     0.77254  
165.300     0.77314  
165.400     0.77375  
165.500     0.77435  
165.600     0.77496  
165.700     0.77556  
165.800     0.77617  
165.900     0.77677  
166.000     0.77737  
166.100     0.77798  
166.200     0.77858  
166.300     0.77919  
166.400     0.77979  
166.500     0.78040  
166.600     0.78100  
166.700     0.78161  
166.800     0.78221  
166.900     0.78282  
167.000     0.78342  
167.100     0.78403  
167.200     0.78463  
167.300     0.78524  
167.400     0.78584  
167.500     0.78645  
167.600     0.78705  
167.700     0.78766  
167.800     0.78826  
167.900     0.78886  
168.000     0.78947  
168.100     0.79007  
168.200     0.79068  
168.300     0.79128  
168.400     0.79189  
168.500     0.79249  
168.600     0.79309  
168.700     0.79370  
168.800     0.79430  
168.900     0.79491  
169.000     0.79551  
169.100     0.79612  
169.200     0.79672  
169.300     0.79732  
169.400     0.79793  
169.500     0.79853  
169.600     0.79914  
169.700     0.79975  
169.800     0.80035  
169.900     0.80096  
170.000     0.80156  
170.100     0.80217  
170.200     0.80278  
170.300     0.80338  
170.400     0.80399  
170.500     0.80460  
170.600     0.80521  
170.700     0.80581  
170.800     0.80642  
170.900     0.80703  
171.000     0.80764  
171.100     0.80825  
171.200     0.80886  
171.300     0.80946  
171.400     0.81007  
171.500     0.81068  
171.600     0.81129  
171.700     0.81190  
171.800     0.81251  
171.900     0.81312  
172.000     0.81372  
172.100     0.81433  
172.200     0.81494  
172.300     0.81555  
172.400     0.81616  
172.500     0.81677  
172.600     0.81737  
172.700     0.81798  
172.800     0.81859  
172.900     0.81920  
173.000     0.81981  
173.100     0.82041  
173.200     0.82102  
173.300     0.82163  
173.400     0.82224  
173.500     0.82284  
173.600     0.82345  
173.700     0.82406  
173.800     0.82467  
173.900     0.82528  
174.000     0.82588  
174.100     0.82649  
174.200     0.82710  
174.300     0.82771  
174.400     0.82832  
174.500     0.82892  
174.600     0.82953  
174.700     0.83014  
174.800     0.83075  
174.900     0.83136  
175.000     0.83196  
175.100     0.83257  
175.200     0.83318  
175.300     0.83379  
175.400     0.83440  
175.500     0.83500  
175.600     0.83561  
175.700     0.83622  
175.800     0.83683  
175.900     0.83744  
176.000     0.83804  
176.100     0.83865  
176.200     0.83926  
176.300     0.83987  
176.400     0.84048  
176.500     0.84109  
176.600     0.84169  
176.700     0.84230  
176.800     0.84291  
176.900     0.84352  
177.000     0.84413  
177.100     0.84473  
177.200     0.84534  
177.300     0.84595  
177.400     0.84656  
177.500     0.84717  
177.600     0.84777  
177.700     0.84838  
177.800     0.84899  
177.900     0.84960  
178.000     0.85021  
178.100     0.85081  
178.200     0.85142  
178.300     0.85203  
178.400     0.85264  
178.500     0.85325  
178.600     0.85385  
178.700     0.85446  
178.800     0.85507  
178.900     0.85568  
179.000     0.85628  
179.100     0.85689  
179.200     0.85750  
179.300     0.85811  
179.400     0.85872  
179.500     0.85933  
179.600     0.85993  
179.700     0.86054  
179.800     0.86115  
179.900     0.86176  
180.000     0.86237  
180.100     0.86298  
180.200     0.86358  
180.300     0.86419  
180.400     0.86480  
180.500     0.86541  
180.600     0.86602  
180.700     0.86663  
180.800     0.86724  
180.900     0.86785  
181.000     0.86846  
181.100     0.86907  
181.200     0.86967  
181.300     0.87028  
181.400     0.87089  
181.500     0.87150  
181.600     0.87211  
181.700     0.87272  
181.800     0.87333  
181.900     0.87394  
182.000     0.87455  
182.100     0.87516  
182.200     0.87577  
182.300     0.87638  
182.400     0.87698  
182.500     0.87759  
182.600     0.87820  
182.700     0.87881  
182.800     0.87942  
182.900     0.88003  
183.000     0.88064  
183.100     0.88125  
183.200     0.88186  
183.300     0.88247  
183.400     0.88308  
183.500     0.88368  
183.600     0.88429  
183.700     0.88490  
183.800     0.88551  
183.900     0.88612  
184.000     0.88673  
184.100     0.88734  
184.200     0.88795  
184.300     0.88856  
184.400     0.88917  
184.500     0.88978  
184.600     0.89038  
184.700     0.89099  
184.800     0.89160  
184.900     0.89221  
185.000     0.89282  
185.100     0.89343  
185.200     0.89404  
185.300     0.89465  
185.400     0.89526  
185.500     0.89587  
185.600     0.89648  
185.700     0.89708  
185.800     0.89769  
185.900     0.89830  
186.000     0.89891  
186.100     0.89952  
186.200     0.90013  
186.300     0.90074  
186.400     0.90135  
186.500     0.90196  
186.600     0.90257  
186.700     0.90317  
186.800     0.90378  
186.900     0.90439  
187.000     0.90500  
187.100     0.90561  
187.200     0.90622  
187.300     0.90683  
187.400     0.90744  
187.500     0.90805  
187.600     0.90866  
187.700     0.90927  
187.800     0.90987  
187.900     0.91048  
188.000     0.91109  
188.100     0.91170  
188.200     0.91231  
188.300     0.91292  
188.400     0.91353  
188.500     0.91414  
188.600     0.91475  
188.700     0.91536  
188.800     0.91597  
188.900     0.91658  
189.000     0.91719  
189.100     0.91780  
189.200     0.91840  
189.300     0.91901  
189.400     0.91962  
189.500     0.92023  
189.600     0.92084  
189.700     0.92145  
189.800     0.92206  
189.900     0.92267  
190.000     0.92327  
190.100     0.92388  
190.200     0.92449  
190.300     0.92510  
190.400     0.92571  
190.500     0.92631  
190.600     0.92692  
190.700     0.92753  
190.800     0.92814  
190.900     0.92875  
191.000     0.92935  
191.100     0.92996  
191.200     0.93057  
191.300     0.93117  
191.400     0.93178  
191.500     0.93239  
191.600     0.93300  
191.700     0.93360  
191.800     0.93421  
191.900     0.93482  
192.000     0.93542  
192.100     0.93603  
192.200     0.93664  
192.300     0.93725  
192.400     0.93785  
192.500     0.93846  
192.600     0.93907  
192.700     0.93968  
192.800     0.94028  
192.900     0.94089  
193.000     0.94150  
193.100     0.94211  
193.200     0.94271  
193.300     0.94332  
193.400     0.94393  
193.500     0.94454  
193.600     0.94514  
193.700     0.94575  
193.800     0.94636  
193.900     0.94697  
194.000     0.94757  
194.100     0.94818  
194.200     0.94879  
194.300     0.94940  
194.400     0.95001  
194.500     0.95061  
194.600     0.95122  
194.700     0.95183  
194.800     0.95244  
194.900     0.95304  
195.000     0.95365  
195.100     0.95426  
195.200     0.95487  
195.300     0.95547  
195.400     0.95608  
195.500     0.95669  
195.600     0.95730  
195.700     0.95790  
195.800     0.95851  
195.900     0.95912  
196.000     0.95972  
196.100     0.96033  
196.200     0.96094  
196.300     0.96155  
196.400     0.96215  
196.500     0.96276  
196.600     0.96337  
196.700     0.96398  
196.800     0.96458  
196.900     0.96519  
197.000     0.96580  
197.100     0.96641  
197.200     0.96701  
197.300     0.96762  
197.400     0.96823  
197.500     0.96884  
197.600     0.96944  
197.700     0.97005  
197.800     0.97066  
197.900     0.97127  
198.000     0.97187  
198.100     0.97248  
198.200     0.97309  
198.300     0.97370  
198.400     0.97431  
198.500     0.97491  
198.600     0.97552  
198.700     0.97613  
198.800     0.97674  
198.900     0.97735  
199.000     0.97795  
199.100     0.97856  
199.200     0.97917  
199.300     0.97978  
199.400     0.98038  
199.500     0.98099  
199.600     0.98160  
199.700     0.98221  
199.800     0.98281  
199.900     0.98342  
200.000     0.98402  
200.100     0.98463  
200.200     0.98524  
200.300     0.98584  
200.400     0.98645  
200.500     0.98705  
200.600     0.98766  
200.700     0.98826  
200.800     0.98887  
200.900     0.98947  
201.000     0.99008  
201.100     0.99068  
201.200     0.99128  
201.300     0.99189  
201.400     0.99249  
201.500     0.99309  
201.600     0.99370  
201.700     0.99430  
201.800     0.99490  
201.900     0.99551  
202.000     0.99611  
202.100     0.99671  
202.200     0.99732  
202.300     0.99792  
202.400     0.99852  
202.500     0.99912  
202.600     0.99973  
202.700     1.00033  
202.800     1.00093  
202.900     1.00153  
203.000     1.00214  
203.100     1.00274  
203.200     1.00334  
203.300     1.00394  
203.400     1.00455  
203.500     1.00515  
203.600     1.00575  
203.700     1.00635  
203.800     1.00696  
203.900     1.00756  
204.000     1.00816  
204.100     1.00876  
204.200     1.00937  
204.300     1.00997  
204.400     1.01057  
204.500     1.01117  
204.600     1.01178  
204.700     1.01238  
204.800     1.01298  
204.900     1.01359  
205.000     1.01419  
205.100     1.01479  
205.200     1.01540  
205.300     1.01600  
205.400     1.01661  
205.500     1.01721  
205.600     1.01781  
205.700     1.01842  
205.800     1.01902  
205.900     1.01963  
206.000     1.02023  
206.100     1.02084  
206.200     1.02144  
206.300     1.02204  
206.400     1.02265  
206.500     1.02325  
206.600     1.02386  
206.700     1.02446  
206.800     1.02507  
206.900     1.02567  
207.000     1.02628  
207.100     1.02688  
207.200     1.02749  
207.300     1.02809  
207.400     1.02869  
207.500     1.02930  
207.600     1.02990  
207.700     1.03051  
207.800     1.03111  
207.900     1.03171  
208.000     1.03232  
208.100     1.03292  
208.200     1.03353  
208.300     1.03413  
208.400     1.03473  
208.500     1.03533  
208.600     1.03594  
208.700     1.03654  
208.800     1.03714  
208.900     1.03775  
209.000     1.03835  
209.100     1.03895  
209.200     1.03955  
209.300     1.04015  
209.400     1.04075  
209.500     1.04136  
209.600     1.04196  
209.700     1.04256  
209.800     1.04316  
209.900     1.04376  
210.000     1.04436  
210.100     1.04496  
210.200     1.04556  
210.300     1.04615  
210.400     1.04675  
210.500     1.04735  
210.600     1.04795  
210.700     1.04855  
210.800     1.04915  
210.900     1.04974  
211.000     1.05034  
211.100     1.05094  
211.200     1.05153  
211.300     1.05213  
211.400     1.05273  
211.500     1.05332  
211.600     1.05392  
211.700     1.05452  
211.800     1.05511  
211.900     1.05571  
212.000     1.05630  
212.100     1.05690  
212.200     1.05750  
212.300     1.05809  
212.400     1.05869  
212.500     1.05928  
212.600     1.05988  
212.700     1.06047  
212.800     1.06107  
212.900     1.06166  
213.000     1.06226  
213.100     1.06285  
213.200     1.06345  
213.300     1.06404  
213.400     1.06464  
213.500     1.06524  
213.600     1.06583  
213.700     1.06643  
213.800     1.06702  
213.900     1.06762  
214.000     1.06821  
214.100     1.06881  
214.200     1.06940  
214.300     1.07000  
214.400     1.07059  
214.500     1.07119  
214.600     1.07179  
214.700     1.07238  
214.800     1.07298  
214.900     1.07358  
215.000     1.07417  
215.100     1.07477  
215.200     1.07537  
215.300     1.07596  
215.400     1.07656  
215.500     1.07716  
215.600     1.07776  
215.700     1.07835  
215.800     1.07895  
215.900     1.07955  
216.000     1.08015  
216.100     1.08075  
216.200     1.08134  
216.300     1.08194  
216.400     1.08254  
216.500     1.08314  
216.600     1.08374  
216.700     1.08433  
216.800     1.08493  
216.900     1.08553  
217.000     1.08613  
217.100     1.08673  
217.200     1.08732  
217.300     1.08792  
217.400     1.08852  
217.500     1.08912  
217.600     1.08971  
217.700     1.09031  
217.800     1.09091  
217.900     1.09151  
218.000     1.09210  
218.100     1.09270  
218.200     1.09330  
218.300     1.09389  
218.400     1.09449  
218.500     1.09508  
218.600     1.09568  
218.700     1.09628  
218.800     1.09687  
218.900     1.09747  
219.000     1.09806  
219.100     1.09865  
219.200     1.09925  
219.300     1.09984  
219.400     1.10044  
219.500     1.10103  
219.600     1.10162  
219.700     1.10221  
219.800     1.10281  
219.900     1.10340  
220.000     1.10399  
220.100     1.10458  
220.200     1.10517  
220.300     1.10576  
220.400     1.10635  
220.500     1.10694  
220.600     1.10753  
220.700     1.10812  
220.800     1.10871  
220.900     1.10929  
221.000     1.10988  
221.100     1.11047  
221.200     1.11106  
221.300     1.11164  
221.400     1.11223  
221.500     1.11282  
221.600     1.11340  
221.700     1.11399  
221.800     1.11457  
221.900     1.11516  
222.000     1.11575  
222.100     1.11633  
222.200     1.11692  
222.300     1.11750  
222.400     1.11809  
222.500     1.11867  
222.600     1.11926  
222.700     1.11984  
222.800     1.12043  
222.900     1.12101  
223.000     1.12160  
223.100     1.12218  
223.200     1.12277  
223.300     1.12335  
223.400     1.12393  
223.500     1.12452  
223.600     1.12510  
223.700     1.12569  
223.800     1.12627  
223.900     1.12686  
224.000     1.12744  
224.100     1.12803  
224.200     1.12861  
224.300     1.12920  
224.400     1.12979  
224.500     1.13037  
224.600     1.13096  
224.700     1.13154  
224.800     1.13213  
224.900     1.13272  
225.000     1.13330  
225.100     1.13389  
225.200     1.13448  
225.300     1.13506  
225.400     1.13565  
225.500     1.13624  
225.600     1.13683  
225.700     1.13741  
225.800     1.13800  
225.900     1.13859  
226.000     1.13918  
226.100     1.13977  
226.200     1.14036  
226.300     1.14094  
226.400     1.14153  
226.500     1.14212  
226.600     1.14271  
226.700     1.14330  
226.800     1.14389  
226.900     1.14448  
227.000     1.14506  
227.100     1.14565  
227.200     1.14624  
227.300     1.14683  
227.400     1.14742  
227.500     1.14800  
227.600     1.14859  
227.700     1.14918  
227.800     1.14977  
227.900     1.15035  
228.000     1.15094  
228.100     1.15153  
228.200     1.15211  
228.300     1.15270  
228.400     1.15329  
228.500     1.15387  
228.600     1.15446  
228.700     1.15504  
228.800     1.15563  
228.900     1.15621  
229.000     1.15680  
229.100     1.15738  
229.200     1.15796  
229.300     1.15855  
229.400     1.15913  
229.500     1.15971  
229.600     1.16029  
229.700     1.16088  
229.800     1.16146  
229.900     1.16204  
230.000     1.16262  
230.100     1.16320  
230.200     1.16377  
230.300     1.16435  
230.400     1.16493  
230.500     1.16551  
230.600     1.16608  
230.700     1.16666  
230.800     1.16724  
230.900     1.16781  
231.000     1.16839  
231.100     1.16896  
231.200     1.16954  
231.300     1.17011  
231.400     1.17069  
231.500     1.17126  
231.600     1.17183  
231.700     1.17241  
231.800     1.17298  
231.900     1.17355  
232.000     1.17412  
232.100     1.17470  
232.200     1.17527  
232.300     1.17584  
232.400     1.17641  
232.500     1.17698  
232.600     1.17755  
232.700     1.17813  
232.800     1.17870  
232.900     1.17927  
233.000     1.17984  
233.100     1.18041  
233.200     1.18098  
233.300     1.18155  
233.400     1.18212  
233.500     1.18270  
233.600     1.18327  
233.700     1.18384  
233.800     1.18441  
233.900     1.18498  
234.000     1.18555  
234.100     1.18612  
234.200     1.18670  
234.300     1.18727  
234.400     1.18784  
234.500     1.18841  
234.600     1.18899  
234.700     1.18956  
234.800     1.19013  
234.900     1.19070  
235.000     1.19128  
235.100     1.19185  
235.200     1.19243  
235.300     1.19300  
235.400     1.19358  
235.500     1.19415  
235.600     1.19473  
235.700     1.19530  
235.800     1.19588  
235.900     1.19645  
236.000     1.19703  
236.100     1.19760  
236.200     1.19818  
236.300     1.19875  
236.400     1.19933  
236.500     1.19991  
236.600     1.20048  
236.700     1.20106  
236.800     1.20164  
236.900     1.20221  
237.000     1.20279  
237.100     1.20336  
237.200     1.20394  
237.300     1.20451  
237.400     1.20509  
237.500     1.20566  
237.600     1.20624  
237.700     1.20681  
237.800     1.20739  
237.900     1.20796  
238.000     1.20854  
238.100     1.20911  
238.200     1.20969  
238.300     1.21026  
238.400     1.21083  
238.500     1.21140  
238.600     1.21198  
238.700     1.21255  
238.800     1.21312  
238.900     1.21369  
239.000     1.21426  
239.100     1.21483  
239.200     1.21540  
239.300     1.21597  
239.400     1.21654  
239.500     1.21711  
239.600     1.21768  
239.700     1.21824  
239.800     1.21881  
239.900     1.21937  
240.000     1.21994  
240.100     1.22050  
240.200     1.22107  
240.300     1.22163  
240.400     1.22219  
240.500     1.22276  
240.600     1.22332  
240.700     1.22388  
240.800     1.22444  
240.900     1.22500  
241.000     1.22556  
241.100     1.22612  
241.200     1.22668  
241.300     1.22724  
241.400     1.22779  
241.500     1.22835  
241.600     1.22891  
241.700     1.22946  
241.800     1.23002  
241.900     1.23058  
242.000     1.23113  
242.100     1.23169  
242.200     1.23224  
242.300     1.23280  
242.400     1.23336  
242.500     1.23391  
242.600     1.23447  
242.700     1.23502  
242.800     1.23557  
242.900     1.23613  
243.000     1.23668  
243.100     1.23724  
243.200     1.23779  
243.300     1.23835  
243.400     1.23890  
243.500     1.23946  
243.600     1.24001  
243.700     1.24056  
243.800     1.24112  
243.900     1.24167  
244.000     1.24223  
244.100     1.24278  
244.200     1.24334  
244.300     1.24389  
244.400     1.24445  
244.500     1.24501  
244.600     1.24556  
244.700     1.24612  
244.800     1.24668  
244.900     1.24723  
245.000     1.24779  
245.100     1.24835  
245.200     1.24891  
245.300     1.24946  
245.400     1.25002  
245.500     1.25058  
245.600     1.25114  
245.700     1.25170  
245.800     1.25226  
245.900     1.25282  
246.000     1.25338  
246.100     1.25394  
246.200     1.25450  
246.300     1.25506  
246.400     1.25562  
246.500     1.25618  
246.600     1.25674  
246.700     1.25730  
246.800     1.25786  
246.900     1.25842  
247.000     1.25898  
247.100     1.25954  
247.200     1.26010  
247.300     1.26066  
247.400     1.26122  
247.500     1.26178  
247.600     1.26234  
247.700     1.26290  
247.800     1.26346  
247.900     1.26402  
248.000     1.26458  
248.100     1.26513  
248.200     1.26569  
248.300     1.26625  
248.400     1.26680  
248.500     1.26736  
248.600     1.26792  
248.700     1.26847  
248.800     1.26903  
248.900     1.26958  
249.000     1.27014  
249.100     1.27069  
249.200     1.27124  
249.300     1.27179  
249.400     1.27234  
249.500     1.27290  
249.600     1.27345  
249.700     1.27400  
249.800     1.27454  
249.900     1.27509  
250.000     1.27564  
250.100     1.27619  
250.200     1.27673  
250.300     1.27728  
250.400     1.27782  
250.500     1.27836  
250.600     1.27891  
250.700     1.27945  
250.800     1.27999  
250.900     1.28053  
251.000     1.28107  
251.100     1.28161  
251.200     1.28215  
251.300     1.28269  
251.400     1.28323  
251.500     1.28377  
251.600     1.28430  
251.700     1.28484  
251.800     1.28538  
251.900     1.28591  
252.000     1.28645  
252.100     1.28698  
252.200     1.28752  
252.300     1.28806  
252.400     1.28859  
252.500     1.28913  
252.600     1.28966  
252.700     1.29019  
252.800     1.29073  
252.900     1.29126  
253.000     1.29180  
253.100     1.29233  
253.200     1.29286  
253.300     1.29340  
253.400     1.29393  
253.500     1.29447  
253.600     1.29500  
253.700     1.29554  
253.800     1.29607  
253.900     1.29660  
254.000     1.29714  
254.100     1.29767  
254.200     1.29821  
254.300     1.29874  
254.400     1.29928  
254.500     1.29981  
254.600     1.30035  
254.700     1.30089  
254.800     1.30142  
254.900     1.30196  
255.000     1.30250  
255.100     1.30304  
255.200     1.30358  
255.300     1.30411  
255.400     1.30465  
255.500     1.30519  
255.600     1.30573  
255.700     1.30627  
255.800     1.30681  
255.900     1.30735  
256.000     1.30789  
256.100     1.30843  
256.200     1.30898  
256.300     1.30952  
256.400     1.31006  
256.500     1.31060  
256.600     1.31114  
256.700     1.31168  
256.800     1.31222  
256.900     1.31276  
257.000     1.31330  
257.100     1.31385  
257.200     1.31439  
257.300     1.31493  
257.400     1.31547  
257.500     1.31601  
257.600     1.31655  
257.700     1.31709  
257.800     1.31763  
257.900     1.31817  
258.000     1.31870  
258.100     1.31924  
258.200     1.31978  
258.300     1.32032  
258.400     1.32085  
258.500     1.32139  
258.600     1.32193  
258.700     1.32246  
258.800     1.32300  
258.900     1.32353  
259.000     1.32406  
259.100     1.32460  
259.200     1.32513  
259.300     1.32566  
259.400     1.32619  
259.500     1.32672  
259.600     1.32725  
259.700     1.32778  
259.800     1.32831  
259.900     1.32883  
260.000     1.32936  
260.100     1.32988  
260.200     1.33041  
260.300     1.33093  
260.400     1.33145  
260.500     1.33198  
260.600     1.33250  
260.700     1.33302  
260.800     1.33354  
260.900     1.33405  
261.000     1.33457  
261.100     1.33509  
261.200     1.33561  
261.300     1.33612  
261.400     1.33664  
261.500     1.33715  
261.600     1.33767  
261.700     1.33818  
261.800     1.33869  
261.900     1.33921  
262.000     1.33972  
262.100     1.34023  
262.200     1.34074  
262.300     1.34125  
262.400     1.34177  
262.500     1.34228  
262.600     1.34279  
262.700     1.34330  
262.800     1.34381  
262.900     1.34432  
263.000     1.34483  
263.100     1.34534  
263.200     1.34585  
263.300     1.34636  
263.400     1.34687  
263.500     1.34738  
263.600     1.34789  
263.700     1.34840  
263.800     1.34891  
263.900     1.34942  
264.000     1.34993  
264.100     1.35045  
264.200     1.35096  
264.300     1.35147  
264.400     1.35198  
264.500     1.35249  
264.600     1.35300  
264.700     1.35352  
264.800     1.35403  
264.900     1.35454  
265.000     1.35506  
265.100     1.35557  
265.200     1.35609  
265.300     1.35660  
265.400     1.35712  
265.500     1.35764  
265.600     1.35815  
265.700     1.35867  
265.800     1.35919  
265.900     1.35971  
266.000     1.36022  
266.100     1.36074  
266.200     1.36126  
266.300     1.36178  
266.400     1.36230  
266.500     1.36281  
266.600     1.36333  
266.700     1.36385  
266.800     1.36437  
266.900     1.36489  
267.000     1.36541  
267.100     1.36592  
267.200     1.36644  
267.300     1.36696  
267.400     1.36748  
267.500     1.36800  
267.600     1.36851  
267.700     1.36903  
267.800     1.36955  
267.900     1.37006  
268.000     1.37058  
268.100     1.37109  
268.200     1.37161  
268.300     1.37212  
268.400     1.37264  
268.500     1.37315  
268.600     1.37366  
268.700     1.37417  
268.800     1.37468  
268.900     1.37519  
269.000     1.37570  
269.100     1.37621  
269.200     1.37672  
269.300     1.37723  
269.400     1.37774  
269.500     1.37824  
269.600     1.37875  
269.700     1.37925  
269.800     1.37975  
269.900     1.38026  
270.000     1.38076  
270.100     1.38126  
270.200     1.38176  
270.300     1.38226  
270.400     1.38275  
270.500     1.38325  
270.600     1.38374  
270.700     1.38424  
270.800     1.38473  
270.900     1.38522  
271.000     1.38572  
271.100     1.38621  
271.200     1.38670  
271.300     1.38719  
271.400     1.38768  
271.500     1.38817  
271.600     1.38865  
271.700     1.38914  
271.800     1.38963  
271.900     1.39012  
272.000     1.39060  
272.100     1.39109  
272.200     1.39157  
272.300     1.39206  
272.400     1.39254  
272.500     1.39303  
272.600     1.39351  
272.700     1.39400  
272.800     1.39448  
272.900     1.39496  
273.000     1.39545  
273.100     1.39593  
273.200     1.39641  
273.300     1.39690  
273.400     1.39738  
273.500     1.39786  
273.600     1.39835  
273.700     1.39883  
273.800     1.39932  
273.900     1.39980  
274.000     1.40028  
274.100     1.40077  
274.200     1.40125  
274.300     1.40174  
274.400     1.40222  
274.500     1.40271  
274.600     1.40319  
274.700     1.40368  
274.800     1.40417  
274.900     1.40466  
275.000     1.40514  
275.100     1.40563  
275.200     1.40612  
275.300     1.40661  
275.400     1.40710  
275.500     1.40759  
275.600     1.40808  
275.700     1.40857  
275.800     1.40906  
275.900     1.40956  
276.000     1.41005  
276.100     1.41054  
276.200     1.41103  
276.300     1.41152  
276.400     1.41202  
276.500     1.41251  
276.600     1.41300  
276.700     1.41350  
276.800     1.41399  
276.900     1.41448  
277.000     1.41497  
277.100     1.41547  
277.200     1.41596  
277.300     1.41645  
277.400     1.41694  
277.500     1.41743  
277.600     1.41792  
277.700     1.41842  
277.800     1.41891  
277.900     1.41940  
278.000     1.41989  
278.100     1.42037  
278.200     1.42086  
278.300     1.42135  
278.400     1.42184  
278.500     1.42233  
278.600     1.42281  
278.700     1.42330  
278.800     1.42378  
278.900     1.42427  
279.000     1.42475  
279.100     1.42523  
279.200     1.42571  
279.300     1.42619  
279.400     1.42667  
279.500     1.42715  
279.600     1.42763  
279.700     1.42811  
279.800     1.42858  
279.900     1.42906  
280.000     1.42953  
280.100     1.43000  
280.200     1.43047  
280.300     1.43094  
280.400     1.43141  
280.500     1.43188  
280.600     1.43235  
280.700     1.43281  
280.800     1.43328  
280.900     1.43374  
281.000     1.43420  
281.100     1.43467  
281.200     1.43513  
281.300     1.43559  
281.400     1.43605  
281.500     1.43651  
281.600     1.43697  
281.700     1.43742  
281.800     1.43788  
281.900     1.43834  
282.000     1.43880  
282.100     1.43925  
282.200     1.43971  
282.300     1.44016  
282.400     1.44062  
282.500     1.44107  
282.600     1.44153  
282.700     1.44198  
282.800     1.44243  
282.900     1.44289  
283.000     1.44334  
283.100     1.44380  
283.200     1.44425  
283.300     1.44470  
283.400     1.44516  
283.500     1.44561  
283.600     1.44606  
283.700     1.44652  
283.800     1.44697  
283.900     1.44742  
284.000     1.44788  
284.100     1.44833  
284.200     1.44879  
284.300     1.44924  
284.400     1.44970  
284.500     1.45015  
284.600     1.45061  
284.700     1.45107  
284.800     1.45152  
284.900     1.45198  
285.000     1.45244  
285.100     1.45290  
285.200     1.45336  
285.300     1.45382  
285.400     1.45428  
285.500     1.45474  
285.600     1.45520  
285.700     1.45567  
285.800     1.45613  
285.900     1.45659  
286.000     1.45705  
286.100     1.45752  
286.200     1.45798  
286.300     1.45844  
286.400     1.45891  
286.500     1.45937  
286.600     1.45984  
286.700     1.46030  
286.800     1.46076  
286.900     1.46123  
287.000     1.46169  
287.100     1.46215  
287.200     1.46262  
287.300     1.46308  
287.400     1.46354  
287.500     1.46400  
287.600     1.46447  
287.700     1.46493  
287.800     1.46539  
287.900     1.46585  
288.000     1.46631  
288.100     1.46677  
288.200     1.46723  
288.300     1.46769  
288.400     1.46815  
288.500     1.46860  
288.600     1.46906  
288.700     1.46952  
288.800     1.46997  
288.900     1.47043  
289.000     1.47088  
289.100     1.47133  
289.200     1.47178  
289.300     1.47223  
289.400     1.47268  
289.500     1.47313  
289.600     1.47358  
289.700     1.47402  
289.800     1.47447  
289.900     1.47491  
290.000     1.47535  
290.100     1.47579  
290.200     1.47623  
290.300     1.47667  
290.400     1.47711  
290.500     1.47755  
290.600     1.47798  
290.700     1.47841  
290.800     1.47885  
290.900     1.47928  
291.000     1.47971  
291.100     1.48014  
291.200     1.48057  
291.300     1.48100  
291.400     1.48142  
291.500     1.48185  
291.600     1.48228  
291.700     1.48270  
291.800     1.48313  
291.900     1.48355  
292.000     1.48398  
292.100     1.48440  
292.200     1.48482  
292.300     1.48524  
292.400     1.48566  
292.500     1.48609  
292.600     1.48651  
292.700     1.48693  
292.800     1.48735  
292.900     1.48777  
293.000     1.48819  
293.100     1.48861  
293.200     1.48903  
293.300     1.48945  
293.400     1.48987  
293.500     1.49029  
293.600     1.49071  
293.700     1.49113  
293.800     1.49155  
293.900     1.49197  
294.000     1.49239  
294.100     1.49281  
294.200     1.49323  
294.300     1.49366  
294.400     1.49408  
294.500     1.49450  
294.600     1.49493  
294.700     1.49535  
294.800     1.49577  
294.900     1.49620  
295.000     1.49662  
295.100     1.49705  
295.200     1.49748  
295.300     1.49790  
295.400     1.49833  
295.500     1.49876  
295.600     1.49919  
295.700     1.49962  
295.800     1.50005  
295.900     1.50048  
296.000     1.50091  
296.100     1.50134  
296.200     1.50177  
296.300     1.50220  
296.400     1.50264  
296.500     1.50307  
296.600     1.50350  
296.700     1.50393  
296.800     1.50436  
296.900     1.50479  
297.000     1.50522  
297.100     1.50566  
297.200     1.50609  
297.300     1.50652  
297.400     1.50695  
297.500     1.50738  
297.600     1.50781  
297.700     1.50824  
297.800     1.50866  
297.900     1.50909  
298.000     1.50952  
298.100     1.50995  
298.200     1.51037  
298.300     1.51080  
298.400     1.51123  
298.500     1.51165  
298.600     1.51207  
298.700     1.51250  
298.800     1.51292  
298.900     1.51334  
299.000     1.51376  
299.100     1.51418  
299.200     1.51459  
299.300     1.51501  
299.400     1.51543  
299.500     1.51584  
299.600     1.51625  
299.700     1.51667  
299.800     1.51708  
299.900     1.51749  
300.000     1.51789  
300.100     1.51830  
300.200     1.51871  
300.300     1.51911  
300.400     1.51951  
300.500     1.51991  
300.600     1.52031  
300.700     1.52071  
300.800     1.52111  
300.900     1.52150  
301.000     1.52190  
301.100     1.52229  
301.200     1.52269  
301.300     1.52308  
301.400     1.52347  
301.500     1.52386  
301.600     1.52425  
301.700     1.52464  
301.800     1.52503  
301.900     1.52542  
302.000     1.52581  
302.100     1.52619  
302.200     1.52658  
302.300     1.52696  
302.400     1.52735  
302.500     1.52773  
302.600     1.52812  
302.700     1.52850  
302.800     1.52889  
302.900     1.52927  
303.000     1.52965  
303.100     1.53004  
303.200     1.53042  
303.300     1.53080  
303.400     1.53119  
303.500     1.53157  
303.600     1.53196  
303.700     1.53234  
303.800     1.53272  
303.900     1.53311  
304.000     1.53349  
304.100     1.53388  
304.200     1.53426  
304.300     1.53465  
304.400     1.53503  
304.500     1.53542  
304.600     1.53581  
304.700     1.53619  
304.800     1.53658  
304.900     1.53697  
305.000     1.53736  
305.100     1.53775  
305.200     1.53814  
305.300     1.53853  
305.400     1.53892  
305.500     1.53932  
305.600     1.53971  
305.700     1.54010  
305.800     1.54050  
305.900     1.54089  
306.000     1.54129  
306.100     1.54168  
306.200     1.54208  
306.300     1.54247  
306.400     1.54287  
306.500     1.54326  
306.600     1.54366  
306.700     1.54406  
306.800     1.54445  
306.900     1.54485  
307.000     1.54524  
307.100     1.54564  
307.200     1.54604  
307.300     1.54643  
307.400     1.54682  
307.500     1.54722  
307.600     1.54761  
307.700     1.54801  
307.800     1.54840  
307.900     1.54879  
308.000     1.54918  
308.100     1.54958  
308.200     1.54997  
308.300     1.55036  
308.400     1.55074  
308.500     1.55113  
308.600     1.55152  
308.700     1.55191  
308.800     1.55229  
308.900     1.55268  
309.000     1.55306  
309.100     1.55344  
309.200     1.55382  
309.300     1.55420  
309.400     1.55458  
309.500     1.55496  
309.600     1.55534  
309.700     1.55571  
309.800     1.55608  
309.900     1.55645  
310.000     1.55683  
310.100     1.55719  
310.200     1.55756  
310.300     1.55793  
310.400     1.55829  
310.500     1.55865  
310.600     1.55902  
310.700     1.55938  
310.800     1.55973  
310.900     1.56009  
311.000     1.56045  
311.100     1.56081  
311.200     1.56116  
311.300     1.56151  
311.400     1.56187  
311.500     1.56222  
311.600     1.56257  
311.700     1.56292  
311.800     1.56327  
311.900     1.56362  
312.000     1.56396  
312.100     1.56431  
312.200     1.56466  
312.300     1.56501  
312.400     1.56535  
312.500     1.56570  
312.600     1.56604  
312.700     1.56639  
312.800     1.56673  
312.900     1.56707  
313.000     1.56742  
313.100     1.56776  
313.200     1.56811  
313.300     1.56845  
313.400     1.56879  
313.500     1.56914  
313.600     1.56948  
313.700     1.56983  
313.800     1.57017  
313.900     1.57051  
314.000     1.57086  
314.100     1.57120  
314.200     1.57155  
314.300     1.57190  
314.400     1.57224  
314.500     1.57259  
314.600     1.57294  
314.700     1.57328  
314.800     1.57363  
314.900     1.57398  
315.000     1.57433  
315.100     1.57468  
315.200     1.57504  
315.300     1.57539  
315.400     1.57574  
315.500     1.57610  
315.600     1.57645  
315.700     1.57680  
315.800     1.57716  
315.900     1.57752  
316.000     1.57787  
316.100     1.57823  
316.200     1.57859  
316.300     1.57894  
316.400     1.57930  
316.500     1.57966  
316.600     1.58001  
316.700     1.58037  
316.800     1.58073  
316.900     1.58109  
317.000     1.58144  
317.100     1.58180  
317.200     1.58216  
317.300     1.58251  
317.400     1.58287  
317.500     1.58322  
317.600     1.58358  
317.700     1.58393  
317.800     1.58429  
317.900     1.58464  
318.000     1.58499  
318.100     1.58535  
318.200     1.58570  
318.300     1.58605  
318.400     1.58640  
318.500     1.58675  
318.600     1.58709  
318.700     1.58744  
318.800     1.58779  
318.900     1.58813  
319.000     1.58848  
319.100     1.58882  
319.200     1.58916  
319.300     1.58950  
319.400     1.58984  
319.500     1.59018  
319.600     1.59051  
319.700     1.59085  
319.800     1.59118  
319.900     1.59151  
320.000     1.59184  
320.100     1.59217  
320.200     1.59249  
320.300     1.59282  
320.400     1.59314  
320.500     1.59346  
320.600     1.59378  
320.700     1.59410  
320.800     1.59442  
320.900     1.59474  
321.000     1.59505  
321.100     1.59537  
321.200     1.59568  
321.300     1.59599  
321.400     1.59630  
321.500     1.59661  
321.600     1.59692  
321.700     1.59723  
321.800     1.59753  
321.900     1.59784  
322.000     1.59814  
322.100     1.59845  
322.200     1.59875  
322.300     1.59906  
322.400     1.59936  
322.500     1.59966  
322.600     1.59997  
322.700     1.60027  
322.800     1.60057  
322.900     1.60087  
323.000     1.60117  
323.100     1.60147  
323.200     1.60177  
323.300     1.60207  
323.400     1.60238  
323.500     1.60268  
323.600     1.60298  
323.700     1.60328  
323.800     1.60358  
323.900     1.60388  
324.000     1.60418  
324.100     1.60449  
324.200     1.60479  
324.300     1.60509  
324.400     1.60540  
324.500     1.60570  
324.600     1.60601  
324.700     1.60631  
324.800     1.60662  
324.900     1.60692  
325.000     1.60723  
325.100     1.60754  
325.200     1.60785  
325.300     1.60816  
325.400     1.60847  
325.500     1.60878  
325.600     1.60910  
325.700     1.60941  
325.800     1.60972  
325.900     1.61004  
326.000     1.61035  
326.100     1.61067  
326.200     1.61098  
326.300     1.61130  
326.400     1.61161  
326.500     1.61193  
326.600     1.61224  
326.700     1.61256  
326.800     1.61287  
326.900     1.61319  
327.000     1.61350  
327.100     1.61382  
327.200     1.61413  
327.300     1.61445  
327.400     1.61476  
327.500     1.61507  
327.600     1.61539  
327.700     1.61570  
327.800     1.61601  
327.900     1.61632  
328.000     1.61664  
328.100     1.61695  
328.200     1.61725  
328.300     1.61756  
328.400     1.61787  
328.500     1.61818  
328.600     1.61848  
328.700     1.61879  
328.800     1.61909  
328.900     1.61939  
329.000     1.61969  
329.100     1.61999  
329.200     1.62029  
329.300     1.62059  
329.400     1.62088  
329.500     1.62118  
329.600     1.62147  
329.700     1.62176  
329.800     1.62205  
329.900     1.62234  
330.000     1.62262  
330.100     1.62291  
330.200     1.62319  
330.300     1.62347  
330.400     1.62375  
330.500     1.62403  
330.600     1.62430  
330.700     1.62458  
330.800     1.62485  
330.900     1.62512  
331.000     1.62539  
331.100     1.62566  
331.200     1.62593  
331.300     1.62619  
331.400     1.62646  
331.500     1.62672  
331.600     1.62699  
331.700     1.62725  
331.800     1.62751  
331.900     1.62777  
332.000     1.62803  
332.100     1.62829  
332.200     1.62855  
332.300     1.62881  
332.400     1.62906  
332.500     1.62932  
332.600     1.62958  
332.700     1.62983  
332.800     1.63009  
332.900     1.63035  
333.000     1.63060  
333.100     1.63086  
333.200     1.63111  
333.300     1.63137  
333.400     1.63162  
333.500     1.63188  
333.600     1.63213  
333.700     1.63239  
333.800     1.63264  
333.900     1.63290  
334.000     1.63315  
334.100     1.63341  
334.200     1.63367  
334.300     1.63392  
334.400     1.63418  
334.500     1.63444  
334.600     1.63470  
334.700     1.63496  
334.800     1.63522  
334.900     1.63548  
335.000     1.63574  
335.100     1.63601  
335.200     1.63627  
335.300     1.63654  
335.400     1.63680  
335.500     1.63707  
335.600     1.63734  
335.700     1.63760  
335.800     1.63787  
335.900     1.63814  
336.000     1.63841  
336.100     1.63868  
336.200     1.63895  
336.300     1.63922  
336.400     1.63949  
336.500     1.63976  
336.600     1.64003  
336.700     1.64030  
336.800     1.64057  
336.900     1.64084  
337.000     1.64111  
337.100     1.64138  
337.200     1.64165  
337.300     1.64192  
337.400     1.64219  
337.500     1.64246  
337.600     1.64273  
337.700     1.64299  
337.800     1.64326  
337.900     1.64353  
338.000     1.64379  
338.100     1.64406  
338.200     1.64432  
338.300     1.64458  
338.400     1.64485  
338.500     1.64511  
338.600     1.64537  
338.700     1.64563  
338.800     1.64588  
338.900     1.64614  
339.000     1.64640  
339.100     1.64665  
339.200     1.64690  
339.300     1.64715  
339.400     1.64740  
339.500     1.64765  
339.600     1.64790  
339.700     1.64814  
339.800     1.64838  
339.900     1.64862  
340.000     1.64886  
340.100     1.64910  
340.200     1.64934  
340.300     1.64957  
340.400     1.64980  
340.500     1.65003  
340.600     1.65026  
340.700     1.65049  
340.800     1.65071  
340.900     1.65094  
341.000     1.65116  
341.100     1.65138  
341.200     1.65160  
341.300     1.65182  
341.400     1.65204  
341.500     1.65225  
341.600     1.65247  
341.700     1.65268  
341.800     1.65289  
341.900     1.65311  
342.000     1.65332  
342.100     1.65353  
342.200     1.65374  
342.300     1.65395  
342.400     1.65416  
342.500     1.65437  
342.600     1.65457  
342.700     1.65478  
342.800     1.65499  
342.900     1.65520  
343.000     1.65540  
343.100     1.65561  
343.200     1.65581  
343.300     1.65602  
343.400     1.65623  
343.500     1.65643  
343.600     1.65664  
343.700     1.65685  
343.800     1.65705  
343.900     1.65726  
344.000     1.65747  
344.100     1.65768  
344.200     1.65788  
344.300     1.65809  
344.400     1.65830  
344.500     1.65851  
344.600     1.65872  
344.700     1.65893  
344.800     1.65915  
344.900     1.65936  
345.000     1.65957  
345.100     1.65979  
345.200     1.66001  
345.300     1.66022  
345.400     1.66044  
345.500     1.66066  
345.600     1.66088  
345.700     1.66110  
345.800     1.66132  
345.900     1.66154  
346.000     1.66176  
346.100     1.66198  
346.200     1.66220  
346.300     1.66242  
346.400     1.66265  
346.500     1.66287  
346.600     1.66309  
346.700     1.66332  
346.800     1.66354  
346.900     1.66376  
347.000     1.66398  
347.100     1.66420  
347.200     1.66443  
347.300     1.66465  
347.400     1.66487  
347.500     1.66509  
347.600     1.66531  
347.700     1.66553  
347.800     1.66575  
347.900     1.66597  
348.000     1.66618  
348.100     1.66640  
348.200     1.66662  
348.300     1.66683  
348.400     1.66705  
348.500     1.66726  
348.600     1.66747  
348.700     1.66768  
348.800     1.66789  
348.900     1.66810  
349.000     1.66831  
349.100     1.66851  
349.200     1.66871  
349.300     1.66892  
349.400     1.66912  
349.500     1.66932  
349.600     1.66951  
349.700     1.66971  
349.800     1.66990  
349.900     1.67010  
350.000     1.67029  