  0.000     0.00000  
  0.100     0.00000  
  0.200     0.00000  
  0.300     0.00000  
  0.400     0.00000  
  0.500     0.00000  
  0.600    -0.00001  
  0.700    -0.00001  
  0.800    -0.00001  
  0.900    -0.00002  
  1.000    -0.00003  
  1.100    -0.00003  
  1.200    -0.00005  
  1.300    -0.00006  
  1.400    -0.00008  
  1.500    -0.00010  
  1.600    -0.00012  
  1.700    -0.00015  
  1.800    -0.00018  
  1.900    -0.00021  
  2.000    -0.00025  
  2.100    -0.00029  
  2.200    -0.00034  
  2.300    -0.00039  
  2.400    -0.00044  
  2.500    -0.00051  
  2.600    -0.00057  
  2.700    -0.00064  
  2.800    -0.00072  
  2.900    -0.00080  
  3.000    -0.00089  
  3.100    -0.00102  
  3.200    -0.00114  
  3.300    -0.00127  
  3.400    -0.00139  
  3.500    -0.00151  
  3.600    -0.00164  
  3.700    -0.00176  
  3.800    -0.00189  
  3.900    -0.00201  
  4.000    -0.00214  
  4.100    -0.00233  
  4.200    -0.00253  
  4.300    -0.00273  
  4.400    -0.00293  
  4.500    -0.00312  
  4.600    -0.00332  
  4.700    -0.00352  
  4.800    -0.00372  
  4.900    -0.00391  
  5.000    -0.00411  
  5.100    -0.00435  
  5.200    -0.00462  
  5.300    -0.00491  
  5.400    -0.00521  
  5.500    -0.00550  
  5.600    -0.00578  
  5.700    -0.00605  
  5.800    -0.00631  
  5.900    -0.00659  
  6.000    -0.00690  
  6.100    -0.00723  
  6.200    -0.00759  
  6.300    -0.00797  
  6.400    -0.00835  
  6.500    -0.00872  
  6.600    -0.00908  
  6.700    -0.00943  
  6.800    -0.00978  
  6.900    -0.01015  
  7.000    -0.01054  
  7.100    -0.01096  
  7.200    -0.01141  
  7.300    -0.01188  
  7.400    -0.01234  
  7.500    -0.01280  
  7.600    -0.01324  
  7.700    -0.01368  
  7.800    -0.01412  
  7.900    -0.01458  
  8.000    -0.01506  
  8.100    -0.01557  
  8.200    -0.01611  
  8.300    -0.01666  
  8.400    -0.01721  
  8.500    -0.01775  
  8.600    -0.01829  
  8.700    -0.01881  
  8.800    -0.01934  
  8.900    -0.01988  
  9.000    -0.02045  
  9.100    -0.02105  
  9.200    -0.02167  
  9.300    -0.02230  
  9.400    -0.02294  
  9.500    -0.02358  
  9.600    -0.02419  
  9.700    -0.02481  
  9.800    -0.02542  
  9.900    -0.02605  
 10.000    -0.02670  
 10.100    -0.02738  
 10.200    -0.02809  
 10.300    -0.02882  
 10.400    -0.02957  
 10.500    -0.03033  
 10.600    -0.03111  
 10.700    -0.03188  
 10.800    -0.03265  
 10.900    -0.03342  
 11.000    -0.03418  
 11.100    -0.03492  
 11.200    -0.03565  
 11.300    -0.03638  
 11.400    -0.03710  
 11.500    -0.03783  
 11.600    -0.03856  
 11.700    -0.03930  
 11.800    -0.04007  
 11.900    -0.04085  
 12.000    -0.04166  
 12.100    -0.04249  
 12.200    -0.04336  
 12.300    -0.04424  
 12.400    -0.04514  
 12.500    -0.04606  
 12.600    -0.04698  
 12.700    -0.04790  
 12.800    -0.04883  
 12.900    -0.04975  
 13.000    -0.05066  
 13.100    -0.05155  
 13.200    -0.05244  
 13.300    -0.05332  
 13.400    -0.05420  
 13.500    -0.05508  
 13.600    -0.05596  
 13.700    -0.05686  
 13.800    -0.05777  
 13.900    -0.05870  
 14.000    -0.05966  
 14.100    -0.06064  
 14.200    -0.06164  
 14.300    -0.06266  
 14.400    -0.06370  
 14.500    -0.06475  
 14.600    -0.06580  
 14.700    -0.06686  
 14.800    -0.06792  
 14.900    -0.06897  
 15.000    -0.07002  
 15.100    -0.07105  
 15.200    -0.07207  
 15.300    -0.07309  
 15.400    -0.07411  
 15.500    -0.07513  
 15.600    -0.07615  
 15.700    -0.07719  
 15.800    -0.07823  
 15.900    -0.07930  
 16.000    -0.08038  
 16.100    -0.08149  
 16.200    -0.08261  
 16.300    -0.08376  
 16.400    -0.08491  
 16.500    -0.08608  
 16.600    -0.08725  
 16.700    -0.08843  
 16.800    -0.08961  
 16.900    -0.09078  
 17.000    -0.09194  
 17.100    -0.09309  
 17.200    -0.09424  
 17.300    -0.09538  
 17.400    -0.09652  
 17.500    -0.09766  
 17.600    -0.09881  
 17.700    -0.09996  
 17.800    -0.10113  
 17.900    -0.10231  
 18.000    -0.10350  
 18.100    -0.10472  
 18.200    -0.10596  
 18.300    -0.10721  
 18.400    -0.10847  
 18.500    -0.10974  
 18.600    -0.11101  
 18.700    -0.11229  
 18.800    -0.11357  
 18.900    -0.11484  
 19.000    -0.11611  
 19.100    -0.11737  
 19.200    -0.11862  
 19.300    -0.11987  
 19.400    -0.12112  
 19.500    -0.12236  
 19.600    -0.12361  
 19.700    -0.12487  
 19.800    -0.12614  
 19.900    -0.12742  
 20.000    -0.12872  
 20.100    -0.13003  
 20.200    -0.13136  
 20.300    -0.13270  
 20.400    -0.13405  
 20.500    -0.13541  
 20.600    -0.13678  
 20.700    -0.13814  
 20.800    -0.13951  
 20.900    -0.14087  
 21.000    -0.14223  
 21.100    -0.14358  
 21.200    -0.14492  
 21.300    -0.14626  
 21.400    -0.14760  
 21.500    -0.14894  
 21.600    -0.15028  
 21.700    -0.15163  
 21.800    -0.15299  
 21.900    -0.15436  
 22.000    -0.15574  
 22.100    -0.15714  
 22.200    -0.15854  
 22.300    -0.15996  
 22.400    -0.16139  
 22.500    -0.16283  
 22.600    -0.16426  
 22.700    -0.16571  
 22.800    -0.16715  
 22.900    -0.16859  
 23.000    -0.17003  
 23.100    -0.17146  
 23.200    -0.17288  
 23.300    -0.17431  
 23.400    -0.17573  
 23.500    -0.17715  
 23.600    -0.17857  
 23.700    -0.18000  
 23.800    -0.18143  
 23.900    -0.18287  
 24.000    -0.18431  
 24.100    -0.18576  
 24.200    -0.18722  
 24.300    -0.18869  
 24.400    -0.19017  
 24.500    -0.19165  
 24.600    -0.19313  
 24.700    -0.19462  
 24.800    -0.19611  
 24.900    -0.19761  
 25.000    -0.19910  
 25.100    -0.20060  
 25.200    -0.20210  
 25.300    -0.20360  
 25.400    -0.20510  
 25.500    -0.20660  
 25.600    -0.20811  
 25.700    -0.20963  
 25.800    -0.21114  
 25.900    -0.21267  
 26.000    -0.21420  
 26.100    -0.21573  
 26.200    -0.21728  
 26.300    -0.21883  
 26.400    -0.22038  
 26.500    -0.22193  
 26.600    -0.22349  
 26.700    -0.22504  
 26.800    -0.22660  
 26.900    -0.22815  
 27.000    -0.22970  
 27.100    -0.23125  
 27.200    -0.23279  
 27.300    -0.23433  
 27.400    -0.23587  
 27.500    -0.23742  
 27.600    -0.23896  
 27.700    -0.24051  
 27.800    -0.24207  
 27.900    -0.24363  
 28.000    -0.24520  
 28.100    -0.24678  
 28.200    -0.24836  
 28.300    -0.24996  
 28.400    -0.25155  
 28.500    -0.25316  
 28.600    -0.25476  
 28.700    -0.25636  
 28.800    -0.25797  
 28.900    -0.25957  
 29.000    -0.26116  
 29.100    -0.26276  
 29.200    -0.26435  
 29.300    -0.26593  
 29.400    -0.26752  
 29.500    -0.26911  
 29.600    -0.27070  
 29.700    -0.27230  
 29.800    -0.27390  
 29.900    -0.27551  
 30.000    -0.27713  
 30.100    -0.27876  
 30.200    -0.28040  
 30.300    -0.28205  
 30.400    -0.28370  
 30.500    -0.28537  
 30.600    -0.28703  
 30.700    -0.28870  
 30.800    -0.29037  
 30.900    -0.29204  
 31.000    -0.29371  
 31.100    -0.29537  
 31.200    -0.29703  
 31.300    -0.29869  
 31.400    -0.30035  
 31.500    -0.30201  
 31.600    -0.30366  
 31.700    -0.30532  
 31.800    -0.30697  
 31.900    -0.30863  
 32.000    -0.31028  
 32.100    -0.31194  
 32.200    -0.31359  
 32.300    -0.31525  
 32.400    -0.31691  
 32.500    -0.31856  
 32.600    -0.32022  
 32.700    -0.32188  
 32.800    -0.32354  
 32.900    -0.32520  
 33.000    -0.32686  
 33.100    -0.32852  
 33.200    -0.33018  
 33.300    -0.33184  
 33.400    -0.33350  
 33.500    -0.33516  
 33.600    -0.33682  
 33.700    -0.33848  
 33.800    -0.34013  
 33.900    -0.34178  
 34.000    -0.34344  
 34.100    -0.34508  
 34.200    -0.34673  
 34.300    -0.34838  
 34.400    -0.35003  
 34.500    -0.35168  
 34.600    -0.35333  
 34.700    -0.35499  
 34.800    -0.35666  
 34.900    -0.35833  
 35.000    -0.36001  
 35.100    -0.36170  
 35.200    -0.36340  
 35.300    -0.36511  
 35.400    -0.36682  
 35.500    -0.36854  
 35.600    -0.37026  
 35.700    -0.37198  
 35.800    -0.37371  
 35.900    -0.37543  
 36.000    -0.37715  
 36.100    -0.37887  
 36.200    -0.38059  
 36.300    -0.38231  
 36.400    -0.38402  
 36.500    -0.38574  
 36.600    -0.38745  
 36.700    -0.38916  
 36.800    -0.39087  
 36.900    -0.39258  
 37.000    -0.39430  
 37.100    -0.39601  
 37.200    -0.39772  
 37.300    -0.39943  
 37.400    -0.40115  
 37.500    -0.40286  
 37.600    -0.40458  
 37.700    -0.40629  
 37.800    -0.40801  
 37.900    -0.40972  
 38.000    -0.41144  
 38.100    -0.41315  
 38.200    -0.41487  
 38.300    -0.41658  
 38.400    -0.41830  
 38.500    -0.42001  
 38.600    -0.42173  
 38.700    -0.42344  
 38.800    -0.42516  
 38.900    -0.42687  
 39.000    -0.42858  
 39.100    -0.43029  
 39.200    -0.43200  
 39.300    -0.43371  
 39.400    -0.43542  
 39.500    -0.43713  
 39.600    -0.43884  
 39.700    -0.44055  
 39.800    -0.44227  
 39.900    -0.44399  
 40.000    -0.44572  
 40.100    -0.44745  
 40.200    -0.44918  
 40.300    -0.45092  
 40.400    -0.45266  
 40.500    -0.45440  
 40.600    -0.45615  
 40.700    -0.45789  
 40.800    -0.45964  
 40.900    -0.46138  
 41.000    -0.46313  
 41.100    -0.46487  
 41.200    -0.46662  
 41.300    -0.46836  
 41.400    -0.47010  
 41.500    -0.47184  
 41.600    -0.47358  
 41.700    -0.47532  
 41.800    -0.47706  
 41.900    -0.47880  
 42.000    -0.48054  
 42.100    -0.48228  
 42.200    -0.48402  
 42.300    -0.48576  
 42.400    -0.48750  
 42.500    -0.48924  
 42.600    -0.49098  
 42.700    -0.49272  
 42.800    -0.49447  
 42.900    -0.49621  
 43.000    -0.49795  
 43.100    -0.49969  
 43.200    -0.50143  
 43.300    -0.50317  
 43.400    -0.50491  
 43.500    -0.50666  
 43.600    -0.50840  
 43.700    -0.51014  
 43.800    -0.51188  
 43.900    -0.51362  
 44.000    -0.51536  
 44.100    -0.51710  
 44.200    -0.51884  
 44.300    -0.52058  
 44.400    -0.52232  
 44.500    -0.52406  
 44.600    -0.52580  
 44.700    -0.52754  
 44.800    -0.52928  
 44.900    -0.53102  
 45.000    -0.53277  
 45.100    -0.53451  
 45.200    -0.53626  
 45.300    -0.53800  
 45.400    -0.53975  
 45.500    -0.54150  
 45.600    -0.54324  
 45.700    -0.54499  
 45.800    -0.54674  
 45.900    -0.54848  
 46.000    -0.55023  
 46.100    -0.55198  
 46.200    -0.55372  
 46.300    -0.55547  
 46.400    -0.55722  
 46.500    -0.55896  
 46.600    -0.56071  
 46.700    -0.56246  
 46.800    -0.56420  
 46.900    -0.56595  
 47.000    -0.56770  
 47.100    -0.56944  
 47.200    -0.57119  
 47.300    -0.57293  
 47.400    -0.57468  
 47.500    -0.57643  
 47.600    -0.57817  
 47.700    -0.57992  
 47.800    -0.58167  
 47.900    -0.58341  
 48.000    -0.58516  
 48.100    -0.58690  
 48.200    -0.58865  
 48.300    -0.59040  
 48.400    -0.59214  
 48.500    -0.59389  
 48.600    -0.59563  
 48.700    -0.59738  
 48.800    -0.59913  
 48.900    -0.60087  
 49.000    -0.60262  
 49.100    -0.60437  
 49.200    -0.60612  
 49.300    -0.60787  
 49.400    -0.60961  
 49.500    -0.61136  
 49.600    -0.61311  
 49.700    -0.61485  
 49.800    -0.61660  
 49.900    -0.61834  
 50.000    -0.62008  
 50.100    -0.62182  
 50.200    -0.62356  
 50.300    -0.62530  
 50.400    -0.62704  
 50.500    -0.62877  
 50.600    -0.63051  
 50.700    -0.63224  
 50.800    -0.63397  
 50.900    -0.63571  
 51.000    -0.63744  
 51.100    -0.63918  
 51.200    -0.64091  
 51.300    -0.64265  
 51.400    -0.64438  
 51.500    -0.64612  
 51.600    -0.64786  
 51.700    -0.64959  
 51.800    -0.65133  
 51.900    -0.65307  
 52.000    -0.65480  
 52.100    -0.65654  
 52.200    -0.65827  
 52.300    -0.66001  
 52.400    -0.66175  
 52.500    -0.66348  
 52.600    -0.66522  
 52.700    -0.66696  
 52.800    -0.66869  
 52.900    -0.67043  
 53.000    -0.67216  
 53.100    -0.67390  
 53.200    -0.67563  
 53.300    -0.67737  
 53.400    -0.67910  
 53.500    -0.68084  
 53.600    -0.68257  
 53.700    -0.68431  
 53.800    -0.68605  
 53.900    -0.68778  
 54.000    -0.68952  
 54.100    -0.69126  
 54.200    -0.69300  
 54.300    -0.69474  
 54.400    -0.69648  
 54.500    -0.69822  
 54.600    -0.69995  
 54.700    -0.70169  
 54.800    -0.70342  
 54.900    -0.70515  
 55.000    -0.70688  
 55.100    -0.70860  
 55.200    -0.71032  
 55.300    -0.71204  
 55.400    -0.71376  
 55.500    -0.71547  
 55.600    -0.71718  
 55.700    -0.71889  
 55.800    -0.72060  
 55.900    -0.72231  
 56.000    -0.72402  
 56.100    -0.72573  
 56.200    -0.72745  
 56.300    -0.72916  
 56.400    -0.73087  
 56.500    -0.73259  
 56.600    -0.73430  
 56.700    -0.73602  
 56.800    -0.73773  
 56.900    -0.73945  
 57.000    -0.74116  
 57.100    -0.74288  
 57.200    -0.74459  
 57.300    -0.74631  
 57.400    -0.74802  
 57.500    -0.74974  
 57.600    -0.75145  
 57.700    -0.75317  
 57.800    -0.75488  
 57.900    -0.75659  
 58.000    -0.75831  
 58.100    -0.76002  
 58.200    -0.76173  
 58.300    -0.76344  
 58.400    -0.76516  
 58.500    -0.76687  
 58.600    -0.76858  
 58.700    -0.77030  
 58.800    -0.77201  
 58.900    -0.77373  
 59.000    -0.77545  
 59.100    -0.77717  
 59.200    -0.77889  
 59.300    -0.78061  
 59.400    -0.78232  
 59.500    -0.78404  
 59.600    -0.78576  
 59.700    -0.78747  
 59.800    -0.78918  
 59.900    -0.79089  
 60.000    -0.79259  
 60.100    -0.79429  
 60.200    -0.79598  
 60.300    -0.79767  
 60.400    -0.79935  
 60.500    -0.80103  
 60.600    -0.80271  
 60.700    -0.80439  
 60.800    -0.80607  
 60.900    -0.80775  
 61.000    -0.80943  
 61.100    -0.81111  
 61.200    -0.81279  
 61.300    -0.81448  
 61.400    -0.81616  
 61.500    -0.81784  
 61.600    -0.81953  
 61.700    -0.82121  
 61.800    -0.82290  
 61.900    -0.82459  
 62.000    -0.82627  
 62.100    -0.82796  
 62.200    -0.82964  
 62.300    -0.83133  
 62.400    -0.83301  
 62.500    -0.83470  
 62.600    -0.83638  
 62.700    -0.83806  
 62.800    -0.83975  
 62.900    -0.84143  
 63.000    -0.84311  
 63.100    -0.84480  
 63.200    -0.84648  
 63.300    -0.84816  
 63.400    -0.84984  
 63.500    -0.85153  
 63.600    -0.85321  
 63.700    -0.85489  
 63.800    -0.85658  
 63.900    -0.85827  
 64.000    -0.85995  
 64.100    -0.86164  
 64.200    -0.86333  
 64.300    -0.86503  
 64.400    -0.86672  
 64.500    -0.86840  
 64.600    -0.87009  
 64.700    -0.87177  
 64.800    -0.87345  
 64.900    -0.87513  
 65.000    -0.87680  
 65.100    -0.87846  
 65.200    -0.88012  
 65.300    -0.88177  
 65.400    -0.88342  
 65.500    -0.88507  
 65.600    -0.88671  
 65.700    -0.88835  
 65.800    -0.88999  
 65.900    -0.89163  
 66.000    -0.89328  
 66.100    -0.89492  
 66.200    -0.89657  
 66.300    -0.89821  
 66.400    -0.89986  
 66.500    -0.90151  
 66.600    -0.90316  
 66.700    -0.90481  
 66.800    -0.90646  
 66.900    -0.90811  
 67.000    -0.90976  
 67.100    -0.91141  
 67.200    -0.91306  
 67.300    -0.91471  
 67.400    -0.91636  
 67.500    -0.91800  
 67.600    -0.91965  
 67.700    -0.92130  
 67.800    -0.92295  
 67.900    -0.92459  
 68.000    -0.92624  
 68.100    -0.92789  
 68.200    -0.92953  
 68.300    -0.93118  
 68.400    -0.93283  
 68.500    -0.93447  
 68.600    -0.93612  
 68.700    -0.93777  
 68.800    -0.93942  
 68.900    -0.94107  
 69.000    -0.94272  
 69.100    -0.94438  
 69.200    -0.94603  
 69.300    -0.94769  
 69.400    -0.94934  
 69.500    -0.95100  
 69.600    -0.95265  
 69.700    -0.95429  
 69.800    -0.95594  
 69.900    -0.95757  
 70.000    -0.95920  
 70.100    -0.96083  
 70.200    -0.96245  
 70.300    -0.96406  
 70.400    -0.96567  
 70.500    -0.96728  
 70.600    -0.96888  
 70.700    -0.97048  
 70.800    -0.97208  
 70.900    -0.97368  
 71.000    -0.97529  
 71.100    -0.97689  
 71.200    -0.97849  
 71.300    -0.98010  
 71.400    -0.98171  
 71.500    -0.98332  
 71.600    -0.98493  
 71.700    -0.98653  
 71.800    -0.98814  
 71.900    -0.98975  
 72.000    -0.99137  
 72.100    -0.99297  
 72.200    -0.99458  
 72.300    -0.99619  
 72.400    -0.99780  
 72.500    -0.99941  
 72.600    -1.00102  
 72.700    -1.00263  
 72.800    -1.00423  
 72.900    -1.00584  
 73.000    -1.00745  
 73.100    -1.00905  
 73.200    -1.01066  
 73.300    -1.01226  
 73.400    -1.01387  
 73.500    -1.01548  
 73.600    -1.01708  
 73.700    -1.01869  
 73.800    -1.02030  
 73.900    -1.02191  
 74.000    -1.02353  
 74.100    -1.02514  
 74.200    -1.02676  
 74.300    -1.02837  
 74.400    -1.02999  
 74.500    -1.03160  
 74.600    -1.03321  
 74.700    -1.03482  
 74.800    -1.03642  
 74.900    -1.03802  
 75.000    -1.03961  
 75.100    -1.04119  
 75.200    -1.04277  
 75.300    -1.04434  
 75.400    -1.04590  
 75.500    -1.04747  
 75.600    -1.04903  
 75.700    -1.05058  
 75.800    -1.05214  
 75.900    -1.05370  
 76.000    -1.05526  
 76.100    -1.05682  
 76.200    -1.05838  
 76.300    -1.05994  
 76.400    -1.06151  
 76.500    -1.06307  
 76.600    -1.06464  
 76.700    -1.06621  
 76.800    -1.06777  
 76.900    -1.06934  
 77.000    -1.07091  
 77.100    -1.07247  
 77.200    -1.07404  
 77.300    -1.07561  
 77.400    -1.07717  
 77.500    -1.07874  
 77.600    -1.08030  
 77.700    -1.08187  
 77.800    -1.08343  
 77.900    -1.08500  
 78.000    -1.08656  
 78.100    -1.08812  
 78.200    -1.08968  
 78.300    -1.09125  
 78.400    -1.09281  
 78.500    -1.09437  
 78.600    -1.09594  
 78.700    -1.09750  
 78.800    -1.09907  
 78.900    -1.10064  
 79.000    -1.10221  
 79.100    -1.10378  
 79.200    -1.10536  
 79.300    -1.10693  
 79.400    -1.10850  
 79.500    -1.11007  
 79.600    -1.11164  
 79.700    -1.11320  
 79.800    -1.11476  
 79.900    -1.11631  
 80.000    -1.11786  
 80.100    -1.11940  
 80.200    -1.12093  
 80.300    -1.12246  
 80.400    -1.12398  
 80.500    -1.12550  
 80.600    -1.12701  
 80.700    -1.12853  
 80.800    -1.13004  
 80.900    -1.13155  
 81.000    -1.13306  
 81.100    -1.13458  
 81.200    -1.13610  
 81.300    -1.13761  
 81.400    -1.13913  
 81.500    -1.14065  
 81.600    -1.14218  
 81.700    -1.14370  
 81.800    -1.14522  
 81.900    -1.14674  
 82.000    -1.14827  
 82.100    -1.14979  
 82.200    -1.15131  
 82.300    -1.15283  
 82.400    -1.15435  
 82.500    -1.15587  
 82.600    -1.15739  
 82.700    -1.15891  
 82.800    -1.16043  
 82.900    -1.16195  
 83.000    -1.16347  
 83.100    -1.16499  
 83.200    -1.16650  
 83.300    -1.16802  
 83.400    -1.16954  
 83.500    -1.17106  
 83.600    -1.17258  
 83.700    -1.17410  
 83.800    -1.17562  
 83.900    -1.17715  
 84.000    -1.17867  
 84.100    -1.18020  
 84.200    -1.18173  
 84.300    -1.18326  
 84.400    -1.18478  
 84.500    -1.18631  
 84.600    -1.18783  
 84.700    -1.18935  
 84.800    -1.19086  
 84.900    -1.19237  
 85.000    -1.19387  
 85.100    -1.19537  
 85.200    -1.19685  
 85.300    -1.19833  
 85.400    -1.19981  
 85.500    -1.20128  
 85.600    -1.20275  
 85.700    -1.20422  
 85.800    -1.20568  
 85.900    -1.20715  
 86.000    -1.20862  
 86.100    -1.21009  
 86.200    -1.21156  
 86.300    -1.21303  
 86.400    -1.21450  
 86.500    -1.21598  
 86.600    -1.21745  
 86.700    -1.21893  
 86.800    -1.22041  
 86.900    -1.22188  
 87.000    -1.22336  
 87.100    -1.22484  
 87.200    -1.22631  
 87.300    -1.22779  
 87.400    -1.22926  
 87.500    -1.23074  
 87.600    -1.23221  
 87.700    -1.23369  
 87.800    -1.23516  
 87.900    -1.23663  
 88.000    -1.23810  
 88.100    -1.23958  
 88.200    -1.24105  
 88.300    -1.24252  
 88.400    -1.24399  
 88.500    -1.24547  
 88.600    -1.24694  
 88.700    -1.24841  
 88.800    -1.24989  
 88.900    -1.25137  
 89.000    -1.25285  
 89.100    -1.25433  
 89.200    -1.25581  
 89.300    -1.25729  
 89.400    -1.25878  
 89.500    -1.26026  
 89.600    -1.26173  
 89.700    -1.26321  
 89.800    -1.26467  
 89.900    -1.26614  
 90.000    -1.26759  
 90.100    -1.26904  
 90.200    -1.27048  
 90.300    -1.27191  
 90.400    -1.27334  
 90.500    -1.27477  
 90.600    -1.27619  
 90.700    -1.27761  
 90.800    -1.27903  
 90.900    -1.28045  
 91.000    -1.28187  
 91.100    -1.28329  
 91.200    -1.28472  
 91.300    -1.28614  
 91.400    -1.28757  
 91.500    -1.28900  
 91.600    -1.29043  
 91.700    -1.29186  
 91.800    -1.29329  
 91.900    -1.29472  
 92.000    -1.29615  
 92.100    -1.29758  
 92.200    -1.29901  
 92.300    -1.30044  
 92.400    -1.30187  
 92.500    -1.30330  
 92.600    -1.30472  
 92.700    -1.30615  
 92.800    -1.30758  
 92.900    -1.30900  
 93.000    -1.31043  
 93.100    -1.31186  
 93.200    -1.31328  
 93.300    -1.31471  
 93.400    -1.31613  
 93.500    -1.31756  
 93.600    -1.31899  
 93.700    -1.32042  
 93.800    -1.32185  
 93.900    -1.32328  
 94.000    -1.32471  
 94.100    -1.32615  
 94.200    -1.32758  
 94.300    -1.32902  
 94.400    -1.33045  
 94.500    -1.33189  
 94.600    -1.33332  
 94.700    -1.33474  
 94.800    -1.33617  
 94.900    -1.33758  
 95.000    -1.33899  
 95.100    -1.34039  
 95.200    -1.34178  
 95.300    -1.34317  
 95.400    -1.34456  
 95.500    -1.34593  
 95.600    -1.34731  
 95.700    -1.34868  
 95.800    -1.35006  
 95.900    -1.35143  
 96.000    -1.35280  
 96.100    -1.35418  
 96.200    -1.35556  
 96.300    -1.35694  
 96.400    -1.35832  
 96.500    -1.35970  
 96.600    -1.36108  
 96.700    -1.36247  
 96.800    -1.36385  
 96.900    -1.36524  
 97.000    -1.36662  
 97.100    -1.36800  
 97.200    -1.36939  
 97.300    -1.37077  
 97.400    -1.37215  
 97.500    -1.37353  
 97.600    -1.37491  
 97.700    -1.37629  
 97.800    -1.37768  
 97.900    -1.37906  
 98.000    -1.38043  
 98.100    -1.38181  
 98.200    -1.38319  
 98.300    -1.38457  
 98.400    -1.38595  
 98.500    -1.38733  
 98.600    -1.38871  
 98.700    -1.39009  
 98.800    -1.39148  
 98.900    -1.39286  
 99.000    -1.39425  
 99.100    -1.39564  
 99.200    -1.39703  
 99.300    -1.39842  
 99.400    -1.39981  
 99.500    -1.40119  
 99.600    -1.40258  
 99.700    -1.40396  
 99.800    -1.40533  
 99.900    -1.40670  
100.000    -1.40806  
100.100    -1.40942  
100.200    -1.41077  
100.300    -1.41211  
100.400    -1.41344  
100.500    -1.41477  
100.600    -1.41609  
100.700    -1.41741  
100.800    -1.41872  
100.900    -1.42003  
101.000    -1.42134  
101.100    -1.42264  
101.200    -1.42394  
101.300    -1.42524  
101.400    -1.42653  
101.500    -1.42783  
101.600    -1.42912  
101.700    -1.43042  
101.800    -1.43172  
101.900    -1.43301  
102.000    -1.43431  
102.100    -1.43561  
102.200    -1.43692  
102.300    -1.43822  
102.400    -1.43953  
102.500    -1.44083  
102.600    -1.44214  
102.700    -1.44345  
102.800    -1.44477  
102.900    -1.44608  
103.000    -1.44739  
103.100    -1.44871  
103.200    -1.45002  
103.300    -1.45134  
103.400    -1.45266  
103.500    -1.45397  
103.600    -1.45529  
103.700    -1.45661  
103.800    -1.45792  
103.900    -1.45924  
104.000    -1.46056  
104.100    -1.46187  
104.200    -1.46319  
104.300    -1.46451  
104.400    -1.46582  
104.500    -1.46714  
104.600    -1.46845  
104.700    -1.46976  
104.800    -1.47108  
104.900    -1.47239  
105.000    -1.47370  
105.100    -1.47501  
105.200    -1.47633  
105.300    -1.47764  
105.400    -1.47895  
105.500    -1.48026  
105.600    -1.48157  
105.700    -1.48288  
105.800    -1.48419  
105.900    -1.48550  
106.000    -1.48680  
106.100    -1.48811  
106.200    -1.48942  
106.300    -1.49073  
106.400    -1.49203  
106.500    -1.49334  
106.600    -1.49465  
106.700    -1.49596  
106.800    -1.49727  
106.900    -1.49858  
107.000    -1.49989  
107.100    -1.50120  
107.200    -1.50251  
107.300    -1.50382  
107.400    -1.50514  
107.500    -1.50645  
107.600    -1.50777  
107.700    -1.50909  
107.800    -1.51041  
107.900    -1.51173  
108.000    -1.51305  
108.100    -1.51438  
108.200    -1.51570  
108.300    -1.51703  
108.400    -1.51836  
108.500    -1.51969  
108.600    -1.52102  
108.700    -1.52235  
108.800    -1.52367  
108.900    -1.52500  
109.000    -1.52632  
109.100    -1.52764  
109.200    -1.52895  
109.300    -1.53026  
109.400    -1.53157  
109.500    -1.53287  
109.600    -1.53417  
109.700    -1.53546  
109.800    -1.53675  
109.900    -1.53803  
110.000    -1.53930  
110.100    -1.54056  
110.200    -1.54182  
110.300    -1.54307  
110.400    -1.54431  
110.500    -1.54555  
110.600    -1.54678  
110.700    -1.54801  
110.800    -1.54923  
110.900    -1.55045  
111.000    -1.55166  
111.100    -1.55287  
111.200    -1.55409  
111.300    -1.55529  
111.400    -1.55650  
111.500    -1.55771  
111.600    -1.55891  
111.700    -1.56012  
111.800    -1.56132  
111.900    -1.56253  
112.000    -1.56374  
112.100    -1.56495  
112.200    -1.56616  
112.300    -1.56738  
112.400    -1.56860  
112.500    -1.56981  
112.600    -1.57103  
112.700    -1.57225  
112.800    -1.57348  
112.900    -1.57470  
113.000    -1.57592  
113.100    -1.57715  
113.200    -1.57837  
113.300    -1.57960  
113.400    -1.58082  
113.500    -1.58205  
113.600    -1.58328  
113.700    -1.58450  
113.800    -1.58573  
113.900    -1.58696  
114.000    -1.58818  
114.100    -1.58941  
114.200    -1.59064  
114.300    -1.59186  
114.400    -1.59309  
114.500    -1.59431  
114.600    -1.59554  
114.700    -1.59676  
114.800    -1.59798  
114.900    -1.59920  
115.000    -1.60043  
115.100    -1.60165  
115.200    -1.60287  
115.300    -1.60409  
115.400    -1.60531  
115.500    -1.60653  
115.600    -1.60775  
115.700    -1.60897  
115.800    -1.61019  
115.900    -1.61141  
116.000    -1.61263  
116.100    -1.61385  
116.200    -1.61506  
116.300    -1.61628  
116.400    -1.61750  
116.500    -1.61872  
116.600    -1.61994  
116.700    -1.62115  
116.800    -1.62237  
116.900    -1.62359  
117.000    -1.62481  
117.100    -1.62603  
117.200    -1.62725  
117.300    -1.62848  
117.400    -1.62970  
117.500    -1.63092  
117.600    -1.63215  
117.700    -1.63338  
117.800    -1.63461  
117.900    -1.63584  
118.000    -1.63707  
118.100    -1.63831  
118.200    -1.63954  
118.300    -1.64078  
118.400    -1.64202  
118.500    -1.64326  
118.600    -1.64449  
118.700    -1.64573  
118.800    -1.64697  
118.900    -1.64820  
119.000    -1.64943  
119.100    -1.65066  
119.200    -1.65189  
119.300    -1.65311  
119.400    -1.65432  
119.500    -1.65554  
119.600    -1.65675  
119.700    -1.65795  
119.800    -1.65914  
119.900    -1.66033  
120.000    -1.66152  
120.100    -1.66269  
120.200    -1.66386  
120.300    -1.66502  
120.400    -1.66618  
120.500    -1.66733  
120.600    -1.66847  
120.700    -1.66961  
120.800    -1.67075  
120.900    -1.67188  
121.000    -1.67301  
121.100    -1.67414  
121.200    -1.67526  
121.300    -1.67638  
121.400    -1.67750  
121.500    -1.67862  
121.600    -1.67974  
121.700    -1.68086  
121.800    -1.68198  
121.900    -1.68311  
122.000    -1.68423  
122.100    -1.68535  
122.200    -1.68648  
122.300    -1.68761  
122.400    -1.68874  
122.500    -1.68987  
122.600    -1.69100  
122.700    -1.69214  
122.800    -1.69327  
122.900    -1.69441  
123.000    -1.69554  
123.100    -1.69668  
123.200    -1.69782  
123.300    -1.69896  
123.400    -1.70010  
123.500    -1.70124  
123.600    -1.70238  
123.700    -1.70352  
123.800    -1.70466  
123.900    -1.70580  
124.000    -1.70694  
124.100    -1.70808  
124.200    -1.70922  
124.300    -1.71036  
124.400    -1.71149  
124.500    -1.71263  
124.600    -1.71377  
124.700    -1.71491  
124.800    -1.71604  
124.900    -1.71718  
125.000    -1.71832  
125.100    -1.71945  
125.200    -1.72059  
125.300    -1.72172  
125.400    -1.72285  
125.500    -1.72399  
125.600    -1.72512  
125.700    -1.72625  
125.800    -1.72739  
125.900    -1.72852  
126.000    -1.72965  
126.100    -1.73078  
126.200    -1.73191  
126.300    -1.73305  
126.400    -1.73418  
126.500    -1.73531  
126.600    -1.73644  
126.700    -1.73757  
126.800    -1.73870  
126.900    -1.73984  
127.000    -1.74097  
127.100    -1.74210  
127.200    -1.74324  
127.300    -1.74437  
127.400    -1.74551  
127.500    -1.74665  
127.600    -1.74779  
127.700    -1.74893  
127.800    -1.75007  
127.900    -1.75122  
128.000    -1.75236  
128.100    -1.75351  
128.200    -1.75466  
128.300    -1.75581  
128.400    -1.75696  
128.500    -1.75811  
128.600    -1.75926  
128.700    -1.76041  
128.800    -1.76156  
128.900    -1.76271  
129.000    -1.76385  
129.100    -1.76499  
129.200    -1.76613  
129.300    -1.76727  
129.400    -1.76840  
129.500    -1.76952  
129.600    -1.77065  
129.700    -1.77176  
129.800    -1.77287  
129.900    -1.77398  
130.000    -1.77507  
130.100    -1.77617  
130.200    -1.77725  
130.300    -1.77833  
130.400    -1.77940  
130.500    -1.78047  
130.600    -1.78153  
130.700    -1.78259  
130.800    -1.78364  
130.900    -1.78469  
131.000    -1.78574  
131.100    -1.78678  
131.200    -1.78782  
131.300    -1.78886  
131.400    -1.78990  
131.500    -1.79094  
131.600    -1.79198  
131.700    -1.79302  
131.800    -1.79405  
131.900    -1.79509  
132.000    -1.79613  
132.100    -1.79718  
132.200    -1.79822  
132.300    -1.79927  
132.400    -1.80031  
132.500    -1.80136  
132.600    -1.80241  
132.700    -1.80347  
132.800    -1.80452  
132.900    -1.80557  
133.000    -1.80663  
133.100    -1.80768  
133.200    -1.80874  
133.300    -1.80979  
133.400    -1.81085  
133.500    -1.81191  
133.600    -1.81296  
133.700    -1.81402  
133.800    -1.81508  
133.900    -1.81614  
134.000    -1.81719  
134.100    -1.81825  
134.200    -1.81931  
134.300    -1.82036  
134.400    -1.82142  
134.500    -1.82247  
134.600    -1.82353  
134.700    -1.82458  
134.800    -1.82563  
134.900    -1.82669  
135.000    -1.82774  
135.100    -1.82879  
135.200    -1.82985  
135.300    -1.83090  
135.400    -1.83195  
135.500    -1.83300  
135.600    -1.83405  
135.700    -1.83510  
135.800    -1.83615  
135.900    -1.83720  
136.000    -1.83825  
136.100    -1.83930  
136.200    -1.84035  
136.300    -1.84140  
136.400    -1.84245  
136.500    -1.84350  
136.600    -1.84455  
136.700    -1.84559  
136.800    -1.84664  
136.900    -1.84769  
137.000    -1.84875  
137.100    -1.84980  
137.200    -1.85085  
137.300    -1.85190  
137.400    -1.85296  
137.500    -1.85401  
137.600    -1.85507  
137.700    -1.85613  
137.800    -1.85719  
137.900    -1.85825  
138.000    -1.85931  
138.100    -1.86037  
138.200    -1.86144  
138.300    -1.86251  
138.400    -1.86357  
138.500    -1.86464  
138.600    -1.86571  
138.700    -1.86677  
138.800    -1.86784  
138.900    -1.86890  
139.000    -1.86996  
139.100    -1.87102  
139.200    -1.87208  
139.300    -1.87313  
139.400    -1.87418  
139.500    -1.87522  
139.600    -1.87626  
139.700    -1.87730  
139.800    -1.87833  
139.900    -1.87935  
140.000    -1.88037  
140.100    -1.88138  
140.200    -1.88238  
140.300    -1.88338  
140.400    -1.88437  
140.500    -1.88536  
140.600    -1.88634  
140.700    -1.88732  
140.800    -1.88830  
140.900    -1.88927  
141.000    -1.89024  
141.100    -1.89120  
141.200    -1.89217  
141.300    -1.89313  
141.400    -1.89409  
141.500    -1.89505  
141.600    -1.89601  
141.700    -1.89697  
141.800    -1.89793  
141.900    -1.89890  
142.000    -1.89986  
142.100    -1.90082  
142.200    -1.90179  
142.300    -1.90276  
142.400    -1.90373  
142.500    -1.90470  
142.600    -1.90567  
142.700    -1.90664  
142.800    -1.90762  
142.900    -1.90859  
143.000    -1.90957  
143.100    -1.91055  
143.200    -1.91152  
143.300    -1.91250  
143.400    -1.91348  
143.500    -1.91446  
143.600    -1.91544  
143.700    -1.91641  
143.800    -1.91739  
143.900    -1.91837  
144.000    -1.91935  
144.100    -1.92033  
144.200    -1.92130  
144.300    -1.92228  
144.400    -1.92326  
144.500    -1.92423  
144.600    -1.92521  
144.700    -1.92619  
144.800    -1.92716  
144.900    -1.92814  
145.000    -1.92911  
145.100    -1.93009  
145.200    -1.93106  
145.300    -1.93203  
145.400    -1.93301  
145.500    -1.93398  
145.600    -1.93495  
145.700    -1.93592  
145.800    -1.93690  
145.900    -1.93787  
146.000    -1.93884  
146.100    -1.93981  
146.200    -1.94078  
146.300    -1.94175  
146.400    -1.94272  
146.500    -1.94369  
146.600    -1.94466  
146.700    -1.94563  
146.800    -1.94661  
146.900    -1.94758  
147.000    -1.94855  
147.100    -1.94952  
147.200    -1.95050  
147.300    -1.95147  
147.400    -1.95245  
147.500    -1.95342  
147.600    -1.95440  
147.700    -1.95538  
147.800    -1.95636  
147.900    -1.95735  
148.000    -1.95833  
148.100    -1.95931  
148.200    -1.96030  
148.300    -1.96129  
148.400    -1.96228  
148.500    -1.96326  
148.600    -1.96425  
148.700    -1.96524  
148.800    -1.96623  
148.900    -1.96721  
149.000    -1.96819  
149.100    -1.96917  
149.200    -1.97015  
149.300    -1.97112  
149.400    -1.97209  
149.500    -1.97306  
149.600    -1.97402  
149.700    -1.97498  
149.800    -1.97593  
149.900    -1.97688 
150.000    -1.97782  
150.100    -1.97875  
150.200    -1.97968  
150.300    -1.98060  
150.400    -1.98152  
150.500    -1.98243  
150.600    -1.98334  
150.700    -1.98425  
150.800    -1.98515  
150.900    -1.98604  
151.000    -1.98694  
151.100    -1.98783  
151.200    -1.98872  
151.300    -1.98961  
151.400    -1.99050  
151.500    -1.99139  
151.600    -1.99227  
151.700    -1.99316  
151.800    -1.99405  
151.900    -1.99493  
152.000    -1.99582  
152.100    -1.99671  
152.200    -1.99761  
152.300    -1.99850  
152.400    -1.99940  
152.500    -2.00029  
152.600    -2.00119  
152.700    -2.00209  
152.800    -2.00299  
152.900    -2.00389  
153.000    -2.00479  
153.100    -2.00569  
153.200    -2.00660  
153.300    -2.00750  
153.400    -2.00840  
153.500    -2.00931  
153.600    -2.01021  
153.700    -2.01111  
153.800    -2.01202  
153.900    -2.01292  
154.000    -2.01383  
154.100    -2.01473  
154.200    -2.01563  
154.300    -2.01653  
154.400    -2.01744  
154.500    -2.01834  
154.600    -2.01924  
154.700    -2.02014  
154.800    -2.02104  
154.900    -2.02194  
155.000    -2.02284  
155.100    -2.02374  
155.200    -2.02464  
155.300    -2.02554  
155.400    -2.02644  
155.500    -2.02734  
155.600    -2.02824  
155.700    -2.02914  
155.800    -2.03003  
155.900    -2.03093  
156.000    -2.03183  
156.100    -2.03273  
156.200    -2.03362  
156.300    -2.03452  
156.400    -2.03542  
156.500    -2.03631  
156.600    -2.03721  
156.700    -2.03811  
156.800    -2.03900  
156.900    -2.03990  
157.000    -2.04080  
157.100    -2.04169  
157.200    -2.04259  
157.300    -2.04349  
157.400    -2.04439  
157.500    -2.04529  
157.600    -2.04618  
157.700    -2.04708  
157.800    -2.04798  
157.900    -2.04888  
158.000    -2.04978  
158.100    -2.05069  
158.200    -2.05159  
158.300    -2.05249  
158.400    -2.05339  
158.500    -2.05430  
158.600    -2.05520  
158.700    -2.05611  
158.800    -2.05702  
158.900    -2.05793  
159.000    -2.05883  
159.100    -2.05975  
159.200    -2.06066  
159.300    -2.06157  
159.400    -2.06247  
159.500    -2.06338  
159.600    -2.06428  
159.700    -2.06518  
159.800    -2.06607  
159.900    -2.06696  
160.000    -2.06784  
160.100    -2.06871  
160.200    -2.06957  
160.300    -2.07043  
160.400    -2.07128  
160.500    -2.07213  
160.600    -2.07297  
160.700    -2.07380  
160.800    -2.07463  
160.900    -2.07546  
161.000    -2.07628  
161.100    -2.07710  
161.200    -2.07792  
161.300    -2.07874  
161.400    -2.07955  
161.500    -2.08036  
161.600    -2.08118  
161.700    -2.08199  
161.800    -2.08280  
161.900    -2.08362  
162.000    -2.08443  
162.100    -2.08525  
162.200    -2.08607  
162.300    -2.08690  
162.400    -2.08772  
162.500    -2.08855  
162.600    -2.08937  
162.700    -2.09020  
162.800    -2.09103  
162.900    -2.09186  
163.000    -2.09269  
163.100    -2.09352  
163.200    -2.09436  
163.300    -2.09519  
163.400    -2.09603  
163.500    -2.09686  
163.600    -2.09769  
163.700    -2.09853  
163.800    -2.09936  
163.900    -2.10020  
164.000    -2.10103  
164.100    -2.10187  
164.200    -2.10270  
164.300    -2.10353  
164.400    -2.10436  
164.500    -2.10520  
164.600    -2.10603  
164.700    -2.10686  
164.800    -2.10769  
164.900    -2.10852  
165.000    -2.10935  
165.100    -2.11018  
165.200    -2.11101  
165.300    -2.11184  
165.400    -2.11267  
165.500    -2.11349  
165.600    -2.11432  
165.700    -2.11515  
165.800    -2.11598  
165.900    -2.11680  
166.000    -2.11763  
166.100    -2.11846  
166.200    -2.11928  
166.300    -2.12011  
166.400    -2.12094  
166.500    -2.12176  
166.600    -2.12259  
166.700    -2.12341  
166.800    -2.12424  
166.900    -2.12507  
167.000    -2.12590  
167.100    -2.12673  
167.200    -2.12756  
167.300    -2.12839  
167.400    -2.12922  
167.500    -2.13005  
167.600    -2.13088  
167.700    -2.13172  
167.800    -2.13255  
167.900    -2.13339  
168.000    -2.13423  
168.100    -2.13507  
168.200    -2.13591  
168.300    -2.13675  
168.400    -2.13759  
168.500    -2.13843  
168.600    -2.13927  
168.700    -2.14012  
168.800    -2.14096  
168.900    -2.14179  
169.000    -2.14263  
169.100    -2.14347  
169.200    -2.14430  
169.300    -2.14513  
169.400    -2.14595  
169.500    -2.14678  
169.600    -2.14760  
169.700    -2.14841  
169.800    -2.14922  
169.900    -2.15003  
170.000    -2.15082  
170.100    -2.15162  
170.200    -2.15241  
170.300    -2.15319  
170.400    -2.15397  
170.500    -2.15474  
170.600    -2.15552  
170.700    -2.15628  
170.800    -2.15705  
170.900    -2.15781  
171.000    -2.15857  
171.100    -2.15932  
171.200    -2.16008  
171.300    -2.16083  
171.400    -2.16158  
171.500    -2.16233  
171.600    -2.16309  
171.700    -2.16384  
171.800    -2.16459  
171.900    -2.16534  
172.000    -2.16610  
172.100    -2.16685  
172.200    -2.16761  
172.300    -2.16837  
172.400    -2.16912  
172.500    -2.16989  
172.600    -2.17065  
172.700    -2.17141  
172.800    -2.17217  
172.900    -2.17294  
173.000    -2.17370  
173.100    -2.17447  
173.200    -2.17523  
173.300    -2.17600  
173.400    -2.17676  
173.500    -2.17753  
173.600    -2.17830  
173.700    -2.17907  
173.800    -2.17983  
173.900    -2.18060  
174.000    -2.18137  
174.100    -2.18213  
174.200    -2.18290  
174.300    -2.18366  
174.400    -2.18443  
174.500    -2.18519  
174.600    -2.18596  
174.700    -2.18672  
174.800    -2.18749  
174.900    -2.18825  
175.000    -2.18902  
175.100    -2.18978  
175.200    -2.19054  
175.300    -2.19131  
175.400    -2.19207  
175.500    -2.19283  
175.600    -2.19359  
175.700    -2.19435  
175.800    -2.19512  
175.900    -2.19588  
176.000    -2.19664  
176.100    -2.19740  
176.200    -2.19816  
176.300    -2.19892  
176.400    -2.19968  
176.500    -2.20044  
176.600    -2.20120  
176.700    -2.20196  
176.800    -2.20272  
176.900    -2.20348  
177.000    -2.20424  
177.100    -2.20501  
177.200    -2.20577  
177.300    -2.20653  
177.400    -2.20730  
177.500    -2.20806  
177.600    -2.20883  
177.700    -2.20960  
177.800    -2.21037  
177.900    -2.21114  
178.000    -2.21191  
178.100    -2.21268  
178.200    -2.21345  
178.300    -2.21423  
178.400    -2.21500  
178.500    -2.21578  
178.600    -2.21655  
178.700    -2.21733  
178.800    -2.21810  
178.900    -2.21887  
179.000    -2.21964  
179.100    -2.22041  
179.200    -2.22118  
179.300    -2.22194  
179.400    -2.22270  
179.500    -2.22346  
179.600    -2.22421  
179.700    -2.22496  
179.800    -2.22570  
179.900    -2.22644  
180.000    -2.22718  
180.100    -2.22791  
180.200    -2.22863  
180.300    -2.22935  
180.400    -2.23007  
180.500    -2.23078  
180.600    -2.23149  
180.700    -2.23219  
180.800    -2.23289  
180.900    -2.23359  
181.000    -2.23429  
181.100    -2.23498  
181.200    -2.23567  
181.300    -2.23636  
181.400    -2.23705  
181.500    -2.23774  
181.600    -2.23843  
181.700    -2.23912  
181.800    -2.23981  
181.900    -2.24050  
182.000    -2.24119  
182.100    -2.24189  
182.200    -2.24258  
182.300    -2.24328  
182.400    -2.24397  
182.500    -2.24467  
182.600    -2.24537  
182.700    -2.24607  
182.800    -2.24677  
182.900    -2.24747  
183.000    -2.24817  
183.100    -2.24888  
183.200    -2.24958  
183.300    -2.25028  
183.400    -2.25099  
183.500    -2.25169  
183.600    -2.25239  
183.700    -2.25310  
183.800    -2.25380  
183.900    -2.25451  
184.000    -2.25521  
184.100    -2.25591  
184.200    -2.25662  
184.300    -2.25732  
184.400    -2.25802  
184.500    -2.25872  
184.600    -2.25943  
184.700    -2.26013  
184.800    -2.26083  
184.900    -2.26153  
185.000    -2.26223  
185.100    -2.26293  
185.200    -2.26363  
185.300    -2.26433  
185.400    -2.26503  
185.500    -2.26573  
185.600    -2.26643  
185.700    -2.26713  
185.800    -2.26783  
185.900    -2.26853  
186.000    -2.26922  
186.100    -2.26992  
186.200    -2.27062  
186.300    -2.27132  
186.400    -2.27202  
186.500    -2.27271  
186.600    -2.27341  
186.700    -2.27411  
186.800    -2.27481  
186.900    -2.27551  
187.000    -2.27621  
187.100    -2.27690  
187.200    -2.27761  
187.300    -2.27831  
187.400    -2.27901  
187.500    -2.27971  
187.600    -2.28041  
187.700    -2.28112  
187.800    -2.28182  
187.900    -2.28253  
188.000    -2.28324  
188.100    -2.28395  
188.200    -2.28466  
188.300    -2.28537  
188.400    -2.28608  
188.500    -2.28679  
188.600    -2.28751  
188.700    -2.28822  
188.800    -2.28893  
188.900    -2.28964  
189.000    -2.29034  
189.100    -2.29105  
189.200    -2.29175  
189.300    -2.29245  
189.400    -2.29315  
189.500    -2.29384  
189.600    -2.29453  
189.700    -2.29522  
189.800    -2.29590  
189.900    -2.29658  
190.000    -2.29726  
190.100    -2.29792  
190.200    -2.29859  
190.300    -2.29925  
190.400    -2.29990  
190.500    -2.30055  
190.600    -2.30120  
190.700    -2.30185  
190.800    -2.30249  
190.900    -2.30313  
191.000    -2.30376  
191.100    -2.30440  
191.200    -2.30503  
191.300    -2.30566  
191.400    -2.30629  
191.500    -2.30692  
191.600    -2.30755  
191.700    -2.30818  
191.800    -2.30882  
191.900    -2.30945  
192.000    -2.31008  
192.100    -2.31071  
192.200    -2.31135  
192.300    -2.31198  
192.400    -2.31262  
192.500    -2.31326  
192.600    -2.31390  
192.700    -2.31454  
192.800    -2.31518  
192.900    -2.31582  
193.000    -2.31646  
193.100    -2.31711  
193.200    -2.31775  
193.300    -2.31839  
193.400    -2.31904  
193.500    -2.31968  
193.600    -2.32033  
193.700    -2.32097  
193.800    -2.32161  
193.900    -2.32226  
194.000    -2.32290  
194.100    -2.32355  
194.200    -2.32419  
194.300    -2.32483  
194.400    -2.32547  
194.500    -2.32612  
194.600    -2.32676  
194.700    -2.32740  
194.800    -2.32804  
194.900    -2.32868  
195.000    -2.32932  
195.100    -2.32997  
195.200    -2.33061  
195.300    -2.33125  
195.400    -2.33189  
195.500    -2.33253  
195.600    -2.33317  
195.700    -2.33381  
195.800    -2.33445  
195.900    -2.33509  
196.000    -2.33573  
196.100    -2.33637  
196.200    -2.33700  
196.300    -2.33764  
196.400    -2.33828  
196.500    -2.33892  
196.600    -2.33956  
196.700    -2.34020  
196.800    -2.34084  
196.900    -2.34148  
197.000    -2.34212  
197.100    -2.34276  
197.200    -2.34340  
197.300    -2.34404  
197.400    -2.34469  
197.500    -2.34533  
197.600    -2.34597  
197.700    -2.34661  
197.800    -2.34726  
197.900    -2.34790  
198.000    -2.34855  
198.100    -2.34920  
198.200    -2.34984  
198.300    -2.35049  
198.400    -2.35114  
198.500    -2.35178  
198.600    -2.35243  
198.700    -2.35308  
198.800    -2.35373  
198.900    -2.35437  
199.000    -2.35502  
199.100    -2.35566  
199.200    -2.35630  
199.300    -2.35694  
199.400    -2.35758  
199.500    -2.35822  
199.600    -2.35886  
199.700    -2.35949  
199.800    -2.36012  
199.900    -2.36075  
200.000    -2.36137  
200.100    -2.36200  
200.200    -2.36261  
200.300    -2.36323  
200.400    -2.36385  
200.500    -2.36446  
200.600    -2.36506  
200.700    -2.36567  
200.800    -2.36627  
200.900    -2.36688  
201.000    -2.36748  
201.100    -2.36807  
201.200    -2.36867  
201.300    -2.36926  
201.400    -2.36985  
201.500    -2.37044  
201.600    -2.37103  
201.700    -2.37161  
201.800    -2.37220  
201.900    -2.37278  
202.000    -2.37336  
202.100    -2.37394  
202.200    -2.37452  
202.300    -2.37510  
202.400    -2.37568  
202.500    -2.37625  
202.600    -2.37683  
202.700    -2.37740  
202.800    -2.37798  
202.900    -2.37855  
203.000    -2.37912  
203.100    -2.37969  
203.200    -2.38027  
203.300    -2.38084  
203.400    -2.38141  
203.500    -2.38198  
203.600    -2.38255  
203.700    -2.38312  
203.800    -2.38370  
203.900    -2.38427  
204.000    -2.38484  
204.100    -2.38541  
204.200    -2.38599  
204.300    -2.38656  
204.400    -2.38713  
204.500    -2.38771  
204.600    -2.38829  
204.700    -2.38886  
204.800    -2.38944  
204.900    -2.39002  
205.000    -2.39060  
205.100    -2.39118  
205.200    -2.39177  
205.300    -2.39235  
205.400    -2.39294  
205.500    -2.39352  
205.600    -2.39411  
205.700    -2.39470  
205.800    -2.39529  
205.900    -2.39588  
206.000    -2.39647  
206.100    -2.39706  
206.200    -2.39765  
206.300    -2.39824  
206.400    -2.39884  
206.500    -2.39943  
206.600    -2.40002  
206.700    -2.40061  
206.800    -2.40121  
206.900    -2.40180  
207.000    -2.40239  
207.100    -2.40299  
207.200    -2.40358  
207.300    -2.40417  
207.400    -2.40477  
207.500    -2.40536  
207.600    -2.40595  
207.700    -2.40654  
207.800    -2.40713  
207.900    -2.40772  
208.000    -2.40831  
208.100    -2.40890  
208.200    -2.40949  
208.300    -2.41007  
208.400    -2.41066  
208.500    -2.41124  
208.600    -2.41183  
208.700    -2.41241  
208.800    -2.41299  
208.900    -2.41357  
209.000    -2.41415  
209.100    -2.41472  
209.200    -2.41530  
209.300    -2.41587  
209.400    -2.41644  
209.500    -2.41701  
209.600    -2.41758  
209.700    -2.41815  
209.800    -2.41871  
209.900    -2.41927  
210.000    -2.41983  
210.100    -2.42039  
210.200    -2.42094  
210.300    -2.42150  
210.400    -2.42205  
210.500    -2.42260  
210.600    -2.42315  
210.700    -2.42369  
210.800    -2.42424  
210.900    -2.42478  
211.000    -2.42532  
211.100    -2.42586  
211.200    -2.42639  
211.300    -2.42693  
211.400    -2.42747  
211.500    -2.42800  
211.600    -2.42853  
211.700    -2.42906  
211.800    -2.42959  
211.900    -2.43012  
212.000    -2.43065  
212.100    -2.43118  
212.200    -2.43170  
212.300    -2.43223  
212.400    -2.43275  
212.500    -2.43328  
212.600    -2.43380  
212.700    -2.43433  
212.800    -2.43485  
212.900    -2.43537  
213.000    -2.43589  
213.100    -2.43641  
213.200    -2.43694  
213.300    -2.43746  
213.400    -2.43798  
213.500    -2.43850  
213.600    -2.43902  
213.700    -2.43954  
213.800    -2.44007  
213.900    -2.44059  
214.000    -2.44111  
214.100    -2.44163  
214.200    -2.44216  
214.300    -2.44268  
214.400    -2.44321  
214.500    -2.44373  
214.600    -2.44426  
214.700    -2.44478  
214.800    -2.44531  
214.900    -2.44584  
215.000    -2.44637  
215.100    -2.44690  
215.200    -2.44743  
215.300    -2.44797  
215.400    -2.44850  
215.500    -2.44903  
215.600    -2.44957  
215.700    -2.45010  
215.800    -2.45064  
215.900    -2.45118  
216.000    -2.45171  
216.100    -2.45225  
216.200    -2.45279  
216.300    -2.45333  
216.400    -2.45387  
216.500    -2.45441  
216.600    -2.45495  
216.700    -2.45549  
216.800    -2.45602  
216.900    -2.45656  
217.000    -2.45710  
217.100    -2.45764  
217.200    -2.45818  
217.300    -2.45872  
217.400    -2.45926  
217.500    -2.45979  
217.600    -2.46033  
217.700    -2.46087  
217.800    -2.46140  
217.900    -2.46194  
218.000    -2.46247  
218.100    -2.46301  
218.200    -2.46354  
218.300    -2.46407  
218.400    -2.46460  
218.500    -2.46513  
218.600    -2.46566  
218.700    -2.46619  
218.800    -2.46671  
218.900    -2.46724  
219.000    -2.46776  
219.100    -2.46829  
219.200    -2.46881  
219.300    -2.46932  
219.400    -2.46984  
219.500    -2.47036  
219.600    -2.47087  
219.700    -2.47138  
219.800    -2.47189  
219.900    -2.47240  
220.000    -2.47291  
220.100    -2.47341  
220.200    -2.47392  
220.300    -2.47442  
220.400    -2.47491  
220.500    -2.47541  
220.600    -2.47591  
220.700    -2.47640  
220.800    -2.47689  
220.900    -2.47738  
221.000    -2.47787  
221.100    -2.47836  
221.200    -2.47884  
221.300    -2.47933  
221.400    -2.47981  
221.500    -2.48029  
221.600    -2.48077  
221.700    -2.48125  
221.800    -2.48173  
221.900    -2.48221  
222.000    -2.48269  
222.100    -2.48316  
222.200    -2.48364  
222.300    -2.48411  
222.400    -2.48459  
222.500    -2.48506  
222.600    -2.48553  
222.700    -2.48600  
222.800    -2.48648  
222.900    -2.48695  
223.000    -2.48742  
223.100    -2.48789  
223.200    -2.48836  
223.300    -2.48883  
223.400    -2.48930  
223.500    -2.48977  
223.600    -2.49024  
223.700    -2.49072  
223.800    -2.49119  
223.900    -2.49166  
224.000    -2.49213  
224.100    -2.49260  
224.200    -2.49307  
224.300    -2.49355  
224.400    -2.49402  
224.500    -2.49450  
224.600    -2.49497  
224.700    -2.49545  
224.800    -2.49592  
224.900    -2.49640  
225.000    -2.49688  
225.100    -2.49736  
225.200    -2.49784  
225.300    -2.49832  
225.400    -2.49880  
225.500    -2.49929  
225.600    -2.49977  
225.700    -2.50025  
225.800    -2.50074  
225.900    -2.50122  
226.000    -2.50171  
226.100    -2.50220  
226.200    -2.50268  
226.300    -2.50317  
226.400    -2.50366  
226.500    -2.50415  
226.600    -2.50463  
226.700    -2.50512  
226.800    -2.50561  
226.900    -2.50609  
227.000    -2.50658  
227.100    -2.50707  
227.200    -2.50756  
227.300    -2.50804  
227.400    -2.50853  
227.500    -2.50902  
227.600    -2.50950  
227.700    -2.50999  
227.800    -2.51047  
227.900    -2.51095  
228.000    -2.51144  
228.100    -2.51192  
228.200    -2.51240  
228.300    -2.51288  
228.400    -2.51336  
228.500    -2.51384  
228.600    -2.51431  
228.700    -2.51479  
228.800    -2.51527  
228.900    -2.51574  
229.000    -2.51621  
229.100    -2.51668  
229.200    -2.51715  
229.300    -2.51762  
229.400    -2.51809  
229.500    -2.51855  
229.600    -2.51902  
229.700    -2.51948  
229.800    -2.51994  
229.900    -2.52039  
230.000    -2.52085  
230.100    -2.52131  
230.200    -2.52176  
230.300    -2.52221  
230.400    -2.52266  
230.500    -2.52310  
230.600    -2.52355  
230.700    -2.52399  
230.800    -2.52443  
230.900    -2.52487  
231.000    -2.52531  
231.100    -2.52575  
231.200    -2.52619  
231.300    -2.52662  
231.400    -2.52706  
231.500    -2.52749  
231.600    -2.52792  
231.700    -2.52835  
231.800    -2.52878  
231.900    -2.52921  
232.000    -2.52964  
232.100    -2.53007  
232.200    -2.53049  
232.300    -2.53092  
232.400    -2.53134  
232.500    -2.53177  
232.600    -2.53219  
232.700    -2.53261  
232.800    -2.53304  
232.900    -2.53346  
233.000    -2.53388  
233.100    -2.53431  
233.200    -2.53473  
233.300    -2.53515  
233.400    -2.53557  
233.500    -2.53599  
233.600    -2.53642  
233.700    -2.53684  
233.800    -2.53726  
233.900    -2.53768  
234.000    -2.53811  
234.100    -2.53853  
234.200    -2.53896  
234.300    -2.53938  
234.400    -2.53980  
234.500    -2.54023  
234.600    -2.54066  
234.700    -2.54108  
234.800    -2.54151  
234.900    -2.54194  
235.000    -2.54237  
235.100    -2.54280  
235.200    -2.54323  
235.300    -2.54366  
235.400    -2.54410  
235.500    -2.54453  
235.600    -2.54497  
235.700    -2.54540  
235.800    -2.54584  
235.900    -2.54627  
236.000    -2.54671  
236.100    -2.54715  
236.200    -2.54758  
236.300    -2.54802  
236.400    -2.54846  
236.500    -2.54890  
236.600    -2.54933  
236.700    -2.54977  
236.800    -2.55021  
236.900    -2.55065  
237.000    -2.55109  
237.100    -2.55152  
237.200    -2.55196  
237.300    -2.55240  
237.400    -2.55284  
237.500    -2.55327  
237.600    -2.55371  
237.700    -2.55414  
237.800    -2.55458  
237.900    -2.55501  
238.000    -2.55545  
238.100    -2.55588  
238.200    -2.55631  
238.300    -2.55674  
238.400    -2.55717  
238.500    -2.55760  
238.600    -2.55803  
238.700    -2.55846  
238.800    -2.55889  
238.900    -2.55931  
239.000    -2.55973  
239.100    -2.56016  
239.200    -2.56058  
239.300    -2.56100  
239.400    -2.56141  
239.500    -2.56183  
239.600    -2.56225  
239.700    -2.56266  
239.800    -2.56307  
239.900    -2.56348  
240.000    -2.56389  
240.100    -2.56430  
240.200    -2.56470  
240.300    -2.56510  
240.400    -2.56550  
240.500    -2.56590  
240.600    -2.56630  
240.700    -2.56670  
240.800    -2.56709  
240.900    -2.56748  
241.000    -2.56787  
241.100    -2.56827  
241.200    -2.56865  
241.300    -2.56904  
241.400    -2.56943  
241.500    -2.56981  
241.600    -2.57020  
241.700    -2.57058  
241.800    -2.57097  
241.900    -2.57135  
242.000    -2.57173  
242.100    -2.57211  
242.200    -2.57249  
242.300    -2.57287  
242.400    -2.57325  
242.500    -2.57362  
242.600    -2.57400  
242.700    -2.57438  
242.800    -2.57475  
242.900    -2.57513  
243.000    -2.57551  
243.100    -2.57588  
243.200    -2.57626  
243.300    -2.57663  
243.400    -2.57701  
243.500    -2.57739  
243.600    -2.57776  
243.700    -2.57814  
243.800    -2.57851  
243.900    -2.57889  
244.000    -2.57927  
244.100    -2.57964  
244.200    -2.58002  
244.300    -2.58040  
244.400    -2.58078  
244.500    -2.58115  
244.600    -2.58153  
244.700    -2.58191  
244.800    -2.58230  
244.900    -2.58268  
245.000    -2.58306  
245.100    -2.58344  
245.200    -2.58383  
245.300    -2.58421  
245.400    -2.58460  
245.500    -2.58499  
245.600    -2.58537  
245.700    -2.58576  
245.800    -2.58615  
245.900    -2.58654  
246.000    -2.58693  
246.100    -2.58732  
246.200    -2.58771  
246.300    -2.58810  
246.400    -2.58849  
246.500    -2.58888  
246.600    -2.58927  
246.700    -2.58966  
246.800    -2.59005  
246.900    -2.59044  
247.000    -2.59083  
247.100    -2.59123  
247.200    -2.59162  
247.300    -2.59201  
247.400    -2.59240  
247.500    -2.59278  
247.600    -2.59317  
247.700    -2.59356  
247.800    -2.59395  
247.900    -2.59434  
248.000    -2.59472  
248.100    -2.59511  
248.200    -2.59549  
248.300    -2.59588  
248.400    -2.59626  
248.500    -2.59664  
248.600    -2.59703  
248.700    -2.59741  
248.800    -2.59779  
248.900    -2.59816  
249.000    -2.59854  
249.100    -2.59892  
249.200    -2.59929  
249.300    -2.59966  
249.400    -2.60003  
249.500    -2.60040  
249.600    -2.60077  
249.700    -2.60114  
249.800    -2.60151  
249.900    -2.60187  
250.000    -2.60223  
250.100    -2.60259  
250.200    -2.60295  
250.300    -2.60331  
250.400    -2.60366  
250.500    -2.60401  
250.600    -2.60437  
250.700    -2.60472  
250.800    -2.60506  
250.900    -2.60541  
251.000    -2.60576  
251.100    -2.60610  
251.200    -2.60645  
251.300    -2.60679  
251.400    -2.60713  
251.500    -2.60747  
251.600    -2.60781  
251.700    -2.60815  
251.800    -2.60849  
251.900    -2.60882  
252.000    -2.60916  
252.100    -2.60949  
252.200    -2.60983  
252.300    -2.61016  
252.400    -2.61050  
252.500    -2.61083  
252.600    -2.61116  
252.700    -2.61149  
252.800    -2.61182  
252.900    -2.61215  
253.000    -2.61249  
253.100    -2.61282  
253.200    -2.61315  
253.300    -2.61348  
253.400    -2.61381  
253.500    -2.61414  
253.600    -2.61447  
253.700    -2.61480  
253.800    -2.61513  
253.900    -2.61546  
254.000    -2.61579  
254.100    -2.61613  
254.200    -2.61646  
254.300    -2.61679  
254.400    -2.61712  
254.500    -2.61746  
254.600    -2.61779  
254.700    -2.61813  
254.800    -2.61846  
254.900    -2.61880  
255.000    -2.61914  
255.100    -2.61948  
255.200    -2.61981  
255.300    -2.62015  
255.400    -2.62049  
255.500    -2.62084  
255.600    -2.62118  
255.700    -2.62152  
255.800    -2.62186  
255.900    -2.62221  
256.000    -2.62255  
256.100    -2.62290  
256.200    -2.62324  
256.300    -2.62359  
256.400    -2.62393  
256.500    -2.62428  
256.600    -2.62462  
256.700    -2.62497  
256.800    -2.62531  
256.900    -2.62566  
257.000    -2.62600  
257.100    -2.62635  
257.200    -2.62669  
257.300    -2.62704  
257.400    -2.62738  
257.500    -2.62772  
257.600    -2.62807  
257.700    -2.62841  
257.800    -2.62875  
257.900    -2.62909  
258.000    -2.62944  
258.100    -2.62978  
258.200    -2.63012  
258.300    -2.63045  
258.400    -2.63079  
258.500    -2.63113  
258.600    -2.63147  
258.700    -2.63180  
258.800    -2.63214  
258.900    -2.63247  
259.000    -2.63280  
259.100    -2.63313  
259.200    -2.63346  
259.300    -2.63379  
259.400    -2.63411  
259.500    -2.63444  
259.600    -2.63476  
259.700    -2.63509  
259.800    -2.63541  
259.900    -2.63572  
260.000    -2.63604  
260.100    -2.63636  
260.200    -2.63667  
260.300    -2.63698  
260.400    -2.63729  
260.500    -2.63760  
260.600    -2.63791  
260.700    -2.63822  
260.800    -2.63852  
260.900    -2.63882  
261.000    -2.63913  
261.100    -2.63943  
261.200    -2.63973  
261.300    -2.64003  
261.400    -2.64032  
261.500    -2.64062  
261.600    -2.64091  
261.700    -2.64121  
261.800    -2.64150  
261.900    -2.64180  
262.000    -2.64209  
262.100    -2.64238  
262.200    -2.64267  
262.300    -2.64296  
262.400    -2.64325  
262.500    -2.64354  
262.600    -2.64383  
262.700    -2.64412  
262.800    -2.64440  
262.900    -2.64469  
263.000    -2.64498  
263.100    -2.64527  
263.200    -2.64555  
263.300    -2.64584  
263.400    -2.64613  
263.500    -2.64641  
263.600    -2.64670  
263.700    -2.64699  
263.800    -2.64728  
263.900    -2.64756  
264.000    -2.64785  
264.100    -2.64814  
264.200    -2.64843  
264.300    -2.64872  
264.400    -2.64901  
264.500    -2.64930  
264.600    -2.64959  
264.700    -2.64988  
264.800    -2.65017  
264.900    -2.65046  
265.000    -2.65076  
265.100    -2.65105  
265.200    -2.65135  
265.300    -2.65164  
265.400    -2.65194  
265.500    -2.65224  
265.600    -2.65253  
265.700    -2.65283  
265.800    -2.65313  
265.900    -2.65343  
266.000    -2.65373  
266.100    -2.65403  
266.200    -2.65433  
266.300    -2.65463  
266.400    -2.65493  
266.500    -2.65524  
266.600    -2.65554  
266.700    -2.65584  
266.800    -2.65614  
266.900    -2.65644  
267.000    -2.65674  
267.100    -2.65704  
267.200    -2.65734  
267.300    -2.65764  
267.400    -2.65794  
267.500    -2.65824  
267.600    -2.65854  
267.700    -2.65884  
267.800    -2.65914  
267.900    -2.65944  
268.000    -2.65974  
268.100    -2.66003  
268.200    -2.66033  
268.300    -2.66062  
268.400    -2.66092  
268.500    -2.66121  
268.600    -2.66150  
268.700    -2.66179  
268.800    -2.66209  
268.900    -2.66237  
269.000    -2.66266  
269.100    -2.66295  
269.200    -2.66324  
269.300    -2.66352  
269.400    -2.66380  
269.500    -2.66409  
269.600    -2.66437  
269.700    -2.66464  
269.800    -2.66492  
269.900    -2.66520  
270.000    -2.66547  
270.100    -2.66574  
270.200    -2.66602  
270.300    -2.66628  
270.400    -2.66655  
270.500    -2.66682  
270.600    -2.66708  
270.700    -2.66735  
270.800    -2.66761  
270.900    -2.66787  
271.000    -2.66813  
271.100    -2.66839  
271.200    -2.66864  
271.300    -2.66890  
271.400    -2.66916  
271.500    -2.66941  
271.600    -2.66966  
271.700    -2.66992  
271.800    -2.67017  
271.900    -2.67042  
272.000    -2.67067  
272.100    -2.67092  
272.200    -2.67117  
272.300    -2.67141  
272.400    -2.67166  
272.500    -2.67191  
272.600    -2.67215  
272.700    -2.67240  
272.800    -2.67265  
272.900    -2.67289  
273.000    -2.67314  
273.100    -2.67338  
273.200    -2.67363  
273.300    -2.67387  
273.400    -2.67412  
273.500    -2.67436  
273.600    -2.67461  
273.700    -2.67485  
273.800    -2.67510  
273.900    -2.67534  
274.000    -2.67559  
274.100    -2.67584  
274.200    -2.67608  
274.300    -2.67633  
274.400    -2.67658  
274.500    -2.67683  
274.600    -2.67707  
274.700    -2.67732  
274.800    -2.67757  
274.900    -2.67782  
275.000    -2.67807  
275.100    -2.67833  
275.200    -2.67858  
275.300    -2.67883  
275.400    -2.67909  
275.500    -2.67934  
275.600    -2.67960  
275.700    -2.67986  
275.800    -2.68011  
275.900    -2.68037  
276.000    -2.68063  
276.100    -2.68088  
276.200    -2.68114  
276.300    -2.68140  
276.400    -2.68166  
276.500    -2.68192  
276.600    -2.68218  
276.700    -2.68244  
276.800    -2.68269  
276.900    -2.68295  
277.000    -2.68321  
277.100    -2.68347  
277.200    -2.68373  
277.300    -2.68399  
277.400    -2.68424  
277.500    -2.68450  
277.600    -2.68476  
277.700    -2.68502  
277.800    -2.68527  
277.900    -2.68553  
278.000    -2.68578  
278.100    -2.68604  
278.200    -2.68629  
278.300    -2.68654  
278.400    -2.68679  
278.500    -2.68705  
278.600    -2.68730  
278.700    -2.68754  
278.800    -2.68779  
278.900    -2.68804  
279.000    -2.68829  
279.100    -2.68853  
279.200    -2.68878  
279.300    -2.68902  
279.400    -2.68926  
279.500    -2.68950  
279.600    -2.68974  
279.700    -2.68997  
279.800    -2.69021  
279.900    -2.69044  
280.000    -2.69068  
280.100    -2.69091  
280.200    -2.69114  
280.300    -2.69137  
280.400    -2.69159  
280.500    -2.69182  
280.600    -2.69204  
280.700    -2.69226  
280.800    -2.69248  
280.900    -2.69270  
281.000    -2.69292  
281.100    -2.69314  
281.200    -2.69335  
281.300    -2.69357  
281.400    -2.69378  
281.500    -2.69400  
281.600    -2.69421  
281.700    -2.69442  
281.800    -2.69463  
281.900    -2.69484  
282.000    -2.69505  
282.100    -2.69526  
282.200    -2.69547  
282.300    -2.69567  
282.400    -2.69588  
282.500    -2.69609  
282.600    -2.69629  
282.700    -2.69650  
282.800    -2.69670  
282.900    -2.69691  
283.000    -2.69711  
283.100    -2.69732  
283.200    -2.69752  
283.300    -2.69773  
283.400    -2.69793  
283.500    -2.69813  
283.600    -2.69834  
283.700    -2.69854  
283.800    -2.69875  
283.900    -2.69895  
284.000    -2.69916  
284.100    -2.69936  
284.200    -2.69957  
284.300    -2.69978  
284.400    -2.69998  
284.500    -2.70019  
284.600    -2.70040  
284.700    -2.70061  
284.800    -2.70082  
284.900    -2.70103  
285.000    -2.70124  
285.100    -2.70145  
285.200    -2.70166  
285.300    -2.70187  
285.400    -2.70209  
285.500    -2.70230  
285.600    -2.70252  
285.700    -2.70273  
285.800    -2.70295  
285.900    -2.70316  
286.000    -2.70338  
286.100    -2.70360  
286.200    -2.70381  
286.300    -2.70403  
286.400    -2.70425  
286.500    -2.70447  
286.600    -2.70468  
286.700    -2.70490  
286.800    -2.70512  
286.900    -2.70534  
287.000    -2.70555  
287.100    -2.70577  
287.200    -2.70599  
287.300    -2.70621  
287.400    -2.70642  
287.500    -2.70664  
287.600    -2.70686  
287.700    -2.70707  
287.800    -2.70729  
287.900    -2.70750  
288.000    -2.70771  
288.100    -2.70793  
288.200    -2.70814  
288.300    -2.70835  
288.400    -2.70856  
288.500    -2.70877  
288.600    -2.70898  
288.700    -2.70919  
288.800    -2.70940  
288.900    -2.70961  
289.000    -2.70981  
289.100    -2.71002  
289.200    -2.71022  
289.300    -2.71042  
289.400    -2.71062  
289.500    -2.71082  
289.600    -2.71102  
289.700    -2.71122  
289.800    -2.71141  
289.900    -2.71160  
290.000    -2.71180  
290.100    -2.71199  
290.200    -2.71218  
290.300    -2.71236  
290.400    -2.71255  
290.500    -2.71274  
290.600    -2.71292  
290.700    -2.71310  
290.800    -2.71328  
290.900    -2.71346  
291.000    -2.71364  
291.100    -2.71382  
291.200    -2.71399  
291.300    -2.71417  
291.400    -2.71434  
291.500    -2.71452  
291.600    -2.71469  
291.700    -2.71486  
291.800    -2.71503  
291.900    -2.71520  
292.000    -2.71537  
292.100    -2.71554  
292.200    -2.71571  
292.300    -2.71587  
292.400    -2.71604  
292.500    -2.71621  
292.600    -2.71638  
292.700    -2.71654  
292.800    -2.71671  
292.900    -2.71687  
293.000    -2.71704  
293.100    -2.71720  
293.200    -2.71737  
293.300    -2.71753  
293.400    -2.71770  
293.500    -2.71786  
293.600    -2.71803  
293.700    -2.71819  
293.800    -2.71836  
293.900    -2.71852  
294.000    -2.71869  
294.100    -2.71885  
294.200    -2.71902  
294.300    -2.71919  
294.400    -2.71935  
294.500    -2.71952  
294.600    -2.71969  
294.700    -2.71986  
294.800    -2.72003  
294.900    -2.72020  
295.000    -2.72037  
295.100    -2.72054  
295.200    -2.72071  
295.300    -2.72089  
295.400    -2.72106  
295.500    -2.72123  
295.600    -2.72141  
295.700    -2.72158  
295.800    -2.72176  
295.900    -2.72194  
296.000    -2.72211  
296.100    -2.72229  
296.200    -2.72247  
296.300    -2.72264  
296.400    -2.72282  
296.500    -2.72300  
296.600    -2.72318  
296.700    -2.72336  
296.800    -2.72353  
296.900    -2.72371  
297.000    -2.72389  
297.100    -2.72407  
297.200    -2.72424  
297.300    -2.72442  
297.400    -2.72460  
297.500    -2.72477  
297.600    -2.72495  
297.700    -2.72513  
297.800    -2.72530  
297.900    -2.72548  
298.000    -2.72565  
298.100    -2.72582  
298.200    -2.72600  
298.300    -2.72617  
298.400    -2.72634  
298.500    -2.72651  
298.600    -2.72668  
298.700    -2.72685  
298.800    -2.72702  
298.900    -2.72718  
299.000    -2.72735  
299.100    -2.72752  
299.200    -2.72768  
299.300    -2.72784  
299.400    -2.72800  
299.500    -2.72816  
299.600    -2.72832  
299.700    -2.72848  
299.800    -2.72863  
299.900    -2.72879  
300.000    -2.72894  
300.100    -2.72909  
300.200    -2.72924  
300.300    -2.72939  
300.400    -2.72954  
300.500    -2.72968  
300.600    -2.72983  
300.700    -2.72997  
300.800    -2.73011  
300.900    -2.73025  
301.000    -2.73039  
301.100    -2.73053  
301.200    -2.73067  
301.300    -2.73081  
301.400    -2.73094  
301.500    -2.73108  
301.600    -2.73121  
301.700    -2.73134  
301.800    -2.73148  
301.900    -2.73161  
302.000    -2.73174  
302.100    -2.73187  
302.200    -2.73200  
302.300    -2.73213  
302.400    -2.73226  
302.500    -2.73238  
302.600    -2.73251  
302.700    -2.73264  
302.800    -2.73277  
302.900    -2.73289  
303.000    -2.73302  
303.100    -2.73315  
303.200    -2.73327  
303.300    -2.73340  
303.400    -2.73352  
303.500    -2.73365  
303.600    -2.73378  
303.700    -2.73390  
303.800    -2.73403  
303.900    -2.73416  
304.000    -2.73428  
304.100    -2.73441  
304.200    -2.73454  
304.300    -2.73467  
304.400    -2.73480  
304.500    -2.73492  
304.600    -2.73505  
304.700    -2.73518  
304.800    -2.73532  
304.900    -2.73545  
305.000    -2.73558  
305.100    -2.73571  
305.200    -2.73585  
305.300    -2.73598  
305.400    -2.73611  
305.500    -2.73625  
305.600    -2.73639  
305.700    -2.73652  
305.800    -2.73666  
305.900    -2.73680  
306.000    -2.73694  
306.100    -2.73707  
306.200    -2.73721  
306.300    -2.73735  
306.400    -2.73749  
306.500    -2.73763  
306.600    -2.73777  
306.700    -2.73791  
306.800    -2.73804  
306.900    -2.73818  
307.000    -2.73832  
307.100    -2.73846  
307.200    -2.73860  
307.300    -2.73874  
307.400    -2.73888  
307.500    -2.73901  
307.600    -2.73915  
307.700    -2.73929  
307.800    -2.73942  
307.900    -2.73956  
308.000    -2.73970  
308.100    -2.73983  
308.200    -2.73996  
308.300    -2.74010  
308.400    -2.74023  
308.500    -2.74036  
308.600    -2.74049  
308.700    -2.74062  
308.800    -2.74075  
308.900    -2.74088  
309.000    -2.74101  
309.100    -2.74113  
309.200    -2.74126  
309.300    -2.74138  
309.400    -2.74151  
309.500    -2.74163  
309.600    -2.74175  
309.700    -2.74187  
309.800    -2.74198  
309.900    -2.74210  
310.000    -2.74222  
310.100    -2.74233  
310.200    -2.74244  
310.300    -2.74255  
310.400    -2.74266  
310.500    -2.74277  
310.600    -2.74287  
310.700    -2.74298  
310.800    -2.74308  
310.900    -2.74318  
311.000    -2.74329  
311.100    -2.74339  
311.200    -2.74349  
311.300    -2.74359  
311.400    -2.74368  
311.500    -2.74378  
311.600    -2.74388  
311.700    -2.74397  
311.800    -2.74407  
311.900    -2.74416  
312.000    -2.74425  
312.100    -2.74434  
312.200    -2.74444  
312.300    -2.74453  
312.400    -2.74462  
312.500    -2.74471  
312.600    -2.74480  
312.700    -2.74489  
312.800    -2.74498  
312.900    -2.74507  
313.000    -2.74516  
313.100    -2.74525  
313.200    -2.74533  
313.300    -2.74542  
313.400    -2.74551  
313.500    -2.74560  
313.600    -2.74569  
313.700    -2.74578  
313.800    -2.74587  
313.900    -2.74596  
314.000    -2.74605  
314.100    -2.74614  
314.200    -2.74623  
314.300    -2.74632  
314.400    -2.74641  
314.500    -2.74650  
314.600    -2.74659  
314.700    -2.74668  
314.800    -2.74678  
314.900    -2.74687  
315.000    -2.74697  
315.100    -2.74706  
315.200    -2.74716  
315.300    -2.74725  
315.400    -2.74735  
315.500    -2.74745  
315.600    -2.74755  
315.700    -2.74764  
315.800    -2.74774  
315.900    -2.74784  
316.000    -2.74794  
316.100    -2.74804  
316.200    -2.74814  
316.300    -2.74825  
316.400    -2.74835  
316.500    -2.74845  
316.600    -2.74855  
316.700    -2.74865  
316.800    -2.74875  
316.900    -2.74885  
317.000    -2.74895  
317.100    -2.74905  
317.200    -2.74915  
317.300    -2.74925  
317.400    -2.74935  
317.500    -2.74945  
317.600    -2.74955  
317.700    -2.74965  
317.800    -2.74975  
317.900    -2.74985  
318.000    -2.74995  
318.100    -2.75004  
318.200    -2.75014  
318.300    -2.75024  
318.400    -2.75033  
318.500    -2.75043  
318.600    -2.75052  
318.700    -2.75061  
318.800    -2.75070  
318.900    -2.75079  
319.000    -2.75088  
319.100    -2.75097  
319.200    -2.75106  
319.300    -2.75115  
319.400    -2.75123  
319.500    -2.75131  
319.600    -2.75140  
319.700    -2.75148  
319.800    -2.75156  
319.900    -2.75164  
320.000    -2.75172  
320.100    -2.75179  
320.200    -2.75187  
320.300    -2.75194  
320.400    -2.75201  
320.500    -2.75208  
320.600    -2.75215  
320.700    -2.75222  
320.800    -2.75228  
320.900    -2.75235  
321.000    -2.75241  
321.100    -2.75248  
321.200    -2.75254  
321.300    -2.75260  
321.400    -2.75266  
321.500    -2.75272  
321.600    -2.75278  
321.700    -2.75284  
321.800    -2.75290  
321.900    -2.75295  
322.000    -2.75301  
322.100    -2.75307  
322.200    -2.75312  
322.300    -2.75317  
322.400    -2.75323  
322.500    -2.75328  
322.600    -2.75334  
322.700    -2.75339  
322.800    -2.75344  
322.900    -2.75349  
323.000    -2.75355  
323.100    -2.75360  
323.200    -2.75365  
323.300    -2.75370  
323.400    -2.75375  
323.500    -2.75381  
323.600    -2.75386  
323.700    -2.75391  
323.800    -2.75396  
323.900    -2.75401  
324.000    -2.75407  
324.100    -2.75412  
324.200    -2.75417  
324.300    -2.75423  
324.400    -2.75428  
324.500    -2.75434  
324.600    -2.75439  
324.700    -2.75445  
324.800    -2.75450  
324.900    -2.75456  
325.000    -2.75462  
325.100    -2.75468  
325.200    -2.75473  
325.300    -2.75479  
325.400    -2.75485  
325.500    -2.75491  
325.600    -2.75498  
325.700    -2.75504  
325.800    -2.75510  
325.900    -2.75516  
326.000    -2.75523  
326.100    -2.75529  
326.200    -2.75535  
326.300    -2.75542  
326.400    -2.75548  
326.500    -2.75554  
326.600    -2.75561  
326.700    -2.75567  
326.800    -2.75574  
326.900    -2.75580  
327.000    -2.75586  
327.100    -2.75593  
327.200    -2.75599  
327.300    -2.75605  
327.400    -2.75612  
327.500    -2.75618  
327.600    -2.75624  
327.700    -2.75631  
327.800    -2.75637  
327.900    -2.75643  
328.000    -2.75649  
328.100    -2.75655  
328.200    -2.75661  
328.300    -2.75667  
328.400    -2.75672  
328.500    -2.75678  
328.600    -2.75684  
328.700    -2.75689  
328.800    -2.75695  
328.900    -2.75700  
329.000    -2.75705  
329.100    -2.75711  
329.200    -2.75716  
329.300    -2.75721  
329.400    -2.75726  
329.500    -2.75730  
329.600    -2.75735  
329.700    -2.75739  
329.800    -2.75744  
329.900    -2.75748  
330.000    -2.75752  
330.100    -2.75756  
330.200    -2.75760  
330.300    -2.75763  
330.400    -2.75767  
330.500    -2.75770  
330.600    -2.75774  
330.700    -2.75777  
330.800    -2.75780  
330.900    -2.75783  
331.000    -2.75785  
331.100    -2.75788  
331.200    -2.75791  
331.300    -2.75793  
331.400    -2.75796  
331.500    -2.75798  
331.600    -2.75800  
331.700    -2.75803  
331.800    -2.75805  
331.900    -2.75807  
332.000    -2.75809  
332.100    -2.75811  
332.200    -2.75812  
332.300    -2.75814  
332.400    -2.75816  
332.500    -2.75818  
332.600    -2.75820  
332.700    -2.75821  
332.800    -2.75823  
332.900    -2.75825  
333.000    -2.75826  
333.100    -2.75828  
333.200    -2.75829  
333.300    -2.75831  
333.400    -2.75832  
333.500    -2.75834  
333.600    -2.75836  
333.700    -2.75837  
333.800    -2.75839  
333.900    -2.75840  
334.000    -2.75842  
334.100    -2.75844  
334.200    -2.75845  
334.300    -2.75847  
334.400    -2.75849  
334.500    -2.75851  
334.600    -2.75853  
334.700    -2.75855  
334.800    -2.75857  
334.900    -2.75859  
335.000    -2.75861  
335.100    -2.75863  
335.200    -2.75865  
335.300    -2.75868  
335.400    -2.75870  
335.500    -2.75872  
335.600    -2.75875  
335.700    -2.75877  
335.800    -2.75880  
335.900    -2.75883  
336.000    -2.75885  
336.100    -2.75888  
336.200    -2.75891  
336.300    -2.75893  
336.400    -2.75896  
336.500    -2.75899  
336.600    -2.75902  
336.700    -2.75904  
336.800    -2.75907  
336.900    -2.75910  
337.000    -2.75913  
337.100    -2.75915  
337.200    -2.75918  
337.300    -2.75921  
337.400    -2.75924  
337.500    -2.75926  
337.600    -2.75929  
337.700    -2.75931  
337.800    -2.75934  
337.900    -2.75936  
338.000    -2.75939  
338.100    -2.75941  
338.200    -2.75943  
338.300    -2.75946  
338.400    -2.75948  
338.500    -2.75950  
338.600    -2.75952  
338.700    -2.75954  
338.800    -2.75956  
338.900    -2.75958  
339.000    -2.75959  
339.100    -2.75961  
339.200    -2.75962  
339.300    -2.75964  
339.400    -2.75965  
339.500    -2.75966  
339.600    -2.75967  
339.700    -2.75968  
339.800    -2.75969  
339.900    -2.75969  
340.000    -2.75970  
340.100    -2.75970  
340.200    -2.75970  
340.300    -2.75970  
340.400    -2.75970  
340.500    -2.75970  
340.600    -2.75970  
340.700    -2.75969  
340.800    -2.75969  
340.900    -2.75968  
341.000    -2.75967  
341.100    -2.75966  
341.200    -2.75965  
341.300    -2.75964  
341.400    -2.75963  
341.500    -2.75962  
341.600    -2.75961  
341.700    -2.75959  
341.800    -2.75958  
341.900    -2.75956  
342.000    -2.75955  
342.100    -2.75953  
342.200    -2.75952  
342.300    -2.75950  
342.400    -2.75948  
342.500    -2.75946  
342.600    -2.75944  
342.700    -2.75943  
342.800    -2.75941  
342.900    -2.75939  
343.000    -2.75937  
343.100    -2.75935  
343.200    -2.75933  
343.300    -2.75931  
343.400    -2.75929  
343.500    -2.75927  
343.600    -2.75925  
343.700    -2.75923  
343.800    -2.75921  
343.900    -2.75919  
344.000    -2.75917  
344.100    -2.75915  
344.200    -2.75913  
344.300    -2.75912  
344.400    -2.75910  
344.500    -2.75908  
344.600    -2.75906  
344.700    -2.75905  
344.800    -2.75903  
344.900    -2.75902  
345.000    -2.75900  
345.100    -2.75899  
345.200    -2.75898  
345.300    -2.75896  
345.400    -2.75895  
345.500    -2.75894  
345.600    -2.75893  
345.700    -2.75892  
345.800    -2.75891  
345.900    -2.75890  
346.000    -2.75889  
346.100    -2.75888  
346.200    -2.75887  
346.300    -2.75886  
346.400    -2.75886  
346.500    -2.75885  
346.600    -2.75884  
346.700    -2.75883  
346.800    -2.75882  
346.900    -2.75882  
347.000    -2.75881  
347.100    -2.75880  
347.200    -2.75879  
347.300    -2.75878  
347.400    -2.75877  
347.500    -2.75876  
347.600    -2.75875  
347.700    -2.75874  
347.800    -2.75873  
347.900    -2.75872  
348.000    -2.75871  
348.100    -2.75870  
348.200    -2.75869  
348.300    -2.75867  
348.400    -2.75866  
348.500    -2.75864  
348.600    -2.75863  
348.700    -2.75861  
348.800    -2.75860  
348.900    -2.75858  
349.000    -2.75856  
349.100    -2.75854  
349.200    -2.75852  
349.300    -2.75850  
349.400    -2.75847  
349.500    -2.75845  
349.600    -2.75842  
349.700    -2.75840  
349.800    -2.75837  
349.900    -2.75834  
350.000    -2.75831  