0.000     0.00000  
  0.100     0.00000  
  0.200     0.00000  
  0.300     0.00001  
  0.400     0.00001  
  0.500     0.00002  
  0.600     0.00003  
  0.700     0.00004  
  0.800     0.00006  
  0.900     0.00008  
  1.000     0.00010  
  1.100     0.00012  
  1.200     0.00015  
  1.300     0.00018  
  1.400     0.00021  
  1.500     0.00024  
  1.600     0.00028  
  1.700     0.00031  
  1.800     0.00035  
  1.900     0.00039  
  2.000     0.00044  
  2.100     0.00048  
  2.200     0.00053  
  2.300     0.00058  
  2.400     0.00063  
  2.500     0.00068  
  2.600     0.00073  
  2.700     0.00079  
  2.800     0.00084  
  2.900     0.00090  
  3.000     0.00096  
  3.100     0.00102  
  3.200     0.00108  
  3.300     0.00114  
  3.400     0.00120  
  3.500     0.00126  
  3.600     0.00133  
  3.700     0.00139  
  3.800     0.00146  
  3.900     0.00152  
  4.000     0.00159  
  4.100     0.00166  
  4.200     0.00172  
  4.300     0.00179  
  4.400     0.00186  
  4.500     0.00193  
  4.600     0.00199  
  4.700     0.00206  
  4.800     0.00213  
  4.900     0.00220  
  5.000     0.00227  
  5.100     0.00234  
  5.200     0.00241  
  5.300     0.00248  
  5.400     0.00256  
  5.500     0.00263  
  5.600     0.00270  
  5.700     0.00277  
  5.800     0.00284  
  5.900     0.00291  
  6.000     0.00298  
  6.100     0.00306  
  6.200     0.00313  
  6.300     0.00320  
  6.400     0.00328  
  6.500     0.00335  
  6.600     0.00342  
  6.700     0.00349  
  6.800     0.00357  
  6.900     0.00364  
  7.000     0.00372  
  7.100     0.00379  
  7.200     0.00387  
  7.300     0.00394  
  7.400     0.00402  
  7.500     0.00409  
  7.600     0.00417  
  7.700     0.00424  
  7.800     0.00432  
  7.900     0.00440  
  8.000     0.00447  
  8.100     0.00455  
  8.200     0.00463  
  8.300     0.00471  
  8.400     0.00479  
  8.500     0.00487  
  8.600     0.00495  
  8.700     0.00503  
  8.800     0.00511  
  8.900     0.00520  
  9.000     0.00528  
  9.100     0.00536  
  9.200     0.00545  
  9.300     0.00553  
  9.400     0.00562  
  9.500     0.00571  
  9.600     0.00579  
  9.700     0.00588  
  9.800     0.00597  
  9.900     0.00606  
 10.000     0.00615  
 10.100     0.00625  
 10.200     0.00634  
 10.300     0.00644  
 10.400     0.00653  
 10.500     0.00663  
 10.600     0.00673  
 10.700     0.00683  
 10.800     0.00693  
 10.900     0.00703  
 11.000     0.00713  
 11.100     0.00724  
 11.200     0.00734  
 11.300     0.00745  
 11.400     0.00756  
 11.500     0.00767  
 11.600     0.00778  
 11.700     0.00789  
 11.800     0.00801  
 11.900     0.00813  
 12.000     0.00824  
 12.100     0.00836  
 12.200     0.00849  
 12.300     0.00861  
 12.400     0.00873  
 12.500     0.00886  
 12.600     0.00899  
 12.700     0.00912  
 12.800     0.00925  
 12.900     0.00939  
 13.000     0.00952  
 13.100     0.00966  
 13.200     0.00980  
 13.300     0.00994  
 13.400     0.01009  
 13.500     0.01023  
 13.600     0.01038  
 13.700     0.01053  
 13.800     0.01069  
 13.900     0.01084  
 14.000     0.01100  
 14.100     0.01116  
 14.200     0.01132  
 14.300     0.01149  
 14.400     0.01165  
 14.500     0.01182  
 14.600     0.01199  
 14.700     0.01217  
 14.800     0.01234  
 14.900     0.01252  
 15.000     0.01270  
 15.100     0.01289  
 15.200     0.01308  
 15.300     0.01327  
 15.400     0.01346  
 15.500     0.01365  
 15.600     0.01385  
 15.700     0.01405  
 15.800     0.01425  
 15.900     0.01446  
 16.000     0.01467  
 16.100     0.01488  
 16.200     0.01510  
 16.300     0.01531  
 16.400     0.01553  
 16.500     0.01576  
 16.600     0.01598  
 16.700     0.01621  
 16.800     0.01644  
 16.900     0.01668  
 17.000     0.01692  
 17.100     0.01716  
 17.200     0.01741  
 17.300     0.01765  
 17.400     0.01790  
 17.500     0.01816  
 17.600     0.01842  
 17.700     0.01868  
 17.800     0.01894  
 17.900     0.01921  
 18.000     0.01948  
 18.100     0.01975  
 18.200     0.02003  
 18.300     0.02031  
 18.400     0.02060  
 18.500     0.02088  
 18.600     0.02117  
 18.700     0.02147  
 18.800     0.02177  
 18.900     0.02207  
 19.000     0.02237  
 19.100     0.02268  
 19.200     0.02299  
 19.300     0.02331  
 19.400     0.02363  
 19.500     0.02395  
 19.600     0.02428  
 19.700     0.02461  
 19.800     0.02494  
 19.900     0.02528  
 20.000     0.02562  
 20.100     0.02596  
 20.200     0.02631  
 20.300     0.02666  
 20.400     0.02702  
 20.500     0.02738  
 20.600     0.02774  
 20.700     0.02811  
 20.800     0.02848  
 20.900     0.02886  
 21.000     0.02924  
 21.100     0.02962  
 21.200     0.03001  
 21.300     0.03040  
 21.400     0.03079  
 21.500     0.03119  
 21.600     0.03159  
 21.700     0.03200  
 21.800     0.03241  
 21.900     0.03282  
 22.000     0.03324  
 22.100     0.03367  
 22.200     0.03409  
 22.300     0.03452  
 22.400     0.03496  
 22.500     0.03540  
 22.600     0.03584  
 22.700     0.03629  
 22.800     0.03674  
 22.900     0.03719  
 23.000     0.03765  
 23.100     0.03812  
 23.200     0.03858  
 23.300     0.03905  
 23.400     0.03953  
 23.500     0.04001  
 23.600     0.04049  
 23.700     0.04098  
 23.800     0.04148  
 23.900     0.04197  
 24.000     0.04247  
 24.100     0.04298  
 24.200     0.04349  
 24.300     0.04400  
 24.400     0.04452  
 24.500     0.04504  
 24.600     0.04557  
 24.700     0.04610  
 24.800     0.04664  
 24.900     0.04718  
 25.000     0.04772  
 25.100     0.04827  
 25.200     0.04882  
 25.300     0.04938  
 25.400     0.04994  
 25.500     0.05051  
 25.600     0.05108  
 25.700     0.05165  
 25.800     0.05223  
 25.900     0.05281  
 26.000     0.05340  
 26.100     0.05399  
 26.200     0.05459  
 26.300     0.05519  
 26.400     0.05580  
 26.500     0.05641  
 26.600     0.05702  
 26.700     0.05764  
 26.800     0.05826  
 26.900     0.05889  
 27.000     0.05952  
 27.100     0.06016  
 27.200     0.06080  
 27.300     0.06145  
 27.400     0.06210  
 27.500     0.06275  
 27.600     0.06341  
 27.700     0.06407  
 27.800     0.06474  
 27.900     0.06541  
 28.000     0.06609  
 28.100     0.06677  
 28.200     0.06746  
 28.300     0.06815  
 28.400     0.06885  
 28.500     0.06955  
 28.600     0.07025  
 28.700     0.07096  
 28.800     0.07167  
 28.900     0.07239  
 29.000     0.07311  
 29.100     0.07384  
 29.200     0.07457  
 29.300     0.07531  
 29.400     0.07605  
 29.500     0.07679  
 29.600     0.07754  
 29.700     0.07830  
 29.800     0.07906  
 29.900     0.07982  
 30.000     0.08059  
 30.100     0.08136  
 30.200     0.08214  
 30.300     0.08292  
 30.400     0.08371  
 30.500     0.08450  
 30.600     0.08529  
 30.700     0.08609  
 30.800     0.08690  
 30.900     0.08771  
 31.000     0.08852  
 31.100     0.08934  
 31.200     0.09016  
 31.300     0.09099  
 31.400     0.09182  
 31.500     0.09266  
 31.600     0.09350  
 31.700     0.09435  
 31.800     0.09520  
 31.900     0.09605  
 32.000     0.09691  
 32.100     0.09778  
 32.200     0.09865  
 32.300     0.09952  
 32.400     0.10040  
 32.500     0.10128  
 32.600     0.10217  
 32.700     0.10306  
 32.800     0.10396  
 32.900     0.10486  
 33.000     0.10576  
 33.100     0.10667  
 33.200     0.10759  
 33.300     0.10851  
 33.400     0.10943  
 33.500     0.11036  
 33.600     0.11129  
 33.700     0.11223  
 33.800     0.11317  
 33.900     0.11412  
 34.000     0.11507  
 34.100     0.11603  
 34.200     0.11699  
 34.300     0.11795  
 34.400     0.11892  
 34.500     0.11990  
 34.600     0.12088  
 34.700     0.12186  
 34.800     0.12285  
 34.900     0.12384  
 35.000     0.12484  
 35.100     0.12584  
 35.200     0.12685  
 35.300     0.12786  
 35.400     0.12887  
 35.500     0.12989  
 35.600     0.13092  
 35.700     0.13194  
 35.800     0.13298  
 35.900     0.13402  
 36.000     0.13506  
 36.100     0.13611  
 36.200     0.13716  
 36.300     0.13821  
 36.400     0.13927  
 36.500     0.14034  
 36.600     0.14141  
 36.700     0.14248  
 36.800     0.14356  
 36.900     0.14465  
 37.000     0.14573  
 37.100     0.14683  
 37.200     0.14792  
 37.300     0.14902  
 37.400     0.15013  
 37.500     0.15124  
 37.600     0.15235  
 37.700     0.15347  
 37.800     0.15460  
 37.900     0.15573  
 38.000     0.15686  
 38.100     0.15799  
 38.200     0.15914  
 38.300     0.16028  
 38.400     0.16143  
 38.500     0.16259  
 38.600     0.16375  
 38.700     0.16491  
 38.800     0.16608  
 38.900     0.16725  
 39.000     0.16843  
 39.100     0.16961  
 39.200     0.17080  
 39.300     0.17199  
 39.400     0.17318  
 39.500     0.17438  
 39.600     0.17558  
 39.700     0.17679  
 39.800     0.17800  
 39.900     0.17922  
 40.000     0.18044  
 40.100     0.18167  
 40.200     0.18289  
 40.300     0.18413  
 40.400     0.18537  
 40.500     0.18661  
 40.600     0.18786  
 40.700     0.18911  
 40.800     0.19036  
 40.900     0.19162  
 41.000     0.19289  
 41.100     0.19416  
 41.200     0.19543  
 41.300     0.19671  
 41.400     0.19799  
 41.500     0.19928  
 41.600     0.20057  
 41.700     0.20186  
 41.800     0.20316  
 41.900     0.20446  
 42.000     0.20577  
 42.100     0.20708  
 42.200     0.20840  
 42.300     0.20972  
 42.400     0.21104  
 42.500     0.21237  
 42.600     0.21370  
 42.700     0.21504  
 42.800     0.21638  
 42.900     0.21773  
 43.000     0.21908  
 43.100     0.22043  
 43.200     0.22179  
 43.300     0.22315  
 43.400     0.22452  
 43.500     0.22589  
 43.600     0.22727  
 43.700     0.22864  
 43.800     0.23003  
 43.900     0.23142  
 44.000     0.23281  
 44.100     0.23420  
 44.200     0.23560  
 44.300     0.23701  
 44.400     0.23842  
 44.500     0.23983  
 44.600     0.24124  
 44.700     0.24266  
 44.800     0.24409  
 44.900     0.24552  
 45.000     0.24695  
 45.100     0.24839  
 45.200     0.24983  
 45.300     0.25127  
 45.400     0.25272  
 45.500     0.25418  
 45.600     0.25563  
 45.700     0.25710  
 45.800     0.25856  
 45.900     0.26003  
 46.000     0.26151  
 46.100     0.26298  
 46.200     0.26446  
 46.300     0.26595  
 46.400     0.26744  
 46.500     0.26893  
 46.600     0.27043  
 46.700     0.27193  
 46.800     0.27344  
 46.900     0.27495  
 47.000     0.27646  
 47.100     0.27798  
 47.200     0.27950  
 47.300     0.28103  
 47.400     0.28255  
 47.500     0.28409  
 47.600     0.28563  
 47.700     0.28717  
 47.800     0.28871  
 47.900     0.29026  
 48.000     0.29181  
 48.100     0.29337  
 48.200     0.29493  
 48.300     0.29650  
 48.400     0.29806  
 48.500     0.29964  
 48.600     0.30121  
 48.700     0.30279  
 48.800     0.30438  
 48.900     0.30596  
 49.000     0.30756  
 49.100     0.30915  
 49.200     0.31075  
 49.300     0.31235  
 49.400     0.31396  
 49.500     0.31557  
 49.600     0.31719  
 49.700     0.31880  
 49.800     0.32042  
 49.900     0.32205  
 50.000     0.32368  
 50.100     0.32531  
 50.200     0.32695  
 50.300     0.32859  
 50.400     0.33023  
 50.500     0.33188  
 50.600     0.33353  
 50.700     0.33519  
 50.800     0.33685  
 50.900     0.33851  
 51.000     0.34018  
 51.100     0.34185  
 51.200     0.34352  
 51.300     0.34520  
 51.400     0.34688  
 51.500     0.34857  
 51.600     0.35026  
 51.700     0.35195  
 51.800     0.35364  
 51.900     0.35534  
 52.000     0.35705  
 52.100     0.35875  
 52.200     0.36046  
 52.300     0.36218  
 52.400     0.36390  
 52.500     0.36562  
 52.600     0.36734  
 52.700     0.36907  
 52.800     0.37080  
 52.900     0.37254  
 53.000     0.37428  
 53.100     0.37602  
 53.200     0.37776  
 53.300     0.37951  
 53.400     0.38127  
 53.500     0.38302  
 53.600     0.38478  
 53.700     0.38655  
 53.800     0.38831  
 53.900     0.39008  
 54.000     0.39186  
 54.100     0.39364  
 54.200     0.39542  
 54.300     0.39720  
 54.400     0.39899  
 54.500     0.40078  
 54.600     0.40257  
 54.700     0.40437  
 54.800     0.40617  
 54.900     0.40798  
 55.000     0.40979  
 55.100     0.41160  
 55.200     0.41341  
 55.300     0.41523  
 55.400     0.41705  
 55.500     0.41888  
 55.600     0.42071  
 55.700     0.42254  
 55.800     0.42437  
 55.900     0.42621  
 56.000     0.42805  
 56.100     0.42990  
 56.200     0.43175  
 56.300     0.43360  
 56.400     0.43545  
 56.500     0.43731  
 56.600     0.43917  
 56.700     0.44104  
 56.800     0.44291  
 56.900     0.44478  
 57.000     0.44665  
 57.100     0.44853  
 57.200     0.45041  
 57.300     0.45230  
 57.400     0.45418  
 57.500     0.45607  
 57.600     0.45797  
 57.700     0.45986  
 57.800     0.46177  
 57.900     0.46367  
 58.000     0.46558  
 58.100     0.46748  
 58.200     0.46940  
 58.300     0.47131  
 58.400     0.47323  
 58.500     0.47515  
 58.600     0.47708  
 58.700     0.47901  
 58.800     0.48094  
 58.900     0.48288  
 59.000     0.48481  
 59.100     0.48675  
 59.200     0.48870  
 59.300     0.49065  
 59.400     0.49260  
 59.500     0.49455  
 59.600     0.49650  
 59.700     0.49846  
 59.800     0.50043  
 59.900     0.50239  
 60.000     0.50436  
 60.100     0.50633  
 60.200     0.50831  
 60.300     0.51028  
 60.400     0.51226  
 60.500     0.51425  
 60.600     0.51623  
 60.700     0.51822  
 60.800     0.52021  
 60.900     0.52221  
 61.000     0.52421  
 61.100     0.52621  
 61.200     0.52821  
 61.300     0.53022  
 61.400     0.53223  
 61.500     0.53424  
 61.600     0.53626  
 61.700     0.53828  
 61.800     0.54030  
 61.900     0.54232  
 62.000     0.54435  
 62.100     0.54638  
 62.200     0.54841  
 62.300     0.55045  
 62.400     0.55249  
 62.500     0.55453  
 62.600     0.55657  
 62.700     0.55862  
 62.800     0.56067  
 62.900     0.56272  
 63.000     0.56478  
 63.100     0.56684  
 63.200     0.56890  
 63.300     0.57096  
 63.400     0.57303  
 63.500     0.57510  
 63.600     0.57717  
 63.700     0.57924  
 63.800     0.58132  
 63.900     0.58340  
 64.000     0.58548  
 64.100     0.58757  
 64.200     0.58966  
 64.300     0.59175  
 64.400     0.59384  
 64.500     0.59594  
 64.600     0.59804  
 64.700     0.60014  
 64.800     0.60224  
 64.900     0.60435  
 65.000     0.60646  
 65.100     0.60857  
 65.200     0.61069  
 65.300     0.61280  
 65.400     0.61492  
 65.500     0.61705  
 65.600     0.61917  
 65.700     0.62130  
 65.800     0.62343  
 65.900     0.62556  
 66.000     0.62770  
 66.100     0.62984  
 66.200     0.63198  
 66.300     0.63412  
 66.400     0.63627  
 66.500     0.63841  
 66.600     0.64057  
 66.700     0.64272  
 66.800     0.64487  
 66.900     0.64703  
 67.000     0.64919  
 67.100     0.65136  
 67.200     0.65352  
 67.300     0.65569  
 67.400     0.65786  
 67.500     0.66003  
 67.600     0.66221  
 67.700     0.66439  
 67.800     0.66657  
 67.900     0.66875  
 68.000     0.67094  
 68.100     0.67312  
 68.200     0.67532  
 68.300     0.67751  
 68.400     0.67970  
 68.500     0.68190  
 68.600     0.68410  
 68.700     0.68630  
 68.800     0.68851  
 68.900     0.69071  
 69.000     0.69292  
 69.100     0.69513  
 69.200     0.69735  
 69.300     0.69956  
 69.400     0.70178  
 69.500     0.70400  
 69.600     0.70623  
 69.700     0.70845  
 69.800     0.71068  
 69.900     0.71291  
 70.000     0.71514  
 70.100     0.71738  
 70.200     0.71961  
 70.300     0.72185  
 70.400     0.72409  
 70.500     0.72634  
 70.600     0.72858  
 70.700     0.73083  
 70.800     0.73308  
 70.900     0.73533  
 71.000     0.73759  
 71.100     0.73984  
 71.200     0.74210  
 71.300     0.74436  
 71.400     0.74663  
 71.500     0.74889  
 71.600     0.75116  
 71.700     0.75343  
 71.800     0.75570  
 71.900     0.75798  
 72.000     0.76025  
 72.100     0.76253  
 72.200     0.76481  
 72.300     0.76709  
 72.400     0.76938  
 72.500     0.77166  
 72.600     0.77395  
 72.700     0.77624  
 72.800     0.77854  
 72.900     0.78083  
 73.000     0.78313  
 73.100     0.78543  
 73.200     0.78773  
 73.300     0.79003  
 73.400     0.79234  
 73.500     0.79465  
 73.600     0.79695  
 73.700     0.79927  
 73.800     0.80158  
 73.900     0.80389  
 74.000     0.80621  
 74.100     0.80853  
 74.200     0.81085  
 74.300     0.81318  
 74.400     0.81550  
 74.500     0.81783  
 74.600     0.82016  
 74.700     0.82249  
 74.800     0.82482  
 74.900     0.82716  
 75.000     0.82949  
 75.100     0.83183  
 75.200     0.83417  
 75.300     0.83651  
 75.400     0.83886  
 75.500     0.84120  
 75.600     0.84355  
 75.700     0.84590  
 75.800     0.84825  
 75.900     0.85061  
 76.000     0.85296  
 76.100     0.85532  
 76.200     0.85768  
 76.300     0.86004  
 76.400     0.86240  
 76.500     0.86477  
 76.600     0.86714  
 76.700     0.86950  
 76.800     0.87187  
 76.900     0.87425  
 77.000     0.87662  
 77.100     0.87900  
 77.200     0.88137  
 77.300     0.88375  
 77.400     0.88613  
 77.500     0.88852  
 77.600     0.89090  
 77.700     0.89329  
 77.800     0.89567  
 77.900     0.89806  
 78.000     0.90045  
 78.100     0.90285  
 78.200     0.90524  
 78.300     0.90764  
 78.400     0.91004  
 78.500     0.91244  
 78.600     0.91484  
 78.700     0.91724  
 78.800     0.91964  
 78.900     0.92205  
 79.000     0.92446  
 79.100     0.92687  
 79.200     0.92928  
 79.300     0.93169  
 79.400     0.93411  
 79.500     0.93652  
 79.600     0.93894  
 79.700     0.94136  
 79.800     0.94378  
 79.900     0.94620  
 80.000     0.94863  
 80.100     0.95105  
 80.200     0.95348  
 80.300     0.95591  
 80.400     0.95834  
 80.500     0.96077  
 80.600     0.96320  
 80.700     0.96564  
 80.800     0.96808  
 80.900     0.97051  
 81.000     0.97295  
 81.100     0.97539  
 81.200     0.97784  
 81.300     0.98028  
 81.400     0.98273  
 81.500     0.98517  
 81.600     0.98762  
 81.700     0.99007  
 81.800     0.99252  
 81.900     0.99498  
 82.000     0.99743  
 82.100     0.99989  
 82.200     1.00234  
 82.300     1.00480  
 82.400     1.00726  
 82.500     1.00972  
 82.600     1.01219  
 82.700     1.01465  
 82.800     1.01712  
 82.900     1.01958  
 83.000     1.02205  
 83.100     1.02452  
 83.200     1.02699  
 83.300     1.02947  
 83.400     1.03194  
 83.500     1.03442  
 83.600     1.03689  
 83.700     1.03937  
 83.800     1.04185  
 83.900     1.04433  
 84.000     1.04681  
 84.100     1.04930  
 84.200     1.05178  
 84.300     1.05427  
 84.400     1.05675  
 84.500     1.05924  
 84.600     1.06173  
 84.700     1.06422  
 84.800     1.06672  
 84.900     1.06921  
 85.000     1.07170  
 85.100     1.07420  
 85.200     1.07670  
 85.300     1.07920  
 85.400     1.08170  
 85.500     1.08420  
 85.600     1.08670  
 85.700     1.08920  
 85.800     1.09171  
 85.900     1.09422  
 86.000     1.09672  
 86.100     1.09923  
 86.200     1.10174  
 86.300     1.10425  
 86.400     1.10676  
 86.500     1.10928  
 86.600     1.11179  
 86.700     1.11431  
 86.800     1.11682  
 86.900     1.11934  
 87.000     1.12186  
 87.100     1.12438  
 87.200     1.12690  
 87.300     1.12942  
 87.400     1.13195  
 87.500     1.13447  
 87.600     1.13700  
 87.700     1.13953  
 87.800     1.14205  
 87.900     1.14458  
 88.000     1.14711  
 88.100     1.14964  
 88.200     1.15218  
 88.300     1.15471  
 88.400     1.15724  
 88.500     1.15978  
 88.600     1.16232  
 88.700     1.16485  
 88.800     1.16739  
 88.900     1.16993  
 89.000     1.17247  
 89.100     1.17501  
 89.200     1.17756  
 89.300     1.18010  
 89.400     1.18264  
 89.500     1.18519  
 89.600     1.18774  
 89.700     1.19028  
 89.800     1.19283  
 89.900     1.19538  
 90.000     1.19793  
 90.100     1.20048  
 90.200     1.20304  
 90.300     1.20559  
 90.400     1.20814  
 90.500     1.21070  
 90.600     1.21326  
 90.700     1.21581  
 90.800     1.21837  
 90.900     1.22093  
 91.000     1.22349  
 91.100     1.22605  
 91.200     1.22861  
 91.300     1.23118  
 91.400     1.23374  
 91.500     1.23630  
 91.600     1.23887  
 91.700     1.24143  
 91.800     1.24400  
 91.900     1.24657  
 92.000     1.24914  
 92.100     1.25171  
 92.200     1.25428  
 92.300     1.25685  
 92.400     1.25942  
 92.500     1.26199  
 92.600     1.26457  
 92.700     1.26714  
 92.800     1.26972  
 92.900     1.27229  
 93.000     1.27487  
 93.100     1.27745  
 93.200     1.28003  
 93.300     1.28261  
 93.400     1.28519  
 93.500     1.28777  
 93.600     1.29035  
 93.700     1.29293  
 93.800     1.29551  
 93.900     1.29810  
 94.000     1.30068  
 94.100     1.30327  
 94.200     1.30585  
 94.300     1.30844  
 94.400     1.31103  
 94.500     1.31361  
 94.600     1.31620  
 94.700     1.31879  
 94.800     1.32138  
 94.900     1.32397  
 95.000     1.32657  
 95.100     1.32916  
 95.200     1.33175  
 95.300     1.33435  
 95.400     1.33694  
 95.500     1.33953  
 95.600     1.34213  
 95.700     1.34473  
 95.800     1.34732  
 95.900     1.34992  
 96.000     1.35252  
 96.100     1.35512  
 96.200     1.35772  
 96.300     1.36032  
 96.400     1.36292  
 96.500     1.36552  
 96.600     1.36812  
 96.700     1.37072  
 96.800     1.37333  
 96.900     1.37593  
 97.000     1.37854  
 97.100     1.38114  
 97.200     1.38375  
 97.300     1.38635  
 97.400     1.38896  
 97.500     1.39157  
 97.600     1.39417  
 97.700     1.39678  
 97.800     1.39939  
 97.900     1.40200  
 98.000     1.40461  
 98.100     1.40722  
 98.200     1.40983  
 98.300     1.41244  
 98.400     1.41506  
 98.500     1.41767  
 98.600     1.42028  
 98.700     1.42289  
 98.800     1.42551  
 98.900     1.42812  
 99.000     1.43074  
 99.100     1.43335  
 99.200     1.43597  
 99.300     1.43859  
 99.400     1.44120  
 99.500     1.44382  
 99.600     1.44644  
 99.700     1.44906  
 99.800     1.45167  
 99.900     1.45429  
100.000     1.45691  
100.100     1.45953  
100.200     1.46215  
100.300     1.46477  
100.400     1.46739  
100.500     1.47002  
100.600     1.47264  
100.700     1.47526  
100.800     1.47788  
100.900     1.48051  
101.000     1.48313  
101.100     1.48575  
101.200     1.48838  
101.300     1.49100  
101.400     1.49363  
101.500     1.49625  
101.600     1.49888  
101.700     1.50150  
101.800     1.50413  
101.900     1.50676  
102.000     1.50938  
102.100     1.51201  
102.200     1.51464  
102.300     1.51727  
102.400     1.51990  
102.500     1.52252  
102.600     1.52515  
102.700     1.52778  
102.800     1.53041  
102.900     1.53304  
103.000     1.53567  
103.100     1.53830  
103.200     1.54093  
103.300     1.54356  
103.400     1.54619  
103.500     1.54883  
103.600     1.55146  
103.700     1.55409  
103.800     1.55672  
103.900     1.55935  
104.000     1.56199  
104.100     1.56462  
104.200     1.56725  
104.300     1.56989  
104.400     1.57252  
104.500     1.57515  
104.600     1.57779  
104.700     1.58042  
104.800     1.58306  
104.900     1.58569  
105.000     1.58833  
105.100     1.59096  
105.200     1.59360  
105.300     1.59623  
105.400     1.59887  
105.500     1.60150  
105.600     1.60414  
105.700     1.60677  
105.800     1.60941  
105.900     1.61205  
106.000     1.61468  
106.100     1.61732  
106.200     1.61996  
106.300     1.62259  
106.400     1.62523  
106.500     1.62787  
106.600     1.63050  
106.700     1.63314  
106.800     1.63578  
106.900     1.63842  
107.000     1.64105  
107.100     1.64369  
107.200     1.64633  
107.300     1.64897  
107.400     1.65161  
107.500     1.65424  
107.600     1.65688  
107.700     1.65952  
107.800     1.66216  
107.900     1.66480  
108.000     1.66744  
108.100     1.67007  
108.200     1.67271  
108.300     1.67535  
108.400     1.67799  
108.500     1.68063  
108.600     1.68327  
108.700     1.68591  
108.800     1.68854  
108.900     1.69118  
109.000     1.69382  
109.100     1.69646  
109.200     1.69910  
109.300     1.70174  
109.400     1.70438  
109.500     1.70702  
109.600     1.70966  
109.700     1.71229  
109.800     1.71493  
109.900     1.71757  
110.000     1.72021  
110.100     1.72285  
110.200     1.72549  
110.300     1.72813  
110.400     1.73076  
110.500     1.73340  
110.600     1.73604  
110.700     1.73868  
110.800     1.74132  
110.900     1.74396  
111.000     1.74660  
111.100     1.74923  
111.200     1.75187  
111.300     1.75451  
111.400     1.75715  
111.500     1.75979  
111.600     1.76242  
111.700     1.76506  
111.800     1.76770  
111.900     1.77034  
112.000     1.77297  
112.100     1.77561  
112.200     1.77825  
112.300     1.78088  
112.400     1.78352  
112.500     1.78616  
112.600     1.78879  
112.700     1.79143  
112.800     1.79407  
112.900     1.79670  
113.000     1.79934  
113.100     1.80197  
113.200     1.80461  
113.300     1.80725  
113.400     1.80988  
113.500     1.81252  
113.600     1.81515  
113.700     1.81779  
113.800     1.82042  
113.900     1.82306  
114.000     1.82569  
114.100     1.82832  
114.200     1.83096  
114.300     1.83359  
114.400     1.83623  
114.500     1.83886  
114.600     1.84149  
114.700     1.84412  
114.800     1.84676  
114.900     1.84939  
115.000     1.85202  
115.100     1.85465  
115.200     1.85729  
115.300     1.85992  
115.400     1.86255  
115.500     1.86518  
115.600     1.86781  
115.700     1.87044  
115.800     1.87307  
115.900     1.87570  
116.000     1.87833  
116.100     1.88096  
116.200     1.88359  
116.300     1.88622  
116.400     1.88885  
116.500     1.89148  
116.600     1.89410  
116.700     1.89673  
116.800     1.89936  
116.900     1.90199  
117.000     1.90461  
117.100     1.90724  
117.200     1.90987  
117.300     1.91249  
117.400     1.91512  
117.500     1.91774  
117.600     1.92037  
117.700     1.92299  
117.800     1.92562  
117.900     1.92824  
118.000     1.93086  
118.100     1.93349  
118.200     1.93611  
118.300     1.93873  
118.400     1.94136  
118.500     1.94398  
118.600     1.94660  
118.700     1.94922  
118.800     1.95184  
118.900     1.95446  
119.000     1.95708  
119.100     1.95970  
119.200     1.96232  
119.300     1.96494  
119.400     1.96756  
119.500     1.97018  
119.600     1.97279  
119.700     1.97541  
119.800     1.97803  
119.900     1.98064  
120.000     1.98326  
120.100     1.98588  
120.200     1.98849  
120.300     1.99111  
120.400     1.99372  
120.500     1.99634  
120.600     1.99895  
120.700     2.00156  
120.800     2.00417  
120.900     2.00679  
121.000     2.00940  
121.100     2.01201  
121.200     2.01462  
121.300     2.01723  
121.400     2.01984  
121.500     2.02245  
121.600     2.02506  
121.700     2.02767  
121.800     2.03028  
121.900     2.03288  
122.000     2.03549  
122.100     2.03810  
122.200     2.04071  
122.300     2.04331  
122.400     2.04592  
122.500     2.04852  
122.600     2.05113  
122.700     2.05373  
122.800     2.05633  
122.900     2.05894  
123.000     2.06154  
123.100     2.06414  
123.200     2.06674  
123.300     2.06934  
123.400     2.07194  
123.500     2.07454  
123.600     2.07714  
123.700     2.07974  
123.800     2.08234  
123.900     2.08493  
124.000     2.08753  
124.100     2.09013  
124.200     2.09272  
124.300     2.09532  
124.400     2.09791  
124.500     2.10051  
124.600     2.10310  
124.700     2.10570  
124.800     2.10829  
124.900     2.11088  
125.000     2.11347  
125.100     2.11606  
125.200     2.11865  
125.300     2.12124  
125.400     2.12383  
125.500     2.12642  
125.600     2.12901  
125.700     2.13159  
125.800     2.13418  
125.900     2.13677  
126.000     2.13935  
126.100     2.14194  
126.200     2.14452  
126.300     2.14711  
126.400     2.14969  
126.500     2.15227  
126.600     2.15485  
126.700     2.15743  
126.800     2.16001  
126.900     2.16259  
127.000     2.16517  
127.100     2.16775  
127.200     2.17033  
127.300     2.17291  
127.400     2.17548  
127.500     2.17806  
127.600     2.18064  
127.700     2.18321  
127.800     2.18578  
127.900     2.18836  
128.000     2.19093  
128.100     2.19350  
128.200     2.19607  
128.300     2.19865  
128.400     2.20122  
128.500     2.20378  
128.600     2.20635  
128.700     2.20892  
128.800     2.21149  
128.900     2.21406  
129.000     2.21662  
129.100     2.21919  
129.200     2.22175  
129.300     2.22431  
129.400     2.22688  
129.500     2.22944  
129.600     2.23200  
129.700     2.23456  
129.800     2.23712  
129.900     2.23968  
130.000     2.24224  
130.100     2.24480  
130.200     2.24736  
130.300     2.24991  
130.400     2.25247  
130.500     2.25502  
130.600     2.25758  
130.700     2.26013  
130.800     2.26268  
130.900     2.26524  
131.000     2.26779  
131.100     2.27034  
131.200     2.27289  
131.300     2.27544  
131.400     2.27799  
131.500     2.28053  
131.600     2.28308  
131.700     2.28563  
131.800     2.28817  
131.900     2.29072  
132.000     2.29326  
132.100     2.29580  
132.200     2.29835  
132.300     2.30089  
132.400     2.30343  
132.500     2.30597  
132.600     2.30851  
132.700     2.31104  
132.800     2.31358  
132.900     2.31612  
133.000     2.31865  
133.100     2.32119  
133.200     2.32372  
133.300     2.32626  
133.400     2.32879  
133.500     2.33132  
133.600     2.33385  
133.700     2.33638  
133.800     2.33891  
133.900     2.34144  
134.000     2.34397  
134.100     2.34649  
134.200     2.34902  
134.300     2.35154  
134.400     2.35407  
134.500     2.35659  
134.600     2.35911  
134.700     2.36164  
134.800     2.36416  
134.900     2.36668  
135.000     2.36920  
135.100     2.37171  
135.200     2.37423  
135.300     2.37675  
135.400     2.37926  
135.500     2.38178  
135.600     2.38429  
135.700     2.38681  
135.800     2.38932  
135.900     2.39183  
136.000     2.39434  
136.100     2.39685  
136.200     2.39936  
136.300     2.40186  
136.400     2.40437  
136.500     2.40688  
136.600     2.40938  
136.700     2.41189  
136.800     2.41439  
136.900     2.41689  
137.000     2.41939  
137.100     2.42189  
137.200     2.42439  
137.300     2.42689  
137.400     2.42939  
137.500     2.43189  
137.600     2.43438  
137.700     2.43688  
137.800     2.43937  
137.900     2.44186  
138.000     2.44436  
138.100     2.44685  
138.200     2.44934  
138.300     2.45183  
138.400     2.45432  
138.500     2.45680  
138.600     2.45929  
138.700     2.46178  
138.800     2.46426  
138.900     2.46674  
139.000     2.46923  
139.100     2.47171  
139.200     2.47419  
139.300     2.47667  
139.400     2.47915  
139.500     2.48163  
139.600     2.48410  
139.700     2.48658  
139.800     2.48905  
139.900     2.49153  
140.000     2.49400  
140.100     2.49647  
140.200     2.49894  
140.300     2.50141  
140.400     2.50388  
140.500     2.50635  
140.600     2.50882  
140.700     2.51128  
140.800     2.51375  
140.900     2.51621  
141.000     2.51868  
141.100     2.52114  
141.200     2.52360  
141.300     2.52606  
141.400     2.52852  
141.500     2.53098  
141.600     2.53343  
141.700     2.53589  
141.800     2.53835  
141.900     2.54080  
142.000     2.54325  
142.100     2.54570  
142.200     2.54815  
142.300     2.55060  
142.400     2.55305  
142.500     2.55550  
142.600     2.55795  
142.700     2.56039  
142.800     2.56284  
142.900     2.56528  
143.000     2.56773  
143.100     2.57017  
143.200     2.57261  
143.300     2.57505  
143.400     2.57749  
143.500     2.57992  
143.600     2.58236  
143.700     2.58479  
143.800     2.58723  
143.900     2.58966  
144.000     2.59209  
144.100     2.59453  
144.200     2.59695  
144.300     2.59938  
144.400     2.60181  
144.500     2.60424  
144.600     2.60666  
144.700     2.60909  
144.800     2.61151  
144.900     2.61393  
145.000     2.61636  
145.100     2.61878  
145.200     2.62120  
145.300     2.62361  
145.400     2.62603  
145.500     2.62845  
145.600     2.63086  
145.700     2.63327  
145.800     2.63569  
145.900     2.63810  
146.000     2.64051  
146.100     2.64292  
146.200     2.64533  
146.300     2.64773  
146.400     2.65014  
146.500     2.65254  
146.600     2.65495  
146.700     2.65735  
146.800     2.65975  
146.900     2.66215  
147.000     2.66455  
147.100     2.66695  
147.200     2.66935  
147.300     2.67174  
147.400     2.67414  
147.500     2.67653  
147.600     2.67892  
147.700     2.68131  
147.800     2.68371  
147.900     2.68609  
148.000     2.68848  
148.100     2.69087  
148.200     2.69325  
148.300     2.69564  
148.400     2.69802  
148.500     2.70040  
148.600     2.70279  
148.700     2.70516  
148.800     2.70754  
148.900     2.70992  
149.000     2.71230  
149.100     2.71467  
149.200     2.71705  
149.300     2.71942  
149.400     2.72179  
149.500     2.72416  
149.600     2.72653  
149.700     2.72890  
149.800     2.73127  
149.900     2.73363  
150.000     2.73600  
150.100     2.73836  
150.200     2.74072  
150.300     2.74308  
150.400     2.74544  
150.500     2.74780  
150.600     2.75016  
150.700     2.75252  
150.800     2.75487  
150.900     2.75722  
151.000     2.75958  
151.100     2.76193  
151.200     2.76428  
151.300     2.76663  
151.400     2.76898  
151.500     2.77132  
151.600     2.77367  
151.700     2.77601  
151.800     2.77836  
151.900     2.78070  
152.000     2.78304  
152.100     2.78538  
152.200     2.78772  
152.300     2.79005  
152.400     2.79239  
152.500     2.79472  
152.600     2.79706  
152.700     2.79939  
152.800     2.80172  
152.900     2.80405  
153.000     2.80638  
153.100     2.80870  
153.200     2.81103  
153.300     2.81336  
153.400     2.81568  
153.500     2.81800  
153.600     2.82032  
153.700     2.82264  
153.800     2.82496  
153.900     2.82728  
154.000     2.82959  
154.100     2.83191  
154.200     2.83422  
154.300     2.83653  
154.400     2.83885  
154.500     2.84116  
154.600     2.84346  
154.700     2.84577  
154.800     2.84808  
154.900     2.85038  
155.000     2.85269  
155.100     2.85499  
155.200     2.85729  
155.300     2.85959  
155.400     2.86189  
155.500     2.86418  
155.600     2.86648  
155.700     2.86877  
155.800     2.87107  
155.900     2.87336  
156.000     2.87565  
156.100     2.87794  
156.200     2.88023  
156.300     2.88251  
156.400     2.88480  
156.500     2.88708  
156.600     2.88937  
156.700     2.89165  
156.800     2.89393  
156.900     2.89621  
157.000     2.89849  
157.100     2.90076  
157.200     2.90304  
157.300     2.90531  
157.400     2.90759  
157.500     2.90986  
157.600     2.91213  
157.700     2.91440  
157.800     2.91666  
157.900     2.91893  
158.000     2.92120  
158.100     2.92346  
158.200     2.92572  
158.300     2.92798  
158.400     2.93024  
158.500     2.93250  
158.600     2.93476  
158.700     2.93701  
158.800     2.93927  
158.900     2.94152  
159.000     2.94377  
159.100     2.94602  
159.200     2.94827  
159.300     2.95052  
159.400     2.95277  
159.500     2.95501  
159.600     2.95726  
159.700     2.95950  
159.800     2.96174  
159.900     2.96398  
160.000     2.96622  
160.100     2.96846  
160.200     2.97069  
160.300     2.97293  
160.400     2.97516  
160.500     2.97739  
160.600     2.97962  
160.700     2.98185  
160.800     2.98408  
160.900     2.98630  
161.000     2.98853  
161.100     2.99075  
161.200     2.99298  
161.300     2.99520  
161.400     2.99742  
161.500     2.99963  
161.600     3.00185  
161.700     3.00407  
161.800     3.00628  
161.900     3.00849  
162.000     3.01071  
162.100     3.01292  
162.200     3.01513  
162.300     3.01733  
162.400     3.01954  
162.500     3.02174  
162.600     3.02395  
162.700     3.02615  
162.800     3.02835  
162.900     3.03055  
163.000     3.03275  
163.100     3.03494  
163.200     3.03714  
163.300     3.03933  
163.400     3.04152  
163.500     3.04372  
163.600     3.04591  
163.700     3.04809  
163.800     3.05028  
163.900     3.05247  
164.000     3.05465  
164.100     3.05683  
164.200     3.05901  
164.300     3.06119  
164.400     3.06337  
164.500     3.06555  
164.600     3.06773  
164.700     3.06990  
164.800     3.07207  
164.900     3.07425  
165.000     3.07642  
165.100     3.07858  
165.200     3.08075  
165.300     3.08292  
165.400     3.08508  
165.500     3.08725  
165.600     3.08941  
165.700     3.09157  
165.800     3.09373  
165.900     3.09588  
166.000     3.09804  
166.100     3.10020  
166.200     3.10235  
166.300     3.10450  
166.400     3.10665  
166.500     3.10880  
166.600     3.11095  
166.700     3.11310  
166.800     3.11524  
166.900     3.11738  
167.000     3.11953  
167.100     3.12167  
167.200     3.12381  
167.300     3.12594  
167.400     3.12808  
167.500     3.13022  
167.600     3.13235  
167.700     3.13448  
167.800     3.13661  
167.900     3.13874  
168.000     3.14087  
168.100     3.14300  
168.200     3.14512  
168.300     3.14724  
168.400     3.14937  
168.500     3.15149  
168.600     3.15361  
168.700     3.15572  
168.800     3.15784  
168.900     3.15996  
169.000     3.16207  
169.100     3.16418  
169.200     3.16629  
169.300     3.16840  
169.400     3.17051  
169.500     3.17262  
169.600     3.17472  
169.700     3.17682  
169.800     3.17893  
169.900     3.18103  
170.000     3.18313  
170.100     3.18522  
170.200     3.18732  
170.300     3.18942  
170.400     3.19151  
170.500     3.19360  
170.600     3.19569  
170.700     3.19778  
170.800     3.19987  
170.900     3.20195  
171.000     3.20404  
171.100     3.20612  
171.200     3.20820  
171.300     3.21028  
171.400     3.21236  
171.500     3.21444  
171.600     3.21652  
171.700     3.21859  
171.800     3.22066  
171.900     3.22274  
172.000     3.22481  
172.100     3.22687  
172.200     3.22894  
172.300     3.23101  
172.400     3.23307  
172.500     3.23513  
172.600     3.23720  
172.700     3.23926  
172.800     3.24131  
172.900     3.24337  
173.000     3.24543  
173.100     3.24748  
173.200     3.24953  
173.300     3.25158  
173.400     3.25363  
173.500     3.25568  
173.600     3.25773  
173.700     3.25977  
173.800     3.26182  
173.900     3.26386  
174.000     3.26590  
174.100     3.26794  
174.200     3.26998  
174.300     3.27201  
174.400     3.27405  
174.500     3.27608  
174.600     3.27811  
174.700     3.28014  
174.800     3.28217  
174.900     3.28420  
175.000     3.28622  
175.100     3.28825  
175.200     3.29027  
175.300     3.29229  
175.400     3.29431  
175.500     3.29633  
175.600     3.29835  
175.700     3.30036  
175.800     3.30238  
175.900     3.30439  
176.000     3.30640  
176.100     3.30841  
176.200     3.31042  
176.300     3.31242  
176.400     3.31443  
176.500     3.31643  
176.600     3.31843  
176.700     3.32043  
176.800     3.32243  
176.900     3.32443  
177.000     3.32643  
177.100     3.32842  
177.200     3.33041  
177.300     3.33240  
177.400     3.33439  
177.500     3.33638  
177.600     3.33837  
177.700     3.34036  
177.800     3.34234  
177.900     3.34432  
178.000     3.34630  
178.100     3.34828  
178.200     3.35026  
178.300     3.35224  
178.400     3.35421  
178.500     3.35618  
178.600     3.35816  
178.700     3.36013  
178.800     3.36209  
178.900     3.36406  
179.000     3.36603  
179.100     3.36799  
179.200     3.36995  
179.300     3.37192  
179.400     3.37388  
179.500     3.37583  
179.600     3.37779  
179.700     3.37974  
179.800     3.38170  
179.900     3.38365  
180.000     3.38560  
180.100     3.38755  
180.200     3.38950  
180.300     3.39144  
180.400     3.39339  
180.500     3.39533  
180.600     3.39727  
180.700     3.39921  
180.800     3.40115  
180.900     3.40309  
181.000     3.40502  
181.100     3.40696  
181.200     3.40889  
181.300     3.41082  
181.400     3.41275  
181.500     3.41467  
181.600     3.41660  
181.700     3.41852  
181.800     3.42045  
181.900     3.42237  
182.000     3.42429  
182.100     3.42621  
182.200     3.42812  
182.300     3.43004  
182.400     3.43195  
182.500     3.43387  
182.600     3.43578  
182.700     3.43768  
182.800     3.43959  
182.900     3.44150  
183.000     3.44340  
183.100     3.44531  
183.200     3.44721  
183.300     3.44911  
183.400     3.45101  
183.500     3.45290  
183.600     3.45480  
183.700     3.45669  
183.800     3.45858  
183.900     3.46047  
184.000     3.46236  
184.100     3.46425  
184.200     3.46614  
184.300     3.46802  
184.400     3.46990  
184.500     3.47179  
184.600     3.47366  
184.700     3.47554  
184.800     3.47742  
184.900     3.47929  
185.000     3.48117  
185.100     3.48304  
185.200     3.48491  
185.300     3.48678  
185.400     3.48865  
185.500     3.49051  
185.600     3.49238  
185.700     3.49424  
185.800     3.49610  
185.900     3.49796  
186.000     3.49982  
186.100     3.50168  
186.200     3.50353  
186.300     3.50538  
186.400     3.50724  
186.500     3.50909  
186.600     3.51093  
186.700     3.51278  
186.800     3.51463  
186.900     3.51647  
187.000     3.51831  
187.100     3.52015  
187.200     3.52199  
187.300     3.52383  
187.400     3.52567  
187.500     3.52750  
187.600     3.52934  
187.700     3.53117  
187.800     3.53300  
187.900     3.53483  
188.000     3.53665  
188.100     3.53848  
188.200     3.54030  
188.300     3.54212  
188.400     3.54394  
188.500     3.54576  
188.600     3.54758  
188.700     3.54940  
188.800     3.55121  
188.900     3.55302  
189.000     3.55483  
189.100     3.55664  
189.200     3.55845  
189.300     3.56026  
189.400     3.56206  
189.500     3.56387  
189.600     3.56567  
189.700     3.56747  
189.800     3.56927  
189.900     3.57106  
190.000     3.57286  
190.100     3.57465  
190.200     3.57645  
190.300     3.57824  
190.400     3.58002  
190.500     3.58181  
190.600     3.58360  
190.700     3.58538  
190.800     3.58717  
190.900     3.58895  
191.000     3.59073  
191.100     3.59250  
191.200     3.59428  
191.300     3.59606  
191.400     3.59783  
191.500     3.59960  
191.600     3.60137  
191.700     3.60314  
191.800     3.60491  
191.900     3.60667  
192.000     3.60844  
192.100     3.61020  
192.200     3.61196  
192.300     3.61372  
192.400     3.61548  
192.500     3.61723  
192.600     3.61899  
192.700     3.62074  
192.800     3.62249  
192.900     3.62424  
193.000     3.62599  
193.100     3.62774  
193.200     3.62948  
193.300     3.63122  
193.400     3.63297  
193.500     3.63471  
193.600     3.63645  
193.700     3.63818  
193.800     3.63992  
193.900     3.64165  
194.000     3.64338  
194.100     3.64511  
194.200     3.64684  
194.300     3.64857  
194.400     3.65030  
194.500     3.65202  
194.600     3.65374  
194.700     3.65547  
194.800     3.65719  
194.900     3.65890  
195.000     3.66062  
195.100     3.66233  
195.200     3.66405  
195.300     3.66576  
195.400     3.66747  
195.500     3.66918  
195.600     3.67089  
195.700     3.67259  
195.800     3.67429  
195.900     3.67600  
196.000     3.67770  
196.100     3.67940  
196.200     3.68109  
196.300     3.68279  
196.400     3.68448  
196.500     3.68618  
196.600     3.68787  
196.700     3.68956  
196.800     3.69124  
196.900     3.69293  
197.000     3.69462  
197.100     3.69630  
197.200     3.69798  
197.300     3.69966  
197.400     3.70134  
197.500     3.70301  
197.600     3.70469  
197.700     3.70636  
197.800     3.70803  
197.900     3.70971  
198.000     3.71137  
198.100     3.71304  
198.200     3.71471  
198.300     3.71637  
198.400     3.71803  
198.500     3.71969  
198.600     3.72135  
198.700     3.72301  
198.800     3.72467  
198.900     3.72632  
199.000     3.72797  
199.100     3.72962  
199.200     3.73127  
199.300     3.73292  
199.400     3.73457  
199.500     3.73621  
199.600     3.73786  
199.700     3.73950  
199.800     3.74114  
199.900     3.74278  
200.000     3.74441  
200.100     3.74605  
200.200     3.74768  
200.300     3.74932  
200.400     3.75095  
200.500     3.75257  
200.600     3.75420  
200.700     3.75583  
200.800     3.75745  
200.900     3.75907  
201.000     3.76069  
201.100     3.76231  
201.200     3.76393  
201.300     3.76555  
201.400     3.76716  
201.500     3.76878  
201.600     3.77039  
201.700     3.77200  
201.800     3.77360  
201.900     3.77521  
202.000     3.77682  
202.100     3.77842  
202.200     3.78002  
202.300     3.78162  
202.400     3.78322  
202.500     3.78482  
202.600     3.78641  
202.700     3.78801  
202.800     3.78960  
202.900     3.79119  
203.000     3.79278  
203.100     3.79437  
203.200     3.79595  
203.300     3.79754  
203.400     3.79912  
203.500     3.80070  
203.600     3.80228  
203.700     3.80386  
203.800     3.80543  
203.900     3.80701  
204.000     3.80858  
204.100     3.81015  
204.200     3.81172  
204.300     3.81329  
204.400     3.81486  
204.500     3.81642  
204.600     3.81798  
204.700     3.81955  
204.800     3.82111  
204.900     3.82266  
205.000     3.82422  
205.100     3.82578  
205.200     3.82733  
205.300     3.82888  
205.400     3.83043  
205.500     3.83198  
205.600     3.83353  
205.700     3.83508  
205.800     3.83662  
205.900     3.83816  
206.000     3.83970  
206.100     3.84124  
206.200     3.84278  
206.300     3.84432  
206.400     3.84585  
206.500     3.84739  
206.600     3.84892  
206.700     3.85045  
206.800     3.85197  
206.900     3.85350  
207.000     3.85503  
207.100     3.85655  
207.200     3.85807  
207.300     3.85959  
207.400     3.86111  
207.500     3.86263  
207.600     3.86414  
207.700     3.86566  
207.800     3.86717  
207.900     3.86868  
208.000     3.87019  
208.100     3.87170  
208.200     3.87320  
208.300     3.87471  
208.400     3.87621  
208.500     3.87771  
208.600     3.87921  
208.700     3.88071  
208.800     3.88220  
208.900     3.88370  
209.000     3.88519  
209.100     3.88668  
209.200     3.88817  
209.300     3.88966  
209.400     3.89115  
209.500     3.89263  
209.600     3.89412  
209.700     3.89560  
209.800     3.89708  
209.900     3.89856  
210.000     3.90003  
210.100     3.90151  
210.200     3.90298  
210.300     3.90446  
210.400     3.90593  
210.500     3.90740  
210.600     3.90886  
210.700     3.91033  
210.800     3.91179  
210.900     3.91326  
211.000     3.91472  
211.100     3.91618  
211.200     3.91764  
211.300     3.91909  
211.400     3.92055  
211.500     3.92200  
211.600     3.92345  
211.700     3.92490  
211.800     3.92635  
211.900     3.92780  
212.000     3.92924  
212.100     3.93069  
212.200     3.93213  
212.300     3.93357  
212.400     3.93501  
212.500     3.93644  
212.600     3.93788  
212.700     3.93931  
212.800     3.94075  
212.900     3.94218  
213.000     3.94361  
213.100     3.94503  
213.200     3.94646  
213.300     3.94788  
213.400     3.94931  
213.500     3.95073  
213.600     3.95215  
213.700     3.95357  
213.800     3.95498  
213.900     3.95640  
214.000     3.95781  
214.100     3.95922  
214.200     3.96063  
214.300     3.96204  
214.400     3.96345  
214.500     3.96485  
214.600     3.96626  
214.700     3.96766  
214.800     3.96906  
214.900     3.97046  
215.000     3.97186  
215.100     3.97325  
215.200     3.97465  
215.300     3.97604  
215.400     3.97743  
215.500     3.97882  
215.600     3.98021  
215.700     3.98159  
215.800     3.98298  
215.900     3.98436  
216.000     3.98574  
216.100     3.98712  
216.200     3.98850  
216.300     3.98988  
216.400     3.99125  
216.500     3.99263  
216.600     3.99400  
216.700     3.99537  
216.800     3.99674  
216.900     3.99810  
217.000     3.99947  
217.100     4.00083  
217.200     4.00220  
217.300     4.00356  
217.400     4.00492  
217.500     4.00627  
217.600     4.00763  
217.700     4.00898  
217.800     4.01034  
217.900     4.01169  
218.000     4.01304  
218.100     4.01439  
218.200     4.01573  
218.300     4.01708  
218.400     4.01842  
218.500     4.01976  
218.600     4.02110  
218.700     4.02244  
218.800     4.02378  
218.900     4.02511  
219.000     4.02645  
219.100     4.02778  
219.200     4.02911  
219.300     4.03044  
219.400     4.03177  
219.500     4.03309  
219.600     4.03442  
219.700     4.03574  
219.800     4.03706  
219.900     4.03838  
220.000     4.03970  
220.100     4.04101  
220.200     4.04233  
220.300     4.04364  
220.400     4.04495  
220.500     4.04626  
220.600     4.04757  
220.700     4.04888  
220.800     4.05018  
220.900     4.05149  
221.000     4.05279  
221.100     4.05409  
221.200     4.05539  
221.300     4.05669  
221.400     4.05798  
221.500     4.05928  
221.600     4.06057  
221.700     4.06186  
221.800     4.06315  
221.900     4.06444  
222.000     4.06573  
222.100     4.06701  
222.200     4.06829  
222.300     4.06958  
222.400     4.07086  
222.500     4.07213  
222.600     4.07341  
222.700     4.07469  
222.800     4.07596  
222.900     4.07723  
223.000     4.07850  
223.100     4.07977  
223.200     4.08104  
223.300     4.08231  
223.400     4.08357  
223.500     4.08483  
223.600     4.08609  
223.700     4.08735  
223.800     4.08861  
223.900     4.08987  
224.000     4.09112  
224.100     4.09238  
224.200     4.09363  
224.300     4.09488  
224.400     4.09613  
224.500     4.09737  
224.600     4.09862  
224.700     4.09986  
224.800     4.10111  
224.900     4.10235  
225.000     4.10358  
225.100     4.10482  
225.200     4.10606  
225.300     4.10729  
225.400     4.10853  
225.500     4.10976  
225.600     4.11099  
225.700     4.11222  
225.800     4.11344  
225.900     4.11467  
226.000     4.11589  
226.100     4.11711  
226.200     4.11833  
226.300     4.11955  
226.400     4.12077  
226.500     4.12198  
226.600     4.12320  
226.700     4.12441  
226.800     4.12562  
226.900     4.12683  
227.000     4.12804  
227.100     4.12925  
227.200     4.13045  
227.300     4.13165  
227.400     4.13286  
227.500     4.13406  
227.600     4.13525  
227.700     4.13645  
227.800     4.13765  
227.900     4.13884  
228.000     4.14003  
228.100     4.14122  
228.200     4.14241  
228.300     4.14360  
228.400     4.14479  
228.500     4.14597  
228.600     4.14715  
228.700     4.14833  
228.800     4.14951  
228.900     4.15069  
229.000     4.15187  
229.100     4.15304  
229.200     4.15422  
229.300     4.15539  
229.400     4.15656  
229.500     4.15773  
229.600     4.15890  
229.700     4.16006  
229.800     4.16123  
229.900     4.16239  
230.000     4.16355  
230.100     4.16471  
230.200     4.16587  
230.300     4.16702  
230.400     4.16818  
230.500     4.16933  
230.600     4.17048  
230.700     4.17163  
230.800     4.17278  
230.900     4.17393  
231.000     4.17508  
231.100     4.17622  
231.200     4.17736  
231.300     4.17850  
231.400     4.17964  
231.500     4.18078  
231.600     4.18192  
231.700     4.18305  
231.800     4.18418  
231.900     4.18532  
232.000     4.18645  
232.100     4.18758  
232.200     4.18870  
232.300     4.18983  
232.400     4.19095  
232.500     4.19207  
232.600     4.19319  
232.700     4.19431  
232.800     4.19543  
232.900     4.19655  
233.000     4.19766  
233.100     4.19878  
233.200     4.19989  
233.300     4.20100  
233.400     4.20211  
233.500     4.20321  
233.600     4.20432  
233.700     4.20542  
233.800     4.20652  
233.900     4.20763  
234.000     4.20872  
234.100     4.20982  
234.200     4.21092  
234.300     4.21201  
234.400     4.21311  
234.500     4.21420  
234.600     4.21529  
234.700     4.21638  
234.800     4.21746  
234.900     4.21855  
235.000     4.21963  
235.100     4.22072  
235.200     4.22180  
235.300     4.22288  
235.400     4.22395  
235.500     4.22503  
235.600     4.22610  
235.700     4.22718  
235.800     4.22825  
235.900     4.22932  
236.000     4.23039  
236.100     4.23146  
236.200     4.23252  
236.300     4.23358  
236.400     4.23465  
236.500     4.23571  
236.600     4.23677  
236.700     4.23783  
236.800     4.23888  
236.900     4.23994  
237.000     4.24099  
237.100     4.24204  
237.200     4.24309  
237.300     4.24414  
237.400     4.24519  
237.500     4.24623  
237.600     4.24728  
237.700     4.24832  
237.800     4.24936  
237.900     4.25040  
238.000     4.25144  
238.100     4.25248  
238.200     4.25351  
238.300     4.25454  
238.400     4.25558  
238.500     4.25661  
238.600     4.25764  
238.700     4.25866  
238.800     4.25969  
238.900     4.26071  
239.000     4.26174  
239.100     4.26276  
239.200     4.26378  
239.300     4.26480  
239.400     4.26581  
239.500     4.26683  
239.600     4.26784  
239.700     4.26886  
239.800     4.26987  
239.900     4.27088  
240.000     4.27188  
240.100     4.27289  
240.200     4.27389  
240.300     4.27490  
240.400     4.27590  
240.500     4.27690  
240.600     4.27790  
240.700     4.27890  
240.800     4.27989  
240.900     4.28089  
241.000     4.28188  
241.100     4.28287  
241.200     4.28386  
241.300     4.28485  
241.400     4.28583  
241.500     4.28682  
241.600     4.28780  
241.700     4.28878  
241.800     4.28977  
241.900     4.29074  
242.000     4.29172  
242.100     4.29270  
242.200     4.29367  
242.300     4.29465  
242.400     4.29562  
242.500     4.29659  
242.600     4.29756  
242.700     4.29852  
242.800     4.29949  
242.900     4.30045  
243.000     4.30142  
243.100     4.30238  
243.200     4.30334  
243.300     4.30429  
243.400     4.30525  
243.500     4.30621  
243.600     4.30716  
243.700     4.30811  
243.800     4.30906  
243.900     4.31001  
244.000     4.31096  
244.100     4.31191  
244.200     4.31285  
244.300     4.31379  
244.400     4.31474  
244.500     4.31568  
244.600     4.31661  
244.700     4.31755  
244.800     4.31849  
244.900     4.31942  
245.000     4.32035  
245.100     4.32129  
245.200     4.32222  
245.300     4.32314  
245.400     4.32407  
245.500     4.32500  
245.600     4.32592  
245.700     4.32684  
245.800     4.32776  
245.900     4.32868  
246.000     4.32960  
246.100     4.33052  
246.200     4.33143  
246.300     4.33234  
246.400     4.33326  
246.500     4.33417  
246.600     4.33508  
246.700     4.33598  
246.800     4.33689  
246.900     4.33779  
247.000     4.33870  
247.100     4.33960  
247.200     4.34050  
247.300     4.34140  
247.400     4.34229  
247.500     4.34319  
247.600     4.34408  
247.700     4.34498  
247.800     4.34587  
247.900     4.34676  
248.000     4.34765  
248.100     4.34853  
248.200     4.34942  
248.300     4.35030  
248.400     4.35118  
248.500     4.35206  
248.600     4.35294  
248.700     4.35382  
248.800     4.35470  
248.900     4.35557  
249.000     4.35645  
249.100     4.35732  
249.200     4.35819  
249.300     4.35906  
249.400     4.35993  
249.500     4.36079  
249.600     4.36166  
249.700     4.36252  
249.800     4.36338  
249.900     4.36424  
250.000     4.36510  
250.100     4.36596  
250.200     4.36682  
250.300     4.36767  
250.400     4.36852  
250.500     4.36937  
250.600     4.37022  
250.700     4.37107  
250.800     4.37192  
250.900     4.37277  
251.000     4.37361  
251.100     4.37445  
251.200     4.37529  
251.300     4.37613  
251.400     4.37697  
251.500     4.37781  
251.600     4.37865  
251.700     4.37948  
251.800     4.38031  
251.900     4.38114  
252.000     4.38197  
252.100     4.38280  
252.200     4.38363  
252.300     4.38445  
252.400     4.38528  
252.500     4.38610  
252.600     4.38692  
252.700     4.38774  
252.800     4.38856  
252.900     4.38937  
253.000     4.39019  
253.100     4.39100  
253.200     4.39182  
253.300     4.39263  
253.400     4.39344  
253.500     4.39424  
253.600     4.39505  
253.700     4.39586  
253.800     4.39666  
253.900     4.39746  
254.000     4.39826  
254.100     4.39906  
254.200     4.39986  
254.300     4.40066  
254.400     4.40145  
254.500     4.40224  
254.600     4.40304  
254.700     4.40383  
254.800     4.40462  
254.900     4.40540  
255.000     4.40619  
255.100     4.40697  
255.200     4.40776  
255.300     4.40854  
255.400     4.40932  
255.500     4.41010  
255.600     4.41088  
255.700     4.41165  
255.800     4.41243  
255.900     4.41320  
256.000     4.41397  
256.100     4.41474  
256.200     4.41551  
256.300     4.41628  
256.400     4.41705  
256.500     4.41781  
256.600     4.41858  
256.700     4.41934  
256.800     4.42010  
256.900     4.42086  
257.000     4.42162  
257.100     4.42237  
257.200     4.42313  
257.300     4.42388  
257.400     4.42463  
257.500     4.42538  
257.600     4.42613  
257.700     4.42688  
257.800     4.42763  
257.900     4.42837  
258.000     4.42911  
258.100     4.42986  
258.200     4.43060  
258.300     4.43134  
258.400     4.43207  
258.500     4.43281  
258.600     4.43355  
258.700     4.43428  
258.800     4.43501  
258.900     4.43574  
259.000     4.43647  
259.100     4.43720  
259.200     4.43793  
259.300     4.43865  
259.400     4.43937  
259.500     4.44010  
259.600     4.44082  
259.700     4.44154  
259.800     4.44225  
259.900     4.44297  
260.000     4.44369  
260.100     4.44440  
260.200     4.44511  
260.300     4.44582  
260.400     4.44653  
260.500     4.44724  
260.600     4.44795  
260.700     4.44865  
260.800     4.44936  
260.900     4.45006  
261.000     4.45076  
261.100     4.45146  
261.200     4.45216  
261.300     4.45286  
261.400     4.45355  
261.500     4.45424  
261.600     4.45494  
261.700     4.45563  
261.800     4.45632  
261.900     4.45701  
262.000     4.45769  
262.100     4.45838  
262.200     4.45906  
262.300     4.45975  
262.400     4.46043  
262.500     4.46111  
262.600     4.46179  
262.700     4.46246  
262.800     4.46314  
262.900     4.46382  
263.000     4.46449  
263.100     4.46516  
263.200     4.46583  
263.300     4.46650  
263.400     4.46717  
263.500     4.46783  
263.600     4.46850  
263.700     4.46916  
263.800     4.46982  
263.900     4.47048  
264.000     4.47114  
264.100     4.47180  
264.200     4.47246  
264.300     4.47311  
264.400     4.47377  
264.500     4.47442  
264.600     4.47507  
264.700     4.47572  
264.800     4.47637  
264.900     4.47701  
265.000     4.47766  
265.100     4.47830  
265.200     4.47895  
265.300     4.47959  
265.400     4.48023  
265.500     4.48087  
265.600     4.48150  
265.700     4.48214  
265.800     4.48277  
265.900     4.48341  
266.000     4.48404  
266.100     4.48467  
266.200     4.48530  
266.300     4.48593  
266.400     4.48655  
266.500     4.48718  
266.600     4.48780  
266.700     4.48842  
266.800     4.48904  
266.900     4.48966  
267.000     4.49028  
267.100     4.49090  
267.200     4.49151  
267.300     4.49213  
267.400     4.49274  
267.500     4.49335  
267.600     4.49396  
267.700     4.49457  
267.800     4.49518  
267.900     4.49578  
268.000     4.49639  
268.100     4.49699  
268.200     4.49759  
268.300     4.49819  
268.400     4.49879  
268.500     4.49939  
268.600     4.49998  
268.700     4.50058  
268.800     4.50117  
268.900     4.50176  
269.000     4.50235  
269.100     4.50294  
269.200     4.50353  
269.300     4.50412  
269.400     4.50470  
269.500     4.50529  
269.600     4.50587  
269.700     4.50645  
269.800     4.50703  
269.900     4.50761  
270.000     4.50819  
270.100     4.50876  
270.200     4.50934  
270.300     4.50991  
270.400     4.51048  
270.500     4.51105  
270.600     4.51162  
270.700     4.51219  
270.800     4.51276  
270.900     4.51332  
271.000     4.51389  
271.100     4.51445  
271.200     4.51501  
271.300     4.51557  
271.400     4.51613  
271.500     4.51669  
271.600     4.51724  
271.700     4.51780  
271.800     4.51835  
271.900     4.51890  
272.000     4.51945  
272.100     4.52000  
272.200     4.52055  
272.300     4.52110  
272.400     4.52164  
272.500     4.52218  
272.600     4.52273  
272.700     4.52327  
272.800     4.52381  
272.900     4.52435  
273.000     4.52488  
273.100     4.52542  
273.200     4.52595  
273.300     4.52649  
273.400     4.52702  
273.500     4.52755  
273.600     4.52808  
273.700     4.52861  
273.800     4.52913  
273.900     4.52966  
274.000     4.53018  
274.100     4.53071  
274.200     4.53123  
274.300     4.53175  
274.400     4.53226  
274.500     4.53278  
274.600     4.53330  
274.700     4.53381  
274.800     4.53433  
274.900     4.53484  
275.000     4.53535  
275.100     4.53586  
275.200     4.53637  
275.300     4.53687  
275.400     4.53738  
275.500     4.53788  
275.600     4.53839  
275.700     4.53889  
275.800     4.53939  
275.900     4.53989  
276.000     4.54038  
276.100     4.54088  
276.200     4.54138  
276.300     4.54187  
276.400     4.54236  
276.500     4.54285  
276.600     4.54334  
276.700     4.54383  
276.800     4.54432  
276.900     4.54480  
277.000     4.54529  
277.100     4.54577  
277.200     4.54625  
277.300     4.54673  
277.400     4.54721  
277.500     4.54769  
277.600     4.54817  
277.700     4.54864  
277.800     4.54912  
277.900     4.54959  
278.000     4.55006  
278.100     4.55053  
278.200     4.55100  
278.300     4.55147  
278.400     4.55193  
278.500     4.55240  
278.600     4.55286  
278.700     4.55333  
278.800     4.55379  
278.900     4.55425  
279.000     4.55471  
279.100     4.55516  
279.200     4.55562  
279.300     4.55607  
279.400     4.55653  
279.500     4.55698  
279.600     4.55743  
279.700     4.55788  
279.800     4.55833  
279.900     4.55878  
280.000     4.55922  
280.100     4.55967  
280.200     4.56011  
280.300     4.56055  
280.400     4.56099  
280.500     4.56143  
280.600     4.56187  
280.700     4.56231  
280.800     4.56274  
280.900     4.56318  
281.000     4.56361  
281.100     4.56404  
281.200     4.56447  
281.300     4.56490  
281.400     4.56533  
281.500     4.56575  
281.600     4.56618  
281.700     4.56660  
281.800     4.56703  
281.900     4.56745  
282.000     4.56787  
282.100     4.56829  
282.200     4.56870  
282.300     4.56912  
282.400     4.56954  
282.500     4.56995  
282.600     4.57036  
282.700     4.57077  
282.800     4.57118  
282.900     4.57159  
283.000     4.57200  
283.100     4.57241  
283.200     4.57281  
283.300     4.57322  
283.400     4.57362  
283.500     4.57402  
283.600     4.57442  
283.700     4.57482  
283.800     4.57522  
283.900     4.57561  
284.000     4.57601  
284.100     4.57640  
284.200     4.57679  
284.300     4.57718  
284.400     4.57757  
284.500     4.57796  
284.600     4.57835  
284.700     4.57874  
284.800     4.57912  
284.900     4.57951  
285.000     4.57989  
285.100     4.58027  
285.200     4.58065  
285.300     4.58103  
285.400     4.58141  
285.500     4.58178  
285.600     4.58216  
285.700     4.58253  
285.800     4.58290  
285.900     4.58327  
286.000     4.58364  
286.100     4.58401  
286.200     4.58438  
286.300     4.58475  
286.400     4.58511  
286.500     4.58548  
286.600     4.58584  
286.700     4.58620  
286.800     4.58656  
286.900     4.58692  
287.000     4.58728  
287.100     4.58763  
287.200     4.58799  
287.300     4.58834  
287.400     4.58869  
287.500     4.58904  
287.600     4.58940  
287.700     4.58974  
287.800     4.59009  
287.900     4.59044  
288.000     4.59078  
288.100     4.59113  
288.200     4.59147  
288.300     4.59181  
288.400     4.59215  
288.500     4.59249  
288.600     4.59283  
288.700     4.59317  
288.800     4.59350  
288.900     4.59384  
289.000     4.59417  
289.100     4.59450  
289.200     4.59483  
289.300     4.59516  
289.400     4.59549  
289.500     4.59581  
289.600     4.59614  
289.700     4.59646  
289.800     4.59679  
289.900     4.59711  
290.000     4.59743  
290.100     4.59775  
290.200     4.59807  
290.300     4.59839  
290.400     4.59870  
290.500     4.59902  
290.600     4.59933  
290.700     4.59964  
290.800     4.59995  
290.900     4.60026  
291.000     4.60057  
291.100     4.60088  
291.200     4.60119  
291.300     4.60149  
291.400     4.60179  
291.500     4.60210  
291.600     4.60240  
291.700     4.60270  
291.800     4.60300  
291.900     4.60330  
292.000     4.60359  
292.100     4.60389  
292.200     4.60418  
292.300     4.60447  
292.400     4.60477  
292.500     4.60506  
292.600     4.60535  
292.700     4.60563  
292.800     4.60592  
292.900     4.60621  
293.000     4.60649  
293.100     4.60678  
293.200     4.60706  
293.300     4.60734  
293.400     4.60762  
293.500     4.60790  
293.600     4.60817  
293.700     4.60845  
293.800     4.60873  
293.900     4.60900  
294.000     4.60927  
294.100     4.60954  
294.200     4.60981  
294.300     4.61008  
294.400     4.61035  
294.500     4.61062  
294.600     4.61088  
294.700     4.61115  
294.800     4.61141  
294.900     4.61167  
295.000     4.61193  
295.100     4.61219  
295.200     4.61245  
295.300     4.61271  
295.400     4.61297  
295.500     4.61322  
295.600     4.61347  
295.700     4.61373  
295.800     4.61398  
295.900     4.61423  
296.000     4.61448  
296.100     4.61473  
296.200     4.61497  
296.300     4.61522  
296.400     4.61546  
296.500     4.61570  
296.600     4.61595  
296.700     4.61619  
296.800     4.61643  
296.900     4.61667  
297.000     4.61690  
297.100     4.61714  
297.200     4.61737  
297.300     4.61761  
297.400     4.61784  
297.500     4.61807  
297.600     4.61830  
297.700     4.61853  
297.800     4.61876  
297.900     4.61899  
298.000     4.61921  
298.100     4.61944  
298.200     4.61966  
298.300     4.61988  
298.400     4.62010  
298.500     4.62032  
298.600     4.62054  
298.700     4.62076  
298.800     4.62098  
298.900     4.62119  
299.000     4.62140  
299.100     4.62162  
299.200     4.62183  
299.300     4.62204  
299.400     4.62225  
299.500     4.62246  
299.600     4.62266  
299.700     4.62287  
299.800     4.62308  
299.900     4.62328  
300.000     4.62348 
300.100     4.62368  
300.200     4.62388  
300.300     4.62408  
300.400     4.62428  
300.500     4.62448  
300.600     4.62467  
300.700     4.62487  
300.800     4.62506  
300.900     4.62525  
301.000     4.62544  
301.100     4.62563  
301.200     4.62582  
301.300     4.62601  
301.400     4.62620  
301.500     4.62638  
301.600     4.62657  
301.700     4.62675  
301.800     4.62693  
301.900     4.62711  
302.000     4.62729  
302.100     4.62747  
302.200     4.62765  
302.300     4.62782  
302.400     4.62800  
302.500     4.62817  
302.600     4.62835  
302.700     4.62852  
302.800     4.62869  
302.900     4.62886  
303.000     4.62903  
303.100     4.62919  
303.200     4.62936  
303.300     4.62953  
303.400     4.62969  
303.500     4.62985  
303.600     4.63001  
303.700     4.63017  
303.800     4.63033  
303.900     4.63049  
304.000     4.63065  
304.100     4.63081  
304.200     4.63096  
304.300     4.63111  
304.400     4.63127  
304.500     4.63142  
304.600     4.63157  
304.700     4.63172  
304.800     4.63187  
304.900     4.63201  
305.000     4.63216  
305.100     4.63230  
305.200     4.63245  
305.300     4.63259  
305.400     4.63273  
305.500     4.63287  
305.600     4.63301  
305.700     4.63315  
305.800     4.63329  
305.900     4.63342  
306.000     4.63356  
306.100     4.63369  
306.200     4.63382  
306.300     4.63396  
306.400     4.63409  
306.500     4.63422  
306.600     4.63434  
306.700     4.63447  
306.800     4.63460  
306.900     4.63472  
307.000     4.63485  
307.100     4.63497  
307.200     4.63509  
307.300     4.63521  
307.400     4.63533  
307.500     4.63545  
307.600     4.63557  
307.700     4.63568  
307.800     4.63580  
307.900     4.63591  
308.000     4.63602  
308.100     4.63614  
308.200     4.63625  
308.300     4.63636  
308.400     4.63646  
308.500     4.63657  
308.600     4.63668  
308.700     4.63678  
308.800     4.63689  
308.900     4.63699  
309.000     4.63709  
309.100     4.63719  
309.200     4.63729  
309.300     4.63739  
309.400     4.63749  
309.500     4.63759  
309.600     4.63768  
309.700     4.63778  
309.800     4.63787  
309.900     4.63796  
310.000     4.63805  
310.100     4.63814  
310.200     4.63823  
310.300     4.63832  
310.400     4.63841  
310.500     4.63849  
310.600     4.63858  
310.700     4.63866  
310.800     4.63874  
310.900     4.63882  
311.000     4.63891  
311.100     4.63898  
311.200     4.63906  
311.300     4.63914  
311.400     4.63922  
311.500     4.63929  
311.600     4.63936  
311.700     4.63944  
311.800     4.63951  
311.900     4.63958  
312.000     4.63965  
312.100     4.63972  
312.200     4.63979  
312.300     4.63985  
312.400     4.63992  
312.500     4.63998  
312.600     4.64005  
312.700     4.64011  
312.800     4.64017  
312.900     4.64023  
313.000     4.64029  
313.100     4.64035  
313.200     4.64040  
313.300     4.64046  
313.400     4.64051  
313.500     4.64057  
313.600     4.64062  
313.700     4.64067  
313.800     4.64072  
313.900     4.64077  
314.000     4.64082  
314.100     4.64087  
314.200     4.64091  
314.300     4.64096  
314.400     4.64100  
314.500     4.64105  
314.600     4.64109  
314.700     4.64113  
314.800     4.64117  
314.900     4.64121  
315.000     4.64125  
315.100     4.64128  
315.200     4.64132  
315.300     4.64135  
315.400     4.64139  
315.500     4.64142  
315.600     4.64145  
315.700     4.64148  
315.800     4.64151  
315.900     4.64154  
316.000     4.64157  
316.100     4.64160  
316.200     4.64162  
316.300     4.64165  
316.400     4.64167  
316.500     4.64169  
316.600     4.64171  
316.700     4.64173  
316.800     4.64175  
316.900     4.64177  
317.000     4.64179  
317.100     4.64180  
317.200     4.64182  
317.300     4.64183  
317.400     4.64185  
317.500     4.64186  
317.600     4.64187  
317.700     4.64188  
317.800     4.64189  
317.900     4.64190  
318.000     4.64190  
318.100     4.64191  
318.200     4.64192  
318.300     4.64192  
318.400     4.64192  
318.500     4.64192  
318.600     4.64192  
318.700     4.64192  
318.800     4.64192  
318.900     4.64192  
319.000     4.64192  
319.100     4.64191  
319.200     4.64191  
319.300     4.64190  
319.400     4.64189  
319.500     4.64189  
319.600     4.64188  
319.700     4.64187  
319.800     4.64185  
319.900     4.64184  
320.000     4.64183  
320.100     4.64181  
320.200     4.64180  
320.300     4.64178  
320.400     4.64177  
320.500     4.64175  
320.600     4.64173  
320.700     4.64171  
320.800     4.64169  
320.900     4.64166  
321.000     4.64164  
321.100     4.64161  
321.200     4.64159  
321.300     4.64156  
321.400     4.64154  
321.500     4.64151  
321.600     4.64148  
321.700     4.64145  
321.800     4.64142  
321.900     4.64138  
322.000     4.64135  
322.100     4.64131  
322.200     4.64128  
322.300     4.64124  
322.400     4.64120  
322.500     4.64117  
322.600     4.64113  
322.700     4.64109  
322.800     4.64104  
322.900     4.64100  
323.000     4.64096  
323.100     4.64091  
323.200     4.64087  
323.300     4.64082  
323.400     4.64078  
323.500     4.64073  
323.600     4.64068  
323.700     4.64063  
323.800     4.64058  
323.900     4.64052  
324.000     4.64047  
324.100     4.64042  
324.200     4.64036  
324.300     4.64030  
324.400     4.64025  
324.500     4.64019  
324.600     4.64013  
324.700     4.64007  
324.800     4.64001  
324.900     4.63995  
325.000     4.63988  
325.100     4.63982  
325.200     4.63975  
325.300     4.63969  
325.400     4.63962  
325.500     4.63955  
325.600     4.63948  
325.700     4.63941  
325.800     4.63934  
325.900     4.63927  
326.000     4.63920  
326.100     4.63912  
326.200     4.63905  
326.300     4.63897  
326.400     4.63890  
326.500     4.63882  
326.600     4.63874  
326.700     4.63866  
326.800     4.63858  
326.900     4.63850  
327.000     4.63841  
327.100     4.63833  
327.200     4.63825  
327.300     4.63816  
327.400     4.63807  
327.500     4.63799  
327.600     4.63790  
327.700     4.63781  
327.800     4.63772  
327.900     4.63763  
328.000     4.63753  
328.100     4.63744  
328.200     4.63735  
328.300     4.63725  
328.400     4.63716  
328.500     4.63706  
328.600     4.63696  
328.700     4.63686  
328.800     4.63676  
328.900     4.63666  
329.000     4.63656  
329.100     4.63646  
329.200     4.63635  
329.300     4.63625  
329.400     4.63614  
329.500     4.63604  
329.600     4.63593  
329.700     4.63582  
329.800     4.63571  
329.900     4.63560  
330.000     4.63549  
330.100     4.63538  
330.200     4.63526  
330.300     4.63515  
330.400     4.63504  
330.500     4.63492  
330.600     4.63480  
330.700     4.63468  
330.800     4.63457  
330.900     4.63445  
331.000     4.63433  
331.100     4.63420  
331.200     4.63408  
331.300     4.63396  
331.400     4.63383  
331.500     4.63371  
331.600     4.63358  
331.700     4.63345  
331.800     4.63333  
331.900     4.63320  
332.000     4.63307  
332.100     4.63294  
332.200     4.63280  
332.300     4.63267  
332.400     4.63254  
332.500     4.63240  
332.600     4.63227  
332.700     4.63213  
332.800     4.63199  
332.900     4.63186  
333.000     4.63172  
333.100     4.63158  
333.200     4.63143  
333.300     4.63129  
333.400     4.63115  
333.500     4.63101  
333.600     4.63086  
333.700     4.63072  
333.800     4.63057  
333.900     4.63042  
334.000     4.63027  
334.100     4.63012  
334.200     4.62997  
334.300     4.62982  
334.400     4.62967  
334.500     4.62952  
334.600     4.62936  
334.700     4.62921  
334.800     4.62905  
334.900     4.62889  
335.000     4.62874  
335.100     4.62858  
335.200     4.62842  
335.300     4.62826  
335.400     4.62810  
335.500     4.62793  
335.600     4.62777  
335.700     4.62761  
335.800     4.62744  
335.900     4.62728  
336.000     4.62711  
336.100     4.62694  
336.200     4.62677  
336.300     4.62660  
336.400     4.62643  
336.500     4.62626  
336.600     4.62609  
336.700     4.62592  
336.800     4.62574  
336.900     4.62557  
337.000     4.62539  
337.100     4.62522  
337.200     4.62504  
337.300     4.62486  
337.400     4.62468  
337.500     4.62450  
337.600     4.62432  
337.700     4.62414  
337.800     4.62395  
337.900     4.62377  
338.000     4.62359  
338.100     4.62340  
338.200     4.62321  
338.300     4.62303  
338.400     4.62284  
338.500     4.62265  
338.600     4.62246  
338.700     4.62227  
338.800     4.62208  
338.900     4.62188  
339.000     4.62169  
339.100     4.62150  
339.200     4.62130  
339.300     4.62110  
339.400     4.62091  
339.500     4.62071  
339.600     4.62051  
339.700     4.62031  
339.800     4.62011  
339.900     4.61991  
340.000     4.61970  
340.100     4.61950  
340.200     4.61930  
340.300     4.61909  
340.400     4.61889  
340.500     4.61868  
340.600     4.61847  
340.700     4.61826  
340.800     4.61805  
340.900     4.61784  
341.000     4.61763  
341.100     4.61742  
341.200     4.61721  
341.300     4.61699  
341.400     4.61678  
341.500     4.61656  
341.600     4.61635  
341.700     4.61613  
341.800     4.61591  
341.900     4.61569  
342.000     4.61547  
342.100     4.61525  
342.200     4.61503  
342.300     4.61481  
342.400     4.61458  
342.500     4.61436  
342.600     4.61414  
342.700     4.61391  
342.800     4.61368  
342.900     4.61346  
343.000     4.61323  
343.100     4.61300  
343.200     4.61277  
343.300     4.61254  
343.400     4.61230  
343.500     4.61207  
343.600     4.61184  
343.700     4.61160  
343.800     4.61137  
343.900     4.61113  
344.000     4.61089  
344.100     4.61066  
344.200     4.61042  
344.300     4.61018  
344.400     4.60994  
344.500     4.60970  
344.600     4.60945  
344.700     4.60921  
344.800     4.60897  
344.900     4.60872  
345.000     4.60848  
345.100     4.60823  
345.200     4.60798  
345.300     4.60774  
345.400     4.60749  
345.500     4.60724  
345.600     4.60699  
345.700     4.60673  
345.800     4.60648  
345.900     4.60623  
346.000     4.60597  
346.100     4.60572  
346.200     4.60546  
346.300     4.60521  
346.400     4.60495  
346.500     4.60469  
346.600     4.60443  
346.700     4.60417  
346.800     4.60391  
346.900     4.60365  
347.000     4.60339  
347.100     4.60313  
347.200     4.60286  
347.300     4.60260  
347.400     4.60233  
347.500     4.60206  
347.600     4.60180  
347.700     4.60153  
347.800     4.60126  
347.900     4.60099  
348.000     4.60072  
348.100     4.60045  
348.200     4.60018  
348.300     4.59990  
348.400     4.59963  
348.500     4.59935  
348.600     4.59908  
348.700     4.59880  
348.800     4.59852  
348.900     4.59825  
349.000     4.59797  
349.100     4.59769  
349.200     4.59741  
349.300     4.59713  
349.400     4.59684  
349.500     4.59656  
349.600     4.59628  
349.700     4.59599  
349.800     4.59571  
349.900     4.59542  
350.000     4.59513  