0.000     0.00000  
  0.100     0.00000  
  0.200     0.00000  
  0.300     0.00000  
  0.400     0.00000  
  0.500     0.00000  
  0.600     0.00000  
  0.700     0.00000  
  0.800     0.00000  
  0.900     0.00000  
  1.000     0.00000  
  1.100     0.00000  
  1.200     0.00000  
  1.300     0.00000  
  1.400     0.00000  
  1.500     0.00000  
  1.600     0.00000  
  1.700     0.00000  
  1.800     0.00000  
  1.900     0.00000  
  2.000     0.00000  
  2.100     0.00000  
  2.200     0.00000  
  2.300     0.00000  
  2.400     0.00000  
  2.500     0.00000  
  2.600     0.00000  
  2.700     0.00000  
  2.800     0.00000  
  2.900     0.00000  
  3.000     0.00000  
  3.100     0.00000  
  3.200     0.00000  
  3.300     0.00000  
  3.400     0.00000  
  3.500     0.00000  
  3.600     0.00000  
  3.700     0.00000  
  3.800     0.00000  
  3.900     0.00000  
  4.000     0.00000  
  4.100     0.00000  
  4.200     0.00000  
  4.300     0.00000  
  4.400     0.00000  
  4.500     0.00000  
  4.600     0.00000  
  4.700     0.00000  
  4.800     0.00000  
  4.900     0.00000  
  5.000     0.00000  
  5.100     0.00000  
  5.200     0.00000  
  5.300     0.00000  
  5.400     0.00000  
  5.500     0.00000  
  5.600     0.00000  
  5.700     0.00000  
  5.800     0.00000  
  5.900     0.00000  
  6.000     0.00000  
  6.100     0.00000  
  6.200     0.00000  
  6.300     0.00000  
  6.400     0.00000  
  6.500     0.00000  
  6.600     0.00000  
  6.700     0.00000  
  6.800     0.00000  
  6.900     0.00000  
  7.000     0.00000  
  7.100     0.00000  
  7.200     0.00000  
  7.300     0.00000  
  7.400     0.00000  
  7.500     0.00000  
  7.600     0.00000  
  7.700     0.00000  
  7.800     0.00000  
  7.900     0.00000  
  8.000     0.00000  
  8.100    -0.00001  
  8.200    -0.00001  
  8.300    -0.00001  
  8.400    -0.00001  
  8.500    -0.00001  
  8.600    -0.00001  
  8.700    -0.00001  
  8.800    -0.00001  
  8.900    -0.00001  
  9.000    -0.00001  
  9.100    -0.00001  
  9.200    -0.00001  
  9.300    -0.00001  
  9.400    -0.00001  
  9.500    -0.00001  
  9.600    -0.00001  
  9.700    -0.00001  
  9.800    -0.00002  
  9.900    -0.00002  
 10.000    -0.00002  
 10.100    -0.00002  
 10.200    -0.00002  
 10.300    -0.00002  
 10.400    -0.00002  
 10.500    -0.00002  
 10.600    -0.00002  
 10.700    -0.00002  
 10.800    -0.00003  
 10.900    -0.00003  
 11.000    -0.00003  
 11.100    -0.00003  
 11.200    -0.00003  
 11.300    -0.00003  
 11.400    -0.00003  
 11.500    -0.00004  
 11.600    -0.00004  
 11.700    -0.00004  
 11.800    -0.00004  
 11.900    -0.00004  
 12.000    -0.00004  
 12.100    -0.00005  
 12.200    -0.00005  
 12.300    -0.00005  
 12.400    -0.00005  
 12.500    -0.00005  
 12.600    -0.00006  
 12.700    -0.00006  
 12.800    -0.00006  
 12.900    -0.00006  
 13.000    -0.00007  
 13.100    -0.00007  
 13.200    -0.00007  
 13.300    -0.00007  
 13.400    -0.00008  
 13.500    -0.00008  
 13.600    -0.00008  
 13.700    -0.00008  
 13.800    -0.00009  
 13.900    -0.00009  
 14.000    -0.00009  
 14.100    -0.00010  
 14.200    -0.00010  
 14.300    -0.00010  
 14.400    -0.00011  
 14.500    -0.00011  
 14.600    -0.00011  
 14.700    -0.00012  
 14.800    -0.00012  
 14.900    -0.00013  
 15.000    -0.00013  
 15.100    -0.00013  
 15.200    -0.00014  
 15.300    -0.00014  
 15.400    -0.00015  
 15.500    -0.00015  
 15.600    -0.00016  
 15.700    -0.00016  
 15.800    -0.00017  
 15.900    -0.00017  
 16.000    -0.00017  
 16.100    -0.00018  
 16.200    -0.00019  
 16.300    -0.00019  
 16.400    -0.00020  
 16.500    -0.00020  
 16.600    -0.00021  
 16.700    -0.00021  
 16.800    -0.00022  
 16.900    -0.00022  
 17.000    -0.00023  
 17.100    -0.00024  
 17.200    -0.00024  
 17.300    -0.00025  
 17.400    -0.00026  
 17.500    -0.00026  
 17.600    -0.00027  
 17.700    -0.00028  
 17.800    -0.00028  
 17.900    -0.00029  
 18.000    -0.00030  
 18.100    -0.00030  
 18.200    -0.00031  
 18.300    -0.00032  
 18.400    -0.00033  
 18.500    -0.00033  
 18.600    -0.00034  
 18.700    -0.00035  
 18.800    -0.00036  
 18.900    -0.00037  
 19.000    -0.00037  
 19.100    -0.00038  
 19.200    -0.00039  
 19.300    -0.00040  
 19.400    -0.00041  
 19.500    -0.00042  
 19.600    -0.00043  
 19.700    -0.00044  
 19.800    -0.00045  
 19.900    -0.00046  
 20.000    -0.00047  
 20.100    -0.00048  
 20.200    -0.00049  
 20.300    -0.00050  
 20.400    -0.00051  
 20.500    -0.00052  
 20.600    -0.00053  
 20.700    -0.00054  
 20.800    -0.00055  
 20.900    -0.00056  
 21.000    -0.00057  
 21.100    -0.00058  
 21.200    -0.00059  
 21.300    -0.00061  
 21.400    -0.00062  
 21.500    -0.00063  
 21.600    -0.00064  
 21.700    -0.00065  
 21.800    -0.00067  
 21.900    -0.00068  
 22.000    -0.00069  
 22.100    -0.00070  
 22.200    -0.00072  
 22.300    -0.00073  
 22.400    -0.00074  
 22.500    -0.00076  
 22.600    -0.00077  
 22.700    -0.00079  
 22.800    -0.00080  
 22.900    -0.00081  
 23.000    -0.00083  
 23.100    -0.00084  
 23.200    -0.00086  
 23.300    -0.00087  
 23.400    -0.00089  
 23.500    -0.00090  
 23.600    -0.00092  
 23.700    -0.00093  
 23.800    -0.00095  
 23.900    -0.00096  
 24.000    -0.00098  
 24.100    -0.00100  
 24.200    -0.00101  
 24.300    -0.00103  
 24.400    -0.00105  
 24.500    -0.00106  
 24.600    -0.00108  
 24.700    -0.00110  
 24.800    -0.00112  
 24.900    -0.00113  
 25.000    -0.00115  
 25.100    -0.00117  
 25.200    -0.00119  
 25.300    -0.00121  
 25.400    -0.00122  
 25.500    -0.00124  
 25.600    -0.00126  
 25.700    -0.00128  
 25.800    -0.00130  
 25.900    -0.00132  
 26.000    -0.00134  
 26.100    -0.00136  
 26.200    -0.00138  
 26.300    -0.00140  
 26.400    -0.00142  
 26.500    -0.00144  
 26.600    -0.00146  
 26.700    -0.00148  
 26.800    -0.00150  
 26.900    -0.00152  
 27.000    -0.00155  
 27.100    -0.00157  
 27.200    -0.00159  
 27.300    -0.00161  
 27.400    -0.00163  
 27.500    -0.00166  
 27.600    -0.00168  
 27.700    -0.00170  
 27.800    -0.00173  
 27.900    -0.00175  
 28.000    -0.00177  
 28.100    -0.00180  
 28.200    -0.00182  
 28.300    -0.00184  
 28.400    -0.00187  
 28.500    -0.00189  
 28.600    -0.00192  
 28.700    -0.00194  
 28.800    -0.00197  
 28.900    -0.00199  
 29.000    -0.00202  
 29.100    -0.00204  
 29.200    -0.00207  
 29.300    -0.00209  
 29.400    -0.00212  
 29.500    -0.00215  
 29.600    -0.00217  
 29.700    -0.00220  
 29.800    -0.00223  
 29.900    -0.00226  
 30.000    -0.00228  
 30.100    -0.00231  
 30.200    -0.00234  
 30.300    -0.00237  
 30.400    -0.00239  
 30.500    -0.00242  
 30.600    -0.00245  
 30.700    -0.00248  
 30.800    -0.00251  
 30.900    -0.00254  
 31.000    -0.00257  
 31.100    -0.00260  
 31.200    -0.00263  
 31.300    -0.00266  
 31.400    -0.00269  
 31.500    -0.00272  
 31.600    -0.00275  
 31.700    -0.00278  
 31.800    -0.00281  
 31.900    -0.00284  
 32.000    -0.00288  
 32.100    -0.00291  
 32.200    -0.00294  
 32.300    -0.00297  
 32.400    -0.00300  
 32.500    -0.00304  
 32.600    -0.00307  
 32.700    -0.00310  
 32.800    -0.00314  
 32.900    -0.00317  
 33.000    -0.00320  
 33.100    -0.00324  
 33.200    -0.00327  
 33.300    -0.00331  
 33.400    -0.00334  
 33.500    -0.00338  
 33.600    -0.00341  
 33.700    -0.00345  
 33.800    -0.00348  
 33.900    -0.00352  
 34.000    -0.00355  
 34.100    -0.00359  
 34.200    -0.00363  
 34.300    -0.00366  
 34.400    -0.00370  
 34.500    -0.00374  
 34.600    -0.00377  
 34.700    -0.00381  
 34.800    -0.00385  
 34.900    -0.00389  
 35.000    -0.00393  
 35.100    -0.00396  
 35.200    -0.00400  
 35.300    -0.00404  
 35.400    -0.00408  
 35.500    -0.00412  
 35.600    -0.00416  
 35.700    -0.00420  
 35.800    -0.00424  
 35.900    -0.00428  
 36.000    -0.00432  
 36.100    -0.00436  
 36.200    -0.00440  
 36.300    -0.00444  
 36.400    -0.00448  
 36.500    -0.00452  
 36.600    -0.00456  
 36.700    -0.00461  
 36.800    -0.00465  
 36.900    -0.00469  
 37.000    -0.00473  
 37.100    -0.00477  
 37.200    -0.00482  
 37.300    -0.00486  
 37.400    -0.00490  
 37.500    -0.00495  
 37.600    -0.00499  
 37.700    -0.00504  
 37.800    -0.00508  
 37.900    -0.00512  
 38.000    -0.00517  
 38.100    -0.00521  
 38.200    -0.00526  
 38.300    -0.00530  
 38.400    -0.00535  
 38.500    -0.00540  
 38.600    -0.00544  
 38.700    -0.00549  
 38.800    -0.00553  
 38.900    -0.00558  
 39.000    -0.00563  
 39.100    -0.00568  
 39.200    -0.00572  
 39.300    -0.00577  
 39.400    -0.00582  
 39.500    -0.00587  
 39.600    -0.00591  
 39.700    -0.00596  
 39.800    -0.00601  
 39.900    -0.00606  
 40.000    -0.00611  
 40.100    -0.00616  
 40.200    -0.00621  
 40.300    -0.00626  
 40.400    -0.00631  
 40.500    -0.00636  
 40.600    -0.00641  
 40.700    -0.00646  
 40.800    -0.00651  
 40.900    -0.00656  
 41.000    -0.00661  
 41.100    -0.00666  
 41.200    -0.00672  
 41.300    -0.00677  
 41.400    -0.00682  
 41.500    -0.00687  
 41.600    -0.00693  
 41.700    -0.00698  
 41.800    -0.00703  
 41.900    -0.00709  
 42.000    -0.00714  
 42.100    -0.00719  
 42.200    -0.00725  
 42.300    -0.00730  
 42.400    -0.00736  
 42.500    -0.00741  
 42.600    -0.00746  
 42.700    -0.00752  
 42.800    -0.00757  
 42.900    -0.00763  
 43.000    -0.00769  
 43.100    -0.00774  
 43.200    -0.00780  
 43.300    -0.00785  
 43.400    -0.00791  
 43.500    -0.00797  
 43.600    -0.00803  
 43.700    -0.00808  
 43.800    -0.00814  
 43.900    -0.00820  
 44.000    -0.00826  
 44.100    -0.00831  
 44.200    -0.00837  
 44.300    -0.00843  
 44.400    -0.00849  
 44.500    -0.00855  
 44.600    -0.00861  
 44.700    -0.00867  
 44.800    -0.00873  
 44.900    -0.00879  
 45.000    -0.00885  
 45.100    -0.00891  
 45.200    -0.00897  
 45.300    -0.00903  
 45.400    -0.00909  
 45.500    -0.00915  
 45.600    -0.00921  
 45.700    -0.00928  
 45.800    -0.00934  
 45.900    -0.00940  
 46.000    -0.00946  
 46.100    -0.00952  
 46.200    -0.00959  
 46.300    -0.00965  
 46.400    -0.00971  
 46.500    -0.00978  
 46.600    -0.00984  
 46.700    -0.00990  
 46.800    -0.00997  
 46.900    -0.01003  
 47.000    -0.01010  
 47.100    -0.01016  
 47.200    -0.01023  
 47.300    -0.01029  
 47.400    -0.01036  
 47.500    -0.01042  
 47.600    -0.01049  
 47.700    -0.01056  
 47.800    -0.01062  
 47.900    -0.01069  
 48.000    -0.01076  
 48.100    -0.01082  
 48.200    -0.01089  
 48.300    -0.01096  
 48.400    -0.01103  
 48.500    -0.01109  
 48.600    -0.01116  
 48.700    -0.01123  
 48.800    -0.01130  
 48.900    -0.01137  
 49.000    -0.01144  
 49.100    -0.01150  
 49.200    -0.01157  
 49.300    -0.01164  
 49.400    -0.01171  
 49.500    -0.01178  
 49.600    -0.01185  
 49.700    -0.01192  
 49.800    -0.01199  
 49.900    -0.01206  
 50.000    -0.01214  
 50.100    -0.01221  
 50.200    -0.01228  
 50.300    -0.01235  
 50.400    -0.01242  
 50.500    -0.01249  
 50.600    -0.01257  
 50.700    -0.01264  
 50.800    -0.01271  
 50.900    -0.01278  
 51.000    -0.01286  
 51.100    -0.01293  
 51.200    -0.01300  
 51.300    -0.01308  
 51.400    -0.01315  
 51.500    -0.01323  
 51.600    -0.01330  
 51.700    -0.01337  
 51.800    -0.01345  
 51.900    -0.01352  
 52.000    -0.01360  
 52.100    -0.01368  
 52.200    -0.01375  
 52.300    -0.01383  
 52.400    -0.01390  
 52.500    -0.01398  
 52.600    -0.01406  
 52.700    -0.01413  
 52.800    -0.01421  
 52.900    -0.01429  
 53.000    -0.01436  
 53.100    -0.01444  
 53.200    -0.01452  
 53.300    -0.01460  
 53.400    -0.01468  
 53.500    -0.01475  
 53.600    -0.01483  
 53.700    -0.01491  
 53.800    -0.01499  
 53.900    -0.01507  
 54.000    -0.01515  
 54.100    -0.01523  
 54.200    -0.01531  
 54.300    -0.01539  
 54.400    -0.01547  
 54.500    -0.01555  
 54.600    -0.01563  
 54.700    -0.01571  
 54.800    -0.01579  
 54.900    -0.01587  
 55.000    -0.01595  
 55.100    -0.01604  
 55.200    -0.01612  
 55.300    -0.01620  
 55.400    -0.01628  
 55.500    -0.01636  
 55.600    -0.01645  
 55.700    -0.01653  
 55.800    -0.01661  
 55.900    -0.01670  
 56.000    -0.01678  
 56.100    -0.01686  
 56.200    -0.01695  
 56.300    -0.01703  
 56.400    -0.01711  
 56.500    -0.01720  
 56.600    -0.01728  
 56.700    -0.01737  
 56.800    -0.01745  
 56.900    -0.01754  
 57.000    -0.01763  
 57.100    -0.01771  
 57.200    -0.01780  
 57.300    -0.01788  
 57.400    -0.01797  
 57.500    -0.01806  
 57.600    -0.01814  
 57.700    -0.01823  
 57.800    -0.01832  
 57.900    -0.01840  
 58.000    -0.01849  
 58.100    -0.01858  
 58.200    -0.01867  
 58.300    -0.01875  
 58.400    -0.01884  
 58.500    -0.01893  
 58.600    -0.01902  
 58.700    -0.01911  
 58.800    -0.01920  
 58.900    -0.01929  
 59.000    -0.01938  
 59.100    -0.01946  
 59.200    -0.01955  
 59.300    -0.01964  
 59.400    -0.01973  
 59.500    -0.01983  
 59.600    -0.01992  
 59.700    -0.02001  
 59.800    -0.02010  
 59.900    -0.02019  
 60.000    -0.02028  
 60.100    -0.02037  
 60.200    -0.02046  
 60.300    -0.02055  
 60.400    -0.02065  
 60.500    -0.02074  
 60.600    -0.02083  
 60.700    -0.02092  
 60.800    -0.02102  
 60.900    -0.02111  
 61.000    -0.02120  
 61.100    -0.02130  
 61.200    -0.02139  
 61.300    -0.02148  
 61.400    -0.02158  
 61.500    -0.02167  
 61.600    -0.02177  
 61.700    -0.02186  
 61.800    -0.02196  
 61.900    -0.02205  
 62.000    -0.02215  
 62.100    -0.02224  
 62.200    -0.02234  
 62.300    -0.02243  
 62.400    -0.02253  
 62.500    -0.02262  
 62.600    -0.02272  
 62.700    -0.02282  
 62.800    -0.02291  
 62.900    -0.02301  
 63.000    -0.02311  
 63.100    -0.02320  
 63.200    -0.02330  
 63.300    -0.02340  
 63.400    -0.02350  
 63.500    -0.02359  
 63.600    -0.02369  
 63.700    -0.02379  
 63.800    -0.02389  
 63.900    -0.02399  
 64.000    -0.02409  
 64.100    -0.02419  
 64.200    -0.02429  
 64.300    -0.02438  
 64.400    -0.02448  
 64.500    -0.02458  
 64.600    -0.02468  
 64.700    -0.02478  
 64.800    -0.02488  
 64.900    -0.02498  
 65.000    -0.02509  
 65.100    -0.02519  
 65.200    -0.02529  
 65.300    -0.02539  
 65.400    -0.02549  
 65.500    -0.02559  
 65.600    -0.02569  
 65.700    -0.02579  
 65.800    -0.02590  
 65.900    -0.02600  
 66.000    -0.02610  
 66.100    -0.02620  
 66.200    -0.02631  
 66.300    -0.02641  
 66.400    -0.02651  
 66.500    -0.02662  
 66.600    -0.02672  
 66.700    -0.02682  
 66.800    -0.02693  
 66.900    -0.02703  
 67.000    -0.02713  
 67.100    -0.02724  
 67.200    -0.02734  
 67.300    -0.02745  
 67.400    -0.02755  
 67.500    -0.02766  
 67.600    -0.02776  
 67.700    -0.02787  
 67.800    -0.02797  
 67.900    -0.02808  
 68.000    -0.02819  
 68.100    -0.02829  
 68.200    -0.02840  
 68.300    -0.02850  
 68.400    -0.02861  
 68.500    -0.02872  
 68.600    -0.02882  
 68.700    -0.02893  
 68.800    -0.02904  
 68.900    -0.02915  
 69.000    -0.02925  
 69.100    -0.02936  
 69.200    -0.02947  
 69.300    -0.02958  
 69.400    -0.02969  
 69.500    -0.02979  
 69.600    -0.02990  
 69.700    -0.03001  
 69.800    -0.03012  
 69.900    -0.03023  
 70.000    -0.03034  
 70.100    -0.03045  
 70.200    -0.03056  
 70.300    -0.03067  
 70.400    -0.03078  
 70.500    -0.03089  
 70.600    -0.03100  
 70.700    -0.03111  
 70.800    -0.03122  
 70.900    -0.03133  
 71.000    -0.03144  
 71.100    -0.03155  
 71.200    -0.03166  
 71.300    -0.03177  
 71.400    -0.03189  
 71.500    -0.03200  
 71.600    -0.03211  
 71.700    -0.03222  
 71.800    -0.03233  
 71.900    -0.03245  
 72.000    -0.03256  
 72.100    -0.03267  
 72.200    -0.03278  
 72.300    -0.03290  
 72.400    -0.03301  
 72.500    -0.03312  
 72.600    -0.03324  
 72.700    -0.03335  
 72.800    -0.03346  
 72.900    -0.03358  
 73.000    -0.03369  
 73.100    -0.03381  
 73.200    -0.03392  
 73.300    -0.03404  
 73.400    -0.03415  
 73.500    -0.03427  
 73.600    -0.03438  
 73.700    -0.03450  
 73.800    -0.03461  
 73.900    -0.03473  
 74.000    -0.03484  
 74.100    -0.03496  
 74.200    -0.03508  
 74.300    -0.03519  
 74.400    -0.03531  
 74.500    -0.03543  
 74.600    -0.03554  
 74.700    -0.03566  
 74.800    -0.03578  
 74.900    -0.03589  
 75.000    -0.03601  
 75.100    -0.03613  
 75.200    -0.03625  
 75.300    -0.03636  
 75.400    -0.03648  
 75.500    -0.03660  
 75.600    -0.03672  
 75.700    -0.03684  
 75.800    -0.03695  
 75.900    -0.03707  
 76.000    -0.03719  
 76.100    -0.03731  
 76.200    -0.03743  
 76.300    -0.03755  
 76.400    -0.03767  
 76.500    -0.03779  
 76.600    -0.03791  
 76.700    -0.03803  
 76.800    -0.03815  
 76.900    -0.03827  
 77.000    -0.03839  
 77.100    -0.03851  
 77.200    -0.03863  
 77.300    -0.03875  
 77.400    -0.03887  
 77.500    -0.03899  
 77.600    -0.03911  
 77.700    -0.03923  
 77.800    -0.03936  
 77.900    -0.03948  
 78.000    -0.03960  
 78.100    -0.03972  
 78.200    -0.03984  
 78.300    -0.03997  
 78.400    -0.04009  
 78.500    -0.04021  
 78.600    -0.04033  
 78.700    -0.04046  
 78.800    -0.04058  
 78.900    -0.04070  
 79.000    -0.04083  
 79.100    -0.04095  
 79.200    -0.04107  
 79.300    -0.04120  
 79.400    -0.04132  
 79.500    -0.04145  
 79.600    -0.04157  
 79.700    -0.04169  
 79.800    -0.04182  
 79.900    -0.04194  
 80.000    -0.04207  
 80.100    -0.04219  
 80.200    -0.04232  
 80.300    -0.04244  
 80.400    -0.04257  
 80.500    -0.04269  
 80.600    -0.04282  
 80.700    -0.04295  
 80.800    -0.04307  
 80.900    -0.04320  
 81.000    -0.04332  
 81.100    -0.04345  
 81.200    -0.04358  
 81.300    -0.04370  
 81.400    -0.04383  
 81.500    -0.04396  
 81.600    -0.04408  
 81.700    -0.04421  
 81.800    -0.04434  
 81.900    -0.04446  
 82.000    -0.04459  
 82.100    -0.04472  
 82.200    -0.04485  
 82.300    -0.04498  
 82.400    -0.04510  
 82.500    -0.04523  
 82.600    -0.04536  
 82.700    -0.04549  
 82.800    -0.04562  
 82.900    -0.04575  
 83.000    -0.04587  
 83.100    -0.04600  
 83.200    -0.04613  
 83.300    -0.04626  
 83.400    -0.04639  
 83.500    -0.04652  
 83.600    -0.04665  
 83.700    -0.04678  
 83.800    -0.04691  
 83.900    -0.04704  
 84.000    -0.04717  
 84.100    -0.04730  
 84.200    -0.04743  
 84.300    -0.04756  
 84.400    -0.04769  
 84.500    -0.04782  
 84.600    -0.04796  
 84.700    -0.04809  
 84.800    -0.04822  
 84.900    -0.04835  
 85.000    -0.04848  
 85.100    -0.04861  
 85.200    -0.04874  
 85.300    -0.04888  
 85.400    -0.04901  
 85.500    -0.04914  
 85.600    -0.04927  
 85.700    -0.04941  
 85.800    -0.04954  
 85.900    -0.04967  
 86.000    -0.04980  
 86.100    -0.04994  
 86.200    -0.05007  
 86.300    -0.05020  
 86.400    -0.05034  
 86.500    -0.05047  
 86.600    -0.05060  
 86.700    -0.05074  
 86.800    -0.05087  
 86.900    -0.05101  
 87.000    -0.05114  
 87.100    -0.05127  
 87.200    -0.05141  
 87.300    -0.05154  
 87.400    -0.05168  
 87.500    -0.05181  
 87.600    -0.05195  
 87.700    -0.05208  
 87.800    -0.05222  
 87.900    -0.05235  
 88.000    -0.05249  
 88.100    -0.05262  
 88.200    -0.05276  
 88.300    -0.05289  
 88.400    -0.05303  
 88.500    -0.05317  
 88.600    -0.05330  
 88.700    -0.05344  
 88.800    -0.05358  
 88.900    -0.05371  
 89.000    -0.05385  
 89.100    -0.05399  
 89.200    -0.05412  
 89.300    -0.05426  
 89.400    -0.05440  
 89.500    -0.05453  
 89.600    -0.05467  
 89.700    -0.05481  
 89.800    -0.05495  
 89.900    -0.05508  
 90.000    -0.05522  
 90.100    -0.05536  
 90.200    -0.05550  
 90.300    -0.05564  
 90.400    -0.05577  
 90.500    -0.05591  
 90.600    -0.05605  
 90.700    -0.05619  
 90.800    -0.05633  
 90.900    -0.05647  
 91.000    -0.05661  
 91.100    -0.05675  
 91.200    -0.05689  
 91.300    -0.05702  
 91.400    -0.05716  
 91.500    -0.05730  
 91.600    -0.05744  
 91.700    -0.05758  
 91.800    -0.05772  
 91.900    -0.05786  
 92.000    -0.05800  
 92.100    -0.05814  
 92.200    -0.05828  
 92.300    -0.05842  
 92.400    -0.05856  
 92.500    -0.05871  
 92.600    -0.05885  
 92.700    -0.05899  
 92.800    -0.05913  
 92.900    -0.05927  
 93.000    -0.05941  
 93.100    -0.05955  
 93.200    -0.05969  
 93.300    -0.05984  
 93.400    -0.05998  
 93.500    -0.06012  
 93.600    -0.06026  
 93.700    -0.06040  
 93.800    -0.06055  
 93.900    -0.06069  
 94.000    -0.06083  
 94.100    -0.06097  
 94.200    -0.06112  
 94.300    -0.06126  
 94.400    -0.06140  
 94.500    -0.06154  
 94.600    -0.06169  
 94.700    -0.06183  
 94.800    -0.06197  
 94.900    -0.06212  
 95.000    -0.06226  
 95.100    -0.06240  
 95.200    -0.06255  
 95.300    -0.06269  
 95.400    -0.06284  
 95.500    -0.06298  
 95.600    -0.06312  
 95.700    -0.06327  
 95.800    -0.06341  
 95.900    -0.06356  
 96.000    -0.06370  
 96.100    -0.06385  
 96.200    -0.06399  
 96.300    -0.06414  
 96.400    -0.06428  
 96.500    -0.06443  
 96.600    -0.06457  
 96.700    -0.06472  
 96.800    -0.06486  
 96.900    -0.06501  
 97.000    -0.06515  
 97.100    -0.06530  
 97.200    -0.06545  
 97.300    -0.06559  
 97.400    -0.06574  
 97.500    -0.06589  
 97.600    -0.06603  
 97.700    -0.06618  
 97.800    -0.06632  
 97.900    -0.06647  
 98.000    -0.06662  
 98.100    -0.06676  
 98.200    -0.06691  
 98.300    -0.06706  
 98.400    -0.06721  
 98.500    -0.06735  
 98.600    -0.06750  
 98.700    -0.06765  
 98.800    -0.06780  
 98.900    -0.06794  
 99.000    -0.06809  
 99.100    -0.06824  
 99.200    -0.06839  
 99.300    -0.06853  
 99.400    -0.06868  
 99.500    -0.06883  
 99.600    -0.06898  
 99.700    -0.06913  
 99.800    -0.06928  
 99.900    -0.06943  
100.000    -0.06957  
100.100    -0.06972  
100.200    -0.06987  
100.300    -0.07002  
100.400    -0.07017  
100.500    -0.07032  
100.600    -0.07047  
100.700    -0.07062  
100.800    -0.07077  
100.900    -0.07092  
101.000    -0.07107  
101.100    -0.07122  
101.200    -0.07137  
101.300    -0.07152  
101.400    -0.07167  
101.500    -0.07182  
101.600    -0.07197  
101.700    -0.07212  
101.800    -0.07227  
101.900    -0.07242  
102.000    -0.07257  
102.100    -0.07272  
102.200    -0.07287  
102.300    -0.07302  
102.400    -0.07317  
102.500    -0.07333  
102.600    -0.07348  
102.700    -0.07363  
102.800    -0.07378  
102.900    -0.07393  
103.000    -0.07408  
103.100    -0.07423  
103.200    -0.07439  
103.300    -0.07454  
103.400    -0.07469  
103.500    -0.07484  
103.600    -0.07499  
103.700    -0.07515  
103.800    -0.07530  
103.900    -0.07545  
104.000    -0.07560  
104.100    -0.07576  
104.200    -0.07591  
104.300    -0.07606  
104.400    -0.07622  
104.500    -0.07637  
104.600    -0.07652  
104.700    -0.07667  
104.800    -0.07683  
104.900    -0.07698  
105.000    -0.07713  
105.100    -0.07729  
105.200    -0.07744  
105.300    -0.07760  
105.400    -0.07775  
105.500    -0.07790  
105.600    -0.07806  
105.700    -0.07821  
105.800    -0.07837  
105.900    -0.07852  
106.000    -0.07867  
106.100    -0.07883  
106.200    -0.07898  
106.300    -0.07914  
106.400    -0.07929  
106.500    -0.07945  
106.600    -0.07960  
106.700    -0.07976  
106.800    -0.07991  
106.900    -0.08007  
107.000    -0.08022  
107.100    -0.08038  
107.200    -0.08053  
107.300    -0.08069  
107.400    -0.08085  
107.500    -0.08100  
107.600    -0.08116  
107.700    -0.08131  
107.800    -0.08147  
107.900    -0.08162  
108.000    -0.08178  
108.100    -0.08194  
108.200    -0.08209  
108.300    -0.08225  
108.400    -0.08241  
108.500    -0.08256  
108.600    -0.08272  
108.700    -0.08288  
108.800    -0.08303  
108.900    -0.08319  
109.000    -0.08335  
109.100    -0.08350  
109.200    -0.08366  
109.300    -0.08382  
109.400    -0.08398  
109.500    -0.08413  
109.600    -0.08429  
109.700    -0.08445  
109.800    -0.08461  
109.900    -0.08476  
110.000    -0.08492  
110.100    -0.08508  
110.200    -0.08524  
110.300    -0.08539  
110.400    -0.08555  
110.500    -0.08571  
110.600    -0.08587  
110.700    -0.08603  
110.800    -0.08619  
110.900    -0.08634  
111.000    -0.08650  
111.100    -0.08666  
111.200    -0.08682  
111.300    -0.08698  
111.400    -0.08714  
111.500    -0.08730  
111.600    -0.08746  
111.700    -0.08762  
111.800    -0.08777  
111.900    -0.08793  
112.000    -0.08809  
112.100    -0.08825  
112.200    -0.08841  
112.300    -0.08857  
112.400    -0.08873  
112.500    -0.08889  
112.600    -0.08905  
112.700    -0.08921  
112.800    -0.08937  
112.900    -0.08953  
113.000    -0.08969  
113.100    -0.08985  
113.200    -0.09001  
113.300    -0.09017  
113.400    -0.09033  
113.500    -0.09049  
113.600    -0.09065  
113.700    -0.09081  
113.800    -0.09098  
113.900    -0.09114  
114.000    -0.09130  
114.100    -0.09146  
114.200    -0.09162  
114.300    -0.09178  
114.400    -0.09194  
114.500    -0.09210  
114.600    -0.09226  
114.700    -0.09243  
114.800    -0.09259  
114.900    -0.09275  
115.000    -0.09291  
115.100    -0.09307  
115.200    -0.09323  
115.300    -0.09340  
115.400    -0.09356  
115.500    -0.09372  
115.600    -0.09388  
115.700    -0.09404  
115.800    -0.09421  
115.900    -0.09437  
116.000    -0.09453  
116.100    -0.09469  
116.200    -0.09486  
116.300    -0.09502  
116.400    -0.09518  
116.500    -0.09534  
116.600    -0.09551  
116.700    -0.09567  
116.800    -0.09583  
116.900    -0.09600  
117.000    -0.09616  
117.100    -0.09632  
117.200    -0.09648  
117.300    -0.09665  
117.400    -0.09681  
117.500    -0.09697  
117.600    -0.09714  
117.700    -0.09730  
117.800    -0.09747  
117.900    -0.09763  
118.000    -0.09779  
118.100    -0.09796  
118.200    -0.09812  
118.300    -0.09828  
118.400    -0.09845  
118.500    -0.09861  
118.600    -0.09878  
118.700    -0.09894  
118.800    -0.09911  
118.900    -0.09927  
119.000    -0.09943  
119.100    -0.09960  
119.200    -0.09976  
119.300    -0.09993  
119.400    -0.10009  
119.500    -0.10026  
119.600    -0.10042  
119.700    -0.10059  
119.800    -0.10075  
119.900    -0.10092  
120.000    -0.10108  
120.100    -0.10125  
120.200    -0.10141  
120.300    -0.10158  
120.400    -0.10174  
120.500    -0.10191  
120.600    -0.10208  
120.700    -0.10224  
120.800    -0.10241  
120.900    -0.10257  
121.000    -0.10274  
121.100    -0.10290  
121.200    -0.10307  
121.300    -0.10324  
121.400    -0.10340  
121.500    -0.10357  
121.600    -0.10373  
121.700    -0.10390  
121.800    -0.10407  
121.900    -0.10423  
122.000    -0.10440  
122.100    -0.10457  
122.200    -0.10473  
122.300    -0.10490  
122.400    -0.10507  
122.500    -0.10523  
122.600    -0.10540  
122.700    -0.10557  
122.800    -0.10573  
122.900    -0.10590  
123.000    -0.10607  
123.100    -0.10624  
123.200    -0.10640  
123.300    -0.10657  
123.400    -0.10674  
123.500    -0.10690  
123.600    -0.10707  
123.700    -0.10724  
123.800    -0.10741  
123.900    -0.10757  
124.000    -0.10774  
124.100    -0.10791  
124.200    -0.10808  
124.300    -0.10825  
124.400    -0.10841  
124.500    -0.10858  
124.600    -0.10875  
124.700    -0.10892  
124.800    -0.10909  
124.900    -0.10925  
125.000    -0.10942  
125.100    -0.10959  
125.200    -0.10976  
125.300    -0.10993  
125.400    -0.11010  
125.500    -0.11026  
125.600    -0.11043  
125.700    -0.11060  
125.800    -0.11077  
125.900    -0.11094  
126.000    -0.11111  
126.100    -0.11128  
126.200    -0.11145  
126.300    -0.11161  
126.400    -0.11178  
126.500    -0.11195  
126.600    -0.11212  
126.700    -0.11229  
126.800    -0.11246  
126.900    -0.11263  
127.000    -0.11280  
127.100    -0.11297  
127.200    -0.11314  
127.300    -0.11331  
127.400    -0.11348  
127.500    -0.11365  
127.600    -0.11382  
127.700    -0.11399  
127.800    -0.11416  
127.900    -0.11433  
128.000    -0.11450  
128.100    -0.11467  
128.200    -0.11484  
128.300    -0.11501  
128.400    -0.11518  
128.500    -0.11535  
128.600    -0.11552  
128.700    -0.11569  
128.800    -0.11586  
128.900    -0.11603  
129.000    -0.11620  
129.100    -0.11637  
129.200    -0.11654  
129.300    -0.11671  
129.400    -0.11688  
129.500    -0.11705  
129.600    -0.11722  
129.700    -0.11739  
129.800    -0.11757  
129.900    -0.11774  
130.000    -0.11791  
130.100    -0.11808  
130.200    -0.11825  
130.300    -0.11842  
130.400    -0.11859  
130.500    -0.11876  
130.600    -0.11894  
130.700    -0.11911  
130.800    -0.11928  
130.900    -0.11945  
131.000    -0.11962  
131.100    -0.11979  
131.200    -0.11996  
131.300    -0.12014  
131.400    -0.12031  
131.500    -0.12048  
131.600    -0.12065  
131.700    -0.12082  
131.800    -0.12100  
131.900    -0.12117  
132.000    -0.12134  
132.100    -0.12151  
132.200    -0.12168  
132.300    -0.12186  
132.400    -0.12203  
132.500    -0.12220  
132.600    -0.12237  
132.700    -0.12255  
132.800    -0.12272  
132.900    -0.12289  
133.000    -0.12306  
133.100    -0.12324  
133.200    -0.12341  
133.300    -0.12358  
133.400    -0.12375  
133.500    -0.12393  
133.600    -0.12410  
133.700    -0.12427  
133.800    -0.12445  
133.900    -0.12462  
134.000    -0.12479  
134.100    -0.12497  
134.200    -0.12514  
134.300    -0.12531  
134.400    -0.12548  
134.500    -0.12566  
134.600    -0.12583  
134.700    -0.12600  
134.800    -0.12618  
134.900    -0.12635  
135.000    -0.12653  
135.100    -0.12670  
135.200    -0.12687  
135.300    -0.12705  
135.400    -0.12722  
135.500    -0.12739  
135.600    -0.12757  
135.700    -0.12774  
135.800    -0.12792  
135.900    -0.12809  
136.000    -0.12826  
136.100    -0.12844  
136.200    -0.12861  
136.300    -0.12879  
136.400    -0.12896  
136.500    -0.12913  
136.600    -0.12931  
136.700    -0.12948  
136.800    -0.12966  
136.900    -0.12983  
137.000    -0.13001  
137.100    -0.13018  
137.200    -0.13035  
137.300    -0.13053  
137.400    -0.13070  
137.500    -0.13088  
137.600    -0.13105  
137.700    -0.13123  
137.800    -0.13140  
137.900    -0.13158  
138.000    -0.13175  
138.100    -0.13193  
138.200    -0.13210  
138.300    -0.13228  
138.400    -0.13245  
138.500    -0.13263  
138.600    -0.13280  
138.700    -0.13298  
138.800    -0.13315  
138.900    -0.13333  
139.000    -0.13350  
139.100    -0.13368  
139.200    -0.13386  
139.300    -0.13403  
139.400    -0.13421  
139.500    -0.13438  
139.600    -0.13456  
139.700    -0.13473  
139.800    -0.13491  
139.900    -0.13508  
140.000    -0.13526  
140.100    -0.13544  
140.200    -0.13561  
140.300    -0.13579  
140.400    -0.13596  
140.500    -0.13614  
140.600    -0.13632  
140.700    -0.13649  
140.800    -0.13667  
140.900    -0.13684  
141.000    -0.13702  
141.100    -0.13720  
141.200    -0.13737  
141.300    -0.13755  
141.400    -0.13773  
141.500    -0.13790  
141.600    -0.13808  
141.700    -0.13825  
141.800    -0.13843  
141.900    -0.13861  
142.000    -0.13878  
142.100    -0.13896  
142.200    -0.13914  
142.300    -0.13931  
142.400    -0.13949  
142.500    -0.13967  
142.600    -0.13984  
142.700    -0.14002  
142.800    -0.14020  
142.900    -0.14037  
143.000    -0.14055  
143.100    -0.14073  
143.200    -0.14091  
143.300    -0.14108  
143.400    -0.14126  
143.500    -0.14144  
143.600    -0.14161  
143.700    -0.14179  
143.800    -0.14197  
143.900    -0.14215  
144.000    -0.14232  
144.100    -0.14250  
144.200    -0.14268  
144.300    -0.14286  
144.400    -0.14303  
144.500    -0.14321  
144.600    -0.14339  
144.700    -0.14357  
144.800    -0.14374  
144.900    -0.14392  
145.000    -0.14410  
145.100    -0.14428  
145.200    -0.14445  
145.300    -0.14463  
145.400    -0.14481  
145.500    -0.14499  
145.600    -0.14517  
145.700    -0.14534  
145.800    -0.14552  
145.900    -0.14570  
146.000    -0.14588  
146.100    -0.14606  
146.200    -0.14623  
146.300    -0.14641  
146.400    -0.14659  
146.500    -0.14677  
146.600    -0.14695  
146.700    -0.14712  
146.800    -0.14730  
146.900    -0.14748  
147.000    -0.14766  
147.100    -0.14784  
147.200    -0.14802  
147.300    -0.14819  
147.400    -0.14837  
147.500    -0.14855  
147.600    -0.14873  
147.700    -0.14891  
147.800    -0.14909  
147.900    -0.14927  
148.000    -0.14944  
148.100    -0.14962  
148.200    -0.14980  
148.300    -0.14998  
148.400    -0.15016  
148.500    -0.15034  
148.600    -0.15052  
148.700    -0.15070  
148.800    -0.15088  
148.900    -0.15105  
149.000    -0.15123  
149.100    -0.15141  
149.200    -0.15159  
149.300    -0.15177  
149.400    -0.15195  
149.500    -0.15213  
149.600    -0.15231  
149.700    -0.15249  
149.800    -0.15267  
149.900    -0.15285  
150.000    -0.15303  
150.100    -0.15321  
150.200    -0.15338  
150.300    -0.15356  
150.400    -0.15374  
150.500    -0.15392  
150.600    -0.15410  
150.700    -0.15428  
150.800    -0.15446  
150.900    -0.15464  
151.000    -0.15482  
151.100    -0.15500  
151.200    -0.15518  
151.300    -0.15536  
151.400    -0.15554  
151.500    -0.15572  
151.600    -0.15590  
151.700    -0.15608  
151.800    -0.15626  
151.900    -0.15644  
152.000    -0.15662  
152.100    -0.15680  
152.200    -0.15698  
152.300    -0.15716  
152.400    -0.15734  
152.500    -0.15752  
152.600    -0.15770  
152.700    -0.15788  
152.800    -0.15806  
152.900    -0.15824  
153.000    -0.15842  
153.100    -0.15860  
153.200    -0.15878  
153.300    -0.15896  
153.400    -0.15914  
153.500    -0.15932  
153.600    -0.15950  
153.700    -0.15968  
153.800    -0.15986  
153.900    -0.16005  
154.000    -0.16023  
154.100    -0.16041  
154.200    -0.16059  
154.300    -0.16077  
154.400    -0.16095  
154.500    -0.16113  
154.600    -0.16131  
154.700    -0.16149  
154.800    -0.16167  
154.900    -0.16185  
155.000    -0.16203  
155.100    -0.16221  
155.200    -0.16239  
155.300    -0.16258  
155.400    -0.16276  
155.500    -0.16294  
155.600    -0.16312  
155.700    -0.16330  
155.800    -0.16348  
155.900    -0.16366  
156.000    -0.16384  
156.100    -0.16402  
156.200    -0.16421  
156.300    -0.16439  
156.400    -0.16457  
156.500    -0.16475  
156.600    -0.16493  
156.700    -0.16511  
156.800    -0.16529  
156.900    -0.16547  
157.000    -0.16566  
157.100    -0.16584  
157.200    -0.16602  
157.300    -0.16620  
157.400    -0.16638  
157.500    -0.16656  
157.600    -0.16674  
157.700    -0.16693  
157.800    -0.16711  
157.900    -0.16729  
158.000    -0.16747  
158.100    -0.16765  
158.200    -0.16783  
158.300    -0.16801  
158.400    -0.16820  
158.500    -0.16838  
158.600    -0.16856  
158.700    -0.16874  
158.800    -0.16892  
158.900    -0.16911  
159.000    -0.16929  
159.100    -0.16947  
159.200    -0.16965  
159.300    -0.16983  
159.400    -0.17001  
159.500    -0.17020  
159.600    -0.17038  
159.700    -0.17056  
159.800    -0.17074  
159.900    -0.17092  
160.000    -0.17111  
160.100    -0.17129  
160.200    -0.17147  
160.300    -0.17165  
160.400    -0.17184  
160.500    -0.17202  
160.600    -0.17220  
160.700    -0.17238  
160.800    -0.17256  
160.900    -0.17275  
161.000    -0.17293  
161.100    -0.17311  
161.200    -0.17329  
161.300    -0.17348  
161.400    -0.17366  
161.500    -0.17384  
161.600    -0.17402  
161.700    -0.17421  
161.800    -0.17439  
161.900    -0.17457  
162.000    -0.17475  
162.100    -0.17494  
162.200    -0.17512  
162.300    -0.17530  
162.400    -0.17548  
162.500    -0.17567  
162.600    -0.17585  
162.700    -0.17603  
162.800    -0.17621  
162.900    -0.17640  
163.000    -0.17658  
163.100    -0.17676  
163.200    -0.17694  
163.300    -0.17713  
163.400    -0.17731  
163.500    -0.17749  
163.600    -0.17768  
163.700    -0.17786  
163.800    -0.17804  
163.900    -0.17823  
164.000    -0.17841  
164.100    -0.17859  
164.200    -0.17877  
164.300    -0.17896  
164.400    -0.17914  
164.500    -0.17932  
164.600    -0.17951  
164.700    -0.17969  
164.800    -0.17987  
164.900    -0.18006  
165.000    -0.18024  
165.100    -0.18042  
165.200    -0.18060  
165.300    -0.18079  
165.400    -0.18097  
165.500    -0.18115  
165.600    -0.18134  
165.700    -0.18152  
165.800    -0.18170  
165.900    -0.18189  
166.000    -0.18207  
166.100    -0.18225  
166.200    -0.18244  
166.300    -0.18262  
166.400    -0.18280  
166.500    -0.18299  
166.600    -0.18317  
166.700    -0.18335  
166.800    -0.18354  
166.900    -0.18372  
167.000    -0.18391  
167.100    -0.18409  
167.200    -0.18427  
167.300    -0.18446  
167.400    -0.18464  
167.500    -0.18482  
167.600    -0.18501  
167.700    -0.18519  
167.800    -0.18537  
167.900    -0.18556  
168.000    -0.18574  
168.100    -0.18592  
168.200    -0.18611  
168.300    -0.18629  
168.400    -0.18648  
168.500    -0.18666  
168.600    -0.18684  
168.700    -0.18703  
168.800    -0.18721  
168.900    -0.18739  
169.000    -0.18758  
169.100    -0.18776  
169.200    -0.18795  
169.300    -0.18813  
169.400    -0.18831  
169.500    -0.18850  
169.600    -0.18868  
169.700    -0.18887  
169.800    -0.18905  
169.900    -0.18923  
170.000    -0.18942  
170.100    -0.18960  
170.200    -0.18979  
170.300    -0.18997  
170.400    -0.19015  
170.500    -0.19034  
170.600    -0.19052  
170.700    -0.19071  
170.800    -0.19089  
170.900    -0.19108  
171.000    -0.19126  
171.100    -0.19144  
171.200    -0.19163  
171.300    -0.19181  
171.400    -0.19200  
171.500    -0.19218  
171.600    -0.19236  
171.700    -0.19255  
171.800    -0.19273  
171.900    -0.19292  
172.000    -0.19310  
172.100    -0.19329  
172.200    -0.19347  
172.300    -0.19366  
172.400    -0.19384  
172.500    -0.19402  
172.600    -0.19421  
172.700    -0.19439  
172.800    -0.19458  
172.900    -0.19476  
173.000    -0.19495  
173.100    -0.19513  
173.200    -0.19531  
173.300    -0.19550  
173.400    -0.19568  
173.500    -0.19587  
173.600    -0.19605  
173.700    -0.19624  
173.800    -0.19642  
173.900    -0.19661  
174.000    -0.19679  
174.100    -0.19698  
174.200    -0.19716  
174.300    -0.19734  
174.400    -0.19753  
174.500    -0.19771  
174.600    -0.19790  
174.700    -0.19808  
174.800    -0.19827  
174.900    -0.19845  
175.000    -0.19864  
175.100    -0.19882  
175.200    -0.19901  
175.300    -0.19919  
175.400    -0.19938  
175.500    -0.19956  
175.600    -0.19975  
175.700    -0.19993  
175.800    -0.20012  
175.900    -0.20030  
176.000    -0.20048  
176.100    -0.20067  
176.200    -0.20085  
176.300    -0.20104  
176.400    -0.20122  
176.500    -0.20141  
176.600    -0.20159  
176.700    -0.20178  
176.800    -0.20196  
176.900    -0.20215  
177.000    -0.20233  
177.100    -0.20252  
177.200    -0.20270  
177.300    -0.20289  
177.400    -0.20307  
177.500    -0.20326  
177.600    -0.20344  
177.700    -0.20363  
177.800    -0.20381  
177.900    -0.20400  
178.000    -0.20418  
178.100    -0.20437  
178.200    -0.20455  
178.300    -0.20474  
178.400    -0.20492  
178.500    -0.20511  
178.600    -0.20529  
178.700    -0.20548  
178.800    -0.20566  
178.900    -0.20585  
179.000    -0.20604  
179.100    -0.20622  
179.200    -0.20641  
179.300    -0.20659  
179.400    -0.20678  
179.500    -0.20696  
179.600    -0.20715  
179.700    -0.20733  
179.800    -0.20752  
179.900    -0.20770  
180.000    -0.20789  
180.100    -0.20807  
180.200    -0.20826  
180.300    -0.20844  
180.400    -0.20863  
180.500    -0.20881  
180.600    -0.20900  
180.700    -0.20918  
180.800    -0.20937  
180.900    -0.20955  
181.000    -0.20974  
181.100    -0.20993  
181.200    -0.21011  
181.300    -0.21030  
181.400    -0.21048  
181.500    -0.21067  
181.600    -0.21085  
181.700    -0.21104  
181.800    -0.21122  
181.900    -0.21141  
182.000    -0.21159  
182.100    -0.21178  
182.200    -0.21196  
182.300    -0.21215  
182.400    -0.21234  
182.500    -0.21252  
182.600    -0.21271  
182.700    -0.21289  
182.800    -0.21308  
182.900    -0.21326  
183.000    -0.21345  
183.100    -0.21363  
183.200    -0.21382  
183.300    -0.21401  
183.400    -0.21419  
183.500    -0.21438  
183.600    -0.21456  
183.700    -0.21475  
183.800    -0.21493  
183.900    -0.21512  
184.000    -0.21530  
184.100    -0.21549  
184.200    -0.21568  
184.300    -0.21586  
184.400    -0.21605  
184.500    -0.21623  
184.600    -0.21642  
184.700    -0.21660  
184.800    -0.21679  
184.900    -0.21697  
185.000    -0.21716  
185.100    -0.21735  
185.200    -0.21753  
185.300    -0.21772  
185.400    -0.21790  
185.500    -0.21809  
185.600    -0.21827  
185.700    -0.21846  
185.800    -0.21865  
185.900    -0.21883  
186.000    -0.21902  
186.100    -0.21920  
186.200    -0.21939  
186.300    -0.21957  
186.400    -0.21976  
186.500    -0.21995  
186.600    -0.22013  
186.700    -0.22032  
186.800    -0.22050  
186.900    -0.22069  
187.000    -0.22087  
187.100    -0.22106  
187.200    -0.22125  
187.300    -0.22143  
187.400    -0.22162  
187.500    -0.22180  
187.600    -0.22199  
187.700    -0.22218  
187.800    -0.22236  
187.900    -0.22255  
188.000    -0.22273  
188.100    -0.22292  
188.200    -0.22310  
188.300    -0.22329  
188.400    -0.22348  
188.500    -0.22366  
188.600    -0.22385  
188.700    -0.22403  
188.800    -0.22422  
188.900    -0.22441  
189.000    -0.22459  
189.100    -0.22478  
189.200    -0.22496  
189.300    -0.22515  
189.400    -0.22533  
189.500    -0.22552  
189.600    -0.22571  
189.700    -0.22589  
189.800    -0.22608  
189.900    -0.22626  
190.000    -0.22645  
190.100    -0.22664  
190.200    -0.22682  
190.300    -0.22701  
190.400    -0.22719  
190.500    -0.22738  
190.600    -0.22757  
190.700    -0.22775  
190.800    -0.22794  
190.900    -0.22812  
191.000    -0.22831  
191.100    -0.22850  
191.200    -0.22868  
191.300    -0.22887  
191.400    -0.22905  
191.500    -0.22924  
191.600    -0.22942  
191.700    -0.22961  
191.800    -0.22980  
191.900    -0.22998  
192.000    -0.23017  
192.100    -0.23036  
192.200    -0.23054  
192.300    -0.23073  
192.400    -0.23091  
192.500    -0.23110  
192.600    -0.23129  
192.700    -0.23147  
192.800    -0.23166  
192.900    -0.23184  
193.000    -0.23203  
193.100    -0.23222  
193.200    -0.23240  
193.300    -0.23259  
193.400    -0.23277  
193.500    -0.23296  
193.600    -0.23315  
193.700    -0.23333  
193.800    -0.23352  
193.900    -0.23370  
194.000    -0.23389  
194.100    -0.23408  
194.200    -0.23426  
194.300    -0.23445  
194.400    -0.23463  
194.500    -0.23482  
194.600    -0.23501  
194.700    -0.23519  
194.800    -0.23538  
194.900    -0.23556  
195.000    -0.23575  
195.100    -0.23594  
195.200    -0.23612  
195.300    -0.23631  
195.400    -0.23649  
195.500    -0.23668  
195.600    -0.23687  
195.700    -0.23705  
195.800    -0.23724  
195.900    -0.23742  
196.000    -0.23761  
196.100    -0.23780  
196.200    -0.23798  
196.300    -0.23817  
196.400    -0.23836  
196.500    -0.23854  
196.600    -0.23873  
196.700    -0.23891  
196.800    -0.23910  
196.900    -0.23929  
197.000    -0.23947  
197.100    -0.23966  
197.200    -0.23984  
197.300    -0.24003  
197.400    -0.24022  
197.500    -0.24040  
197.600    -0.24059  
197.700    -0.24077  
197.800    -0.24096  
197.900    -0.24115  
198.000    -0.24133  
198.100    -0.24152  
198.200    -0.24171  
198.300    -0.24189  
198.400    -0.24208  
198.500    -0.24226  
198.600    -0.24245  
198.700    -0.24264  
198.800    -0.24282  
198.900    -0.24301  
199.000    -0.24319  
199.100    -0.24338  
199.200    -0.24357  
199.300    -0.24375  
199.400    -0.24394  
199.500    -0.24412  
199.600    -0.24431  
199.700    -0.24450  
199.800    -0.24468  
199.900    -0.24487  
200.000    -0.24505  
200.100    -0.24524  
200.200    -0.24543  
200.300    -0.24561  
200.400    -0.24580  
200.500    -0.24598  
200.600    -0.24617  
200.700    -0.24636  
200.800    -0.24654  
200.900    -0.24673  
201.000    -0.24691  
201.100    -0.24710  
201.200    -0.24729  
201.300    -0.24747  
201.400    -0.24766  
201.500    -0.24784  
201.600    -0.24803  
201.700    -0.24822  
201.800    -0.24840  
201.900    -0.24859  
202.000    -0.24878  
202.100    -0.24896  
202.200    -0.24915  
202.300    -0.24933  
202.400    -0.24952  
202.500    -0.24971  
202.600    -0.24989  
202.700    -0.25008  
202.800    -0.25026  
202.900    -0.25045  
203.000    -0.25064  
203.100    -0.25082  
203.200    -0.25101  
203.300    -0.25119  
203.400    -0.25138  
203.500    -0.25157  
203.600    -0.25175  
203.700    -0.25194  
203.800    -0.25212  
203.900    -0.25231  
204.000    -0.25250  
204.100    -0.25268  
204.200    -0.25287  
204.300    -0.25305  
204.400    -0.25324  
204.500    -0.25343  
204.600    -0.25361  
204.700    -0.25380  
204.800    -0.25398  
204.900    -0.25417  
205.000    -0.25436  
205.100    -0.25454  
205.200    -0.25473  
205.300    -0.25492  
205.400    -0.25510  
205.500    -0.25529  
205.600    -0.25547  
205.700    -0.25566  
205.800    -0.25585  
205.900    -0.25603  
206.000    -0.25622  
206.100    -0.25640  
206.200    -0.25659  
206.300    -0.25677  
206.400    -0.25696  
206.500    -0.25715  
206.600    -0.25733  
206.700    -0.25752  
206.800    -0.25770  
206.900    -0.25789  
207.000    -0.25808  
207.100    -0.25826  
207.200    -0.25845  
207.300    -0.25863  
207.400    -0.25882  
207.500    -0.25901  
207.600    -0.25919  
207.700    -0.25938  
207.800    -0.25956  
207.900    -0.25975  
208.000    -0.25994  
208.100    -0.26012  
208.200    -0.26031  
208.300    -0.26049  
208.400    -0.26068  
208.500    -0.26087  
208.600    -0.26105  
208.700    -0.26124  
208.800    -0.26142  
208.900    -0.26161  
209.000    -0.26179  
209.100    -0.26198  
209.200    -0.26217  
209.300    -0.26235  
209.400    -0.26254  
209.500    -0.26272  
209.600    -0.26291  
209.700    -0.26310  
209.800    -0.26328  
209.900    -0.26347  
210.000    -0.26365  
210.100    -0.26384  
210.200    -0.26402  
210.300    -0.26421  
210.400    -0.26440  
210.500    -0.26458  
210.600    -0.26477  
210.700    -0.26495  
210.800    -0.26514  
210.900    -0.26533  
211.000    -0.26551  
211.100    -0.26570  
211.200    -0.26588  
211.300    -0.26607  
211.400    -0.26625  
211.500    -0.26644  
211.600    -0.26663  
211.700    -0.26681  
211.800    -0.26700  
211.900    -0.26718  
212.000    -0.26737  
212.100    -0.26755  
212.200    -0.26774  
212.300    -0.26793  
212.400    -0.26811  
212.500    -0.26830  
212.600    -0.26848  
212.700    -0.26867  
212.800    -0.26885  
212.900    -0.26904  
213.000    -0.26923  
213.100    -0.26941  
213.200    -0.26960  
213.300    -0.26978  
213.400    -0.26997  
213.500    -0.27015  
213.600    -0.27034  
213.700    -0.27052  
213.800    -0.27071  
213.900    -0.27090  
214.000    -0.27108  
214.100    -0.27127  
214.200    -0.27145  
214.300    -0.27164  
214.400    -0.27182  
214.500    -0.27201  
214.600    -0.27219  
214.700    -0.27238  
214.800    -0.27257  
214.900    -0.27275  
215.000    -0.27294  
215.100    -0.27312  
215.200    -0.27331  
215.300    -0.27349  
215.400    -0.27368  
215.500    -0.27386  
215.600    -0.27405  
215.700    -0.27424  
215.800    -0.27442  
215.900    -0.27461  
216.000    -0.27479  
216.100    -0.27498  
216.200    -0.27516  
216.300    -0.27535  
216.400    -0.27553  
216.500    -0.27572  
216.600    -0.27590  
216.700    -0.27609  
216.800    -0.27628  
216.900    -0.27646  
217.000    -0.27665  
217.100    -0.27683  
217.200    -0.27702  
217.300    -0.27720  
217.400    -0.27739  
217.500    -0.27757  
217.600    -0.27776  
217.700    -0.27794  
217.800    -0.27813  
217.900    -0.27831  
218.000    -0.27850  
218.100    -0.27869  
218.200    -0.27887  
218.300    -0.27906  
218.400    -0.27924  
218.500    -0.27943  
218.600    -0.27961  
218.700    -0.27980  
218.800    -0.27998  
218.900    -0.28017  
219.000    -0.28035  
219.100    -0.28054  
219.200    -0.28072  
219.300    -0.28091  
219.400    -0.28109  
219.500    -0.28128  
219.600    -0.28146  
219.700    -0.28165  
219.800    -0.28183  
219.900    -0.28202  
220.000    -0.28220  
220.100    -0.28239  
220.200    -0.28258  
220.300    -0.28276  
220.400    -0.28295  
220.500    -0.28313  
220.600    -0.28332  
220.700    -0.28350  
220.800    -0.28369  
220.900    -0.28387  
221.000    -0.28406  
221.100    -0.28424  
221.200    -0.28443  
221.300    -0.28461  
221.400    -0.28480  
221.500    -0.28498  
221.600    -0.28517  
221.700    -0.28535  
221.800    -0.28554  
221.900    -0.28572  
222.000    -0.28591  
222.100    -0.28609  
222.200    -0.28628  
222.300    -0.28646  
222.400    -0.28665  
222.500    -0.28683  
222.600    -0.28702  
222.700    -0.28720  
222.800    -0.28739  
222.900    -0.28757  
223.000    -0.28776  
223.100    -0.28794  
223.200    -0.28813  
223.300    -0.28831  
223.400    -0.28850  
223.500    -0.28868  
223.600    -0.28887  
223.700    -0.28905  
223.800    -0.28924  
223.900    -0.28942  
224.000    -0.28961  
224.100    -0.28979  
224.200    -0.28997  
224.300    -0.29016  
224.400    -0.29034  
224.500    -0.29053  
224.600    -0.29071  
224.700    -0.29090  
224.800    -0.29108  
224.900    -0.29127  
225.000    -0.29145  
225.100    -0.29164  
225.200    -0.29182  
225.300    -0.29201  
225.400    -0.29219  
225.500    -0.29238  
225.600    -0.29256  
225.700    -0.29275  
225.800    -0.29293  
225.900    -0.29312  
226.000    -0.29330  
226.100    -0.29348  
226.200    -0.29367  
226.300    -0.29385  
226.400    -0.29404  
226.500    -0.29422  
226.600    -0.29441  
226.700    -0.29459  
226.800    -0.29478  
226.900    -0.29496  
227.000    -0.29515  
227.100    -0.29533  
227.200    -0.29552  
227.300    -0.29570  
227.400    -0.29588  
227.500    -0.29607  
227.600    -0.29625  
227.700    -0.29644  
227.800    -0.29662  
227.900    -0.29681  
228.000    -0.29699  
228.100    -0.29718  
228.200    -0.29736  
228.300    -0.29754  
228.400    -0.29773  
228.500    -0.29791  
228.600    -0.29810  
228.700    -0.29828  
228.800    -0.29847  
228.900    -0.29865  
229.000    -0.29884  
229.100    -0.29902  
229.200    -0.29920  
229.300    -0.29939  
229.400    -0.29957  
229.500    -0.29976  
229.600    -0.29994  
229.700    -0.30013  
229.800    -0.30031  
229.900    -0.30049  
230.000    -0.30068  
230.100    -0.30086  
230.200    -0.30105  
230.300    -0.30123  
230.400    -0.30141  
230.500    -0.30160  
230.600    -0.30178  
230.700    -0.30197  
230.800    -0.30215  
230.900    -0.30234  
231.000    -0.30252  
231.100    -0.30270  
231.200    -0.30289  
231.300    -0.30307  
231.400    -0.30326  
231.500    -0.30344  
231.600    -0.30362  
231.700    -0.30381  
231.800    -0.30399  
231.900    -0.30418  
232.000    -0.30436  
232.100    -0.30454  
232.200    -0.30473  
232.300    -0.30491  
232.400    -0.30510  
232.500    -0.30528  
232.600    -0.30546  
232.700    -0.30565  
232.800    -0.30583  
232.900    -0.30602  
233.000    -0.30620  
233.100    -0.30638  
233.200    -0.30657  
233.300    -0.30675  
233.400    -0.30694  
233.500    -0.30712  
233.600    -0.30730  
233.700    -0.30749  
233.800    -0.30767  
233.900    -0.30785  
234.000    -0.30804  
234.100    -0.30822  
234.200    -0.30841  
234.300    -0.30859  
234.400    -0.30877  
234.500    -0.30896  
234.600    -0.30914  
234.700    -0.30932  
234.800    -0.30951  
234.900    -0.30969  
235.000    -0.30987  
235.100    -0.31006  
235.200    -0.31024  
235.300    -0.31043  
235.400    -0.31061  
235.500    -0.31079  
235.600    -0.31098  
235.700    -0.31116  
235.800    -0.31134  
235.900    -0.31153  
236.000    -0.31171  
236.100    -0.31189  
236.200    -0.31208  
236.300    -0.31226  
236.400    -0.31244  
236.500    -0.31263  
236.600    -0.31281  
236.700    -0.31299  
236.800    -0.31318  
236.900    -0.31336  
237.000    -0.31355  
237.100    -0.31373  
237.200    -0.31391  
237.300    -0.31410  
237.400    -0.31428  
237.500    -0.31446  
237.600    -0.31465  
237.700    -0.31483  
237.800    -0.31501  
237.900    -0.31520  
238.000    -0.31538  
238.100    -0.31556  
238.200    -0.31574  
238.300    -0.31593  
238.400    -0.31611  
238.500    -0.31629  
238.600    -0.31648  
238.700    -0.31666  
238.800    -0.31684  
238.900    -0.31703  
239.000    -0.31721  
239.100    -0.31739  
239.200    -0.31758  
239.300    -0.31776  
239.400    -0.31794  
239.500    -0.31813  
239.600    -0.31831  
239.700    -0.31849  
239.800    -0.31867  
239.900    -0.31886  
240.000    -0.31904  
240.100    -0.31922  
240.200    -0.31941  
240.300    -0.31959  
240.400    -0.31977  
240.500    -0.31996  
240.600    -0.32014  
240.700    -0.32032  
240.800    -0.32050  
240.900    -0.32069  
241.000    -0.32087  
241.100    -0.32105  
241.200    -0.32124  
241.300    -0.32142  
241.400    -0.32160  
241.500    -0.32178  
241.600    -0.32197  
241.700    -0.32215  
241.800    -0.32233  
241.900    -0.32252  
242.000    -0.32270  
242.100    -0.32288  
242.200    -0.32306  
242.300    -0.32325  
242.400    -0.32343  
242.500    -0.32361  
242.600    -0.32379  
242.700    -0.32398  
242.800    -0.32416  
242.900    -0.32434  
243.000    -0.32453  
243.100    -0.32471  
243.200    -0.32489  
243.300    -0.32507  
243.400    -0.32526  
243.500    -0.32544  
243.600    -0.32562  
243.700    -0.32580  
243.800    -0.32599  
243.900    -0.32617  
244.000    -0.32635  
244.100    -0.32653  
244.200    -0.32672  
244.300    -0.32690  
244.400    -0.32708  
244.500    -0.32726  
244.600    -0.32744  
244.700    -0.32763  
244.800    -0.32781  
244.900    -0.32799  
245.000    -0.32817  
245.100    -0.32836  
245.200    -0.32854  
245.300    -0.32872  
245.400    -0.32890  
245.500    -0.32909  
245.600    -0.32927  
245.700    -0.32945  
245.800    -0.32963  
245.900    -0.32981  
246.000    -0.33000  
246.100    -0.33018  
246.200    -0.33036  
246.300    -0.33054  
246.400    -0.33072  
246.500    -0.33091  
246.600    -0.33109  
246.700    -0.33127  
246.800    -0.33145  
246.900    -0.33163  
247.000    -0.33182  
247.100    -0.33200  
247.200    -0.33218  
247.300    -0.33236  
247.400    -0.33254  
247.500    -0.33273  
247.600    -0.33291  
247.700    -0.33309  
247.800    -0.33327  
247.900    -0.33345  
248.000    -0.33364  
248.100    -0.33382  
248.200    -0.33400  
248.300    -0.33418  
248.400    -0.33436  
248.500    -0.33455  
248.600    -0.33473  
248.700    -0.33491  
248.800    -0.33509  
248.900    -0.33527  
249.000    -0.33545  
249.100    -0.33564  
249.200    -0.33582  
249.300    -0.33600  
249.400    -0.33618  
249.500    -0.33636  
249.600    -0.33654  
249.700    -0.33673  
249.800    -0.33691  
249.900    -0.33709  
250.000    -0.33727  
250.100    -0.33745  
250.200    -0.33763  
250.300    -0.33781  
250.400    -0.33800  
250.500    -0.33818  
250.600    -0.33836  
250.700    -0.33854  
250.800    -0.33872  
250.900    -0.33890  
251.000    -0.33908  
251.100    -0.33927  
251.200    -0.33945  
251.300    -0.33963  
251.400    -0.33981  
251.500    -0.33999  
251.600    -0.34017  
251.700    -0.34035  
251.800    -0.34054  
251.900    -0.34072  
252.000    -0.34090  
252.100    -0.34108  
252.200    -0.34126  
252.300    -0.34144  
252.400    -0.34162  
252.500    -0.34180  
252.600    -0.34198  
252.700    -0.34217  
252.800    -0.34235  
252.900    -0.34253  
253.000    -0.34271  
253.100    -0.34289  
253.200    -0.34307  
253.300    -0.34325  
253.400    -0.34343  
253.500    -0.34361  
253.600    -0.34380  
253.700    -0.34398  
253.800    -0.34416  
253.900    -0.34434  
254.000    -0.34452  
254.100    -0.34470  
254.200    -0.34488  
254.300    -0.34506  
254.400    -0.34524  
254.500    -0.34542  
254.600    -0.34560  
254.700    -0.34578  
254.800    -0.34597  
254.900    -0.34615  
255.000    -0.34633  
255.100    -0.34651  
255.200    -0.34669  
255.300    -0.34687  
255.400    -0.34705  
255.500    -0.34723  
255.600    -0.34741  
255.700    -0.34759  
255.800    -0.34777  
255.900    -0.34795  
256.000    -0.34813  
256.100    -0.34831  
256.200    -0.34849  
256.300    -0.34868  
256.400    -0.34886  
256.500    -0.34904  
256.600    -0.34922  
256.700    -0.34940  
256.800    -0.34958  
256.900    -0.34976  
257.000    -0.34994  
257.100    -0.35012  
257.200    -0.35030  
257.300    -0.35048  
257.400    -0.35066  
257.500    -0.35084  
257.600    -0.35102  
257.700    -0.35120  
257.800    -0.35138  
257.900    -0.35156  
258.000    -0.35174  
258.100    -0.35192  
258.200    -0.35210  
258.300    -0.35228  
258.400    -0.35246  
258.500    -0.35264  
258.600    -0.35282  
258.700    -0.35300  
258.800    -0.35318  
258.900    -0.35336  
259.000    -0.35354  
259.100    -0.35372  
259.200    -0.35390  
259.300    -0.35408  
259.400    -0.35426  
259.500    -0.35444  
259.600    -0.35462  
259.700    -0.35480  
259.800    -0.35498  
259.900    -0.35516  
260.000    -0.35534  
260.100    -0.35552  
260.200    -0.35570  
260.300    -0.35588  
260.400    -0.35606  
260.500    -0.35624  
260.600    -0.35642  
260.700    -0.35660  
260.800    -0.35678  
260.900    -0.35696  
261.000    -0.35714  
261.100    -0.35732  
261.200    -0.35750  
261.300    -0.35768  
261.400    -0.35786  
261.500    -0.35804  
261.600    -0.35822  
261.700    -0.35840  
261.800    -0.35858  
261.900    -0.35876  
262.000    -0.35894  
262.100    -0.35912  
262.200    -0.35930  
262.300    -0.35948  
262.400    -0.35966  
262.500    -0.35983  
262.600    -0.36001  
262.700    -0.36019  
262.800    -0.36037  
262.900    -0.36055  
263.000    -0.36073  
263.100    -0.36091  
263.200    -0.36109  
263.300    -0.36127  
263.400    -0.36145  
263.500    -0.36163  
263.600    -0.36181  
263.700    -0.36199  
263.800    -0.36217  
263.900    -0.36235  
264.000    -0.36252  
264.100    -0.36270  
264.200    -0.36288  
264.300    -0.36306  
264.400    -0.36324  
264.500    -0.36342  
264.600    -0.36360  
264.700    -0.36378  
264.800    -0.36396  
264.900    -0.36414  
265.000    -0.36431  
265.100    -0.36449  
265.200    -0.36467  
265.300    -0.36485  
265.400    -0.36503  
265.500    -0.36521  
265.600    -0.36539  
265.700    -0.36557  
265.800    -0.36575  
265.900    -0.36593  
266.000    -0.36610  
266.100    -0.36628  
266.200    -0.36646  
266.300    -0.36664  
266.400    -0.36682  
266.500    -0.36700  
266.600    -0.36718  
266.700    -0.36736  
266.800    -0.36753  
266.900    -0.36771  
267.000    -0.36789  
267.100    -0.36807  
267.200    -0.36825  
267.300    -0.36843  
267.400    -0.36861  
267.500    -0.36878  
267.600    -0.36896  
267.700    -0.36914  
267.800    -0.36932  
267.900    -0.36950  
268.000    -0.36968  
268.100    -0.36985  
268.200    -0.37003  
268.300    -0.37021  
268.400    -0.37039  
268.500    -0.37057  
268.600    -0.37075  
268.700    -0.37092  
268.800    -0.37110  
268.900    -0.37128  
269.000    -0.37146  
269.100    -0.37164  
269.200    -0.37182  
269.300    -0.37199  
269.400    -0.37217  
269.500    -0.37235  
269.600    -0.37253  
269.700    -0.37271  
269.800    -0.37288  
269.900    -0.37306  
270.000    -0.37324  
270.100    -0.37342  
270.200    -0.37360  
270.300    -0.37378  
270.400    -0.37395  
270.500    -0.37413  
270.600    -0.37431  
270.700    -0.37449  
270.800    -0.37466  
270.900    -0.37484  
271.000    -0.37502  
271.100    -0.37520  
271.200    -0.37538  
271.300    -0.37555  
271.400    -0.37573  
271.500    -0.37591  
271.600    -0.37609  
271.700    -0.37627  
271.800    -0.37644  
271.900    -0.37662  
272.000    -0.37680  
272.100    -0.37698  
272.200    -0.37715  
272.300    -0.37733  
272.400    -0.37751  
272.500    -0.37769  
272.600    -0.37786  
272.700    -0.37804  
272.800    -0.37822  
272.900    -0.37840  
273.000    -0.37857  
273.100    -0.37875  
273.200    -0.37893  
273.300    -0.37911  
273.400    -0.37928  
273.500    -0.37946  
273.600    -0.37964  
273.700    -0.37982  
273.800    -0.37999  
273.900    -0.38017  
274.000    -0.38035  
274.100    -0.38053  
274.200    -0.38070  
274.300    -0.38088  
274.400    -0.38106  
274.500    -0.38123  
274.600    -0.38141  
274.700    -0.38159  
274.800    -0.38177  
274.900    -0.38194  
275.000    -0.38212  
275.100    -0.38230  
275.200    -0.38247  
275.300    -0.38265  
275.400    -0.38283  
275.500    -0.38301  
275.600    -0.38318  
275.700    -0.38336  
275.800    -0.38354  
275.900    -0.38371  
276.000    -0.38389  
276.100    -0.38407  
276.200    -0.38424  
276.300    -0.38442  
276.400    -0.38460  
276.500    -0.38477  
276.600    -0.38495  
276.700    -0.38513  
276.800    -0.38530  
276.900    -0.38548  
277.000    -0.38566  
277.100    -0.38583  
277.200    -0.38601  
277.300    -0.38619  
277.400    -0.38636  
277.500    -0.38654  
277.600    -0.38672  
277.700    -0.38689  
277.800    -0.38707  
277.900    -0.38725  
278.000    -0.38742  
278.100    -0.38760  
278.200    -0.38778  
278.300    -0.38795  
278.400    -0.38813  
278.500    -0.38831  
278.600    -0.38848  
278.700    -0.38866  
278.800    -0.38884  
278.900    -0.38901  
279.000    -0.38919  
279.100    -0.38936  
279.200    -0.38954  
279.300    -0.38972  
279.400    -0.38989  
279.500    -0.39007  
279.600    -0.39025  
279.700    -0.39042  
279.800    -0.39060  
279.900    -0.39077  
280.000    -0.39095  
280.100    -0.39113  
280.200    -0.39130  
280.300    -0.39148  
280.400    -0.39165  
280.500    -0.39183  
280.600    -0.39201  
280.700    -0.39218  
280.800    -0.39236  
280.900    -0.39253  
281.000    -0.39271  
281.100    -0.39289  
281.200    -0.39306  
281.300    -0.39324  
281.400    -0.39341  
281.500    -0.39359  
281.600    -0.39376  
281.700    -0.39394  
281.800    -0.39412  
281.900    -0.39429  
282.000    -0.39447  
282.100    -0.39464  
282.200    -0.39482  
282.300    -0.39499  
282.400    -0.39517  
282.500    -0.39535  
282.600    -0.39552  
282.700    -0.39570  
282.800    -0.39587  
282.900    -0.39605  
283.000    -0.39622  
283.100    -0.39640  
283.200    -0.39657  
283.300    -0.39675  
283.400    -0.39692  
283.500    -0.39710  
283.600    -0.39728  
283.700    -0.39745  
283.800    -0.39763  
283.900    -0.39780  
284.000    -0.39798  
284.100    -0.39815  
284.200    -0.39833  
284.300    -0.39850  
284.400    -0.39868  
284.500    -0.39885  
284.600    -0.39903  
284.700    -0.39920  
284.800    -0.39938  
284.900    -0.39955  
285.000    -0.39973  
285.100    -0.39990  
285.200    -0.40008  
285.300    -0.40025  
285.400    -0.40043  
285.500    -0.40060  
285.600    -0.40078  
285.700    -0.40095  
285.800    -0.40113  
285.900    -0.40130  
286.000    -0.40148  
286.100    -0.40165  
286.200    -0.40183  
286.300    -0.40200  
286.400    -0.40218  
286.500    -0.40235  
286.600    -0.40253  
286.700    -0.40270  
286.800    -0.40288  
286.900    -0.40305  
287.000    -0.40322  
287.100    -0.40340  
287.200    -0.40357  
287.300    -0.40375  
287.400    -0.40392  
287.500    -0.40410  
287.600    -0.40427  
287.700    -0.40445  
287.800    -0.40462  
287.900    -0.40480  
288.000    -0.40497  
288.100    -0.40514  
288.200    -0.40532  
288.300    -0.40549  
288.400    -0.40567  
288.500    -0.40584  
288.600    -0.40602  
288.700    -0.40619  
288.800    -0.40636  
288.900    -0.40654  
289.000    -0.40671  
289.100    -0.40689  
289.200    -0.40706  
289.300    -0.40724  
289.400    -0.40741  
289.500    -0.40758  
289.600    -0.40776  
289.700    -0.40793  
289.800    -0.40811  
289.900    -0.40828  
290.000    -0.40845  
290.100    -0.40863  
290.200    -0.40880  
290.300    -0.40898  
290.400    -0.40915  
290.500    -0.40932  
290.600    -0.40950  
290.700    -0.40967  
290.800    -0.40985  
290.900    -0.41002  
291.000    -0.41019  
291.100    -0.41037  
291.200    -0.41054  
291.300    -0.41071  
291.400    -0.41089  
291.500    -0.41106  
291.600    -0.41123  
291.700    -0.41141  
291.800    -0.41158  
291.900    -0.41176  
292.000    -0.41193  
292.100    -0.41210  
292.200    -0.41228  
292.300    -0.41245  
292.400    -0.41262  
292.500    -0.41280  
292.600    -0.41297  
292.700    -0.41314  
292.800    -0.41332  
292.900    -0.41349  
293.000    -0.41366  
293.100    -0.41384  
293.200    -0.41401  
293.300    -0.41418  
293.400    -0.41436  
293.500    -0.41453  
293.600    -0.41470  
293.700    -0.41488  
293.800    -0.41505  
293.900    -0.41522  
294.000    -0.41540  
294.100    -0.41557  
294.200    -0.41574  
294.300    -0.41592  
294.400    -0.41609  
294.500    -0.41626  
294.600    -0.41643  
294.700    -0.41661  
294.800    -0.41678  
294.900    -0.41695  
295.000    -0.41713  
295.100    -0.41730  
295.200    -0.41747  
295.300    -0.41764  
295.400    -0.41782  
295.500    -0.41799  
295.600    -0.41816  
295.700    -0.41834  
295.800    -0.41851  
295.900    -0.41868  
296.000    -0.41885  
296.100    -0.41903  
296.200    -0.41920  
296.300    -0.41937  
296.400    -0.41954  
296.500    -0.41972  
296.600    -0.41989  
296.700    -0.42006  
296.800    -0.42023  
296.900    -0.42041  
297.000    -0.42058  
297.100    -0.42075  
297.200    -0.42092  
297.300    -0.42110  
297.400    -0.42127  
297.500    -0.42144  
297.600    -0.42161  
297.700    -0.42179  
297.800    -0.42196  
297.900    -0.42213  
298.000    -0.42230  
298.100    -0.42248  
298.200    -0.42265  
298.300    -0.42282  
298.400    -0.42299  
298.500    -0.42316  
298.600    -0.42334  
298.700    -0.42351  
298.800    -0.42368  
298.900    -0.42385  
299.000    -0.42402  
299.100    -0.42420  
299.200    -0.42437  
299.300    -0.42454  
299.400    -0.42471  
299.500    -0.42488  
299.600    -0.42506  
299.700    -0.42523  
299.800    -0.42540  
299.900    -0.42557  
300.000    -0.42574  
300.100    -0.42591  
300.200    -0.42609  
300.300    -0.42626  
300.400    -0.42643  
300.500    -0.42660  
300.600    -0.42677  
300.700    -0.42694  
300.800    -0.42712  
300.900    -0.42729  
301.000    -0.42746  
301.100    -0.42763  
301.200    -0.42780  
301.300    -0.42797  
301.400    -0.42815  
301.500    -0.42832  
301.600    -0.42849  
301.700    -0.42866  
301.800    -0.42883  
301.900    -0.42900  
302.000    -0.42917  
302.100    -0.42935  
302.200    -0.42952  
302.300    -0.42969  
302.400    -0.42986  
302.500    -0.43003  
302.600    -0.43020  
302.700    -0.43037  
302.800    -0.43054  
302.900    -0.43072  
303.000    -0.43089  
303.100    -0.43106  
303.200    -0.43123  
303.300    -0.43140  
303.400    -0.43157  
303.500    -0.43174  
303.600    -0.43191  
303.700    -0.43208  
303.800    -0.43225  
303.900    -0.43243  
304.000    -0.43260  
304.100    -0.43277  
304.200    -0.43294  
304.300    -0.43311  
304.400    -0.43328  
304.500    -0.43345  
304.600    -0.43362  
304.700    -0.43379  
304.800    -0.43396  
304.900    -0.43413  
305.000    -0.43430  
305.100    -0.43447  
305.200    -0.43465  
305.300    -0.43482  
305.400    -0.43499  
305.500    -0.43516  
305.600    -0.43533  
305.700    -0.43550  
305.800    -0.43567  
305.900    -0.43584  
306.000    -0.43601  
306.100    -0.43618  
306.200    -0.43635  
306.300    -0.43652  
306.400    -0.43669  
306.500    -0.43686  
306.600    -0.43703  
306.700    -0.43720  
306.800    -0.43737  
306.900    -0.43754  
307.000    -0.43771  
307.100    -0.43788  
307.200    -0.43805  
307.300    -0.43822  
307.400    -0.43839  
307.500    -0.43856  
307.600    -0.43873  
307.700    -0.43890  
307.800    -0.43907  
307.900    -0.43924  
308.000    -0.43941  
308.100    -0.43958  
308.200    -0.43975  
308.300    -0.43992  
308.400    -0.44009  
308.500    -0.44026  
308.600    -0.44043  
308.700    -0.44060  
308.800    -0.44077  
308.900    -0.44094  
309.000    -0.44111  
309.100    -0.44128  
309.200    -0.44145  
309.300    -0.44162  
309.400    -0.44179  
309.500    -0.44196  
309.600    -0.44213  
309.700    -0.44230  
309.800    -0.44247  
309.900    -0.44264  
310.000    -0.44281  
310.100    -0.44298  
310.200    -0.44315  
310.300    -0.44332  
310.400    -0.44349  
310.500    -0.44366  
310.600    -0.44382  
310.700    -0.44399  
310.800    -0.44416  
310.900    -0.44433  
311.000    -0.44450  
311.100    -0.44467  
311.200    -0.44484  
311.300    -0.44501  
311.400    -0.44518  
311.500    -0.44535  
311.600    -0.44552  
311.700    -0.44569  
311.800    -0.44586  
311.900    -0.44602  
312.000    -0.44619  
312.100    -0.44636  
312.200    -0.44653  
312.300    -0.44670  
312.400    -0.44687  
312.500    -0.44704  
312.600    -0.44721  
312.700    -0.44738  
312.800    -0.44754  
312.900    -0.44771  
313.000    -0.44788  
313.100    -0.44805  
313.200    -0.44822  
313.300    -0.44839  
313.400    -0.44856  
313.500    -0.44873  
313.600    -0.44889  
313.700    -0.44906  
313.800    -0.44923  
313.900    -0.44940  
314.000    -0.44957  
314.100    -0.44974  
314.200    -0.44991  
314.300    -0.45008  
314.400    -0.45024  
314.500    -0.45041  
314.600    -0.45058  
314.700    -0.45075  
314.800    -0.45092  
314.900    -0.45109  
315.000    -0.45125  
315.100    -0.45142  
315.200    -0.45159  
315.300    -0.45176  
315.400    -0.45193  
315.500    -0.45210  
315.600    -0.45226  
315.700    -0.45243  
315.800    -0.45260  
315.900    -0.45277  
316.000    -0.45294  
316.100    -0.45310  
316.200    -0.45327  
316.300    -0.45344  
316.400    -0.45361  
316.500    -0.45378  
316.600    -0.45394  
316.700    -0.45411  
316.800    -0.45428  
316.900    -0.45445  
317.000    -0.45462  
317.100    -0.45478  
317.200    -0.45495  
317.300    -0.45512  
317.400    -0.45529  
317.500    -0.45546  
317.600    -0.45562  
317.700    -0.45579  
317.800    -0.45596  
317.900    -0.45613  
318.000    -0.45629  
318.100    -0.45646  
318.200    -0.45663  
318.300    -0.45680  
318.400    -0.45696  
318.500    -0.45713  
318.600    -0.45730  
318.700    -0.45747  
318.800    -0.45763  
318.900    -0.45780  
319.000    -0.45797  
319.100    -0.45814  
319.200    -0.45830  
319.300    -0.45847  
319.400    -0.45864  
319.500    -0.45881  
319.600    -0.45897  
319.700    -0.45914  
319.800    -0.45931  
319.900    -0.45947  
320.000    -0.45964  
320.100    -0.45981  
320.200    -0.45998  
320.300    -0.46014  
320.400    -0.46031  
320.500    -0.46048  
320.600    -0.46064  
320.700    -0.46081  
320.800    -0.46098  
320.900    -0.46115  
321.000    -0.46131  
321.100    -0.46148  
321.200    -0.46165  
321.300    -0.46181  
321.400    -0.46198  
321.500    -0.46215  
321.600    -0.46231  
321.700    -0.46248  
321.800    -0.46265  
321.900    -0.46281  
322.000    -0.46298  
322.100    -0.46315  
322.200    -0.46331  
322.300    -0.46348  
322.400    -0.46365  
322.500    -0.46381  
322.600    -0.46398  
322.700    -0.46415  
322.800    -0.46431  
322.900    -0.46448  
323.000    -0.46465  
323.100    -0.46481  
323.200    -0.46498  
323.300    -0.46515  
323.400    -0.46531  
323.500    -0.46548  
323.600    -0.46564  
323.700    -0.46581  
323.800    -0.46598  
323.900    -0.46614  
324.000    -0.46631  
324.100    -0.46648  
324.200    -0.46664  
324.300    -0.46681  
324.400    -0.46697  
324.500    -0.46714  
324.600    -0.46731  
324.700    -0.46747  
324.800    -0.46764  
324.900    -0.46780  
325.000    -0.46797  
325.100    -0.46814  
325.200    -0.46830  
325.300    -0.46847  
325.400    -0.46863  
325.500    -0.46880  
325.600    -0.46897  
325.700    -0.46913  
325.800    -0.46930  
325.900    -0.46946  
326.000    -0.46963  
326.100    -0.46979  
326.200    -0.46996  
326.300    -0.47013  
326.400    -0.47029  
326.500    -0.47046  
326.600    -0.47062  
326.700    -0.47079  
326.800    -0.47095  
326.900    -0.47112  
327.000    -0.47128  
327.100    -0.47145  
327.200    -0.47162  
327.300    -0.47178  
327.400    -0.47195  
327.500    -0.47211  
327.600    -0.47228  
327.700    -0.47244  
327.800    -0.47261  
327.900    -0.47277  
328.000    -0.47294  
328.100    -0.47310  
328.200    -0.47327  
328.300    -0.47343  
328.400    -0.47360  
328.500    -0.47376  
328.600    -0.47393  
328.700    -0.47409  
328.800    -0.47426  
328.900    -0.47442  
329.000    -0.47459  
329.100    -0.47475  
329.200    -0.47492  
329.300    -0.47508  
329.400    -0.47525  
329.500    -0.47541  
329.600    -0.47558  
329.700    -0.47574  
329.800    -0.47591  
329.900    -0.47607  
330.000    -0.47624  
330.100    -0.47640  
330.200    -0.47657  
330.300    -0.47673  
330.400    -0.47690  
330.500    -0.47706  
330.600    -0.47723  
330.700    -0.47739  
330.800    -0.47756  
330.900    -0.47772  
331.000    -0.47788  
331.100    -0.47805  
331.200    -0.47821  
331.300    -0.47838  
331.400    -0.47854  
331.500    -0.47871  
331.600    -0.47887  
331.700    -0.47904  
331.800    -0.47920  
331.900    -0.47936  
332.000    -0.47953  
332.100    -0.47969  
332.200    -0.47986  
332.300    -0.48002  
332.400    -0.48019  
332.500    -0.48035  
332.600    -0.48051  
332.700    -0.48068  
332.800    -0.48084  
332.900    -0.48101  
333.000    -0.48117  
333.100    -0.48133  
333.200    -0.48150  
333.300    -0.48166  
333.400    -0.48183  
333.500    -0.48199  
333.600    -0.48215  
333.700    -0.48232  
333.800    -0.48248  
333.900    -0.48265  
334.000    -0.48281  
334.100    -0.48297  
334.200    -0.48314  
334.300    -0.48330  
334.400    -0.48346  
334.500    -0.48363  
334.600    -0.48379  
334.700    -0.48396  
334.800    -0.48412  
334.900    -0.48428  
335.000    -0.48445  
335.100    -0.48461  
335.200    -0.48477  
335.300    -0.48494  
335.400    -0.48510  
335.500    -0.48526  
335.600    -0.48543  
335.700    -0.48559  
335.800    -0.48575  
335.900    -0.48592  
336.000    -0.48608  
336.100    -0.48624  
336.200    -0.48641  
336.300    -0.48657  
336.400    -0.48673  
336.500    -0.48690  
336.600    -0.48706  
336.700    -0.48722  
336.800    -0.48739  
336.900    -0.48755  
337.000    -0.48771  
337.100    -0.48788  
337.200    -0.48804  
337.300    -0.48820  
337.400    -0.48836  
337.500    -0.48853  
337.600    -0.48869  
337.700    -0.48885  
337.800    -0.48902  
337.900    -0.48918  
338.000    -0.48934  
338.100    -0.48950  
338.200    -0.48967  
338.300    -0.48983  
338.400    -0.48999  
338.500    -0.49016  
338.600    -0.49032  
338.700    -0.49048  
338.800    -0.49064  
338.900    -0.49081  
339.000    -0.49097  
339.100    -0.49113  
339.200    -0.49129  
339.300    -0.49146  
339.400    -0.49162  
339.500    -0.49178  
339.600    -0.49194  
339.700    -0.49211  
339.800    -0.49227  
339.900    -0.49243  
340.000    -0.49259  
340.100    -0.49276  
340.200    -0.49292  
340.300    -0.49308  
340.400    -0.49324  
340.500    -0.49340  
340.600    -0.49357  
340.700    -0.49373  
340.800    -0.49389  
340.900    -0.49405  
341.000    -0.49422  
341.100    -0.49438  
341.200    -0.49454  
341.300    -0.49470  
341.400    -0.49486  
341.500    -0.49503  
341.600    -0.49519  
341.700    -0.49535  
341.800    -0.49551  
341.900    -0.49567  
342.000    -0.49583  
342.100    -0.49600  
342.200    -0.49616  
342.300    -0.49632  
342.400    -0.49648  
342.500    -0.49664  
342.600    -0.49681  
342.700    -0.49697  
342.800    -0.49713  
342.900    -0.49729  
343.000    -0.49745  
343.100    -0.49761  
343.200    -0.49778  
343.300    -0.49794  
343.400    -0.49810  
343.500    -0.49826  
343.600    -0.49842  
343.700    -0.49858  
343.800    -0.49874  
343.900    -0.49891  
344.000    -0.49907  
344.100    -0.49923  
344.200    -0.49939  
344.300    -0.49955  
344.400    -0.49971  
344.500    -0.49987  
344.600    -0.50003  
344.700    -0.50020  
344.800    -0.50036  
344.900    -0.50052  
345.000    -0.50068  
345.100    -0.50084  
345.200    -0.50100  
345.300    -0.50116  
345.400    -0.50132  
345.500    -0.50148  
345.600    -0.50165  
345.700    -0.50181  
345.800    -0.50197  
345.900    -0.50213  
346.000    -0.50229  
346.100    -0.50245  
346.200    -0.50261  
346.300    -0.50277  
346.400    -0.50293  
346.500    -0.50309  
346.600    -0.50325  
346.700    -0.50341  
346.800    -0.50357  
346.900    -0.50374  
347.000    -0.50390  
347.100    -0.50406  
347.200    -0.50422  
347.300    -0.50438  
347.400    -0.50454  
347.500    -0.50470  
347.600    -0.50486  
347.700    -0.50502  
347.800    -0.50518  
347.900    -0.50534  
348.000    -0.50550  
348.100    -0.50566  
348.200    -0.50582  
348.300    -0.50598  
348.400    -0.50614  
348.500    -0.50630  
348.600    -0.50646  
348.700    -0.50662  
348.800    -0.50678  
348.900    -0.50694  
349.000    -0.50710  
349.100    -0.50726  
349.200    -0.50742  
349.300    -0.50758  
349.400    -0.50774  
349.500    -0.50790  
349.600    -0.50806  
349.700    -0.50822  
349.800    -0.50838  
349.900    -0.50854  
350.000    -0.50870  