 0.000   180.00000  
  0.100   169.28618  
  0.200   164.93738  
  0.300   161.65839  
  0.400   158.94060  
  0.500   156.58542  
  0.600   154.49022  
  0.700   152.59355  
  0.800   150.85510  
  0.900   149.24664  
  1.000   147.74750  
  1.100   146.34195  
  1.200   145.01770  
  1.300   143.76492  
  1.400   142.57560  
  1.500   141.44308  
  1.600   140.36179  
  1.700   139.32699  
  1.800   138.33460  
  1.900   137.38110  
  2.000   136.46342  
  2.100   135.57883  
  2.200   134.72495  
  2.300   133.89964  
  2.400   133.10099  
  2.500   132.32729  
  2.600   131.57699  
  2.700   130.84869  
  2.800   130.14111  
  2.900   129.45308  
  3.000   128.78354  
  3.100   128.13150  
  3.200   127.49608  
  3.300   126.87643  
  3.400   126.27178  
  3.500   125.68143  
  3.600   125.10471  
  3.700   124.54100  
  3.800   123.98972  
  3.900   123.45034  
  4.000   122.92236  
  4.100   122.40530  
  4.200   121.89873  
  4.300   121.40221  
  4.400   120.91538  
  4.500   120.43784  
  4.600   119.96926  
  4.700   119.50931  
  4.800   119.05767  
  4.900   118.61405  
  5.000   118.17818  
  5.100   117.74977  
  5.200   117.32858  
  5.300   116.91440  
  5.400   116.50698  
  5.500   116.10611  
  5.600   115.71155  
  5.700   115.32314  
  5.800   114.94068  
  5.900   114.56399  
  6.000   114.19291  
  6.100   113.82726  
  6.200   113.46688  
  6.300   113.11164  
  6.400   112.76138  
  6.500   112.41598  
  6.600   112.07528  
  6.700   111.73917  
  6.800   111.40753  
  6.900   111.08024  
  7.000   110.75719  
  7.100   110.43825  
  7.200   110.12334  
  7.300   109.81236  
  7.400   109.50520  
  7.500   109.20177  
  7.600   108.90198  
  7.700   108.60574  
  7.800   108.31298  
  7.900   108.02361  
  8.000   107.73755  
  8.100   107.45473  
  8.200   107.17506  
  8.300   106.89849  
  8.400   106.62495  
  8.500   106.35437  
  8.600   106.08667  
  8.700   105.82181  
  8.800   105.55972  
  8.900   105.30035  
  9.000   105.04364  
  9.100   104.78953  
  9.200   104.53796  
  9.300   104.28890  
  9.400   104.04229  
  9.500   103.79808  
  9.600   103.55622  
  9.700   103.31667  
  9.800   103.07938  
  9.900   102.84431  
 10.000   102.61142  
 10.100   102.38066  
 10.200   102.15199  
 10.300   101.92539  
 10.400   101.70081  
 10.500   101.47823  
 10.600   101.25759  
 10.700   101.03888  
 10.800   100.82205  
 10.900   100.60707  
 11.000   100.39390  
 11.100   100.18251  
 11.200    99.97287  
 11.300    99.76496  
 11.400    99.55875  
 11.500    99.35420  
 11.600    99.15130  
 11.700    98.95002  
 11.800    98.75032  
 11.900    98.55219  
 12.000    98.35559  
 12.100    98.16050  
 12.200    97.96690  
 12.300    97.77477  
 12.400    97.58408  
 12.500    97.39481  
 12.600    97.20694  
 12.700    97.02045  
 12.800    96.83533  
 12.900    96.65153  
 13.000    96.46906  
 13.100    96.28788  
 13.200    96.10798  
 13.300    95.92933  
 13.400    95.75193  
 13.500    95.57576  
 13.600    95.40079  
 13.700    95.22702  
 13.800    95.05441  
 13.900    94.88297  
 14.000    94.71267  
 14.100    94.54348  
 14.200    94.37541  
 14.300    94.20843  
 14.400    94.04254  
 14.500    93.87771  
 14.600    93.71393  
 14.700    93.55119  
 14.800    93.38947  
 14.900    93.22877  
 15.000    93.06906  
 15.100    92.91033  
 15.200    92.75258  
 15.300    92.59578  
 15.400    92.43994  
 15.500    92.28503  
 15.600    92.13104  
 15.700    91.97797  
 15.800    91.82580  
 15.900    91.67452  
 16.000    91.52411  
 16.100    91.37458  
 16.200    91.22590  
 16.300    91.07807  
 16.400    90.93108  
 16.500    90.78492  
 16.600    90.63957  
 16.700    90.49504  
 16.800    90.35130  
 16.900    90.20835  
 17.000    90.06619  
 17.100    89.92479  
 17.200    89.78416  
 17.300    89.64428  
 17.400    89.50515  
 17.500    89.36676  
 17.600    89.22909  
 17.700    89.09215  
 17.800    88.95592  
 17.900    88.82040  
 18.000    88.68557  
 18.100    88.55144  
 18.200    88.41798  
 18.300    88.28520  
 18.400    88.15310  
 18.500    88.02165  
 18.600    87.89085  
 18.700    87.76071  
 18.800    87.63121  
 18.900    87.50233  
 19.000    87.37409  
 19.100    87.24647  
 19.200    87.11946  
 19.300    86.99306  
 19.400    86.86726  
 19.500    86.74206  
 19.600    86.61745  
 19.700    86.49343  
 19.800    86.36998  
 19.900    86.24711  
 20.000    86.12480  
 20.100    86.00305  
 20.200    85.88186  
 20.300    85.76123  
 20.400    85.64113  
 20.500    85.52158  
 20.600    85.40256  
 20.700    85.28407  
 20.800    85.16611  
 20.900    85.04867  
 21.000    84.93174  
 21.100    84.81533  
 21.200    84.69941  
 21.300    84.58400  
 21.400    84.46909  
 21.500    84.35467  
 21.600    84.24073  
 21.700    84.12728  
 21.800    84.01431  
 21.900    83.90181  
 22.000    83.78978  
 22.100    83.67822  
 22.200    83.56712  
 22.300    83.45647  
 22.400    83.34628  
 22.500    83.23654  
 22.600    83.12725  
 22.700    83.01840  
 22.800    82.90998  
 22.900    82.80200  
 23.000    82.69445  
 23.100    82.58733  
 23.200    82.48063  
 23.300    82.37435  
 23.400    82.26849  
 23.500    82.16304  
 23.600    82.05799  
 23.700    81.95336  
 23.800    81.84913  
 23.900    81.74529  
 24.000    81.64185  
 24.100    81.53881  
 24.200    81.43615  
 24.300    81.33388  
 24.400    81.23199  
 24.500    81.13049  
 24.600    81.02936  
 24.700    80.92860  
 24.800    80.82822  
 24.900    80.72820  
 25.000    80.62855  
 25.100    80.52926  
 25.200    80.43033  
 25.300    80.33176  
 25.400    80.23354  
 25.500    80.13568  
 25.600    80.03816  
 25.700    79.94098  
 25.800    79.84416  
 25.900    79.74767  
 26.000    79.65152  
 26.100    79.55570  
 26.200    79.46022  
 26.300    79.36507  
 26.400    79.27024  
 26.500    79.17574  
 26.600    79.08157  
 26.700    78.98771  
 26.800    78.89418  
 26.900    78.80096  
 27.000    78.70805  
 27.100    78.61546  
 27.200    78.52317  
 27.300    78.43119  
 27.400    78.33952  
 27.500    78.24815  
 27.600    78.15708  
 27.700    78.06630  
 27.800    77.97583  
 27.900    77.88565  
 28.000    77.79576  
 28.100    77.70616  
 28.200    77.61684  
 28.300    77.52782  
 28.400    77.43908  
 28.500    77.35062  
 28.600    77.26244  
 28.700    77.17453  
 28.800    77.08691  
 28.900    76.99956  
 29.000    76.91248  
 29.100    76.82567  
 29.200    76.73913  
 29.300    76.65286  
 29.400    76.56685  
 29.500    76.48111  
 29.600    76.39563  
 29.700    76.31041  
 29.800    76.22544  
 29.900    76.14074  
 30.000    76.05628  
 30.100    75.97209  
 30.200    75.88814  
 30.300    75.80444  
 30.400    75.72099  
 30.500    75.63779  
 30.600    75.55483  
 30.700    75.47212  
 30.800    75.38965  
 30.900    75.30742  
 31.000    75.22543  
 31.100    75.14367  
 31.200    75.06216  
 31.300    74.98087  
 31.400    74.89982  
 31.500    74.81900  
 31.600    74.73841  
 31.700    74.65805  
 31.800    74.57792  
 31.900    74.49801  
 32.000    74.41833  
 32.100    74.33887  
 32.200    74.25963  
 32.300    74.18061  
 32.400    74.10181  
 32.500    74.02323  
 32.600    73.94487  
 32.700    73.86672  
 32.800    73.78878  
 32.900    73.71106  
 33.000    73.63355  
 33.100    73.55625  
 33.200    73.47915  
 33.300    73.40227  
 33.400    73.32559  
 33.500    73.24912  
 33.600    73.17285  
 33.700    73.09678  
 33.800    73.02091  
 33.900    72.94525  
 34.000    72.86978  
 34.100    72.79451  
 34.200    72.71944  
 34.300    72.64457  
 34.400    72.56989  
 34.500    72.49540  
 34.600    72.42111  
 34.700    72.34700  
 34.800    72.27309  
 34.900    72.19937  
 35.000    72.12583  
 35.100    72.05249  
 35.200    71.97932  
 35.300    71.90635  
 35.400    71.83355  
 35.500    71.76094  
 35.600    71.68852  
 35.700    71.61627  
 35.800    71.54420  
 35.900    71.47232  
 36.000    71.40061  
 36.100    71.32907  
 36.200    71.25772  
 36.300    71.18654  
 36.400    71.11553  
 36.500    71.04470  
 36.600    70.97404  
 36.700    70.90355  
 36.800    70.83323  
 36.900    70.76308  
 37.000    70.69310  
 37.100    70.62329  
 37.200    70.55364  
 37.300    70.48416  
 37.400    70.41485  
 37.500    70.34570  
 37.600    70.27671  
 37.700    70.20789  
 37.800    70.13923  
 37.900    70.07073  
 38.000    70.00238  
 38.100    69.93420  
 38.200    69.86618  
 38.300    69.79832  
 38.400    69.73061  
 38.500    69.66306  
 38.600    69.59566  
 38.700    69.52842  
 38.800    69.46133  
 38.900    69.39439  
 39.000    69.32761  
 39.100    69.26098  
 39.200    69.19450  
 39.300    69.12816  
 39.400    69.06198  
 39.500    68.99595  
 39.600    68.93006  
 39.700    68.86432  
 39.800    68.79873  
 39.900    68.73329  
 40.000    68.66798  
 40.100    68.60283  
 40.200    68.53781  
 40.300    68.47294  
 40.400    68.40821  
 40.500    68.34362  
 40.600    68.27917  
 40.700    68.21487  
 40.800    68.15070  
 40.900    68.08667  
 41.000    68.02278  
 41.100    67.95902  
 41.200    67.89540  
 41.300    67.83192  
 41.400    67.76858  
 41.500    67.70537  
 41.600    67.64229  
 41.700    67.57935  
 41.800    67.51653  
 41.900    67.45386  
 42.000    67.39131  
 42.100    67.32889  
 42.200    67.26661  
 42.300    67.20445  
 42.400    67.14243  
 42.500    67.08053  
 42.600    67.01876  
 42.700    66.95712  
 42.800    66.89561  
 42.900    66.83422  
 43.000    66.77295  
 43.100    66.71182  
 43.200    66.65080  
 43.300    66.58991  
 43.400    66.52915  
 43.500    66.46851  
 43.600    66.40799  
 43.700    66.34759  
 43.800    66.28731  
 43.900    66.22715  
 44.000    66.16712  
 44.100    66.10720  
 44.200    66.04741  
 44.300    65.98773  
 44.400    65.92817  
 44.500    65.86872  
 44.600    65.80940  
 44.700    65.75019  
 44.800    65.69110  
 44.900    65.63212  
 45.000    65.57326  
 45.100    65.51451  
 45.200    65.45588  
 45.300    65.39736  
 45.400    65.33895  
 45.500    65.28066  
 45.600    65.22247  
 45.700    65.16440  
 45.800    65.10645  
 45.900    65.04860  
 46.000    64.99086  
 46.100    64.93323  
 46.200    64.87571  
 46.300    64.81830  
 46.400    64.76100  
 46.500    64.70381  
 46.600    64.64672  
 46.700    64.58974  
 46.800    64.53287  
 46.900    64.47610  
 47.000    64.41944  
 47.100    64.36289  
 47.200    64.30644  
 47.300    64.25009  
 47.400    64.19385  
 47.500    64.13771  
 47.600    64.08167  
 47.700    64.02574  
 47.800    63.96991  
 47.900    63.91418  
 48.000    63.85855  
 48.100    63.80303  
 48.200    63.74760  
 48.300    63.69228  
 48.400    63.63705  
 48.500    63.58193  
 48.600    63.52690  
 48.700    63.47197  
 48.800    63.41714  
 48.900    63.36241  
 49.000    63.30778  
 49.100    63.25324  
 49.200    63.19880  
 49.300    63.14446  
 49.400    63.09021  
 49.500    63.03606  
 49.600    62.98200  
 49.700    62.92804  
 49.800    62.87417  
 49.900    62.82040  
 50.000    62.76672  
 50.100    62.71313  
 50.200    62.65964  
 50.300    62.60624  
 50.400    62.55293  
 50.500    62.49971  
 50.600    62.44659  
 50.700    62.39355  
 50.800    62.34061  
 50.900    62.28776  
 51.000    62.23500  
 51.100    62.18232  
 51.200    62.12974  
 51.300    62.07725  
 51.400    62.02484  
 51.500    61.97253  
 51.600    61.92030  
 51.700    61.86816  
 51.800    61.81611  
 51.900    61.76414  
 52.000    61.71226  
 52.100    61.66047  
 52.200    61.60877  
 52.300    61.55715  
 52.400    61.50561  
 52.500    61.45416  
 52.600    61.40280  
 52.700    61.35152  
 52.800    61.30032  
 52.900    61.24921  
 53.000    61.19819  
 53.100    61.14724  
 53.200    61.09638  
 53.300    61.04561  
 53.400    60.99491  
 53.500    60.94430  
 53.600    60.89377  
 53.700    60.84332  
 53.800    60.79295  
 53.900    60.74266  
 54.000    60.69245  
 54.100    60.64233  
 54.200    60.59228  
 54.300    60.54232  
 54.400    60.49243  
 54.500    60.44262  
 54.600    60.39290  
 54.700    60.34325  
 54.800    60.29368  
 54.900    60.24418  
 55.000    60.19477  
 55.100    60.14543  
 55.200    60.09617  
 55.300    60.04699  
 55.400    59.99789  
 55.500    59.94886  
 55.600    59.89990  
 55.700    59.85103  
 55.800    59.80223  
 55.900    59.75350  
 56.000    59.70485  
 56.100    59.65628  
 56.200    59.60778  
 56.300    59.55935  
 56.400    59.51100  
 56.500    59.46272  
 56.600    59.41452  
 56.700    59.36639  
 56.800    59.31833  
 56.900    59.27035  
 57.000    59.22243  
 57.100    59.17460  
 57.200    59.12683  
 57.300    59.07913  
 57.400    59.03151  
 57.500    58.98396  
 57.600    58.93648  
 57.700    58.88907  
 57.800    58.84173  
 57.900    58.79446  
 58.000    58.74727  
 58.100    58.70014  
 58.200    58.65308  
 58.300    58.60609  
 58.400    58.55917  
 58.500    58.51233  
 58.600    58.46554  
 58.700    58.41883  
 58.800    58.37219  
 58.900    58.32561  
 59.000    58.27911  
 59.100    58.23267  
 59.200    58.18630  
 59.300    58.13999  
 59.400    58.09376  
 59.500    58.04759  
 59.600    58.00148  
 59.700    57.95545  
 59.800    57.90948  
 59.900    57.86357  
 60.000    57.81773  
 60.100    57.77196  
 60.200    57.72625  
 60.300    57.68061  
 60.400    57.63503  
 60.500    57.58952  
 60.600    57.54407  
 60.700    57.49869  
 60.800    57.45337  
 60.900    57.40811  
 61.000    57.36292  
 61.100    57.31780  
 61.200    57.27273  
 61.300    57.22773  
 61.400    57.18279  
 61.500    57.13792  
 61.600    57.09310  
 61.700    57.04835  
 61.800    57.00366  
 61.900    56.95904  
 62.000    56.91447  
 62.100    56.86997  
 62.200    56.82553  
 62.300    56.78115  
 62.400    56.73683  
 62.500    56.69257  
 62.600    56.64838  
 62.700    56.60424  
 62.800    56.56016  
 62.900    56.51615  
 63.000    56.47219  
 63.100    56.42829  
 63.200    56.38446  
 63.300    56.34068  
 63.400    56.29696  
 63.500    56.25330  
 63.600    56.20970  
 63.700    56.16616  
 63.800    56.12267  
 63.900    56.07925  
 64.000    56.03588  
 64.100    55.99257  
 64.200    55.94932  
 64.300    55.90613  
 64.400    55.86299  
 64.500    55.81991  
 64.600    55.77689  
 64.700    55.73393  
 64.800    55.69102  
 64.900    55.64817  
 65.000    55.60537  
 65.100    55.56264  
 65.200    55.51995  
 65.300    55.47733  
 65.400    55.43476  
 65.500    55.39224  
 65.600    55.34978  
 65.700    55.30738  
 65.800    55.26503  
 65.900    55.22274  
 66.000    55.18050  
 66.100    55.13831  
 66.200    55.09618  
 66.300    55.05411  
 66.400    55.01208  
 66.500    54.97012  
 66.600    54.92820  
 66.700    54.88634  
 66.800    54.84454  
 66.900    54.80278  
 67.000    54.76108  
 67.100    54.71944  
 67.200    54.67784  
 67.300    54.63630  
 67.400    54.59481  
 67.500    54.55338  
 67.600    54.51199  
 67.700    54.47066  
 67.800    54.42938  
 67.900    54.38816  
 68.000    54.34698  
 68.100    54.30586  
 68.200    54.26478  
 68.300    54.22376  
 68.400    54.18279  
 68.500    54.14187  
 68.600    54.10101  
 68.700    54.06019  
 68.800    54.01942  
 68.900    53.97871  
 69.000    53.93804  
 69.100    53.89743  
 69.200    53.85686  
 69.300    53.81634  
 69.400    53.77588  
 69.500    53.73546  
 69.600    53.69509  
 69.700    53.65478  
 69.800    53.61451  
 69.900    53.57429  
 70.000    53.53412  
 70.100    53.49400  
 70.200    53.45392  
 70.300    53.41390  
 70.400    53.37392  
 70.500    53.33400  
 70.600    53.29412  
 70.700    53.25429  
 70.800    53.21450  
 70.900    53.17477  
 71.000    53.13508  
 71.100    53.09544  
 71.200    53.05585  
 71.300    53.01630  
 71.400    52.97680  
 71.500    52.93735  
 71.600    52.89795  
 71.700    52.85859  
 71.800    52.81928  
 71.900    52.78001  
 72.000    52.74079  
 72.100    52.70162  
 72.200    52.66249  
 72.300    52.62341  
 72.400    52.58438  
 72.500    52.54539  
 72.600    52.50645  
 72.700    52.46755  
 72.800    52.42870  
 72.900    52.38989  
 73.000    52.35113  
 73.100    52.31241  
 73.200    52.27374  
 73.300    52.23512  
 73.400    52.19653  
 73.500    52.15800  
 73.600    52.11950  
 73.700    52.08105  
 73.800    52.04265  
 73.900    52.00429  
 74.000    51.96597  
 74.100    51.92770  
 74.200    51.88947  
 74.300    51.85129  
 74.400    51.81315  
 74.500    51.77505  
 74.600    51.73699  
 74.700    51.69898  
 74.800    51.66101  
 74.900    51.62309  
 75.000    51.58520  
 75.100    51.54737  
 75.200    51.50957  
 75.300    51.47181  
 75.400    51.43410  
 75.500    51.39643  
 75.600    51.35880  
 75.700    51.32122  
 75.800    51.28368  
 75.900    51.24617  
 76.000    51.20871  
 76.100    51.17130  
 76.200    51.13392  
 76.300    51.09659  
 76.400    51.05929  
 76.500    51.02204  
 76.600    50.98483  
 76.700    50.94766  
 76.800    50.91053  
 76.900    50.87344  
 77.000    50.83640  
 77.100    50.79939  
 77.200    50.76242  
 77.300    50.72550  
 77.400    50.68861  
 77.500    50.65177  
 77.600    50.61496  
 77.700    50.57820  
 77.800    50.54147  
 77.900    50.50479  
 78.000    50.46814  
 78.100    50.43154  
 78.200    50.39497  
 78.300    50.35844  
 78.400    50.32196  
 78.500    50.28551  
 78.600    50.24910  
 78.700    50.21273  
 78.800    50.17640  
 78.900    50.14011  
 79.000    50.10386  
 79.100    50.06765  
 79.200    50.03147  
 79.300    49.99533  
 79.400    49.95924  
 79.500    49.92318  
 79.600    49.88715  
 79.700    49.85117  
 79.800    49.81522  
 79.900    49.77932  
 80.000    49.74345  
 80.100    49.70762  
 80.200    49.67182  
 80.300    49.63607  
 80.400    49.60035  
 80.500    49.56467  
 80.600    49.52902  
 80.700    49.49342  
 80.800    49.45785  
 80.900    49.42231  
 81.000    49.38682  
 81.100    49.35136  
 81.200    49.31594  
 81.300    49.28055  
 81.400    49.24520  
 81.500    49.20989  
 81.600    49.17462  
 81.700    49.13938  
 81.800    49.10418  
 81.900    49.06901  
 82.000    49.03388  
 82.100    48.99879  
 82.200    48.96373  
 82.300    48.92871  
 82.400    48.89372  
 82.500    48.85877  
 82.600    48.82385  
 82.700    48.78898  
 82.800    48.75413  
 82.900    48.71932  
 83.000    48.68455  
 83.100    48.64981  
 83.200    48.61511  
 83.300    48.58044  
 83.400    48.54581  
 83.500    48.51121  
 83.600    48.47665  
 83.700    48.44212  
 83.800    48.40763  
 83.900    48.37317  
 84.000    48.33874  
 84.100    48.30435  
 84.200    48.27000  
 84.300    48.23568  
 84.400    48.20139  
 84.500    48.16714  
 84.600    48.13292  
 84.700    48.09873  
 84.800    48.06458  
 84.900    48.03046  
 85.000    47.99638  
 85.100    47.96233  
 85.200    47.92831  
 85.300    47.89433  
 85.400    47.86038  
 85.500    47.82647  
 85.600    47.79258  
 85.700    47.75873  
 85.800    47.72492  
 85.900    47.69114  
 86.000    47.65739  
 86.100    47.62367  
 86.200    47.58998  
 86.300    47.55633  
 86.400    47.52271  
 86.500    47.48913  
 86.600    47.45557  
 86.700    47.42205  
 86.800    47.38856  
 86.900    47.35511  
 87.000    47.32168  
 87.100    47.28829  
 87.200    47.25493  
 87.300    47.22160  
 87.400    47.18831  
 87.500    47.15504  
 87.600    47.12181  
 87.700    47.08861  
 87.800    47.05544  
 87.900    47.02231  
 88.000    46.98920  
 88.100    46.95613  
 88.200    46.92309  
 88.300    46.89008  
 88.400    46.85710  
 88.500    46.82415  
 88.600    46.79123  
 88.700    46.75834  
 88.800    46.72549  
 88.900    46.69267  
 89.000    46.65987  
 89.100    46.62711  
 89.200    46.59438  
 89.300    46.56168  
 89.400    46.52901  
 89.500    46.49637  
 89.600    46.46376  
 89.700    46.43118  
 89.800    46.39863  
 89.900    46.36612  
 90.000    46.33363  
 90.100    46.30117  
 90.200    46.26874  
 90.300    46.23635  
 90.400    46.20398  
 90.500    46.17164  
 90.600    46.13933  
 90.700    46.10706  
 90.800    46.07481  
 90.900    46.04259  
 91.000    46.01040  
 91.100    45.97824  
 91.200    45.94611  
 91.300    45.91401  
 91.400    45.88194  
 91.500    45.84990  
 91.600    45.81789  
 91.700    45.78591  
 91.800    45.75395  
 91.900    45.72203  
 92.000    45.69013  
 92.100    45.65827  
 92.200    45.62643  
 92.300    45.59462  
 92.400    45.56284  
 92.500    45.53109  
 92.600    45.49937  
 92.700    45.46767  
 92.800    45.43601  
 92.900    45.40437  
 93.000    45.37276  
 93.100    45.34118  
 93.200    45.30963  
 93.300    45.27810  
 93.400    45.24661  
 93.500    45.21514  
 93.600    45.18370  
 93.700    45.15229  
 93.800    45.12091  
 93.900    45.08955  
 94.000    45.05822  
 94.100    45.02692  
 94.200    44.99565  
 94.300    44.96441  
 94.400    44.93319  
 94.500    44.90200  
 94.600    44.87084  
 94.700    44.83970  
 94.800    44.80860  
 94.900    44.77752  
 95.000    44.74646  
 95.100    44.71544  
 95.200    44.68444  
 95.300    44.65347  
 95.400    44.62253  
 95.500    44.59161  
 95.600    44.56072  
 95.700    44.52986  
 95.800    44.49902  
 95.900    44.46821  
 96.000    44.43743  
 96.100    44.40667  
 96.200    44.37595  
 96.300    44.34524  
 96.400    44.31457  
 96.500    44.28392  
 96.600    44.25329  
 96.700    44.22270  
 96.800    44.19213  
 96.900    44.16158  
 97.000    44.13107  
 97.100    44.10057  
 97.200    44.07011  
 97.300    44.03967  
 97.400    44.00925  
 97.500    43.97887  
 97.600    43.94851  
 97.700    43.91817  
 97.800    43.88786  
 97.900    43.85758  
 98.000    43.82732  
 98.100    43.79709  
 98.200    43.76688  
 98.300    43.73670  
 98.400    43.70654  
 98.500    43.67641  
 98.600    43.64630  
 98.700    43.61622  
 98.800    43.58617  
 98.900    43.55614  
 99.000    43.52614  
 99.100    43.49616  
 99.200    43.46620  
 99.300    43.43628  
 99.400    43.40637  
 99.500    43.37649  
 99.600    43.34664  
 99.700    43.31681  
 99.800    43.28701  
 99.900    43.25723  
100.000    43.22747  
100.100    43.19774  
100.200    43.16804  
100.300    43.13836  
100.400    43.10870  
100.500    43.07907  
100.600    43.04946  
100.700    43.01988  
100.800    42.99032  
100.900    42.96079  
101.000    42.93128  
101.100    42.90180  
101.200    42.87233  
101.300    42.84290  
101.400    42.81349  
101.500    42.78410  
101.600    42.75473  
101.700    42.72539  
101.800    42.69607  
101.900    42.66678  
102.000    42.63751  
102.100    42.60827  
102.200    42.57904  
102.300    42.54985  
102.400    42.52067  
102.500    42.49152  
102.600    42.46239  
102.700    42.43329  
102.800    42.40421  
102.900    42.37515  
103.000    42.34612  
103.100    42.31711  
103.200    42.28812  
103.300    42.25916  
103.400    42.23022  
103.500    42.20130  
103.600    42.17241  
103.700    42.14354  
103.800    42.11469  
103.900    42.08587  
104.000    42.05707  
104.100    42.02829  
104.200    41.99953  
104.300    41.97080  
104.400    41.94209  
104.500    41.91340  
104.600    41.88473  
104.700    41.85609  
104.800    41.82747  
104.900    41.79888  
105.000    41.77030  
105.100    41.74175  
105.200    41.71322  
105.300    41.68471  
105.400    41.65623  
105.500    41.62777  
105.600    41.59933  
105.700    41.57091  
105.800    41.54251  
105.900    41.51414  
106.000    41.48579  
106.100    41.45746  
106.200    41.42915  
106.300    41.40087  
106.400    41.37260  
106.500    41.34436  
106.600    41.31614  
106.700    41.28795  
106.800    41.25977  
106.900    41.23162  
107.000    41.20348  
107.100    41.17537  
107.200    41.14729  
107.300    41.11922  
107.400    41.09117  
107.500    41.06315  
107.600    41.03515  
107.700    41.00717  
107.800    40.97921  
107.900    40.95127  
108.000    40.92335  
108.100    40.89546  
108.200    40.86758  
108.300    40.83973  
108.400    40.81190  
108.500    40.78409  
108.600    40.75630  
108.700    40.72853  
108.800    40.70078  
108.900    40.67306  
109.000    40.64535  
109.100    40.61767  
109.200    40.59001  
109.300    40.56236  
109.400    40.53474  
109.500    40.50714  
109.600    40.47956  
109.700    40.45200  
109.800    40.42446  
109.900    40.39695  
110.000    40.36945  
110.100    40.34197  
110.200    40.31452  
110.300    40.28708  
110.400    40.25967  
110.500    40.23227  
110.600    40.20490  
110.700    40.17755  
110.800    40.15021  
110.900    40.12290  
111.000    40.09561  
111.100    40.06833  
111.200    40.04108  
111.300    40.01385  
111.400    39.98664  
111.500    39.95945  
111.600    39.93227  
111.700    39.90512  
111.800    39.87799  
111.900    39.85088  
112.000    39.82379  
112.100    39.79672  
112.200    39.76966  
112.300    39.74263  
112.400    39.71562  
112.500    39.68863  
112.600    39.66165  
112.700    39.63470  
112.800    39.60777  
112.900    39.58085  
113.000    39.55396  
113.100    39.52708  
113.200    39.50023  
113.300    39.47339  
113.400    39.44658  
113.500    39.41978  
113.600    39.39300  
113.700    39.36625  
113.800    39.33951  
113.900    39.31279  
114.000    39.28609  
114.100    39.25941  
114.200    39.23274  
114.300    39.20610  
114.400    39.17948  
114.500    39.15287  
114.600    39.12629  
114.700    39.09972  
114.800    39.07318  
114.900    39.04665  
115.000    39.02014  
115.100    38.99365  
115.200    38.96718  
115.300    38.94072  
115.400    38.91429  
115.500    38.88788  
115.600    38.86148  
115.700    38.83510  
115.800    38.80874  
115.900    38.78240  
116.000    38.75608  
116.100    38.72978  
116.200    38.70350  
116.300    38.67723  
116.400    38.65098  
116.500    38.62476  
116.600    38.59855  
116.700    38.57235  
116.800    38.54618  
116.900    38.52003  
117.000    38.49389  
117.100    38.46777  
117.200    38.44167  
117.300    38.41559  
117.400    38.38953  
117.500    38.36348  
117.600    38.33745  
117.700    38.31145  
117.800    38.28545  
117.900    38.25948  
118.000    38.23353  
118.100    38.20759  
118.200    38.18167  
118.300    38.15577  
118.400    38.12989  
118.500    38.10402  
118.600    38.07818  
118.700    38.05235  
118.800    38.02654  
118.900    38.00074  
119.000    37.97497  
119.100    37.94921  
119.200    37.92347  
119.300    37.89774  
119.400    37.87204  
119.500    37.84635  
119.600    37.82068  
119.700    37.79503  
119.800    37.76940  
119.900    37.74378  
120.000    37.71818  
120.100    37.69260  
120.200    37.66703  
120.300    37.64148  
120.400    37.61595  
120.500    37.59044  
120.600    37.56494  
120.700    37.53947  
120.800    37.51401  
120.900    37.48856  
121.000    37.46313  
121.100    37.43773  
121.200    37.41233  
121.300    37.38696  
121.400    37.36160  
121.500    37.33626  
121.600    37.31093  
121.700    37.28563  
121.800    37.26034  
121.900    37.23507  
122.000    37.20981  
122.100    37.18457  
122.200    37.15935  
122.300    37.13414  
122.400    37.10895  
122.500    37.08378  
122.600    37.05863  
122.700    37.03349  
122.800    37.00837  
122.900    36.98326  
123.000    36.95817  
123.100    36.93310  
123.200    36.90805  
123.300    36.88301  
123.400    36.85799  
123.500    36.83298  
123.600    36.80799  
123.700    36.78302  
123.800    36.75807  
123.900    36.73313  
124.000    36.70820  
124.100    36.68330  
124.200    36.65841  
124.300    36.63353  
124.400    36.60868  
124.500    36.58383  
124.600    36.55901  
124.700    36.53420  
124.800    36.50941  
124.900    36.48463  
125.000    36.45987  
125.100    36.43513  
125.200    36.41040  
125.300    36.38569  
125.400    36.36099  
125.500    36.33631  
125.600    36.31165  
125.700    36.28700  
125.800    36.26237  
125.900    36.23775  
126.000    36.21316  
126.100    36.18857  
126.200    36.16400  
126.300    36.13945  
126.400    36.11491  
126.500    36.09039  
126.600    36.06589  
126.700    36.04140  
126.800    36.01693  
126.900    35.99247  
127.000    35.96803  
127.100    35.94360  
127.200    35.91919  
127.300    35.89480  
127.400    35.87042  
127.500    35.84605  
127.600    35.82170  
127.700    35.79737  
127.800    35.77306  
127.900    35.74875  
128.000    35.72447  
128.100    35.70020  
128.200    35.67594  
128.300    35.65170  
128.400    35.62748  
128.500    35.60327  
128.600    35.57907  
128.700    35.55489  
128.800    35.53073  
128.900    35.50658  
129.000    35.48245  
129.100    35.45833  
129.200    35.43423  
129.300    35.41014  
129.400    35.38607  
129.500    35.36201  
129.600    35.33797  
129.700    35.31394  
129.800    35.28993  
129.900    35.26593  
130.000    35.24195  
130.100    35.21798  
130.200    35.19403  
130.300    35.17009  
130.400    35.14617  
130.500    35.12226  
130.600    35.09837  
130.700    35.07449  
130.800    35.05063  
130.900    35.02678  
131.000    35.00295  
131.100    34.97913  
131.200    34.95533  
131.300    34.93154  
131.400    34.90776  
131.500    34.88400  
131.600    34.86026  
131.700    34.83653  
131.800    34.81281  
131.900    34.78911  
132.000    34.76543  
132.100    34.74175  
132.200    34.71810  
132.300    34.69445  
132.400    34.67082  
132.500    34.64721  
132.600    34.62361  
132.700    34.60002  
132.800    34.57645  
132.900    34.55290  
133.000    34.52936  
133.100    34.50583  
133.200    34.48231  
133.300    34.45881  
133.400    34.43533  
133.500    34.41186  
133.600    34.38840  
133.700    34.36496  
133.800    34.34153  
133.900    34.31812  
134.000    34.29472  
134.100    34.27133  
134.200    34.24796  
134.300    34.22460  
134.400    34.20126  
134.500    34.17793  
134.600    34.15462  
134.700    34.13132  
134.800    34.10803  
134.900    34.08476  
135.000    34.06150  
135.100    34.03825  
135.200    34.01502  
135.300    33.99180  
135.400    33.96860  
135.500    33.94541  
135.600    33.92223  
135.700    33.89907  
135.800    33.87592  
135.900    33.85279  
136.000    33.82967  
136.100    33.80656  
136.200    33.78347  
136.300    33.76039  
136.400    33.73732  
136.500    33.71427  
136.600    33.69123  
136.700    33.66821  
136.800    33.64519  
136.900    33.62220  
137.000    33.59921  
137.100    33.57624  
137.200    33.55328  
137.300    33.53034  
137.400    33.50741  
137.500    33.48449  
137.600    33.46159  
137.700    33.43870  
137.800    33.41582  
137.900    33.39296  
138.000    33.37011  
138.100    33.34727  
138.200    33.32445  
138.300    33.30164  
138.400    33.27885  
138.500    33.25606  
138.600    33.23329  
138.700    33.21054  
138.800    33.18779  
138.900    33.16506  
139.000    33.14235  
139.100    33.11964  
139.200    33.09695  
139.300    33.07428  
139.400    33.05161  
139.500    33.02896  
139.600    33.00632  
139.700    32.98370  
139.800    32.96108  
139.900    32.93849  
140.000    32.91590  
140.100    32.89333  
140.200    32.87077  
140.300    32.84822  
140.400    32.82569  
140.500    32.80317  
140.600    32.78066  
140.700    32.75816  
140.800    32.73568  
140.900    32.71321  
141.000    32.69075  
141.100    32.66831  
141.200    32.64588  
141.300    32.62346  
141.400    32.60105  
141.500    32.57866  
141.600    32.55628  
141.700    32.53391  
141.800    32.51156  
141.900    32.48922  
142.000    32.46689  
142.100    32.44457  
142.200    32.42227  
142.300    32.39998  
142.400    32.37770  
142.500    32.35543  
142.600    32.33318  
142.700    32.31094  
142.800    32.28871  
142.900    32.26649  
143.000    32.24429  
143.100    32.22210  
143.200    32.19992  
143.300    32.17775  
143.400    32.15560  
143.500    32.13346  
143.600    32.11133  
143.700    32.08921  
143.800    32.06711  
143.900    32.04502  
144.000    32.02294  
144.100    32.00087  
144.200    31.97882  
144.300    31.95677  
144.400    31.93474  
144.500    31.91272  
144.600    31.89072  
144.700    31.86873  
144.800    31.84674  
144.900    31.82477  
145.000    31.80282  
145.100    31.78087  
145.200    31.75894  
145.300    31.73702  
145.400    31.71511  
145.500    31.69321  
145.600    31.67133  
145.700    31.64946  
145.800    31.62760  
145.900    31.60575  
146.000    31.58391  
146.100    31.56209  
146.200    31.54028  
146.300    31.51848  
146.400    31.49669  
146.500    31.47491  
146.600    31.45315  
146.700    31.43139  
146.800    31.40965  
146.900    31.38793  
147.000    31.36621  
147.100    31.34450  
147.200    31.32281  
147.300    31.30113  
147.400    31.27946  
147.500    31.25780  
147.600    31.23615  
147.700    31.21452  
147.800    31.19290  
147.900    31.17129  
148.000    31.14969  
148.100    31.12810  
148.200    31.10652  
148.300    31.08496  
148.400    31.06341  
148.500    31.04187  
148.600    31.02034  
148.700    30.99882  
148.800    30.97731  
148.900    30.95582  
149.000    30.93433  
149.100    30.91286  
149.200    30.89140  
149.300    30.86995  
149.400    30.84852  
149.500    30.82709  
149.600    30.80568  
149.700    30.78427  
149.800    30.76288  
149.900    30.74150  
150.000    30.72013  
150.100    30.69878  
150.200    30.67743  
150.300    30.65610  
150.400    30.63477  
150.500    30.61346  
150.600    30.59216  
150.700    30.57087  
150.800    30.54960  
150.900    30.52833  
151.000    30.50707  
151.100    30.48583  
151.200    30.46460  
151.300    30.44338  
151.400    30.42216  
151.500    30.40097  
151.600    30.37978  
151.700    30.35860  
151.800    30.33744  
151.900    30.31628  
152.000    30.29514  
152.100    30.27400  
152.200    30.25288  
152.300    30.23177  
152.400    30.21067  
152.500    30.18959  
152.600    30.16851  
152.700    30.14744  
152.800    30.12639  
152.900    30.10534  
153.000    30.08431  
153.100    30.06329  
153.200    30.04228  
153.300    30.02128  
153.400    30.00029  
153.500    29.97931  
153.600    29.95834  
153.700    29.93738  
153.800    29.91644  
153.900    29.89550  
154.000    29.87458  
154.100    29.85367  
154.200    29.83276  
154.300    29.81187  
154.400    29.79099  
154.500    29.77012  
154.600    29.74926  
154.700    29.72841  
154.800    29.70758  
154.900    29.68675  
155.000    29.66593  
155.100    29.64513  
155.200    29.62433  
155.300    29.60355  
155.400    29.58277  
155.500    29.56201  
155.600    29.54126  
155.700    29.52052  
155.800    29.49978  
155.900    29.47906  
156.000    29.45835  
156.100    29.43765  
156.200    29.41697  
156.300    29.39629  
156.400    29.37562  
156.500    29.35496  
156.600    29.33431  
156.700    29.31368  
156.800    29.29305  
156.900    29.27244  
157.000    29.25183  
157.100    29.23124  
157.200    29.21065  
157.300    29.19008  
157.400    29.16952  
157.500    29.14896  
157.600    29.12842  
157.700    29.10789  
157.800    29.08737  
157.900    29.06685  
158.000    29.04635  
158.100    29.02586  
158.200    29.00538  
158.300    28.98491  
158.400    28.96445  
158.500    28.94400  
158.600    28.92356  
158.700    28.90313  
158.800    28.88271  
158.900    28.86230  
159.000    28.84190  
159.100    28.82151  
159.200    28.80114  
159.300    28.78077  
159.400    28.76041  
159.500    28.74006  
159.600    28.71972  
159.700    28.69939  
159.800    28.67908  
159.900    28.65877  
160.000    28.63847  
160.100    28.61818  
160.200    28.59791  
160.300    28.57764  
160.400    28.55738  
160.500    28.53713  
160.600    28.51690  
160.700    28.49667  
160.800    28.47645  
160.900    28.45624  
161.000    28.43605  
161.100    28.41586  
161.200    28.39568  
161.300    28.37551  
161.400    28.35535  
161.500    28.33521  
161.600    28.31507  
161.700    28.29494  
161.800    28.27482  
161.900    28.25471  
162.000    28.23461  
162.100    28.21453  
162.200    28.19445  
162.300    28.17438  
162.400    28.15432  
162.500    28.13427  
162.600    28.11423  
162.700    28.09420  
162.800    28.07418  
162.900    28.05417  
163.000    28.03416  
163.100    28.01417  
163.200    27.99419  
163.300    27.97422  
163.400    27.95426  
163.500    27.93430  
163.600    27.91436  
163.700    27.89443  
163.800    27.87450  
163.900    27.85459  
164.000    27.83468  
164.100    27.81479  
164.200    27.79490  
164.300    27.77503  
164.400    27.75516  
164.500    27.73530  
164.600    27.71546  
164.700    27.69562  
164.800    27.67579  
164.900    27.65597  
165.000    27.63616  
165.100    27.61636  
165.200    27.59657  
165.300    27.57679  
165.400    27.55702  
165.500    27.53726  
165.600    27.51751  
165.700    27.49776  
165.800    27.47803  
165.900    27.45831  
166.000    27.43859  
166.100    27.41888  
166.200    27.39919  
166.300    27.37950  
166.400    27.35982  
166.500    27.34016  
166.600    27.32050  
166.700    27.30085  
166.800    27.28121  
166.900    27.26157  
167.000    27.24195  
167.100    27.22234  
167.200    27.20274  
167.300    27.18314  
167.400    27.16356  
167.500    27.14398  
167.600    27.12442  
167.700    27.10486  
167.800    27.08531  
167.900    27.06577  
168.000    27.04624  
168.100    27.02672  
168.200    27.00721  
168.300    26.98771  
168.400    26.96821  
168.500    26.94873  
168.600    26.92926  
168.700    26.90979  
168.800    26.89033  
168.900    26.87089  
169.000    26.85145  
169.100    26.83202  
169.200    26.81260  
169.300    26.79318  
169.400    26.77378  
169.500    26.75439  
169.600    26.73500  
169.700    26.71563  
169.800    26.69626  
169.900    26.67690  
170.000    26.65756  
170.100    26.63822  
170.200    26.61889  
170.300    26.59956  
170.400    26.58025  
170.500    26.56095  
170.600    26.54165  
170.700    26.52237  
170.800    26.50309  
170.900    26.48382  
171.000    26.46456  
171.100    26.44531  
171.200    26.42607  
171.300    26.40683  
171.400    26.38761  
171.500    26.36839  
171.600    26.34919  
171.700    26.32999  
171.800    26.31080  
171.900    26.29162  
172.000    26.27245  
172.100    26.25328  
172.200    26.23413  
172.300    26.21498  
172.400    26.19585  
172.500    26.17672  
172.600    26.15760  
172.700    26.13849  
172.800    26.11939  
172.900    26.10029  
173.000    26.08121  
173.100    26.06213  
173.200    26.04307  
173.300    26.02401  
173.400    26.00496  
173.500    25.98591  
173.600    25.96688  
173.700    25.94786  
173.800    25.92884  
173.900    25.90983  
174.000    25.89084  
174.100    25.87184  
174.200    25.85286  
174.300    25.83389  
174.400    25.81493  
174.500    25.79597  
174.600    25.77702  
174.700    25.75808  
174.800    25.73915  
174.900    25.72023  
175.000    25.70132  
175.100    25.68241  
175.200    25.66351  
175.300    25.64463  
175.400    25.62575  
175.500    25.60687  
175.600    25.58801  
175.700    25.56916  
175.800    25.55031  
175.900    25.53147  
176.000    25.51264  
176.100    25.49382  
176.200    25.47501  
176.300    25.45620  
176.400    25.43741  
176.500    25.41862  
176.600    25.39984  
176.700    25.38107  
176.800    25.36231  
176.900    25.34355  
177.000    25.32481  
177.100    25.30607  
177.200    25.28734  
177.300    25.26862  
177.400    25.24990  
177.500    25.23120  
177.600    25.21250  
177.700    25.19381  
177.800    25.17513  
177.900    25.15646  
178.000    25.13780  
178.100    25.11914  
178.200    25.10049  
178.300    25.08185  
178.400    25.06322  
178.500    25.04460  
178.600    25.02598  
178.700    25.00737  
178.800    24.98878  
178.900    24.97019  
179.000    24.95160  
179.100    24.93303  
179.200    24.91446  
179.300    24.89590  
179.400    24.87735  
179.500    24.85881  
179.600    24.84028  
179.700    24.82175  
179.800    24.80323  
179.900    24.78472  
180.000    24.76622  
180.100    24.74772  
180.200    24.72924  
180.300    24.71076  
180.400    24.69229  
180.500    24.67383  
180.600    24.65537  
180.700    24.63693  
180.800    24.61849  
180.900    24.60006  
181.000    24.58164  
181.100    24.56322  
181.200    24.54481  
181.300    24.52642  
181.400    24.50802  
181.500    24.48964  
181.600    24.47127  
181.700    24.45290  
181.800    24.43454  
181.900    24.41619  
182.000    24.39784  
182.100    24.37951  
182.200    24.36118  
182.300    24.34286  
182.400    24.32455  
182.500    24.30624  
182.600    24.28795  
182.700    24.26966  
182.800    24.25138  
182.900    24.23310  
183.000    24.21484  
183.100    24.19658  
183.200    24.17833  
183.300    24.16008  
183.400    24.14185  
183.500    24.12362  
183.600    24.10540  
183.700    24.08719  
183.800    24.06899  
183.900    24.05079  
184.000    24.03260  
184.100    24.01442  
184.200    23.99625  
184.300    23.97808  
184.400    23.95992  
184.500    23.94177  
184.600    23.92363  
184.700    23.90549  
184.800    23.88737  
184.900    23.86925  
185.000    23.85113  
185.100    23.83303  
185.200    23.81493  
185.300    23.79684  
185.400    23.77876  
185.500    23.76069  
185.600    23.74262  
185.700    23.72456  
185.800    23.70651  
185.900    23.68846  
186.000    23.67043  
186.100    23.65240  
186.200    23.63437  
186.300    23.61636  
186.400    23.59835  
186.500    23.58035  
186.600    23.56236  
186.700    23.54438  
186.800    23.52640  
186.900    23.50843  
187.000    23.49047  
187.100    23.47251  
187.200    23.45457  
187.300    23.43663  
187.400    23.41869  
187.500    23.40077  
187.600    23.38285  
187.700    23.36494  
187.800    23.34704  
187.900    23.32914  
188.000    23.31125  
188.100    23.29337  
188.200    23.27550  
188.300    23.25763  
188.400    23.23977  
188.500    23.22192  
188.600    23.20408  
188.700    23.18624  
188.800    23.16841  
188.900    23.15059  
189.000    23.13277  
189.100    23.11496  
189.200    23.09716  
189.300    23.07937  
189.400    23.06158  
189.500    23.04380  
189.600    23.02603  
189.700    23.00827  
189.800    22.99051  
189.900    22.97276  
190.000    22.95502  
190.100    22.93728  
190.200    22.91955  
190.300    22.90183  
190.400    22.88412  
190.500    22.86641  
190.600    22.84871  
190.700    22.83102  
190.800    22.81333  
190.900    22.79565  
191.000    22.77798  
191.100    22.76032  
191.200    22.74266  
191.300    22.72501  
191.400    22.70737  
191.500    22.68973  
191.600    22.67211  
191.700    22.65448  
191.800    22.63687  
191.900    22.61926  
192.000    22.60166  
192.100    22.58407  
192.200    22.56648  
192.300    22.54890  
192.400    22.53133  
192.500    22.51377  
192.600    22.49621  
192.700    22.47866  
192.800    22.46111  
192.900    22.44358  
193.000    22.42605  
193.100    22.40852  
193.200    22.39101  
193.300    22.37350  
193.400    22.35599  
193.500    22.33850  
193.600    22.32101  
193.700    22.30353  
193.800    22.28605  
193.900    22.26859  
194.000    22.25113  
194.100    22.23367  
194.200    22.21623  
194.300    22.19879  
194.400    22.18135  
194.500    22.16393  
194.600    22.14651  
194.700    22.12909  
194.800    22.11169  
194.900    22.09429  
195.000    22.07690  
195.100    22.05951  
195.200    22.04213  
195.300    22.02476  
195.400    22.00740  
195.500    21.99004  
195.600    21.97269  
195.700    21.95535  
195.800    21.93801  
195.900    21.92068  
196.000    21.90335  
196.100    21.88604  
196.200    21.86873  
196.300    21.85142  
196.400    21.83413  
196.500    21.81684  
196.600    21.79955  
196.700    21.78228  
196.800    21.76501  
196.900    21.74774  
197.000    21.73049  
197.100    21.71324  
197.200    21.69599  
197.300    21.67876  
197.400    21.66153  
197.500    21.64430  
197.600    21.62709  
197.700    21.60988  
197.800    21.59268  
197.900    21.57548  
198.000    21.55829  
198.100    21.54111  
198.200    21.52393  
198.300    21.50676  
198.400    21.48960  
198.500    21.47244  
198.600    21.45529  
198.700    21.43815  
198.800    21.42101  
198.900    21.40388  
199.000    21.38676  
199.100    21.36964  
199.200    21.35253  
199.300    21.33542  
199.400    21.31833  
199.500    21.30123  
199.600    21.28415  
199.700    21.26707  
199.800    21.25000  
199.900    21.23294  
200.000    21.21588  
200.100    21.19883  
200.200    21.18178  
200.300    21.16474  
200.400    21.14771  
200.500    21.13068  
200.600    21.11366  
200.700    21.09665  
200.800    21.07964  
200.900    21.06264  
201.000    21.04565  
201.100    21.02866  
201.200    21.01168  
201.300    20.99471  
201.400    20.97774  
201.500    20.96078  
201.600    20.94382  
201.700    20.92688  
201.800    20.90993  
201.900    20.89300  
202.000    20.87607  
202.100    20.85914  
202.200    20.84223  
202.300    20.82532  
202.400    20.80841  
202.500    20.79152  
202.600    20.77462  
202.700    20.75774  
202.800    20.74086  
202.900    20.72399  
203.000    20.70712  
203.100    20.69026  
203.200    20.67341  
203.300    20.65656  
203.400    20.63972  
203.500    20.62289  
203.600    20.60606  
203.700    20.58924  
203.800    20.57242  
203.900    20.55561  
204.000    20.53881  
204.100    20.52201  
204.200    20.50522  
204.300    20.48844  
204.400    20.47166  
204.500    20.45489  
204.600    20.43812  
204.700    20.42136  
204.800    20.40461  
204.900    20.38786  
205.000    20.37112  
205.100    20.35438  
205.200    20.33766  
205.300    20.32093  
205.400    20.30422  
205.500    20.28751  
205.600    20.27080  
205.700    20.25411  
205.800    20.23741  
205.900    20.22073  
206.000    20.20405  
206.100    20.18738  
206.200    20.17071  
206.300    20.15405  
206.400    20.13739  
206.500    20.12074  
206.600    20.10410  
206.700    20.08746  
206.800    20.07083  
206.900    20.05421  
207.000    20.03759  
207.100    20.02098  
207.200    20.00437  
207.300    19.98777  
207.400    19.97118  
207.500    19.95459  
207.600    19.93801  
207.700    19.92143  
207.800    19.90486  
207.900    19.88830  
208.000    19.87174  
208.100    19.85519  
208.200    19.83864  
208.300    19.82210  
208.400    19.80557  
208.500    19.78904  
208.600    19.77252  
208.700    19.75600  
208.800    19.73950  
208.900    19.72299  
209.000    19.70649  
209.100    19.69000  
209.200    19.67352  
209.300    19.65703  
209.400    19.64056  
209.500    19.62409  
209.600    19.60763  
209.700    19.59117  
209.800    19.57472  
209.900    19.55828  
210.000    19.54184  
210.100    19.52541  
210.200    19.50898  
210.300    19.49256  
210.400    19.47614  
210.500    19.45973  
210.600    19.44333  
210.700    19.42693  
210.800    19.41054  
210.900    19.39416  
211.000    19.37778  
211.100    19.36140  
211.200    19.34503  
211.300    19.32867  
211.400    19.31232  
211.500    19.29596  
211.600    19.27962  
211.700    19.26328  
211.800    19.24695  
211.900    19.23062  
212.000    19.21430  
212.100    19.19798  
212.200    19.18167  
212.300    19.16537  
212.400    19.14907  
212.500    19.13278  
212.600    19.11649  
212.700    19.10021  
212.800    19.08393  
212.900    19.06766  
213.000    19.05140  
213.100    19.03514  
213.200    19.01889  
213.300    19.00264  
213.400    18.98640  
213.500    18.97016  
213.600    18.95393  
213.700    18.93771  
213.800    18.92149  
213.900    18.90528  
214.000    18.88907  
214.100    18.87287  
214.200    18.85667  
214.300    18.84048  
214.400    18.82430  
214.500    18.80812  
214.600    18.79195  
214.700    18.77578  
214.800    18.75962  
214.900    18.74346  
215.000    18.72731  
215.100    18.71117  
215.200    18.69503  
215.300    18.67889  
215.400    18.66276  
215.500    18.64664  
215.600    18.63052  
215.700    18.61441  
215.800    18.59831  
215.900    18.58221  
216.000    18.56611  
216.100    18.55002  
216.200    18.53394  
216.300    18.51786  
216.400    18.50179  
216.500    18.48572  
216.600    18.46966  
216.700    18.45361  
216.800    18.43756  
216.900    18.42151  
217.000    18.40547  
217.100    18.38944  
217.200    18.37341  
217.300    18.35739  
217.400    18.34137  
217.500    18.32536  
217.600    18.30935  
217.700    18.29335  
217.800    18.27736  
217.900    18.26137  
218.000    18.24538  
218.100    18.22941  
218.200    18.21343  
218.300    18.19747  
218.400    18.18150  
218.500    18.16555  
218.600    18.14959  
218.700    18.13365  
218.800    18.11771  
218.900    18.10177  
219.000    18.08584  
219.100    18.06992  
219.200    18.05400  
219.300    18.03809  
219.400    18.02218  
219.500    18.00628  
219.600    17.99038  
219.700    17.97449  
219.800    17.95860  
219.900    17.94272  
220.000    17.92684  
220.100    17.91097  
220.200    17.89511  
220.300    17.87925  
220.400    17.86339  
220.500    17.84755  
220.600    17.83170  
220.700    17.81586  
220.800    17.80003  
220.900    17.78420  
221.000    17.76838  
221.100    17.75256  
221.200    17.73675  
221.300    17.72095  
221.400    17.70515  
221.500    17.68935  
221.600    17.67356  
221.700    17.65777  
221.800    17.64199  
221.900    17.62622  
222.000    17.61045  
222.100    17.59469  
222.200    17.57893  
222.300    17.56317  
222.400    17.54743  
222.500    17.53168  
222.600    17.51595  
222.700    17.50021  
222.800    17.48449  
222.900    17.46876  
223.000    17.45305  
223.100    17.43733  
223.200    17.42163  
223.300    17.40593  
223.400    17.39023  
223.500    17.37454  
223.600    17.35885  
223.700    17.34317  
223.800    17.32750  
223.900    17.31183  
224.000    17.29616  
224.100    17.28050  
224.200    17.26485  
224.300    17.24920  
224.400    17.23356  
224.500    17.21792  
224.600    17.20228  
224.700    17.18666  
224.800    17.17103  
224.900    17.15541  
225.000    17.13980  
225.100    17.12419  
225.200    17.10859  
225.300    17.09299  
225.400    17.07740  
225.500    17.06181  
225.600    17.04623  
225.700    17.03065  
225.800    17.01508  
225.900    16.99951  
226.000    16.98395  
226.100    16.96839  
226.200    16.95284  
226.300    16.93729  
226.400    16.92175  
226.500    16.90621  
226.600    16.89068  
226.700    16.87515  
226.800    16.85963  
226.900    16.84412  
227.000    16.82860  
227.100    16.81310  
227.200    16.79760  
227.300    16.78210  
227.400    16.76661  
227.500    16.75112  
227.600    16.73564  
227.700    16.72016  
227.800    16.70469  
227.900    16.68922  
228.000    16.67376  
228.100    16.65831  
228.200    16.64286  
228.300    16.62741  
228.400    16.61197  
228.500    16.59653  
228.600    16.58110  
228.700    16.56567  
228.800    16.55025  
228.900    16.53483  
229.000    16.51942  
229.100    16.50401  
229.200    16.48861  
229.300    16.47322  
229.400    16.45782  
229.500    16.44244  
229.600    16.42705  
229.700    16.41168  
229.800    16.39630  
229.900    16.38094  
230.000    16.36557  
230.100    16.35022  
230.200    16.33486  
230.300    16.31952  
230.400    16.30417  
230.500    16.28883  
230.600    16.27350  
230.700    16.25817  
230.800    16.24285  
230.900    16.22753  
231.000    16.21222  
231.100    16.19691  
231.200    16.18160  
231.300    16.16630  
231.400    16.15101  
231.500    16.13572  
231.600    16.12044  
231.700    16.10516  
231.800    16.08988  
231.900    16.07461  
232.000    16.05934  
232.100    16.04408  
232.200    16.02883  
232.300    16.01358  
232.400    15.99833  
232.500    15.98309  
232.600    15.96785  
232.700    15.95262  
232.800    15.93739  
232.900    15.92217  
233.000    15.90695  
233.100    15.89174  
233.200    15.87653  
233.300    15.86133  
233.400    15.84613  
233.500    15.83094  
233.600    15.81575  
233.700    15.80056  
233.800    15.78539  
233.900    15.77021  
234.000    15.75504  
234.100    15.73987  
234.200    15.72471  
234.300    15.70956  
234.400    15.69441  
234.500    15.67926  
234.600    15.66412  
234.700    15.64898  
234.800    15.63385  
234.900    15.61872  
235.000    15.60360  
235.100    15.58848  
235.200    15.57337  
235.300    15.55826  
235.400    15.54315  
235.500    15.52805  
235.600    15.51296  
235.700    15.49787  
235.800    15.48278  
235.900    15.46770  
236.000    15.45263  
236.100    15.43755  
236.200    15.42249  
236.300    15.40742  
236.400    15.39237  
236.500    15.37731  
236.600    15.36227  
236.700    15.34722  
236.800    15.33218  
236.900    15.31715  
237.000    15.30212  
237.100    15.28709  
237.200    15.27207  
237.300    15.25705  
237.400    15.24204  
237.500    15.22704  
237.600    15.21203  
237.700    15.19704  
237.800    15.18204  
237.900    15.16705  
238.000    15.15207  
238.100    15.13709  
238.200    15.12211  
238.300    15.10714  
238.400    15.09218  
238.500    15.07722  
238.600    15.06226  
238.700    15.04731  
238.800    15.03236  
238.900    15.01742  
239.000    15.00248  
239.100    14.98754  
239.200    14.97261  
239.300    14.95769  
239.400    14.94277  
239.500    14.92785  
239.600    14.91294  
239.700    14.89803  
239.800    14.88313  
239.900    14.86823  
240.000    14.85334  
240.100    14.83845  
240.200    14.82356  
240.300    14.80868  
240.400    14.79381  
240.500    14.77893  
240.600    14.76407  
240.700    14.74920  
240.800    14.73435  
240.900    14.71949  
241.000    14.70464  
241.100    14.68980  
241.200    14.67496  
241.300    14.66012  
241.400    14.64529  
241.500    14.63046  
241.600    14.61564  
241.700    14.60082  
241.800    14.58601  
241.900    14.57120  
242.000    14.55640  
242.100    14.54160  
242.200    14.52680  
242.300    14.51201  
242.400    14.49722  
242.500    14.48244  
242.600    14.46766  
242.700    14.45288  
242.800    14.43811  
242.900    14.42335  
243.000    14.40859  
243.100    14.39383  
243.200    14.37908  
243.300    14.36433  
243.400    14.34959  
243.500    14.33485  
243.600    14.32011  
243.700    14.30538  
243.800    14.29066  
243.900    14.27593  
244.000    14.26122  
244.100    14.24650  
244.200    14.23180  
244.300    14.21709  
244.400    14.20239  
244.500    14.18769  
244.600    14.17300  
244.700    14.15832  
244.800    14.14363  
244.900    14.12895  
245.000    14.11428  
245.100    14.09961  
245.200    14.08494  
245.300    14.07028  
245.400    14.05562  
245.500    14.04097  
245.600    14.02632  
245.700    14.01168  
245.800    13.99704  
245.900    13.98240  
246.000    13.96777  
246.100    13.95314  
246.200    13.93852  
246.300    13.92390  
246.400    13.90929  
246.500    13.89467  
246.600    13.88007  
246.700    13.86547  
246.800    13.85087  
246.900    13.83627  
247.000    13.82169  
247.100    13.80710  
247.200    13.79252  
247.300    13.77794  
247.400    13.76337  
247.500    13.74880  
247.600    13.73424  
247.700    13.71968  
247.800    13.70512  
247.900    13.69057  
248.000    13.67602  
248.100    13.66148  
248.200    13.64694  
248.300    13.63241  
248.400    13.61788  
248.500    13.60335  
248.600    13.58883  
248.700    13.57431  
248.800    13.55979  
248.900    13.54528  
249.000    13.53078  
249.100    13.51628  
249.200    13.50178  
249.300    13.48729  
249.400    13.47280  
249.500    13.45831  
249.600    13.44383  
249.700    13.42935  
249.800    13.41488  
249.900    13.40041  
250.000    13.38595  
250.100    13.37149  
250.200    13.35703  
250.300    13.34258  
250.400    13.32813  
250.500    13.31369  
250.600    13.29925  
250.700    13.28481  
250.800    13.27038  
250.900    13.25595  
251.000    13.24153  
251.100    13.22711  
251.200    13.21269  
251.300    13.19828  
251.400    13.18387  
251.500    13.16947  
251.600    13.15507  
251.700    13.14068  
251.800    13.12629  
251.900    13.11190  
252.000    13.09752  
252.100    13.08314  
252.200    13.06876  
252.300    13.05439  
252.400    13.04002  
252.500    13.02566  
252.600    13.01130  
252.700    12.99695  
252.800    12.98260  
252.900    12.96825  
253.000    12.95391  
253.100    12.93957  
253.200    12.92523  
253.300    12.91090  
253.400    12.89658  
253.500    12.88225  
253.600    12.86793  
253.700    12.85362  
253.800    12.83931  
253.900    12.82500  
254.000    12.81070  
254.100    12.79640  
254.200    12.78210  
254.300    12.76781  
254.400    12.75353  
254.500    12.73924  
254.600    12.72496  
254.700    12.71069  
254.800    12.69642  
254.900    12.68215  
255.000    12.66789  
255.100    12.65363  
255.200    12.63937  
255.300    12.62512  
255.400    12.61087  
255.500    12.59663  
255.600    12.58239  
255.700    12.56815  
255.800    12.55392  
255.900    12.53969  
256.000    12.52547  
256.100    12.51125  
256.200    12.49703  
256.300    12.48282  
256.400    12.46861  
256.500    12.45441  
256.600    12.44021  
256.700    12.42601  
256.800    12.41182  
256.900    12.39763  
257.000    12.38344  
257.100    12.36926  
257.200    12.35508  
257.300    12.34091  
257.400    12.32674  
257.500    12.31257  
257.600    12.29841  
257.700    12.28425  
257.800    12.27010  
257.900    12.25595  
258.000    12.24180  
258.100    12.22766  
258.200    12.21352  
258.300    12.19938  
258.400    12.18525  
258.500    12.17112  
258.600    12.15700  
258.700    12.14288  
258.800    12.12876  
258.900    12.11465  
259.000    12.10054  
259.100    12.08644  
259.200    12.07234  
259.300    12.05824  
259.400    12.04415  
259.500    12.03006  
259.600    12.01597  
259.700    12.00189  
259.800    11.98781  
259.900    11.97374  
260.000    11.95967  
260.100    11.94560  
260.200    11.93153  
260.300    11.91748  
260.400    11.90342  
260.500    11.88937  
260.600    11.87532  
260.700    11.86128  
260.800    11.84723  
260.900    11.83320  
261.000    11.81916  
261.100    11.80514  
261.200    11.79111  
261.300    11.77709  
261.400    11.76307  
261.500    11.74905  
261.600    11.73504  
261.700    11.72104  
261.800    11.70703  
261.900    11.69303  
262.000    11.67904  
262.100    11.66505  
262.200    11.65106  
262.300    11.63707  
262.400    11.62309  
262.500    11.60911  
262.600    11.59514  
262.700    11.58117  
262.800    11.56720  
262.900    11.55324  
263.000    11.53928  
263.100    11.52533  
263.200    11.51137  
263.300    11.49743  
263.400    11.48348  
263.500    11.46954  
263.600    11.45560  
263.700    11.44167  
263.800    11.42774  
263.900    11.41382  
264.000    11.39989  
264.100    11.38597  
264.200    11.37206  
264.300    11.35815  
264.400    11.34424  
264.500    11.33034  
264.600    11.31644  
264.700    11.30254  
264.800    11.28864  
264.900    11.27476  
265.000    11.26087  
265.100    11.24699  
265.200    11.23311  
265.300    11.21923  
265.400    11.20536  
265.500    11.19149  
265.600    11.17763  
265.700    11.16377  
265.800    11.14991  
265.900    11.13606  
266.000    11.12221  
266.100    11.10836  
266.200    11.09452  
266.300    11.08068  
266.400    11.06684  
266.500    11.05301  
266.600    11.03918  
266.700    11.02536  
266.800    11.01153  
266.900    10.99772  
267.000    10.98390  
267.100    10.97009  
267.200    10.95628  
267.300    10.94248  
267.400    10.92868  
267.500    10.91488  
267.600    10.90109  
267.700    10.88730  
267.800    10.87351  
267.900    10.85973  
268.000    10.84595  
268.100    10.83218  
268.200    10.81841  
268.300    10.80464  
268.400    10.79087  
268.500    10.77711  
268.600    10.76335  
268.700    10.74960  
268.800    10.73585  
268.900    10.72210  
269.000    10.70836  
269.100    10.69462  
269.200    10.68088  
269.300    10.66715  
269.400    10.65342  
269.500    10.63969  
269.600    10.62597  
269.700    10.61225  
269.800    10.59853  
269.900    10.58482  
270.000    10.57111  
270.100    10.55740  
270.200    10.54370  
270.300    10.53000  
270.400    10.51631  
270.500    10.50262  
270.600    10.48893  
270.700    10.47524  
270.800    10.46156  
270.900    10.44788  
271.000    10.43421  
271.100    10.42054  
271.200    10.40687  
271.300    10.39321  
271.400    10.37955  
271.500    10.36589  
271.600    10.35223  
271.700    10.33858  
271.800    10.32494  
271.900    10.31129  
272.000    10.29765  
272.100    10.28402  
272.200    10.27038  
272.300    10.25675  
272.400    10.24312  
272.500    10.22950  
272.600    10.21588  
272.700    10.20226  
272.800    10.18865  
272.900    10.17504  
273.000    10.16144  
273.100    10.14783  
273.200    10.13423  
273.300    10.12064  
273.400    10.10704  
273.500    10.09345  
273.600    10.07987  
273.700    10.06629  
273.800    10.05271  
273.900    10.03913  
274.000    10.02556  
274.100    10.01199  
274.200     9.99842  
274.300     9.98486  
274.400     9.97130  
274.500     9.95774  
274.600     9.94419  
274.700     9.93064  
274.800     9.91710  
274.900     9.90355  
275.000     9.89001  
275.100     9.87648  
275.200     9.86294  
275.300     9.84941  
275.400     9.83589  
275.500     9.82237  
275.600     9.80885  
275.700     9.79533  
275.800     9.78182  
275.900     9.76831  
276.000     9.75480  
276.100     9.74130  
276.200     9.72780  
276.300     9.71430  
276.400     9.70081  
276.500     9.68732  
276.600     9.67383  
276.700     9.66035  
276.800     9.64687  
276.900     9.63339  
277.000     9.61992  
277.100     9.60645  
277.200     9.59298  
277.300     9.57952  
277.400     9.56606  
277.500     9.55260  
277.600     9.53915  
277.700     9.52570  
277.800     9.51225  
277.900     9.49880  
278.000     9.48536  
278.100     9.47193  
278.200     9.45849  
278.300     9.44506  
278.400     9.43163  
278.500     9.41821  
278.600     9.40479  
278.700     9.39137  
278.800     9.37795  
278.900     9.36454  
279.000     9.35113  
279.100     9.33773  
279.200     9.32432  
279.300     9.31093  
279.400     9.29753  
279.500     9.28414  
279.600     9.27075  
279.700     9.25736  
279.800     9.24398  
279.900     9.23060  
280.000     9.21722  
280.100     9.20385  
280.200     9.19048  
280.300     9.17711  
280.400     9.16375  
280.500     9.15039  
280.600     9.13703  
280.700     9.12367  
280.800     9.11032  
280.900     9.09698  
281.000     9.08363  
281.100     9.07029  
281.200     9.05695  
281.300     9.04361  
281.400     9.03028  
281.500     9.01695  
281.600     9.00363  
281.700     8.99030  
281.800     8.97698  
281.900     8.96367  
282.000     8.95035  
282.100     8.93704  
282.200     8.92374  
282.300     8.91043  
282.400     8.89713  
282.500     8.88383  
282.600     8.87054  
282.700     8.85725  
282.800     8.84396  
282.900     8.83067  
283.000     8.81739  
283.100     8.80411  
283.200     8.79084  
283.300     8.77756  
283.400     8.76429  
283.500     8.75103  
283.600     8.73776  
283.700     8.72450  
283.800     8.71125  
283.900     8.69799  
284.000     8.68474  
284.100     8.67149  
284.200     8.65825  
284.300     8.64500  
284.400     8.63177  
284.500     8.61853  
284.600     8.60530  
284.700     8.59207  
284.800     8.57884  
284.900     8.56562  
285.000     8.55240  
285.100     8.53918  
285.200     8.52596  
285.300     8.51275  
285.400     8.49954  
285.500     8.48634  
285.600     8.47314  
285.700     8.45994  
285.800     8.44674  
285.900     8.43355  
286.000     8.42036  
286.100     8.40717  
286.200     8.39399  
286.300     8.38080  
286.400     8.36763  
286.500     8.35445  
286.600     8.34128  
286.700     8.32811  
286.800     8.31494  
286.900     8.30178  
287.000     8.28862  
287.100     8.27546  
287.200     8.26231  
287.300     8.24916  
287.400     8.23601  
287.500     8.22287  
287.600     8.20972  
287.700     8.19659  
287.800     8.18345  
287.900     8.17032  
288.000     8.15719  
288.100     8.14406  
288.200     8.13094  
288.300     8.11781  
288.400     8.10470  
288.500     8.09158  
288.600     8.07847  
288.700     8.06536  
288.800     8.05225  
288.900     8.03915  
289.000     8.02605  
289.100     8.01295  
289.200     7.99986  
289.300     7.98677  
289.400     7.97368  
289.500     7.96059  
289.600     7.94751  
289.700     7.93443  
289.800     7.92135  
289.900     7.90828  
290.000     7.89521  
290.100     7.88214  
290.200     7.86907  
290.300     7.85601  
290.400     7.84295  
290.500     7.82990  
290.600     7.81684  
290.700     7.80379  
290.800     7.79074  
290.900     7.77770  
291.000     7.76466  
291.100     7.75162  
291.200     7.73858  
291.300     7.72555  
291.400     7.71252  
291.500     7.69949  
291.600     7.68647  
291.700     7.67345  
291.800     7.66043  
291.900     7.64741  
292.000     7.63440  
292.100     7.62139  
292.200     7.60838  
292.300     7.59538  
292.400     7.58238  
292.500     7.56938  
292.600     7.55638  
292.700     7.54339  
292.800     7.53040  
292.900     7.51741  
293.000     7.50443  
293.100     7.49145  
293.200     7.47847  
293.300     7.46549  
293.400     7.45252  
293.500     7.43955  
293.600     7.42658  
293.700     7.41362  
293.800     7.40066  
293.900     7.38770  
294.000     7.37475  
294.100     7.36179  
294.200     7.34884  
294.300     7.33590  
294.400     7.32295  
294.500     7.31001  
294.600     7.29707  
294.700     7.28413  
294.800     7.27120  
294.900     7.25827  
295.000     7.24534  
295.100     7.23242  
295.200     7.21950  
295.300     7.20658  
295.400     7.19366  
295.500     7.18075  
295.600     7.16784  
295.700     7.15493  
295.800     7.14203  
295.900     7.12912  
296.000     7.11622  
296.100     7.10333  
296.200     7.09043  
296.300     7.07754  
296.400     7.06465  
296.500     7.05177  
296.600     7.03889  
296.700     7.02600  
296.800     7.01313  
296.900     7.00025  
297.000     6.98738  
297.100     6.97451  
297.200     6.96165  
297.300     6.94878  
297.400     6.93592  
297.500     6.92306  
297.600     6.91021  
297.700     6.89736  
297.800     6.88451  
297.900     6.87166  
298.000     6.85882  
298.100     6.84597  
298.200     6.83314  
298.300     6.82030  
298.400     6.80747  
298.500     6.79464  
298.600     6.78181  
298.700     6.76898  
298.800     6.75616  
298.900     6.74334  
299.000     6.73052  
299.100     6.71771  
299.200     6.70490  
299.300     6.69209  
299.400     6.67928  
299.500     6.66648  
299.600     6.65368  
299.700     6.64088  
299.800     6.62809  
299.900     6.61529  
300.000     6.60250  
300.100     6.58972  
300.200     6.57693  
300.300     6.56415  
300.400     6.55137  
300.500     6.53860  
300.600     6.52582  
300.700     6.51305  
300.800     6.50028  
300.900     6.48752  
301.000     6.47475  
301.100     6.46199  
301.200     6.44924  
301.300     6.43648  
301.400     6.42373  
301.500     6.41098  
301.600     6.39823  
301.700     6.38549  
301.800     6.37275  
301.900     6.36001  
302.000     6.34727  
302.100     6.33454  
302.200     6.32181  
302.300     6.30908  
302.400     6.29635  
302.500     6.28363  
302.600     6.27091  
302.700     6.25819  
302.800     6.24547  
302.900     6.23276  
303.000     6.22005  
303.100     6.20734  
303.200     6.19464  
303.300     6.18194  
303.400     6.16924  
303.500     6.15654  
303.600     6.14385  
303.700     6.13116  
303.800     6.11847  
303.900     6.10578  
304.000     6.09310  
304.100     6.08042  
304.200     6.06774  
304.300     6.05506  
304.400     6.04239  
304.500     6.02972  
304.600     6.01705  
304.700     6.00438  
304.800     5.99172  
304.900     5.97906  
305.000     5.96640  
305.100     5.95375  
305.200     5.94109  
305.300     5.92844  
305.400     5.91580  
305.500     5.90315  
305.600     5.89051  
305.700     5.87787  
305.800     5.86523  
305.900     5.85260  
306.000     5.83996  
306.100     5.82733  
306.200     5.81471  
306.300     5.80208  
306.400     5.78946  
306.500     5.77684  
306.600     5.76422  
306.700     5.75161  
306.800     5.73900  
306.900     5.72639  
307.000     5.71378  
307.100     5.70118  
307.200     5.68858  
307.300     5.67598  
307.400     5.66338  
307.500     5.65079  
307.600     5.63820  
307.700     5.62561  
307.800     5.61302  
307.900     5.60044  
308.000     5.58786  
308.100     5.57528  
308.200     5.56270  
308.300     5.55013  
308.400     5.53756  
308.500     5.52499  
308.600     5.51242  
308.700     5.49986  
308.800     5.48729  
308.900     5.47474  
309.000     5.46218  
309.100     5.44963  
309.200     5.43707  
309.300     5.42453  
309.400     5.41198  
309.500     5.39944  
309.600     5.38689  
309.700     5.37436  
309.800     5.36182  
309.900     5.34929  
310.000     5.33675  
310.100     5.32423  
310.200     5.31170  
310.300     5.29917  
310.400     5.28665  
310.500     5.27413  
310.600     5.26162  
310.700     5.24910  
310.800     5.23659  
310.900     5.22408  
311.000     5.21158  
311.100     5.19907  
311.200     5.18657  
311.300     5.17407  
311.400     5.16157  
311.500     5.14908  
311.600     5.13659  
311.700     5.12410  
311.800     5.11161  
311.900     5.09913  
312.000     5.08664  
312.100     5.07416  
312.200     5.06169  
312.300     5.04921  
312.400     5.03674  
312.500     5.02427  
312.600     5.01180  
312.700     4.99933  
312.800     4.98687  
312.900     4.97441  
313.000     4.96195  
313.100     4.94950  
313.200     4.93704  
313.300     4.92459  
313.400     4.91215  
313.500     4.89970  
313.600     4.88726  
313.700     4.87481  
313.800     4.86238  
313.900     4.84994  
314.000     4.83750  
314.100     4.82507  
314.200     4.81264  
314.300     4.80022  
314.400     4.78779  
314.500     4.77537  
314.600     4.76295  
314.700     4.75053  
314.800     4.73812  
314.900     4.72571  
315.000     4.71330  
315.100     4.70089  
315.200     4.68848  
315.300     4.67608  
315.400     4.66368  
315.500     4.65128  
315.600     4.63888  
315.700     4.62649  
315.800     4.61410  
315.900     4.60171  
316.000     4.58932  
316.100     4.57694  
316.200     4.56456  
316.300     4.55218  
316.400     4.53980  
316.500     4.52743  
316.600     4.51505  
316.700     4.50268  
316.800     4.49032  
316.900     4.47795  
317.000     4.46559  
317.100     4.45323  
317.200     4.44087  
317.300     4.42851  
317.400     4.41616  
317.500     4.40381  
317.600     4.39146  
317.700     4.37911  
317.800     4.36677  
317.900     4.35442  
318.000     4.34208  
318.100     4.32975  
318.200     4.31741  
318.300     4.30508  
318.400     4.29275  
318.500     4.28042  
318.600     4.26809  
318.700     4.25577  
318.800     4.24345  
318.900     4.23113  
319.000     4.21881  
319.100     4.20650  
319.200     4.19419  
319.300     4.18188  
319.400     4.16957  
319.500     4.15726  
319.600     4.14496  
319.700     4.13266  
319.800     4.12036  
319.900     4.10806  
320.000     4.09577  
320.100     4.08348  
320.200     4.07119  
320.300     4.05890  
320.400     4.04662  
320.500     4.03433  
320.600     4.02205  
320.700     4.00977  
320.800     3.99750  
320.900     3.98522  
321.000     3.97295  
321.100     3.96068  
321.200     3.94842  
321.300     3.93615  
321.400     3.92389  
321.500     3.91163  
321.600     3.89937  
321.700     3.88712  
321.800     3.87486  
321.900     3.86261  
322.000     3.85036  
322.100     3.83812  
322.200     3.82587  
322.300     3.81363  
322.400     3.80139  
322.500     3.78915  
322.600     3.77692  
322.700     3.76468  
322.800     3.75245  
322.900     3.74022  
323.000     3.72800  
323.100     3.71577  
323.200     3.70355  
323.300     3.69133  
323.400     3.67911  
323.500     3.66689  
323.600     3.65468  
323.700     3.64247  
323.800     3.63026  
323.900     3.61805  
324.000     3.60585  
324.100     3.59365  
324.200     3.58145  
324.300     3.56925  
324.400     3.55705  
324.500     3.54486  
324.600     3.53267  
324.700     3.52048  
324.800     3.50829  
324.900     3.49611  
325.000     3.48392  
325.100     3.47174  
325.200     3.45956  
325.300     3.44739  
325.400     3.43521  
325.500     3.42304  
325.600     3.41087  
325.700     3.39870  
325.800     3.38654  
325.900     3.37438  
326.000     3.36221  
326.100     3.35006  
326.200     3.33790  
326.300     3.32574  
326.400     3.31359  
326.500     3.30144  
326.600     3.28929  
326.700     3.27715  
326.800     3.26500  
326.900     3.25286  
327.000     3.24072  
327.100     3.22858  
327.200     3.21645  
327.300     3.20431  
327.400     3.19218  
327.500     3.18005  
327.600     3.16793  
327.700     3.15580  
327.800     3.14368  
327.900     3.13156  
328.000     3.11944  
328.100     3.10733  
328.200     3.09521  
328.300     3.08310  
328.400     3.07099  
328.500     3.05888  
328.600     3.04678  
328.700     3.03467  
328.800     3.02257  
328.900     3.01047  
329.000     2.99837  
329.100     2.98628  
329.200     2.97419  
329.300     2.96210  
329.400     2.95001  
329.500     2.93792  
329.600     2.92583  
329.700     2.91375  
329.800     2.90167  
329.900     2.88959  
330.000     2.87752  
330.100     2.86544  
330.200     2.85337  
330.300     2.84130  
330.400     2.82923  
330.500     2.81717  
330.600     2.80510  
330.700     2.79304  
330.800     2.78098  
330.900     2.76892  
331.000     2.75687  
331.100     2.74481  
331.200     2.73276  
331.300     2.72071  
331.400     2.70867  
331.500     2.69662  
331.600     2.68458  
331.700     2.67254  
331.800     2.66050  
331.900     2.64846  
332.000     2.63643  
332.100     2.62439  
332.200     2.61236  
332.300     2.60033  
332.400     2.58831  
332.500     2.57628  
332.600     2.56426  
332.700     2.55224  
332.800     2.54022  
332.900     2.52820  
333.000     2.51619  
333.100     2.50417  
333.200     2.49216  
333.300     2.48016  
333.400     2.46815  
333.500     2.45614  
333.600     2.44414  
333.700     2.43214  
333.800     2.42014  
333.900     2.40815  
334.000     2.39615  
334.100     2.38416  
334.200     2.37217  
334.300     2.36018  
334.400     2.34819  
334.500     2.33621  
334.600     2.32423  
334.700     2.31225  
334.800     2.30027  
334.900     2.28829  
335.000     2.27632  
335.100     2.26435  
335.200     2.25238  
335.300     2.24041  
335.400     2.22844  
335.500     2.21648  
335.600     2.20451  
335.700     2.19255  
335.800     2.18059  
335.900     2.16864  
336.000     2.15668  
336.100     2.14473  
336.200     2.13278  
336.300     2.12083  
336.400     2.10888  
336.500     2.09694  
336.600     2.08500  
336.700     2.07306  
336.800     2.06112  
336.900     2.04918  
337.000     2.03725  
337.100     2.02531  
337.200     2.01338  
337.300     2.00145  
337.400     1.98952  
337.500     1.97760  
337.600     1.96568  
337.700     1.95376  
337.800     1.94184  
337.900     1.92992  
338.000     1.91800  
338.100     1.90609  
338.200     1.89418  
338.300     1.88227  
338.400     1.87036  
338.500     1.85845  
338.600     1.84655  
338.700     1.83465  
338.800     1.82275  
338.900     1.81085  
339.000     1.79895  
339.100     1.78706  
339.200     1.77517  
339.300     1.76328  
339.400     1.75139  
339.500     1.73950  
339.600     1.72762  
339.700     1.71574  
339.800     1.70385  
339.900     1.69198  
340.000     1.68010  
340.100     1.66822  
340.200     1.65635  
340.300     1.64448  
340.400     1.63261  
340.500     1.62074  
340.600     1.60888  
340.700     1.59701  
340.800     1.58515  
340.900     1.57329  
341.000     1.56143  
341.100     1.54958  
341.200     1.53772  
341.300     1.52587  
341.400     1.51402  
341.500     1.50217  
341.600     1.49032  
341.700     1.47848  
341.800     1.46664  
341.900     1.45480  
342.000     1.44296  
342.100     1.43112  
342.200     1.41928  
342.300     1.40745  
342.400     1.39562  
342.500     1.38379  
342.600     1.37196  
342.700     1.36013  
342.800     1.34831  
342.900     1.33649  
343.000     1.32467  
343.100     1.31285  
343.200     1.30103  
343.300     1.28922  
343.400     1.27740  
343.500     1.26559  
343.600     1.25378  
343.700     1.24197  
343.800     1.23017  
343.900     1.21836  
344.000     1.20656  
344.100     1.19476  
344.200     1.18296  
344.300     1.17117  
344.400     1.15937  
344.500     1.14758  
344.600     1.13579  
344.700     1.12400  
344.800     1.11221  
344.900     1.10043  
345.000     1.08864  
345.100     1.07686  
345.200     1.06508  
345.300     1.05330  
345.400     1.04152  
345.500     1.02975  
345.600     1.01798  
345.700     1.00621  
345.800     0.99444  
345.900     0.98267  
346.000     0.97090  
346.100     0.95914  
346.200     0.94738  
346.300     0.93562  
346.400     0.92386  
346.500     0.91210  
346.600     0.90035  
346.700     0.88859  
346.800     0.87684  
346.900     0.86509  
347.000     0.85335  
347.100     0.84160  
347.200     0.82985  
347.300     0.81811  
347.400     0.80637  
347.500     0.79463  
347.600     0.78290  
347.700     0.77116  
347.800     0.75943  
347.900     0.74770  
348.000     0.73597  
348.100     0.72424  
348.200     0.71251  
348.300     0.70079  
348.400     0.68906  
348.500     0.67734  
348.600     0.66562  
348.700     0.65390  
348.800     0.64219  
348.900     0.63047  
349.000     0.61876  
349.100     0.60705  
349.200     0.59534  
349.300     0.58363  
349.400     0.57193  
349.500     0.56023  
349.600     0.54852  
349.700     0.53682  
349.800     0.52512  
349.900     0.51343  
350.000     0.50173  