0.000     0.00000  
  0.100     0.00000  
  0.200     0.00000  
  0.300     0.00000  
  0.400     0.00000  
  0.500     0.00000  
  0.600     0.00000  
  0.700     0.00000  
  0.800     0.00000  
  0.900     0.00001  
  1.000     0.00001  
  1.100     0.00001  
  1.200     0.00002  
  1.300     0.00002  
  1.400     0.00003  
  1.500     0.00004  
  1.600     0.00005  
  1.700     0.00005  
  1.800     0.00007  
  1.900     0.00008  
  2.000     0.00009  
  2.100     0.00011  
  2.200     0.00013  
  2.300     0.00015  
  2.400     0.00017  
  2.500     0.00019  
  2.600     0.00022  
  2.700     0.00024  
  2.800     0.00027  
  2.900     0.00031  
  3.000     0.00034  
  3.100     0.00039  
  3.200     0.00044  
  3.300     0.00049  
  3.400     0.00054  
  3.500     0.00058  
  3.600     0.00063  
  3.700     0.00068  
  3.800     0.00073  
  3.900     0.00078  
  4.000     0.00083  
  4.100     0.00091  
  4.200     0.00099  
  4.300     0.00106  
  4.400     0.00114  
  4.500     0.00122  
  4.600     0.00130  
  4.700     0.00138  
  4.800     0.00146  
  4.900     0.00154  
  5.000     0.00161  
  5.100     0.00171  
  5.200     0.00182  
  5.300     0.00194  
  5.400     0.00206  
  5.500     0.00218  
  5.600     0.00229  
  5.700     0.00240  
  5.800     0.00250  
  5.900     0.00262  
  6.000     0.00274  
  6.100     0.00288  
  6.200     0.00303  
  6.300     0.00318  
  6.400     0.00334  
  6.500     0.00349  
  6.600     0.00364  
  6.700     0.00378  
  6.800     0.00392  
  6.900     0.00408  
  7.000     0.00424  
  7.100     0.00441  
  7.200     0.00460  
  7.300     0.00479  
  7.400     0.00499  
  7.500     0.00518  
  7.600     0.00536  
  7.700     0.00554  
  7.800     0.00573  
  7.900     0.00592  
  8.000     0.00612  
  8.100     0.00633  
  8.200     0.00656  
  8.300     0.00679  
  8.400     0.00702  
  8.500     0.00725  
  8.600     0.00748  
  8.700     0.00770  
  8.800     0.00792  
  8.900     0.00815  
  9.000     0.00839  
  9.100     0.00864  
  9.200     0.00891  
  9.300     0.00918  
  9.400     0.00945  
  9.500     0.00972  
  9.600     0.00998  
  9.700     0.01024  
  9.800     0.01050  
  9.900     0.01077  
 10.000     0.01105  
 10.100     0.01134  
 10.200     0.01165  
 10.300     0.01196  
 10.400     0.01229  
 10.500     0.01262  
 10.600     0.01295  
 10.700     0.01329  
 10.800     0.01363  
 10.900     0.01396  
 11.000     0.01429  
 11.100     0.01461  
 11.200     0.01492  
 11.300     0.01524  
 11.400     0.01555  
 11.500     0.01586  
 11.600     0.01618  
 11.700     0.01650  
 11.800     0.01683  
 11.900     0.01717  
 12.000     0.01752  
 12.100     0.01789  
 12.200     0.01827  
 12.300     0.01866  
 12.400     0.01906  
 12.500     0.01946  
 12.600     0.01987  
 12.700     0.02028  
 12.800     0.02068  
 12.900     0.02109  
 13.000     0.02149  
 13.100     0.02188  
 13.200     0.02227  
 13.300     0.02266  
 13.400     0.02305  
 13.500     0.02343  
 13.600     0.02382  
 13.700     0.02422  
 13.800     0.02462  
 13.900     0.02503  
 14.000     0.02546  
 14.100     0.02589  
 14.200     0.02634  
 14.300     0.02680  
 14.400     0.02727  
 14.500     0.02774  
 14.600     0.02821  
 14.700     0.02869  
 14.800     0.02916  
 14.900     0.02963  
 15.000     0.03010  
 15.100     0.03057  
 15.200     0.03102  
 15.300     0.03148  
 15.400     0.03193  
 15.500     0.03239  
 15.600     0.03285  
 15.700     0.03331  
 15.800     0.03378  
 15.900     0.03426  
 16.000     0.03475  
 16.100     0.03525  
 16.200     0.03576  
 16.300     0.03628  
 16.400     0.03681  
 16.500     0.03734  
 16.600     0.03787  
 16.700     0.03841  
 16.800     0.03894  
 16.900     0.03948  
 17.000     0.04001  
 17.100     0.04053  
 17.200     0.04105  
 17.300     0.04157  
 17.400     0.04209  
 17.500     0.04261  
 17.600     0.04313  
 17.700     0.04365  
 17.800     0.04418  
 17.900     0.04472  
 18.000     0.04527  
 18.100     0.04583  
 18.200     0.04639  
 18.300     0.04697  
 18.400     0.04755  
 18.500     0.04814  
 18.600     0.04873  
 18.700     0.04932  
 18.800     0.04991  
 18.900     0.05050  
 19.000     0.05108  
 19.100     0.05166  
 19.200     0.05224  
 19.300     0.05281  
 19.400     0.05339  
 19.500     0.05396  
 19.600     0.05454  
 19.700     0.05512  
 19.800     0.05571  
 19.900     0.05630  
 20.000     0.05690  
 20.100     0.05751  
 20.200     0.05813  
 20.300     0.05875  
 20.400     0.05939  
 20.500     0.06002  
 20.600     0.06066  
 20.700     0.06130  
 20.800     0.06194  
 20.900     0.06258  
 21.000     0.06321  
 21.100     0.06384  
 21.200     0.06447  
 21.300     0.06509  
 21.400     0.06572  
 21.500     0.06634  
 21.600     0.06697  
 21.700     0.06760  
 21.800     0.06823  
 21.900     0.06887  
 22.000     0.06952  
 22.100     0.07018  
 22.200     0.07084  
 22.300     0.07151  
 22.400     0.07219  
 22.500     0.07287  
 22.600     0.07355  
 22.700     0.07423  
 22.800     0.07491  
 22.900     0.07559  
 23.000     0.07627  
 23.100     0.07695  
 23.200     0.07762  
 23.300     0.07830  
 23.400     0.07897  
 23.500     0.07964  
 23.600     0.08031  
 23.700     0.08098  
 23.800     0.08166  
 23.900     0.08234  
 24.000     0.08302  
 24.100     0.08371  
 24.200     0.08441  
 24.300     0.08511  
 24.400     0.08581  
 24.500     0.08651  
 24.600     0.08722  
 24.700     0.08793  
 24.800     0.08864  
 24.900     0.08936  
 25.000     0.09007  
 25.100     0.09079  
 25.200     0.09150  
 25.300     0.09222  
 25.400     0.09294  
 25.500     0.09366  
 25.600     0.09438  
 25.700     0.09511  
 25.800     0.09584  
 25.900     0.09657  
 26.000     0.09730  
 26.100     0.09804  
 26.200     0.09879  
 26.300     0.09953  
 26.400     0.10028  
 26.500     0.10103  
 26.600     0.10179  
 26.700     0.10254  
 26.800     0.10329  
 26.900     0.10404  
 27.000     0.10479  
 27.100     0.10553  
 27.200     0.10628  
 27.300     0.10702  
 27.400     0.10776  
 27.500     0.10851  
 27.600     0.10925  
 27.700     0.11000  
 27.800     0.11075  
 27.900     0.11151  
 28.000     0.11227  
 28.100     0.11303  
 28.200     0.11381  
 28.300     0.11458  
 28.400     0.11536  
 28.500     0.11614  
 28.600     0.11693  
 28.700     0.11771  
 28.800     0.11849  
 28.900     0.11927  
 29.000     0.12005  
 29.100     0.12083  
 29.200     0.12160  
 29.300     0.12237  
 29.400     0.12314  
 29.500     0.12391  
 29.600     0.12469  
 29.700     0.12547  
 29.800     0.12625  
 29.900     0.12704  
 30.000     0.12783  
 30.100     0.12864  
 30.200     0.12944  
 30.300     0.13026  
 30.400     0.13108  
 30.500     0.13190  
 30.600     0.13273  
 30.700     0.13356  
 30.800     0.13439  
 30.900     0.13522  
 31.000     0.13604  
 31.100     0.13687  
 31.200     0.13769  
 31.300     0.13852  
 31.400     0.13934  
 31.500     0.14016  
 31.600     0.14098  
 31.700     0.14180  
 31.800     0.14262  
 31.900     0.14344  
 32.000     0.14426  
 32.100     0.14508  
 32.200     0.14589  
 32.300     0.14672  
 32.400     0.14754  
 32.500     0.14836  
 32.600     0.14918  
 32.700     0.15000  
 32.800     0.15082  
 32.900     0.15164  
 33.000     0.15247  
 33.100     0.15329  
 33.200     0.15411  
 33.300     0.15494  
 33.400     0.15576  
 33.500     0.15658  
 33.600     0.15740  
 33.700     0.15823  
 33.800     0.15904  
 33.900     0.15986  
 34.000     0.16068  
 34.100     0.16149  
 34.200     0.16230  
 34.300     0.16312  
 34.400     0.16393  
 34.500     0.16475  
 34.600     0.16557  
 34.700     0.16639  
 34.800     0.16722  
 34.900     0.16805  
 35.000     0.16889  
 35.100     0.16974  
 35.200     0.17059  
 35.300     0.17145  
 35.400     0.17232  
 35.500     0.17319  
 35.600     0.17406  
 35.700     0.17494  
 35.800     0.17581  
 35.900     0.17669  
 36.000     0.17756  
 36.100     0.17843  
 36.200     0.17931  
 36.300     0.18017  
 36.400     0.18104  
 36.500     0.18191  
 36.600     0.18278  
 36.700     0.18364  
 36.800     0.18451  
 36.900     0.18537  
 37.000     0.18624  
 37.100     0.18710  
 37.200     0.18797  
 37.300     0.18883  
 37.400     0.18970  
 37.500     0.19057  
 37.600     0.19144  
 37.700     0.19230  
 37.800     0.19317  
 37.900     0.19404  
 38.000     0.19491  
 38.100     0.19578  
 38.200     0.19665  
 38.300     0.19752  
 38.400     0.19838  
 38.500     0.19925  
 38.600     0.20012  
 38.700     0.20099  
 38.800     0.20185  
 38.900     0.20272  
 39.000     0.20358  
 39.100     0.20445  
 39.200     0.20531  
 39.300     0.20617  
 39.400     0.20703  
 39.500     0.20789  
 39.600     0.20876  
 39.700     0.20963  
 39.800     0.21050  
 39.900     0.21138  
 40.000     0.21226  
 40.100     0.21314  
 40.200     0.21403  
 40.300     0.21493  
 40.400     0.21582  
 40.500     0.21672  
 40.600     0.21763  
 40.700     0.21853  
 40.800     0.21943  
 40.900     0.22034  
 41.000     0.22124  
 41.100     0.22214  
 41.200     0.22305  
 41.300     0.22395  
 41.400     0.22484  
 41.500     0.22574  
 41.600     0.22664  
 41.700     0.22754  
 41.800     0.22843  
 41.900     0.22933  
 42.000     0.23023  
 42.100     0.23113  
 42.200     0.23202  
 42.300     0.23292  
 42.400     0.23382  
 42.500     0.23472  
 42.600     0.23562  
 42.700     0.23652  
 42.800     0.23742  
 42.900     0.23832  
 43.000     0.23922  
 43.100     0.24011  
 43.200     0.24101  
 43.300     0.24191  
 43.400     0.24281  
 43.500     0.24371  
 43.600     0.24461  
 43.700     0.24551  
 43.800     0.24641  
 43.900     0.24730  
 44.000     0.24820  
 44.100     0.24910  
 44.200     0.24999  
 44.300     0.25089  
 44.400     0.25178  
 44.500     0.25268  
 44.600     0.25358  
 44.700     0.25447  
 44.800     0.25538  
 44.900     0.25628  
 45.000     0.25719  
 45.100     0.25810  
 45.200     0.25901  
 45.300     0.25993  
 45.400     0.26084  
 45.500     0.26176  
 45.600     0.26269  
 45.700     0.26361  
 45.800     0.26453  
 45.900     0.26545  
 46.000     0.26637  
 46.100     0.26729  
 46.200     0.26821  
 46.300     0.26913  
 46.400     0.27005  
 46.500     0.27097  
 46.600     0.27189  
 46.700     0.27281  
 46.800     0.27372  
 46.900     0.27464  
 47.000     0.27556  
 47.100     0.27648  
 47.200     0.27740  
 47.300     0.27831  
 47.400     0.27923  
 47.500     0.28015  
 47.600     0.28107  
 47.700     0.28199  
 47.800     0.28291  
 47.900     0.28383  
 48.000     0.28475  
 48.100     0.28567  
 48.200     0.28658  
 48.300     0.28750  
 48.400     0.28842  
 48.500     0.28934  
 48.600     0.29026  
 48.700     0.29118  
 48.800     0.29210  
 48.900     0.29301  
 49.000     0.29393  
 49.100     0.29485  
 49.200     0.29577  
 49.300     0.29668  
 49.400     0.29760  
 49.500     0.29852  
 49.600     0.29943  
 49.700     0.30035  
 49.800     0.30127  
 49.900     0.30219  
 50.000     0.30312  
 50.100     0.30404  
 50.200     0.30497  
 50.300     0.30590  
 50.400     0.30683  
 50.500     0.30776  
 50.600     0.30869  
 50.700     0.30962  
 50.800     0.31055  
 50.900     0.31149  
 51.000     0.31242  
 51.100     0.31335  
 51.200     0.31428  
 51.300     0.31521  
 51.400     0.31614  
 51.500     0.31707  
 51.600     0.31800  
 51.700     0.31893  
 51.800     0.31986  
 51.900     0.32079  
 52.000     0.32172  
 52.100     0.32265  
 52.200     0.32358  
 52.300     0.32451  
 52.400     0.32544  
 52.500     0.32637  
 52.600     0.32730  
 52.700     0.32823  
 52.800     0.32916  
 52.900     0.33009  
 53.000     0.33102  
 53.100     0.33195  
 53.200     0.33288  
 53.300     0.33381  
 53.400     0.33474  
 53.500     0.33567  
 53.600     0.33660  
 53.700     0.33753  
 53.800     0.33846  
 53.900     0.33939  
 54.000     0.34032  
 54.100     0.34125  
 54.200     0.34218  
 54.300     0.34311  
 54.400     0.34404  
 54.500     0.34497  
 54.600     0.34590  
 54.700     0.34683  
 54.800     0.34776  
 54.900     0.34869  
 55.000     0.34962  
 55.100     0.35055  
 55.200     0.35149  
 55.300     0.35242  
 55.400     0.35336  
 55.500     0.35429  
 55.600     0.35523  
 55.700     0.35616  
 55.800     0.35710  
 55.900     0.35803  
 56.000     0.35897  
 56.100     0.35990  
 56.200     0.36084  
 56.300     0.36177  
 56.400     0.36271  
 56.500     0.36364  
 56.600     0.36458  
 56.700     0.36551  
 56.800     0.36645  
 56.900     0.36738  
 57.000     0.36832  
 57.100     0.36925  
 57.200     0.37019  
 57.300     0.37112  
 57.400     0.37206  
 57.500     0.37299  
 57.600     0.37393  
 57.700     0.37486  
 57.800     0.37580  
 57.900     0.37673  
 58.000     0.37767  
 58.100     0.37860  
 58.200     0.37953  
 58.300     0.38047  
 58.400     0.38140  
 58.500     0.38234  
 58.600     0.38327  
 58.700     0.38421  
 58.800     0.38514  
 58.900     0.38608  
 59.000     0.38701  
 59.100     0.38795  
 59.200     0.38888  
 59.300     0.38982  
 59.400     0.39075  
 59.500     0.39169  
 59.600     0.39262  
 59.700     0.39356  
 59.800     0.39449  
 59.900     0.39543  
 60.000     0.39636  
 60.100     0.39730  
 60.200     0.39823  
 60.300     0.39917  
 60.400     0.40010  
 60.500     0.40104  
 60.600     0.40197  
 60.700     0.40290  
 60.800     0.40384  
 60.900     0.40477  
 61.000     0.40571  
 61.100     0.40664  
 61.200     0.40758  
 61.300     0.40851  
 61.400     0.40945  
 61.500     0.41038  
 61.600     0.41132  
 61.700     0.41225  
 61.800     0.41318  
 61.900     0.41412  
 62.000     0.41505  
 62.100     0.41599  
 62.200     0.41692  
 62.300     0.41786  
 62.400     0.41879  
 62.500     0.41973  
 62.600     0.42066  
 62.700     0.42160  
 62.800     0.42253  
 62.900     0.42347  
 63.000     0.42440  
 63.100     0.42533  
 63.200     0.42627  
 63.300     0.42720  
 63.400     0.42814  
 63.500     0.42907  
 63.600     0.43001  
 63.700     0.43094  
 63.800     0.43188  
 63.900     0.43281  
 64.000     0.43375  
 64.100     0.43468  
 64.200     0.43562  
 64.300     0.43655  
 64.400     0.43749  
 64.500     0.43842  
 64.600     0.43936  
 64.700     0.44029  
 64.800     0.44123  
 64.900     0.44216  
 65.000     0.44309  
 65.100     0.44402  
 65.200     0.44496  
 65.300     0.44589  
 65.400     0.44682  
 65.500     0.44775  
 65.600     0.44868  
 65.700     0.44961  
 65.800     0.45054  
 65.900     0.45147  
 66.000     0.45240  
 66.100     0.45332  
 66.200     0.45425  
 66.300     0.45518  
 66.400     0.45612  
 66.500     0.45705  
 66.600     0.45798  
 66.700     0.45891  
 66.800     0.45984  
 66.900     0.46077  
 67.000     0.46170  
 67.100     0.46263  
 67.200     0.46356  
 67.300     0.46449  
 67.400     0.46542  
 67.500     0.46635  
 67.600     0.46728  
 67.700     0.46821  
 67.800     0.46914  
 67.900     0.47007  
 68.000     0.47100  
 68.100     0.47193  
 68.200     0.47286  
 68.300     0.47379  
 68.400     0.47472  
 68.500     0.47565  
 68.600     0.47658  
 68.700     0.47751  
 68.800     0.47844  
 68.900     0.47937  
 69.000     0.48030  
 69.100     0.48124  
 69.200     0.48217  
 69.300     0.48310  
 69.400     0.48403  
 69.500     0.48496  
 69.600     0.48589  
 69.700     0.48682  
 69.800     0.48775  
 69.900     0.48868  
 70.000     0.48961  
 70.100     0.49053  
 70.200     0.49146  
 70.300     0.49238  
 70.400     0.49330  
 70.500     0.49423  
 70.600     0.49515  
 70.700     0.49607  
 70.800     0.49699  
 70.900     0.49791  
 71.000     0.49883  
 71.100     0.49976  
 71.200     0.50068  
 71.300     0.50160  
 71.400     0.50252  
 71.500     0.50345  
 71.600     0.50437  
 71.700     0.50529  
 71.800     0.50621  
 71.900     0.50714  
 72.000     0.50806  
 72.100     0.50898  
 72.200     0.50991  
 72.300     0.51083  
 72.400     0.51175  
 72.500     0.51268  
 72.600     0.51360  
 72.700     0.51452  
 72.800     0.51544  
 72.900     0.51637  
 73.000     0.51729  
 73.100     0.51821  
 73.200     0.51913  
 73.300     0.52005  
 73.400     0.52098  
 73.500     0.52190  
 73.600     0.52282  
 73.700     0.52375  
 73.800     0.52467  
 73.900     0.52559  
 74.000     0.52652  
 74.100     0.52744  
 74.200     0.52836  
 74.300     0.52929  
 74.400     0.53021  
 74.500     0.53114  
 74.600     0.53206  
 74.700     0.53298  
 74.800     0.53390  
 74.900     0.53482  
 75.000     0.53574  
 75.100     0.53666  
 75.200     0.53757  
 75.300     0.53849  
 75.400     0.53940  
 75.500     0.54031  
 75.600     0.54122  
 75.700     0.54213  
 75.800     0.54305  
 75.900     0.54396  
 76.000     0.54487  
 76.100     0.54578  
 76.200     0.54669  
 76.300     0.54760  
 76.400     0.54851  
 76.500     0.54943  
 76.600     0.55034  
 76.700     0.55125  
 76.800     0.55217  
 76.900     0.55308  
 77.000     0.55399  
 77.100     0.55490  
 77.200     0.55582  
 77.300     0.55673  
 77.400     0.55764  
 77.500     0.55856  
 77.600     0.55947  
 77.700     0.56038  
 77.800     0.56129  
 77.900     0.56220  
 78.000     0.56312  
 78.100     0.56403  
 78.200     0.56494  
 78.300     0.56585  
 78.400     0.56676  
 78.500     0.56768  
 78.600     0.56859  
 78.700     0.56950  
 78.800     0.57041  
 78.900     0.57133  
 79.000     0.57224  
 79.100     0.57316  
 79.200     0.57407  
 79.300     0.57498  
 79.400     0.57590  
 79.500     0.57681  
 79.600     0.57773  
 79.700     0.57864  
 79.800     0.57955  
 79.900     0.58046  
 80.000     0.58136  
 80.100     0.58227  
 80.200     0.58317  
 80.300     0.58407  
 80.400     0.58498  
 80.500     0.58587  
 80.600     0.58677  
 80.700     0.58767  
 80.800     0.58857  
 80.900     0.58947  
 81.000     0.59036  
 81.100     0.59126  
 81.200     0.59216  
 81.300     0.59306  
 81.400     0.59396  
 81.500     0.59486  
 81.600     0.59576  
 81.700     0.59666  
 81.800     0.59756  
 81.900     0.59846  
 82.000     0.59936  
 82.100     0.60026  
 82.200     0.60116  
 82.300     0.60206  
 82.400     0.60296  
 82.500     0.60386  
 82.600     0.60476  
 82.700     0.60566  
 82.800     0.60656  
 82.900     0.60746  
 83.000     0.60836  
 83.100     0.60926  
 83.200     0.61016  
 83.300     0.61106  
 83.400     0.61196  
 83.500     0.61286  
 83.600     0.61376  
 83.700     0.61466  
 83.800     0.61556  
 83.900     0.61646  
 84.000     0.61736  
 84.100     0.61826  
 84.200     0.61917  
 84.300     0.62007  
 84.400     0.62097  
 84.500     0.62187  
 84.600     0.62277  
 84.700     0.62367  
 84.800     0.62457  
 84.900     0.62547  
 85.000     0.62636  
 85.100     0.62725  
 85.200     0.62814  
 85.300     0.62903  
 85.400     0.62991  
 85.500     0.63080  
 85.600     0.63168  
 85.700     0.63256  
 85.800     0.63345  
 85.900     0.63433  
 86.000     0.63521  
 86.100     0.63610  
 86.200     0.63698  
 86.300     0.63787  
 86.400     0.63875  
 86.500     0.63964  
 86.600     0.64052  
 86.700     0.64141  
 86.800     0.64229  
 86.900     0.64318  
 87.000     0.64407  
 87.100     0.64495  
 87.200     0.64584  
 87.300     0.64672  
 87.400     0.64761  
 87.500     0.64849  
 87.600     0.64938  
 87.700     0.65027  
 87.800     0.65115  
 87.900     0.65204  
 88.000     0.65292  
 88.100     0.65380  
 88.200     0.65469  
 88.300     0.65557  
 88.400     0.65646  
 88.500     0.65734  
 88.600     0.65823  
 88.700     0.65911  
 88.800     0.66000  
 88.900     0.66089  
 89.000     0.66177  
 89.100     0.66266  
 89.200     0.66355  
 89.300     0.66444  
 89.400     0.66533  
 89.500     0.66621  
 89.600     0.66710  
 89.700     0.66798  
 89.800     0.66887  
 89.900     0.66975  
 90.000     0.67063  
 90.100     0.67150  
 90.200     0.67238  
 90.300     0.67325  
 90.400     0.67412  
 90.500     0.67498  
 90.600     0.67585  
 90.700     0.67672  
 90.800     0.67758  
 90.900     0.67845  
 91.000     0.67931  
 91.100     0.68018  
 91.200     0.68105  
 91.300     0.68192  
 91.400     0.68279  
 91.500     0.68366  
 91.600     0.68453  
 91.700     0.68539  
 91.800     0.68626  
 91.900     0.68713  
 92.000     0.68800  
 92.100     0.68887  
 92.200     0.68974  
 92.300     0.69061  
 92.400     0.69148  
 92.500     0.69235  
 92.600     0.69322  
 92.700     0.69409  
 92.800     0.69496  
 92.900     0.69583  
 93.000     0.69669  
 93.100     0.69756  
 93.200     0.69843  
 93.300     0.69930  
 93.400     0.70017  
 93.500     0.70103  
 93.600     0.70190  
 93.700     0.70277  
 93.800     0.70364  
 93.900     0.70451  
 94.000     0.70538  
 94.100     0.70625  
 94.200     0.70713  
 94.300     0.70800  
 94.400     0.70887  
 94.500     0.70974  
 94.600     0.71061  
 94.700     0.71148  
 94.800     0.71235  
 94.900     0.71321  
 95.000     0.71407  
 95.100     0.71493  
 95.200     0.71579  
 95.300     0.71664  
 95.400     0.71749  
 95.500     0.71834  
 95.600     0.71919  
 95.700     0.72004  
 95.800     0.72089  
 95.900     0.72173  
 96.000     0.72258  
 96.100     0.72343  
 96.200     0.72428  
 96.300     0.72513  
 96.400     0.72598  
 96.500     0.72683  
 96.600     0.72768  
 96.700     0.72853  
 96.800     0.72939  
 96.900     0.73024  
 97.000     0.73109  
 97.100     0.73194  
 97.200     0.73279  
 97.300     0.73364  
 97.400     0.73450  
 97.500     0.73535  
 97.600     0.73620  
 97.700     0.73705  
 97.800     0.73790  
 97.900     0.73875  
 98.000     0.73960  
 98.100     0.74045  
 98.200     0.74130  
 98.300     0.74215  
 98.400     0.74300  
 98.500     0.74385  
 98.600     0.74470  
 98.700     0.74555  
 98.800     0.74640  
 98.900     0.74725  
 99.000     0.74811  
 99.100     0.74896  
 99.200     0.74982  
 99.300     0.75067  
 99.400     0.75153  
 99.500     0.75238  
 99.600     0.75323  
 99.700     0.75408  
 99.800     0.75493  
 99.900     0.75577  
100.000     0.75662  
100.100     0.75746  
100.200     0.75829  
100.300     0.75913  
100.400     0.75996  
100.500     0.76078  
100.600     0.76161  
100.700     0.76243  
100.800     0.76325  
100.900     0.76407  
101.000     0.76489  
101.100     0.76571  
101.200     0.76652  
101.300     0.76734  
101.400     0.76815  
101.500     0.76897  
101.600     0.76978  
101.700     0.77059  
101.800     0.77141  
101.900     0.77222  
102.000     0.77304  
102.100     0.77385  
102.200     0.77467  
102.300     0.77549  
102.400     0.77631  
102.500     0.77712  
102.600     0.77794  
102.700     0.77876  
102.800     0.77959  
102.900     0.78041  
103.000     0.78123  
103.100     0.78205  
103.200     0.78287  
103.300     0.78370  
103.400     0.78452  
103.500     0.78534  
103.600     0.78616  
103.700     0.78699  
103.800     0.78781  
103.900     0.78863  
104.000     0.78946  
104.100     0.79028  
104.200     0.79110  
104.300     0.79192  
104.400     0.79275  
104.500     0.79357  
104.600     0.79439  
104.700     0.79521  
104.800     0.79603  
104.900     0.79686  
105.000     0.79768  
105.100     0.79850  
105.200     0.79932  
105.300     0.80014  
105.400     0.80096  
105.500     0.80178  
105.600     0.80260  
105.700     0.80342  
105.800     0.80424  
105.900     0.80506  
106.000     0.80588  
106.100     0.80670  
106.200     0.80751  
106.300     0.80833  
106.400     0.80915  
106.500     0.80997  
106.600     0.81079  
106.700     0.81161  
106.800     0.81243  
106.900     0.81325  
107.000     0.81407  
107.100     0.81489  
107.200     0.81571  
107.300     0.81653  
107.400     0.81735  
107.500     0.81817  
107.600     0.81900  
107.700     0.81982  
107.800     0.82064  
107.900     0.82147  
108.000     0.82230  
108.100     0.82312  
108.200     0.82395  
108.300     0.82478  
108.400     0.82561  
108.500     0.82644  
108.600     0.82727  
108.700     0.82810  
108.800     0.82892  
108.900     0.82975  
109.000     0.83058  
109.100     0.83140  
109.200     0.83222  
109.300     0.83304  
109.400     0.83386  
109.500     0.83468  
109.600     0.83549  
109.700     0.83630  
109.800     0.83711  
109.900     0.83792  
110.000     0.83872  
110.100     0.83951  
110.200     0.84031  
110.300     0.84110  
110.400     0.84188  
110.500     0.84267  
110.600     0.84345  
110.700     0.84423  
110.800     0.84500  
110.900     0.84578  
111.000     0.84655  
111.100     0.84732  
111.200     0.84809  
111.300     0.84886  
111.400     0.84963  
111.500     0.85040  
111.600     0.85117  
111.700     0.85194  
111.800     0.85271  
111.900     0.85348  
112.000     0.85425  
112.100     0.85502  
112.200     0.85579  
112.300     0.85656  
112.400     0.85734  
112.500     0.85811  
112.600     0.85889  
112.700     0.85966  
112.800     0.86044  
112.900     0.86121  
113.000     0.86199  
113.100     0.86277  
113.200     0.86355  
113.300     0.86433  
113.400     0.86510  
113.500     0.86588  
113.600     0.86666  
113.700     0.86744  
113.800     0.86822  
113.900     0.86900  
114.000     0.86978  
114.100     0.87056  
114.200     0.87133  
114.300     0.87211  
114.400     0.87289  
114.500     0.87367  
114.600     0.87445  
114.700     0.87522  
114.800     0.87600  
114.900     0.87678  
115.000     0.87755  
115.100     0.87833  
115.200     0.87911  
115.300     0.87988  
115.400     0.88066  
115.500     0.88143  
115.600     0.88221  
115.700     0.88298  
115.800     0.88376  
115.900     0.88453  
116.000     0.88531  
116.100     0.88608  
116.200     0.88686  
116.300     0.88763  
116.400     0.88841  
116.500     0.88918  
116.600     0.88995  
116.700     0.89073  
116.800     0.89150  
116.900     0.89228  
117.000     0.89305  
117.100     0.89383  
117.200     0.89460  
117.300     0.89538  
117.400     0.89616  
117.500     0.89694  
117.600     0.89772  
117.700     0.89849  
117.800     0.89928  
117.900     0.90006  
118.000     0.90084  
118.100     0.90162  
118.200     0.90241  
118.300     0.90319  
118.400     0.90398  
118.500     0.90476  
118.600     0.90555  
118.700     0.90634  
118.800     0.90712  
118.900     0.90790  
119.000     0.90868  
119.100     0.90946  
119.200     0.91024  
119.300     0.91102  
119.400     0.91179  
119.500     0.91256  
119.600     0.91333  
119.700     0.91410  
119.800     0.91486  
119.900     0.91562  
120.000     0.91637  
120.100     0.91712  
120.200     0.91787  
120.300     0.91861  
120.400     0.91935  
120.500     0.92008  
120.600     0.92081  
120.700     0.92154  
120.800     0.92227  
120.900     0.92300  
121.000     0.92372  
121.100     0.92444  
121.200     0.92516  
121.300     0.92588  
121.400     0.92660  
121.500     0.92732  
121.600     0.92804  
121.700     0.92875  
121.800     0.92947  
121.900     0.93019  
122.000     0.93091  
122.100     0.93163  
122.200     0.93235  
122.300     0.93308  
122.400     0.93380  
122.500     0.93452  
122.600     0.93525  
122.700     0.93598  
122.800     0.93670  
122.900     0.93743  
123.000     0.93816  
123.100     0.93889  
123.200     0.93961  
123.300     0.94034  
123.400     0.94107  
123.500     0.94180  
123.600     0.94253  
123.700     0.94326  
123.800     0.94399  
123.900     0.94472  
124.000     0.94545  
124.100     0.94618  
124.200     0.94691  
124.300     0.94764  
124.400     0.94837  
124.500     0.94909  
124.600     0.94982  
124.700     0.95055  
124.800     0.95128  
124.900     0.95200  
125.000     0.95273  
125.100     0.95346  
125.200     0.95418  
125.300     0.95491  
125.400     0.95564  
125.500     0.95636  
125.600     0.95709  
125.700     0.95781  
125.800     0.95854  
125.900     0.95926  
126.000     0.95999  
126.100     0.96071  
126.200     0.96144  
126.300     0.96216  
126.400     0.96289  
126.500     0.96361  
126.600     0.96433  
126.700     0.96506  
126.800     0.96578  
126.900     0.96651  
127.000     0.96723  
127.100     0.96796  
127.200     0.96869  
127.300     0.96941  
127.400     0.97014  
127.500     0.97087  
127.600     0.97160  
127.700     0.97233  
127.800     0.97306  
127.900     0.97379  
128.000     0.97453  
128.100     0.97526  
128.200     0.97600  
128.300     0.97674  
128.400     0.97747  
128.500     0.97821  
128.600     0.97895  
128.700     0.97968  
128.800     0.98042  
128.900     0.98115  
129.000     0.98188  
129.100     0.98261  
129.200     0.98334  
129.300     0.98407  
129.400     0.98479  
129.500     0.98552  
129.600     0.98623  
129.700     0.98695  
129.800     0.98766  
129.900     0.98836  
130.000     0.98907  
130.100     0.98976  
130.200     0.99046  
130.300     0.99115  
130.400     0.99183  
130.500     0.99251  
130.600     0.99319  
130.700     0.99387  
130.800     0.99454  
130.900     0.99521  
131.000     0.99588  
131.100     0.99655  
131.200     0.99721  
131.300     0.99788  
131.400     0.99854  
131.500     0.99921  
131.600     0.99987  
131.700     1.00053  
131.800     1.00120  
131.900     1.00186  
132.000     1.00252  
132.100     1.00319  
132.200     1.00386  
132.300     1.00453  
132.400     1.00519  
132.500     1.00586  
132.600     1.00654  
132.700     1.00721  
132.800     1.00788  
132.900     1.00855  
133.000     1.00923  
133.100     1.00990  
133.200     1.01058  
133.300     1.01125  
133.400     1.01193  
133.500     1.01260  
133.600     1.01328  
133.700     1.01395  
133.800     1.01463  
133.900     1.01530  
134.000     1.01598  
134.100     1.01666  
134.200     1.01733  
134.300     1.01800  
134.400     1.01868  
134.500     1.01935  
134.600     1.02003  
134.700     1.02070  
134.800     1.02137  
134.900     1.02205  
135.000     1.02272  
135.100     1.02339  
135.200     1.02407  
135.300     1.02474  
135.400     1.02541  
135.500     1.02608  
135.600     1.02675  
135.700     1.02742  
135.800     1.02810  
135.900     1.02877  
136.000     1.02944  
136.100     1.03011  
136.200     1.03078  
136.300     1.03145  
136.400     1.03212  
136.500     1.03279  
136.600     1.03346  
136.700     1.03413  
136.800     1.03480  
136.900     1.03547  
137.000     1.03614  
137.100     1.03681  
137.200     1.03748  
137.300     1.03816  
137.400     1.03883  
137.500     1.03950  
137.600     1.04018  
137.700     1.04086  
137.800     1.04153  
137.900     1.04221  
138.000     1.04289  
138.100     1.04357  
138.200     1.04426  
138.300     1.04494  
138.400     1.04562  
138.500     1.04631  
138.600     1.04699  
138.700     1.04767  
138.800     1.04835  
138.900     1.04903  
139.000     1.04971  
139.100     1.05039  
139.200     1.05107  
139.300     1.05174  
139.400     1.05241  
139.500     1.05307  
139.600     1.05374  
139.700     1.05440  
139.800     1.05505  
139.900     1.05570  
140.000     1.05635  
140.100     1.05699  
140.200     1.05763  
140.300     1.05826  
140.400     1.05889  
140.500     1.05951  
140.600     1.06013  
140.700     1.06075  
140.800     1.06136  
140.900     1.06198  
141.000     1.06259  
141.100     1.06319  
141.200     1.06380  
141.300     1.06441  
141.400     1.06501  
141.500     1.06562  
141.600     1.06622  
141.700     1.06682  
141.800     1.06743  
141.900     1.06803  
142.000     1.06864  
142.100     1.06925  
142.200     1.06985  
142.300     1.07046  
142.400     1.07107  
142.500     1.07169  
142.600     1.07230  
142.700     1.07291  
142.800     1.07353  
142.900     1.07414  
143.000     1.07476  
143.100     1.07537  
143.200     1.07599  
143.300     1.07661  
143.400     1.07722  
143.500     1.07784  
143.600     1.07846  
143.700     1.07907  
143.800     1.07969  
143.900     1.08031  
144.000     1.08093  
144.100     1.08154  
144.200     1.08216  
144.300     1.08278  
144.400     1.08339  
144.500     1.08401  
144.600     1.08462  
144.700     1.08524  
144.800     1.08586  
144.900     1.08647  
145.000     1.08708  
145.100     1.08770  
145.200     1.08831  
145.300     1.08893  
145.400     1.08954  
145.500     1.09015  
145.600     1.09077  
145.700     1.09138  
145.800     1.09199  
145.900     1.09260  
146.000     1.09321  
146.100     1.09383  
146.200     1.09444  
146.300     1.09505  
146.400     1.09566  
146.500     1.09627  
146.600     1.09688  
146.700     1.09749  
146.800     1.09811  
146.900     1.09872  
147.000     1.09933  
147.100     1.09994  
147.200     1.10056  
147.300     1.10117  
147.400     1.10179  
147.500     1.10241  
147.600     1.10302  
147.700     1.10364  
147.800     1.10426  
147.900     1.10488  
148.000     1.10550  
148.100     1.10613  
148.200     1.10675  
148.300     1.10738  
148.400     1.10800  
148.500     1.10863  
148.600     1.10925  
148.700     1.10988  
148.800     1.11050  
148.900     1.11113  
149.000     1.11175  
149.100     1.11237  
149.200     1.11298  
149.300     1.11360  
149.400     1.11421  
149.500     1.11482  
149.600     1.11542  
149.700     1.11602  
149.800     1.11662  
149.900     1.11721  
150.000     1.11779  
150.100     1.11837  
150.200     1.11895  
150.300     1.11952  
150.400     1.12009  
150.500     1.12065  
150.600     1.12121  
150.700     1.12176  
150.800     1.12232  
150.900     1.12287  
151.000     1.12342  
151.100     1.12396  
151.200     1.12451  
151.300     1.12505  
151.400     1.12559  
151.500     1.12613  
151.600     1.12667  
151.700     1.12721  
151.800     1.12775  
151.900     1.12830  
152.000     1.12884  
152.100     1.12938  
152.200     1.12993  
152.300     1.13048  
152.400     1.13103  
152.500     1.13158  
152.600     1.13213  
152.700     1.13268  
152.800     1.13323  
152.900     1.13378  
153.000     1.13434  
153.100     1.13489  
153.200     1.13544  
153.300     1.13600  
153.400     1.13655  
153.500     1.13711  
153.600     1.13767  
153.700     1.13822  
153.800     1.13878  
153.900     1.13933  
154.000     1.13989  
154.100     1.14044  
154.200     1.14100  
154.300     1.14155  
154.400     1.14211  
154.500     1.14266  
154.600     1.14321  
154.700     1.14377  
154.800     1.14432  
154.900     1.14487  
155.000     1.14543  
155.100     1.14598  
155.200     1.14653  
155.300     1.14708  
155.400     1.14763  
155.500     1.14818  
155.600     1.14873  
155.700     1.14928  
155.800     1.14984  
155.900     1.15039  
156.000     1.15093  
156.100     1.15148  
156.200     1.15203  
156.300     1.15258  
156.400     1.15313  
156.500     1.15368  
156.600     1.15423  
156.700     1.15478  
156.800     1.15533  
156.900     1.15588  
157.000     1.15643  
157.100     1.15698  
157.200     1.15753  
157.300     1.15808  
157.400     1.15863  
157.500     1.15918  
157.600     1.15973  
157.700     1.16028  
157.800     1.16083  
157.900     1.16138  
158.000     1.16194  
158.100     1.16249  
158.200     1.16304  
158.300     1.16360  
158.400     1.16416  
158.500     1.16471  
158.600     1.16527  
158.700     1.16583  
158.800     1.16639  
158.900     1.16695  
159.000     1.16751  
159.100     1.16807  
159.200     1.16863  
159.300     1.16919  
159.400     1.16975  
159.500     1.17031  
159.600     1.17086  
159.700     1.17141  
159.800     1.17196  
159.900     1.17250  
160.000     1.17303  
160.100     1.17356  
160.200     1.17408  
160.300     1.17459  
160.400     1.17509  
160.500     1.17560  
160.600     1.17609  
160.700     1.17658  
160.800     1.17707  
160.900     1.17755  
161.000     1.17804  
161.100     1.17851  
161.200     1.17899  
161.300     1.17946  
161.400     1.17994  
161.500     1.18041  
161.600     1.18088  
161.700     1.18135  
161.800     1.18182  
161.900     1.18230  
162.000     1.18277  
162.100     1.18325  
162.200     1.18372  
162.300     1.18420  
162.400     1.18469  
162.500     1.18517  
162.600     1.18565  
162.700     1.18614  
162.800     1.18663  
162.900     1.18711  
163.000     1.18760  
163.100     1.18809  
163.200     1.18858  
163.300     1.18907  
163.400     1.18956  
163.500     1.19005  
163.600     1.19055  
163.700     1.19104  
163.800     1.19153  
163.900     1.19202  
164.000     1.19251  
164.100     1.19300  
164.200     1.19349  
164.300     1.19398  
164.400     1.19447  
164.500     1.19496  
164.600     1.19545  
164.700     1.19594  
164.800     1.19642  
164.900     1.19691  
165.000     1.19740  
165.100     1.19788  
165.200     1.19837  
165.300     1.19886  
165.400     1.19934  
165.500     1.19983  
165.600     1.20031  
165.700     1.20080  
165.800     1.20128  
165.900     1.20177  
166.000     1.20225  
166.100     1.20273  
166.200     1.20322  
166.300     1.20370  
166.400     1.20418  
166.500     1.20467  
166.600     1.20515  
166.700     1.20564  
166.800     1.20612  
166.900     1.20660  
167.000     1.20709  
167.100     1.20758  
167.200     1.20806  
167.300     1.20855  
167.400     1.20904  
167.500     1.20953  
167.600     1.21002  
167.700     1.21051  
167.800     1.21100  
167.900     1.21150  
168.000     1.21199  
168.100     1.21249  
168.200     1.21299  
168.300     1.21349  
168.400     1.21398  
168.500     1.21448  
168.600     1.21498  
168.700     1.21548  
168.800     1.21598  
168.900     1.21648  
169.000     1.21697  
169.100     1.21746  
169.200     1.21795  
169.300     1.21844  
169.400     1.21892  
169.500     1.21940  
169.600     1.21988  
169.700     1.22035  
169.800     1.22081  
169.900     1.22128  
170.000     1.22173  
170.100     1.22218  
170.200     1.22263  
170.300     1.22306  
170.400     1.22350  
170.500     1.22393  
170.600     1.22436  
170.700     1.22478  
170.800     1.22520  
170.900     1.22561  
171.000     1.22603  
171.100     1.22644  
171.200     1.22685  
171.300     1.22726  
171.400     1.22766  
171.500     1.22807  
171.600     1.22848  
171.700     1.22888  
171.800     1.22929  
171.900     1.22970  
172.000     1.23010  
172.100     1.23051  
172.200     1.23093  
172.300     1.23134  
172.400     1.23175  
172.500     1.23217  
172.600     1.23258  
172.700     1.23300  
172.800     1.23342  
172.900     1.23384  
173.000     1.23426  
173.100     1.23468  
173.200     1.23510  
173.300     1.23552  
173.400     1.23594  
173.500     1.23637  
173.600     1.23679  
173.700     1.23721  
173.800     1.23763  
173.900     1.23806  
174.000     1.23848  
174.100     1.23890  
174.200     1.23932  
174.300     1.23974  
174.400     1.24016  
174.500     1.24058  
174.600     1.24100  
174.700     1.24142  
174.800     1.24184  
174.900     1.24226  
175.000     1.24268  
175.100     1.24310  
175.200     1.24352  
175.300     1.24393  
175.400     1.24435  
175.500     1.24477  
175.600     1.24519  
175.700     1.24560  
175.800     1.24602  
175.900     1.24644  
176.000     1.24685  
176.100     1.24727  
176.200     1.24768  
176.300     1.24810  
176.400     1.24851  
176.500     1.24893  
176.600     1.24934  
176.700     1.24976  
176.800     1.25017  
176.900     1.25059  
177.000     1.25101  
177.100     1.25142  
177.200     1.25184  
177.300     1.25226  
177.400     1.25268  
177.500     1.25310  
177.600     1.25352  
177.700     1.25395  
177.800     1.25437  
177.900     1.25480  
178.000     1.25522  
178.100     1.25565  
178.200     1.25608  
178.300     1.25651  
178.400     1.25695  
178.500     1.25738  
178.600     1.25781  
178.700     1.25824  
178.800     1.25867  
178.900     1.25910  
179.000     1.25952  
179.100     1.25995  
179.200     1.26037  
179.300     1.26079  
179.400     1.26120  
179.500     1.26161  
179.600     1.26202  
179.700     1.26242  
179.800     1.26282  
179.900     1.26321  
180.000     1.26360  
180.100     1.26398  
180.200     1.26435  
180.300     1.26472  
180.400     1.26509  
180.500     1.26545  
180.600     1.26580  
180.700     1.26615  
180.800     1.26650  
180.900     1.26685  
181.000     1.26719  
181.100     1.26753  
181.200     1.26787  
181.300     1.26821  
181.400     1.26854  
181.500     1.26888  
181.600     1.26921  
181.700     1.26955  
181.800     1.26988  
181.900     1.27022  
182.000     1.27056  
182.100     1.27090  
182.200     1.27124  
182.300     1.27158  
182.400     1.27192  
182.500     1.27227  
182.600     1.27261  
182.700     1.27296  
182.800     1.27331  
182.900     1.27366  
183.000     1.27400  
183.100     1.27435  
183.200     1.27471  
183.300     1.27506  
183.400     1.27541  
183.500     1.27576  
183.600     1.27611  
183.700     1.27646  
183.800     1.27681  
183.900     1.27717  
184.000     1.27752  
184.100     1.27787  
184.200     1.27822  
184.300     1.27857  
184.400     1.27892  
184.500     1.27927  
184.600     1.27962  
184.700     1.27997  
184.800     1.28032  
184.900     1.28067  
185.000     1.28101  
185.100     1.28136  
185.200     1.28171  
185.300     1.28206  
185.400     1.28240  
185.500     1.28275  
185.600     1.28310  
185.700     1.28344  
185.800     1.28379  
185.900     1.28413  
186.000     1.28448  
186.100     1.28482  
186.200     1.28517  
186.300     1.28551  
186.400     1.28585  
186.500     1.28620  
186.600     1.28654  
186.700     1.28689  
186.800     1.28723  
186.900     1.28758  
187.000     1.28792  
187.100     1.28827  
187.200     1.28862  
187.300     1.28897  
187.400     1.28932  
187.500     1.28967  
187.600     1.29002  
187.700     1.29037  
187.800     1.29072  
187.900     1.29108  
188.000     1.29144  
188.100     1.29179  
188.200     1.29215  
188.300     1.29252  
188.400     1.29288  
188.500     1.29324  
188.600     1.29360  
188.700     1.29396  
188.800     1.29432  
188.900     1.29468  
189.000     1.29503  
189.100     1.29538  
189.200     1.29574  
189.300     1.29608  
189.400     1.29643  
189.500     1.29677  
189.600     1.29710  
189.700     1.29743  
189.800     1.29776  
189.900     1.29808  
190.000     1.29840  
190.100     1.29870  
190.200     1.29901  
190.300     1.29930  
190.400     1.29960  
190.500     1.29988  
190.600     1.30017  
190.700     1.30045  
190.800     1.30072  
190.900     1.30100  
191.000     1.30127  
191.100     1.30153  
191.200     1.30180  
191.300     1.30207  
191.400     1.30233  
191.500     1.30259  
191.600     1.30285  
191.700     1.30312  
191.800     1.30338  
191.900     1.30364  
192.000     1.30391  
192.100     1.30417  
192.200     1.30444  
192.300     1.30471  
192.400     1.30498  
192.500     1.30526  
192.600     1.30553  
192.700     1.30580  
192.800     1.30608  
192.900     1.30635  
193.000     1.30663  
193.100     1.30691  
193.200     1.30719  
193.300     1.30747  
193.400     1.30775  
193.500     1.30802  
193.600     1.30830  
193.700     1.30858  
193.800     1.30886  
193.900     1.30914  
194.000     1.30942  
194.100     1.30970  
194.200     1.30998  
194.300     1.31025  
194.400     1.31053  
194.500     1.31081  
194.600     1.31109  
194.700     1.31136  
194.800     1.31164  
194.900     1.31191  
195.000     1.31219  
195.100     1.31246  
195.200     1.31274  
195.300     1.31301  
195.400     1.31329  
195.500     1.31356  
195.600     1.31384  
195.700     1.31411  
195.800     1.31439  
195.900     1.31466  
196.000     1.31493  
196.100     1.31521  
196.200     1.31548  
196.300     1.31575  
196.400     1.31602  
196.500     1.31630  
196.600     1.31657  
196.700     1.31684  
196.800     1.31712  
196.900     1.31739  
197.000     1.31767  
197.100     1.31794  
197.200     1.31822  
197.300     1.31849  
197.400     1.31877  
197.500     1.31905  
197.600     1.31932  
197.700     1.31960  
197.800     1.31988  
197.900     1.32016  
198.000     1.32044  
198.100     1.32073  
198.200     1.32101  
198.300     1.32129  
198.400     1.32158  
198.500     1.32186  
198.600     1.32214  
198.700     1.32243  
198.800     1.32271  
198.900     1.32299  
199.000     1.32327  
199.100     1.32355  
199.200     1.32383  
199.300     1.32410  
199.400     1.32438  
199.500     1.32465  
199.600     1.32492  
199.700     1.32518  
199.800     1.32544  
199.900     1.32570  
200.000     1.32595  
200.100     1.32621  
200.200     1.32645  
200.300     1.32670  
200.400     1.32694  
200.500     1.32717  
200.600     1.32740  
200.700     1.32763  
200.800     1.32786  
200.900     1.32808  
201.000     1.32831  
201.100     1.32852  
201.200     1.32874  
201.300     1.32895  
201.400     1.32916  
201.500     1.32937  
201.600     1.32957  
201.700     1.32978  
201.800     1.32998  
201.900     1.33018  
202.000     1.33038  
202.100     1.33057  
202.200     1.33077  
202.300     1.33096  
202.400     1.33115  
202.500     1.33134  
202.600     1.33153  
202.700     1.33172  
202.800     1.33191  
202.900     1.33209  
203.000     1.33228  
203.100     1.33247  
203.200     1.33265  
203.300     1.33284  
203.400     1.33302  
203.500     1.33321  
203.600     1.33339  
203.700     1.33358  
203.800     1.33376  
203.900     1.33395  
204.000     1.33413  
204.100     1.33432  
204.200     1.33451  
204.300     1.33470  
204.400     1.33488  
204.500     1.33507  
204.600     1.33527  
204.700     1.33546  
204.800     1.33565  
204.900     1.33585  
205.000     1.33605  
205.100     1.33625  
205.200     1.33645  
205.300     1.33665  
205.400     1.33685  
205.500     1.33706  
205.600     1.33726  
205.700     1.33747  
205.800     1.33768  
205.900     1.33789  
206.000     1.33810  
206.100     1.33831  
206.200     1.33852  
206.300     1.33873  
206.400     1.33895  
206.500     1.33916  
206.600     1.33937  
206.700     1.33959  
206.800     1.33980  
206.900     1.34002  
207.000     1.34023  
207.100     1.34044  
207.200     1.34066  
207.300     1.34087  
207.400     1.34108  
207.500     1.34130  
207.600     1.34151  
207.700     1.34172  
207.800     1.34193  
207.900     1.34214  
208.000     1.34234  
208.100     1.34255  
208.200     1.34276  
208.300     1.34296  
208.400     1.34316  
208.500     1.34336  
208.600     1.34356  
208.700     1.34376  
208.800     1.34396  
208.900     1.34415  
209.000     1.34435  
209.100     1.34454  
209.200     1.34472  
209.300     1.34491  
209.400     1.34509  
209.500     1.34527  
209.600     1.34545  
209.700     1.34563  
209.800     1.34580  
209.900     1.34597  
210.000     1.34614  
210.100     1.34630  
210.200     1.34646  
210.300     1.34662  
210.400     1.34677  
210.500     1.34693  
210.600     1.34708  
210.700     1.34722  
210.800     1.34737  
210.900     1.34751  
211.000     1.34765  
211.100     1.34779  
211.200     1.34793  
211.300     1.34806  
211.400     1.34819  
211.500     1.34832  
211.600     1.34845  
211.700     1.34858  
211.800     1.34871  
211.900     1.34883  
212.000     1.34896  
212.100     1.34908  
212.200     1.34920  
212.300     1.34932  
212.400     1.34944  
212.500     1.34955  
212.600     1.34967  
212.700     1.34979  
212.800     1.34990  
212.900     1.35002  
213.000     1.35013  
213.100     1.35025  
213.200     1.35036  
213.300     1.35048  
213.400     1.35059  
213.500     1.35071  
213.600     1.35082  
213.700     1.35094  
213.800     1.35105  
213.900     1.35117  
214.000     1.35128  
214.100     1.35140  
214.200     1.35152  
214.300     1.35164  
214.400     1.35175  
214.500     1.35187  
214.600     1.35200  
214.700     1.35212  
214.800     1.35224  
214.900     1.35237  
215.000     1.35249  
215.100     1.35262  
215.200     1.35275  
215.300     1.35288  
215.400     1.35301  
215.500     1.35314  
215.600     1.35328  
215.700     1.35341  
215.800     1.35355  
215.900     1.35368  
216.000     1.35382  
216.100     1.35396  
216.200     1.35410  
216.300     1.35424  
216.400     1.35438  
216.500     1.35452  
216.600     1.35466  
216.700     1.35479  
216.800     1.35493  
216.900     1.35507  
217.000     1.35521  
217.100     1.35535  
217.200     1.35549  
217.300     1.35563  
217.400     1.35577  
217.500     1.35590  
217.600     1.35604  
217.700     1.35617  
217.800     1.35631  
217.900     1.35644  
218.000     1.35657  
218.100     1.35671  
218.200     1.35684  
218.300     1.35696  
218.400     1.35709  
218.500     1.35722  
218.600     1.35734  
218.700     1.35746  
218.800     1.35758  
218.900     1.35770  
219.000     1.35782  
219.100     1.35793  
219.200     1.35804  
219.300     1.35815  
219.400     1.35826  
219.500     1.35836  
219.600     1.35847  
219.700     1.35857  
219.800     1.35866  
219.900     1.35876  
220.000     1.35885  
220.100     1.35894  
220.200     1.35902  
220.300     1.35910  
220.400     1.35918  
220.500     1.35926  
220.600     1.35933  
220.700     1.35941  
220.800     1.35948  
220.900     1.35954  
221.000     1.35961  
221.100     1.35967  
221.200     1.35973  
221.300     1.35979  
221.400     1.35985  
221.500     1.35990  
221.600     1.35996  
221.700     1.36001  
221.800     1.36006  
221.900     1.36011  
222.000     1.36016  
222.100     1.36021  
222.200     1.36025  
222.300     1.36030  
222.400     1.36034  
222.500     1.36038  
222.600     1.36043  
222.700     1.36047  
222.800     1.36051  
222.900     1.36055  
223.000     1.36059  
223.100     1.36063  
223.200     1.36067  
223.300     1.36071  
223.400     1.36075  
223.500     1.36079  
223.600     1.36083  
223.700     1.36087  
223.800     1.36091  
223.900     1.36095  
224.000     1.36099  
224.100     1.36103  
224.200     1.36107  
224.300     1.36112  
224.400     1.36116  
224.500     1.36120  
224.600     1.36125  
224.700     1.36130  
224.800     1.36135  
224.900     1.36140  
225.000     1.36145  
225.100     1.36150  
225.200     1.36155  
225.300     1.36161  
225.400     1.36167  
225.500     1.36172  
225.600     1.36178  
225.700     1.36184  
225.800     1.36190  
225.900     1.36197  
226.000     1.36203  
226.100     1.36209  
226.200     1.36215  
226.300     1.36222  
226.400     1.36228  
226.500     1.36235  
226.600     1.36241  
226.700     1.36248  
226.800     1.36254  
226.900     1.36260  
227.000     1.36267  
227.100     1.36273  
227.200     1.36280  
227.300     1.36286  
227.400     1.36292  
227.500     1.36298  
227.600     1.36304  
227.700     1.36310  
227.800     1.36316  
227.900     1.36322  
228.000     1.36328  
228.100     1.36333  
228.200     1.36339  
228.300     1.36344  
228.400     1.36349  
228.500     1.36354  
228.600     1.36359  
228.700     1.36364  
228.800     1.36368  
228.900     1.36373  
229.000     1.36377  
229.100     1.36381  
229.200     1.36384  
229.300     1.36388  
229.400     1.36391  
229.500     1.36394  
229.600     1.36397  
229.700     1.36399  
229.800     1.36401  
229.900     1.36403  
230.000     1.36405  
230.100     1.36406  
230.200     1.36407  
230.300     1.36408  
230.400     1.36408  
230.500     1.36408  
230.600     1.36408  
230.700     1.36408  
230.800     1.36407  
230.900     1.36407  
231.000     1.36406  
231.100     1.36404  
231.200     1.36403  
231.300     1.36401  
231.400     1.36400  
231.500     1.36398  
231.600     1.36395  
231.700     1.36393  
231.800     1.36391  
231.900     1.36388  
232.000     1.36385  
232.100     1.36383  
232.200     1.36380  
232.300     1.36377  
232.400     1.36373  
232.500     1.36370  
232.600     1.36367  
232.700     1.36364  
232.800     1.36360  
232.900     1.36357  
233.000     1.36353  
233.100     1.36350  
233.200     1.36346  
233.300     1.36343  
233.400     1.36339  
233.500     1.36335  
233.600     1.36332  
233.700     1.36328  
233.800     1.36325  
233.900     1.36321  
234.000     1.36318  
234.100     1.36315  
234.200     1.36311  
234.300     1.36308  
234.400     1.36305  
234.500     1.36302  
234.600     1.36299  
234.700     1.36296  
234.800     1.36294  
234.900     1.36291  
235.000     1.36289  
235.100     1.36286  
235.200     1.36284  
235.300     1.36282  
235.400     1.36280  
235.500     1.36279  
235.600     1.36277  
235.700     1.36275  
235.800     1.36274  
235.900     1.36273  
236.000     1.36271  
236.100     1.36270  
236.200     1.36269  
236.300     1.36268  
236.400     1.36267  
236.500     1.36265  
236.600     1.36264  
236.700     1.36263  
236.800     1.36262  
236.900     1.36261  
237.000     1.36260  
237.100     1.36259  
237.200     1.36258  
237.300     1.36257  
237.400     1.36255  
237.500     1.36254  
237.600     1.36252  
237.700     1.36251  
237.800     1.36249  
237.900     1.36248  
238.000     1.36246  
238.100     1.36244  
238.200     1.36242  
238.300     1.36240  
238.400     1.36237  
238.500     1.36235  
238.600     1.36232  
238.700     1.36229  
238.800     1.36226  
238.900     1.36223  
239.000     1.36220  
239.100     1.36216  
239.200     1.36212  
239.300     1.36208  
239.400     1.36204  
239.500     1.36199  
239.600     1.36194  
239.700     1.36189  
239.800     1.36184  
239.900     1.36178  
240.000     1.36173  
240.100     1.36166  
240.200     1.36160  
240.300     1.36153  
240.400     1.36146  
240.500     1.36139  
240.600     1.36131  
240.700     1.36123  
240.800     1.36115  
240.900     1.36107  
241.000     1.36098  
241.100     1.36090  
241.200     1.36081  
241.300     1.36072  
241.400     1.36062  
241.500     1.36053  
241.600     1.36043  
241.700     1.36034  
241.800     1.36024  
241.900     1.36014  
242.000     1.36003  
242.100     1.35993  
242.200     1.35983  
242.300     1.35972  
242.400     1.35961  
242.500     1.35951  
242.600     1.35940  
242.700     1.35929  
242.800     1.35918  
242.900     1.35907  
243.000     1.35896  
243.100     1.35885  
243.200     1.35874  
243.300     1.35863  
243.400     1.35852  
243.500     1.35841  
243.600     1.35830  
243.700     1.35819  
243.800     1.35808  
243.900     1.35797  
244.000     1.35786  
244.100     1.35775  
244.200     1.35765  
244.300     1.35754  
244.400     1.35743  
244.500     1.35733  
244.600     1.35722  
244.700     1.35712  
244.800     1.35702  
244.900     1.35692  
245.000     1.35682  
245.100     1.35672  
245.200     1.35663  
245.300     1.35653  
245.400     1.35644  
245.500     1.35634  
245.600     1.35625  
245.700     1.35616  
245.800     1.35607  
245.900     1.35598  
246.000     1.35590  
246.100     1.35581  
246.200     1.35572  
246.300     1.35563  
246.400     1.35555  
246.500     1.35546  
246.600     1.35538  
246.700     1.35529  
246.800     1.35520  
246.900     1.35512  
247.000     1.35503  
247.100     1.35495  
247.200     1.35486  
247.300     1.35477  
247.400     1.35468  
247.500     1.35460  
247.600     1.35451  
247.700     1.35442  
247.800     1.35432  
247.900     1.35423  
248.000     1.35414  
248.100     1.35405  
248.200     1.35395  
248.300     1.35385  
248.400     1.35375  
248.500     1.35365  
248.600     1.35355  
248.700     1.35345  
248.800     1.35335  
248.900     1.35324  
249.000     1.35313  
249.100     1.35302  
249.200     1.35291  
249.300     1.35279  
249.400     1.35267  
249.500     1.35255  
249.600     1.35243  
249.700     1.35230  
249.800     1.35218  
249.900     1.35205  
250.000     1.35191  
250.100     1.35178  
250.200     1.35164  
250.300     1.35149  
250.400     1.35135  
250.500     1.35120  
250.600     1.35105  
250.700     1.35090  
250.800     1.35074  
250.900     1.35059  
251.000     1.35043  
251.100     1.35027  
251.200     1.35010  
251.300     1.34994  
251.400     1.34977  
251.500     1.34960  
251.600     1.34943  
251.700     1.34926  
251.800     1.34909  
251.900     1.34891  
252.000     1.34874  
252.100     1.34856  
252.200     1.34838  
252.300     1.34820  
252.400     1.34802  
252.500     1.34784  
252.600     1.34766  
252.700     1.34748  
252.800     1.34729  
252.900     1.34711  
253.000     1.34693  
253.100     1.34674  
253.200     1.34656  
253.300     1.34637  
253.400     1.34619  
253.500     1.34601  
253.600     1.34582  
253.700     1.34564  
253.800     1.34545  
253.900     1.34527  
254.000     1.34509  
254.100     1.34491  
254.200     1.34472  
254.300     1.34454  
254.400     1.34436  
254.500     1.34418  
254.600     1.34401  
254.700     1.34383  
254.800     1.34365  
254.900     1.34348  
255.000     1.34331  
255.100     1.34313  
255.200     1.34296  
255.300     1.34280  
255.400     1.34263  
255.500     1.34246  
255.600     1.34230  
255.700     1.34213  
255.800     1.34197  
255.900     1.34180  
256.000     1.34164  
256.100     1.34148  
256.200     1.34132  
256.300     1.34116  
256.400     1.34100  
256.500     1.34084  
256.600     1.34068  
256.700     1.34052  
256.800     1.34036  
256.900     1.34020  
257.000     1.34004  
257.100     1.33988  
257.200     1.33971  
257.300     1.33955  
257.400     1.33939  
257.500     1.33923  
257.600     1.33907  
257.700     1.33890  
257.800     1.33874  
257.900     1.33857  
258.000     1.33840  
258.100     1.33823  
258.200     1.33807  
258.300     1.33789  
258.400     1.33772  
258.500     1.33755  
258.600     1.33737  
258.700     1.33720  
258.800     1.33702  
258.900     1.33684  
259.000     1.33665  
259.100     1.33647  
259.200     1.33628  
259.300     1.33609  
259.400     1.33590  
259.500     1.33571  
259.600     1.33551  
259.700     1.33531  
259.800     1.33511  
259.900     1.33491  
260.000     1.33470  
260.100     1.33449  
260.200     1.33428  
260.300     1.33406  
260.400     1.33384  
260.500     1.33362  
260.600     1.33340  
260.700     1.33317  
260.800     1.33295  
260.900     1.33272  
261.000     1.33248  
261.100     1.33225  
261.200     1.33201  
261.300     1.33178  
261.400     1.33154  
261.500     1.33129  
261.600     1.33105  
261.700     1.33081  
261.800     1.33056  
261.900     1.33031  
262.000     1.33006  
262.100     1.32981  
262.200     1.32956  
262.300     1.32931  
262.400     1.32906  
262.500     1.32881  
262.600     1.32855  
262.700     1.32830  
262.800     1.32804  
262.900     1.32778  
263.000     1.32753  
263.100     1.32727  
263.200     1.32701  
263.300     1.32676  
263.400     1.32650  
263.500     1.32624  
263.600     1.32599  
263.700     1.32573  
263.800     1.32547  
263.900     1.32522  
264.000     1.32496  
264.100     1.32471  
264.200     1.32445  
264.300     1.32420  
264.400     1.32395  
264.500     1.32369  
264.600     1.32344  
264.700     1.32319  
264.800     1.32295  
264.900     1.32270  
265.000     1.32245  
265.100     1.32221  
265.200     1.32196  
265.300     1.32172  
265.400     1.32148  
265.500     1.32124  
265.600     1.32100  
265.700     1.32077  
265.800     1.32053  
265.900     1.32029  
266.000     1.32006  
266.100     1.31982  
266.200     1.31959  
266.300     1.31936  
266.400     1.31912  
266.500     1.31889  
266.600     1.31866  
266.700     1.31842  
266.800     1.31819  
266.900     1.31796  
267.000     1.31772  
267.100     1.31749  
267.200     1.31725  
267.300     1.31702  
267.400     1.31678  
267.500     1.31655  
267.600     1.31631  
267.700     1.31608  
267.800     1.31584  
267.900     1.31560  
268.000     1.31536  
268.100     1.31512  
268.200     1.31487  
268.300     1.31463  
268.400     1.31439  
268.500     1.31414  
268.600     1.31389  
268.700     1.31364  
268.800     1.31339  
268.900     1.31314  
269.000     1.31288  
269.100     1.31262  
269.200     1.31236  
269.300     1.31210  
269.400     1.31184  
269.500     1.31157  
269.600     1.31130  
269.700     1.31103  
269.800     1.31076  
269.900     1.31048  
270.000     1.31020  
270.100     1.30992  
270.200     1.30964  
270.300     1.30935  
270.400     1.30906  
270.500     1.30877  
270.600     1.30847  
270.700     1.30817  
270.800     1.30787  
270.900     1.30757  
271.000     1.30727  
271.100     1.30696  
271.200     1.30665  
271.300     1.30634  
271.400     1.30603  
271.500     1.30572  
271.600     1.30540  
271.700     1.30509  
271.800     1.30477  
271.900     1.30445  
272.000     1.30413  
272.100     1.30381  
272.200     1.30349  
272.300     1.30316  
272.400     1.30284  
272.500     1.30252  
272.600     1.30219  
272.700     1.30186  
272.800     1.30154  
272.900     1.30121  
273.000     1.30088  
273.100     1.30055  
273.200     1.30022  
273.300     1.29990  
273.400     1.29957  
273.500     1.29924  
273.600     1.29891  
273.700     1.29858  
273.800     1.29825  
273.900     1.29793  
274.000     1.29760  
274.100     1.29727  
274.200     1.29695  
274.300     1.29662  
274.400     1.29630  
274.500     1.29598  
274.600     1.29565  
274.700     1.29533  
274.800     1.29501  
274.900     1.29469  
275.000     1.29438  
275.100     1.29406  
275.200     1.29374  
275.300     1.29343  
275.400     1.29312  
275.500     1.29281  
275.600     1.29250  
275.700     1.29219  
275.800     1.29188  
275.900     1.29157  
276.000     1.29126  
276.100     1.29096  
276.200     1.29065  
276.300     1.29035  
276.400     1.29004  
276.500     1.28973  
276.600     1.28943  
276.700     1.28912  
276.800     1.28882  
276.900     1.28851  
277.000     1.28821  
277.100     1.28790  
277.200     1.28760  
277.300     1.28729  
277.400     1.28698  
277.500     1.28668  
277.600     1.28637  
277.700     1.28606  
277.800     1.28575  
277.900     1.28544  
278.000     1.28513  
278.100     1.28481  
278.200     1.28450  
278.300     1.28419  
278.400     1.28387  
278.500     1.28355  
278.600     1.28323  
278.700     1.28291  
278.800     1.28259  
278.900     1.28226  
279.000     1.28193  
279.100     1.28161  
279.200     1.28128  
279.300     1.28094  
279.400     1.28061  
279.500     1.28027  
279.600     1.27993  
279.700     1.27959  
279.800     1.27924  
279.900     1.27890  
280.000     1.27855  
280.100     1.27819  
280.200     1.27784  
280.300     1.27748  
280.400     1.27712  
280.500     1.27676  
280.600     1.27639  
280.700     1.27602  
280.800     1.27565  
280.900     1.27528  
281.000     1.27490  
281.100     1.27453  
281.200     1.27415  
281.300     1.27377  
281.400     1.27339  
281.500     1.27301  
281.600     1.27262  
281.700     1.27223  
281.800     1.27185  
281.900     1.27146  
282.000     1.27107  
282.100     1.27068  
282.200     1.27028  
282.300     1.26989  
282.400     1.26950  
282.500     1.26910  
282.600     1.26871  
282.700     1.26831  
282.800     1.26791  
282.900     1.26751  
283.000     1.26712  
283.100     1.26672  
283.200     1.26632  
283.300     1.26592  
283.400     1.26552  
283.500     1.26513  
283.600     1.26473  
283.700     1.26433  
283.800     1.26393  
283.900     1.26353  
284.000     1.26314  
284.100     1.26274  
284.200     1.26235  
284.300     1.26195  
284.400     1.26156  
284.500     1.26116  
284.600     1.26077  
284.700     1.26038  
284.800     1.25999  
284.900     1.25960  
285.000     1.25921  
285.100     1.25883  
285.200     1.25844  
285.300     1.25806  
285.400     1.25767  
285.500     1.25729  
285.600     1.25691  
285.700     1.25653  
285.800     1.25615  
285.900     1.25578  
286.000     1.25540  
286.100     1.25502  
286.200     1.25464  
286.300     1.25427  
286.400     1.25389  
286.500     1.25352  
286.600     1.25314  
286.700     1.25277  
286.800     1.25239  
286.900     1.25201  
287.000     1.25164  
287.100     1.25126  
287.200     1.25089  
287.300     1.25051  
287.400     1.25013  
287.500     1.24976  
287.600     1.24938  
287.700     1.24900  
287.800     1.24862  
287.900     1.24824  
288.000     1.24785  
288.100     1.24747  
288.200     1.24709  
288.300     1.24670  
288.400     1.24631  
288.500     1.24593  
288.600     1.24554  
288.700     1.24515  
288.800     1.24475  
288.900     1.24436  
289.000     1.24396  
289.100     1.24356  
289.200     1.24316  
289.300     1.24276  
289.400     1.24236  
289.500     1.24195  
289.600     1.24154  
289.700     1.24113  
289.800     1.24071  
289.900     1.24030  
290.000     1.23988  
290.100     1.23946  
290.200     1.23903  
290.300     1.23860  
290.400     1.23817  
290.500     1.23774  
290.600     1.23731  
290.700     1.23687  
290.800     1.23643  
290.900     1.23599  
291.000     1.23555  
291.100     1.23510  
291.200     1.23466  
291.300     1.23421  
291.400     1.23376  
291.500     1.23331  
291.600     1.23285  
291.700     1.23240  
291.800     1.23194  
291.900     1.23149  
292.000     1.23103  
292.100     1.23057  
292.200     1.23011  
292.300     1.22965  
292.400     1.22918  
292.500     1.22872  
292.600     1.22826  
292.700     1.22779  
292.800     1.22733  
292.900     1.22686  
293.000     1.22640  
293.100     1.22593  
293.200     1.22547  
293.300     1.22500  
293.400     1.22453  
293.500     1.22407  
293.600     1.22360  
293.700     1.22313  
293.800     1.22267  
293.900     1.22220  
294.000     1.22174  
294.100     1.22127  
294.200     1.22081  
294.300     1.22035  
294.400     1.21989  
294.500     1.21942  
294.600     1.21896  
294.700     1.21850  
294.800     1.21805  
294.900     1.21759  
295.000     1.21713  
295.100     1.21668  
295.200     1.21623  
295.300     1.21577  
295.400     1.21532  
295.500     1.21487  
295.600     1.21442  
295.700     1.21397  
295.800     1.21353  
295.900     1.21308  
296.000     1.21263  
296.100     1.21219  
296.200     1.21174  
296.300     1.21130  
296.400     1.21085  
296.500     1.21041  
296.600     1.20997  
296.700     1.20952  
296.800     1.20908  
296.900     1.20863  
297.000     1.20819  
297.100     1.20775  
297.200     1.20730  
297.300     1.20686  
297.400     1.20641  
297.500     1.20596  
297.600     1.20552  
297.700     1.20507  
297.800     1.20462  
297.900     1.20417  
298.000     1.20372  
298.100     1.20327  
298.200     1.20282  
298.300     1.20236  
298.400     1.20191  
298.500     1.20145  
298.600     1.20100  
298.700     1.20054  
298.800     1.20007  
298.900     1.19961  
299.000     1.19915  
299.100     1.19868  
299.200     1.19821  
299.300     1.19774  
299.400     1.19727  
299.500     1.19680  
299.600     1.19632  
299.700     1.19584  
299.800     1.19536  
299.900     1.19488  
300.000     1.19439  
300.100     1.19390  
300.200     1.19341  
300.300     1.19291  
300.400     1.19242  
300.500     1.19192  
300.600     1.19142  
300.700     1.19091  
300.800     1.19041  
300.900     1.18990  
301.000     1.18939  
301.100     1.18888  
301.200     1.18837  
301.300     1.18785  
301.400     1.18734  
301.500     1.18682  
301.600     1.18630  
301.700     1.18578  
301.800     1.18526  
301.900     1.18473  
302.000     1.18421  
302.100     1.18368  
302.200     1.18316  
302.300     1.18263  
302.400     1.18210  
302.500     1.18157  
302.600     1.18104  
302.700     1.18051  
302.800     1.17998  
302.900     1.17945  
303.000     1.17892  
303.100     1.17839  
303.200     1.17786  
303.300     1.17732  
303.400     1.17679  
303.500     1.17626  
303.600     1.17573  
303.700     1.17520  
303.800     1.17466  
303.900     1.17413  
304.000     1.17360  
304.100     1.17307  
304.200     1.17254  
304.300     1.17201  
304.400     1.17149  
304.500     1.17096  
304.600     1.17043  
304.700     1.16991  
304.800     1.16938  
304.900     1.16886  
305.000     1.16834  
305.100     1.16782  
305.200     1.16730  
305.300     1.16678  
305.400     1.16626  
305.500     1.16574  
305.600     1.16523  
305.700     1.16471  
305.800     1.16420  
305.900     1.16369  
306.000     1.16318  
306.100     1.16266  
306.200     1.16215  
306.300     1.16164  
306.400     1.16113  
306.500     1.16062  
306.600     1.16011  
306.700     1.15960  
306.800     1.15909  
306.900     1.15858  
307.000     1.15807  
307.100     1.15756  
307.200     1.15704  
307.300     1.15653  
307.400     1.15602  
307.500     1.15551  
307.600     1.15499  
307.700     1.15448  
307.800     1.15397  
307.900     1.15345  
308.000     1.15293  
308.100     1.15242  
308.200     1.15190  
308.300     1.15138  
308.400     1.15086  
308.500     1.15033  
308.600     1.14981  
308.700     1.14928  
308.800     1.14876  
308.900     1.14823  
309.000     1.14770  
309.100     1.14717  
309.200     1.14663  
309.300     1.14610  
309.400     1.14556  
309.500     1.14502  
309.600     1.14448  
309.700     1.14393  
309.800     1.14339  
309.900     1.14284  
310.000     1.14228  
310.100     1.14173  
310.200     1.14117  
310.300     1.14062  
310.400     1.14005  
310.500     1.13949  
310.600     1.13892  
310.700     1.13836  
310.800     1.13779  
310.900     1.13722  
311.000     1.13664  
311.100     1.13607  
311.200     1.13549  
311.300     1.13491  
311.400     1.13433  
311.500     1.13375  
311.600     1.13316  
311.700     1.13258  
311.800     1.13199  
311.900     1.13141  
312.000     1.13082  
312.100     1.13023  
312.200     1.12964  
312.300     1.12905  
312.400     1.12846  
312.500     1.12786  
312.600     1.12727  
312.700     1.12668  
312.800     1.12608  
312.900     1.12549  
313.000     1.12489  
313.100     1.12430  
313.200     1.12370  
313.300     1.12311  
313.400     1.12251  
313.500     1.12191  
313.600     1.12132  
313.700     1.12072  
313.800     1.12013  
313.900     1.11953  
314.000     1.11894  
314.100     1.11835  
314.200     1.11775  
314.300     1.11716  
314.400     1.11657  
314.500     1.11598  
314.600     1.11539  
314.700     1.11480  
314.800     1.11421  
314.900     1.11362  
315.000     1.11303  
315.100     1.11245  
315.200     1.11187  
315.300     1.11128  
315.400     1.11070  
315.500     1.11012  
315.600     1.10954  
315.700     1.10896  
315.800     1.10839  
315.900     1.10781  
316.000     1.10723  
316.100     1.10666  
316.200     1.10608  
316.300     1.10550  
316.400     1.10493  
316.500     1.10435  
316.600     1.10378  
316.700     1.10320  
316.800     1.10263  
316.900     1.10205  
317.000     1.10148  
317.100     1.10090  
317.200     1.10033  
317.300     1.09975  
317.400     1.09918  
317.500     1.09860  
317.600     1.09802  
317.700     1.09744  
317.800     1.09686  
317.900     1.09628  
318.000     1.09570  
318.100     1.09512  
318.200     1.09454  
318.300     1.09395  
318.400     1.09337  
318.500     1.09278  
318.600     1.09220  
318.700     1.09161  
318.800     1.09102  
318.900     1.09042  
319.000     1.08983  
319.100     1.08923  
319.200     1.08864  
319.300     1.08804  
319.400     1.08744  
319.500     1.08683  
319.600     1.08623  
319.700     1.08562  
319.800     1.08501  
319.900     1.08440  
320.000     1.08378  
320.100     1.08317  
320.200     1.08255  
320.300     1.08193  
320.400     1.08130  
320.500     1.08068  
320.600     1.08005  
320.700     1.07942  
320.800     1.07879  
320.900     1.07815  
321.000     1.07752  
321.100     1.07688  
321.200     1.07624  
321.300     1.07560  
321.400     1.07496  
321.500     1.07431  
321.600     1.07367  
321.700     1.07302  
321.800     1.07237  
321.900     1.07173  
322.000     1.07108  
322.100     1.07043  
322.200     1.06977  
322.300     1.06912  
322.400     1.06847  
322.500     1.06781  
322.600     1.06716  
322.700     1.06650  
322.800     1.06585  
322.900     1.06519  
323.000     1.06454  
323.100     1.06388  
323.200     1.06322  
323.300     1.06257  
323.400     1.06191  
323.500     1.06125  
323.600     1.06060  
323.700     1.05994  
323.800     1.05928  
323.900     1.05863  
324.000     1.05797  
324.100     1.05732  
324.200     1.05666  
324.300     1.05601  
324.400     1.05535  
324.500     1.05470  
324.600     1.05405  
324.700     1.05340  
324.800     1.05275  
324.900     1.05210  
325.000     1.05145  
325.100     1.05081  
325.200     1.05016  
325.300     1.04952  
325.400     1.04887  
325.500     1.04823  
325.600     1.04759  
325.700     1.04695  
325.800     1.04631  
325.900     1.04567  
326.000     1.04503  
326.100     1.04439  
326.200     1.04375  
326.300     1.04312  
326.400     1.04248  
326.500     1.04184  
326.600     1.04120  
326.700     1.04057  
326.800     1.03993  
326.900     1.03929  
327.000     1.03866  
327.100     1.03802  
327.200     1.03738  
327.300     1.03674  
327.400     1.03611  
327.500     1.03547  
327.600     1.03483  
327.700     1.03419  
327.800     1.03355  
327.900     1.03290  
328.000     1.03226  
328.100     1.03162  
328.200     1.03097  
328.300     1.03033  
328.400     1.02968  
328.500     1.02903  
328.600     1.02839  
328.700     1.02773  
328.800     1.02708  
328.900     1.02643  
329.000     1.02577  
329.100     1.02512  
329.200     1.02446  
329.300     1.02380  
329.400     1.02314  
329.500     1.02247  
329.600     1.02181  
329.700     1.02114  
329.800     1.02047  
329.900     1.01980  
330.000     1.01912  
330.100     1.01844  
330.200     1.01776  
330.300     1.01708  
330.400     1.01640  
330.500     1.01571  
330.600     1.01503  
330.700     1.01434  
330.800     1.01364  
330.900     1.01295  
331.000     1.01226  
331.100     1.01156  
331.200     1.01086  
331.300     1.01016  
331.400     1.00946  
331.500     1.00876  
331.600     1.00805  
331.700     1.00735  
331.800     1.00664  
331.900     1.00593  
332.000     1.00522  
332.100     1.00451  
332.200     1.00380  
332.300     1.00309  
332.400     1.00238  
332.500     1.00167  
332.600     1.00096  
332.700     1.00024  
332.800     0.99953  
332.900     0.99881  
333.000     0.99810  
333.100     0.99738  
333.200     0.99667  
333.300     0.99595  
333.400     0.99524  
333.500     0.99452  
333.600     0.99380  
333.700     0.99309  
333.800     0.99237  
333.900     0.99166  
334.000     0.99095  
334.100     0.99023  
334.200     0.98952  
334.300     0.98881  
334.400     0.98809  
334.500     0.98738  
334.600     0.98667  
334.700     0.98596  
334.800     0.98525  
334.900     0.98455  
335.000     0.98384  
335.100     0.98313  
335.200     0.98243  
335.300     0.98173  
335.400     0.98102  
335.500     0.98032  
335.600     0.97962  
335.700     0.97892  
335.800     0.97822  
335.900     0.97752  
336.000     0.97682  
336.100     0.97613  
336.200     0.97543  
336.300     0.97473  
336.400     0.97404  
336.500     0.97334  
336.600     0.97264  
336.700     0.97195  
336.800     0.97125  
336.900     0.97055  
337.000     0.96986  
337.100     0.96916  
337.200     0.96846  
337.300     0.96777  
337.400     0.96707  
337.500     0.96637  
337.600     0.96567  
337.700     0.96497  
337.800     0.96427  
337.900     0.96357  
338.000     0.96287  
338.100     0.96217  
338.200     0.96146  
338.300     0.96076  
338.400     0.96005  
338.500     0.95935  
338.600     0.95864  
338.700     0.95793  
338.800     0.95722  
338.900     0.95651  
339.000     0.95579  
339.100     0.95508  
339.200     0.95436  
339.300     0.95364  
339.400     0.95292  
339.500     0.95220  
339.600     0.95147  
339.700     0.95075  
339.800     0.95002  
339.900     0.94929  
340.000     0.94856  
340.100     0.94782  
340.200     0.94709  
340.300     0.94635  
340.400     0.94560  
340.500     0.94486  
340.600     0.94412  
340.700     0.94337  
340.800     0.94262  
340.900     0.94187  
341.000     0.94112  
341.100     0.94036  
341.200     0.93961  
341.300     0.93885  
341.400     0.93810  
341.500     0.93734  
341.600     0.93658  
341.700     0.93581  
341.800     0.93505  
341.900     0.93429  
342.000     0.93352  
342.100     0.93276  
342.200     0.93199  
342.300     0.93122  
342.400     0.93045  
342.500     0.92968  
342.600     0.92892  
342.700     0.92815  
342.800     0.92737  
342.900     0.92660  
343.000     0.92583  
343.100     0.92506  
343.200     0.92429  
343.300     0.92352  
343.400     0.92275  
343.500     0.92198  
343.600     0.92120  
343.700     0.92043  
343.800     0.91966  
343.900     0.91889  
344.000     0.91812  
344.100     0.91735  
344.200     0.91658  
344.300     0.91581  
344.400     0.91504  
344.500     0.91428  
344.600     0.91351  
344.700     0.91274  
344.800     0.91198  
344.900     0.91121  
345.000     0.91045  
345.100     0.90969  
345.200     0.90893  
345.300     0.90817  
345.400     0.90741  
345.500     0.90665  
345.600     0.90589  
345.700     0.90514  
345.800     0.90438  
345.900     0.90362  
346.000     0.90287  
346.100     0.90212  
346.200     0.90136  
346.300     0.90061  
346.400     0.89985  
346.500     0.89910  
346.600     0.89835  
346.700     0.89759  
346.800     0.89684  
346.900     0.89609  
347.000     0.89533  
347.100     0.89458  
347.200     0.89383  
347.300     0.89307  
347.400     0.89232  
347.500     0.89156  
347.600     0.89081  
347.700     0.89005  
347.800     0.88929  
347.900     0.88854  
348.000     0.88778  
348.100     0.88702  
348.200     0.88626  
348.300     0.88550  
348.400     0.88474  
348.500     0.88397  
348.600     0.88321  
348.700     0.88244  
348.800     0.88168  
348.900     0.88091  
349.000     0.88014  
349.100     0.87937  
349.200     0.87859  
349.300     0.87782  
349.400     0.87704  
349.500     0.87626  
349.600     0.87548  
349.700     0.87470  
349.800     0.87392  
349.900     0.87313  
350.000     0.87235 