 0.000     0.00000  
  0.100     0.00000  
  0.200     0.00000  
  0.300     0.00000  
  0.400     0.00000  
  0.500     0.00000  
  0.600     0.00000  
  0.700     0.00000  
  0.800     0.00000  
  0.900     0.00000  
  1.000     0.00000  
  1.100     0.00000  
  1.200     0.00000  
  1.300     0.00000  
  1.400     0.00000  
  1.500     0.00000  
  1.600     0.00000  
  1.700     0.00000  
  1.800     0.00000  
  1.900     0.00000  
  2.000     0.00000  
  2.100     0.00000  
  2.200     0.00000  
  2.300     0.00000  
  2.400     0.00000  
  2.500     0.00000  
  2.600     0.00000  
  2.700     0.00000  
  2.800     0.00000  
  2.900     0.00000  
  3.000     0.00000  
  3.100     0.00000  
  3.200     0.00000  
  3.300     0.00000  
  3.400     0.00000  
  3.500     0.00000  
  3.600     0.00000  
  3.700     0.00000  
  3.800     0.00000  
  3.900     0.00000  
  4.000     0.00000  
  4.100     0.00000  
  4.200     0.00000  
  4.300     0.00000  
  4.400     0.00000  
  4.500     0.00000  
  4.600     0.00000  
  4.700     0.00000  
  4.800     0.00000  
  4.900     0.00000  
  5.000     0.00000  
  5.100     0.00000  
  5.200     0.00000  
  5.300     0.00000  
  5.400     0.00000  
  5.500     0.00000  
  5.600     0.00000  
  5.700     0.00000  
  5.800     0.00000  
  5.900     0.00000  
  6.000     0.00000  
  6.100     0.00000  
  6.200     0.00000  
  6.300     0.00000  
  6.400     0.00000  
  6.500     0.00000  
  6.600     0.00000  
  6.700     0.00000  
  6.800     0.00000  
  6.900     0.00000  
  7.000     0.00000  
  7.100     0.00000  
  7.200     0.00000  
  7.300     0.00000  
  7.400     0.00000  
  7.500     0.00000  
  7.600     0.00000  
  7.700     0.00000  
  7.800     0.00000  
  7.900     0.00000  
  8.000     0.00000  
  8.100     0.00000  
  8.200     0.00000  
  8.300     0.00000  
  8.400     0.00000  
  8.500     0.00000  
  8.600     0.00000  
  8.700     0.00000  
  8.800     0.00000  
  8.900     0.00000  
  9.000     0.00000  
  9.100     0.00000  
  9.200     0.00000  
  9.300     0.00000  
  9.400     0.00000  
  9.500     0.00000  
  9.600     0.00000  
  9.700     0.00000  
  9.800     0.00000  
  9.900     0.00000  
 10.000     0.00000  
 10.100     0.00000  
 10.200     0.00000  
 10.300     0.00000  
 10.400     0.00000  
 10.500     0.00000  
 10.600     0.00000  
 10.700     0.00000  
 10.800     0.00000  
 10.900     0.00000  
 11.000     0.00000  
 11.100     0.00000  
 11.200     0.00000  
 11.300     0.00000  
 11.400     0.00000  
 11.500     0.00000  
 11.600     0.00000  
 11.700     0.00000  
 11.800     0.00000  
 11.900     0.00000  
 12.000     0.00000  
 12.100     0.00000  
 12.200     0.00000  
 12.300     0.00000  
 12.400     0.00000  
 12.500     0.00000  
 12.600     0.00000  
 12.700     0.00000  
 12.800     0.00000  
 12.900     0.00000  
 13.000     0.00000  
 13.100     0.00000  
 13.200     0.00000  
 13.300     0.00000  
 13.400     0.00000  
 13.500     0.00000  
 13.600     0.00000  
 13.700     0.00000  
 13.800     0.00000  
 13.900     0.00000  
 14.000     0.00000  
 14.100     0.00000  
 14.200     0.00000  
 14.300     0.00000  
 14.400     0.00000  
 14.500     0.00000  
 14.600     0.00000  
 14.700     0.00000  
 14.800     0.00000  
 14.900     0.00000  
 15.000     0.00000  
 15.100     0.00000  
 15.200     0.00000  
 15.300     0.00000  
 15.400     0.00000  
 15.500     0.00000  
 15.600     0.00000  
 15.700     0.00000  
 15.800     0.00000  
 15.900     0.00000  
 16.000     0.00000  
 16.100     0.00000  
 16.200     0.00000  
 16.300     0.00000  
 16.400     0.00000  
 16.500     0.00000  
 16.600     0.00000  
 16.700     0.00000  
 16.800     0.00000  
 16.900     0.00000  
 17.000     0.00000  
 17.100     0.00000  
 17.200     0.00000  
 17.300     0.00000  
 17.400     0.00000  
 17.500     0.00000  
 17.600     0.00000  
 17.700     0.00000  
 17.800     0.00000  
 17.900     0.00000  
 18.000     0.00000  
 18.100     0.00001  
 18.200     0.00001  
 18.300     0.00001  
 18.400     0.00001  
 18.500     0.00001  
 18.600     0.00001  
 18.700     0.00001  
 18.800     0.00001  
 18.900     0.00001  
 19.000     0.00001  
 19.100     0.00001  
 19.200     0.00001  
 19.300     0.00001  
 19.400     0.00001  
 19.500     0.00001  
 19.600     0.00001  
 19.700     0.00001  
 19.800     0.00001  
 19.900     0.00001  
 20.000     0.00001  
 20.100     0.00001  
 20.200     0.00001  
 20.300     0.00001  
 20.400     0.00001  
 20.500     0.00001  
 20.600     0.00001  
 20.700     0.00001  
 20.800     0.00001  
 20.900     0.00001  
 21.000     0.00001  
 21.100     0.00001  
 21.200     0.00001  
 21.300     0.00001  
 21.400     0.00001  
 21.500     0.00001  
 21.600     0.00001  
 21.700     0.00001  
 21.800     0.00001  
 21.900     0.00001  
 22.000     0.00001  
 22.100     0.00001  
 22.200     0.00001  
 22.300     0.00001  
 22.400     0.00002  
 22.500     0.00002  
 22.600     0.00002  
 22.700     0.00002  
 22.800     0.00002  
 22.900     0.00002  
 23.000     0.00002  
 23.100     0.00002  
 23.200     0.00002  
 23.300     0.00002  
 23.400     0.00002  
 23.500     0.00002  
 23.600     0.00002  
 23.700     0.00002  
 23.800     0.00002  
 23.900     0.00002  
 24.000     0.00002  
 24.100     0.00002  
 24.200     0.00002  
 24.300     0.00002  
 24.400     0.00002  
 24.500     0.00002  
 24.600     0.00002  
 24.700     0.00002  
 24.800     0.00003  
 24.900     0.00003  
 25.000     0.00003  
 25.100     0.00003  
 25.200     0.00003  
 25.300     0.00003  
 25.400     0.00003  
 25.500     0.00003  
 25.600     0.00003  
 25.700     0.00003  
 25.800     0.00003  
 25.900     0.00003  
 26.000     0.00003  
 26.100     0.00003  
 26.200     0.00003  
 26.300     0.00003  
 26.400     0.00003  
 26.500     0.00003  
 26.600     0.00004  
 26.700     0.00004  
 26.800     0.00004  
 26.900     0.00004  
 27.000     0.00004  
 27.100     0.00004  
 27.200     0.00004  
 27.300     0.00004  
 27.400     0.00004  
 27.500     0.00004  
 27.600     0.00004  
 27.700     0.00004  
 27.800     0.00004  
 27.900     0.00004  
 28.000     0.00005  
 28.100     0.00005  
 28.200     0.00005  
 28.300     0.00005  
 28.400     0.00005  
 28.500     0.00005  
 28.600     0.00005  
 28.700     0.00005  
 28.800     0.00005  
 28.900     0.00005  
 29.000     0.00005  
 29.100     0.00005  
 29.200     0.00005  
 29.300     0.00006  
 29.400     0.00006  
 29.500     0.00006  
 29.600     0.00006  
 29.700     0.00006  
 29.800     0.00006  
 29.900     0.00006  
 30.000     0.00006  
 30.100     0.00006  
 30.200     0.00006  
 30.300     0.00006  
 30.400     0.00007  
 30.500     0.00007  
 30.600     0.00007  
 30.700     0.00007  
 30.800     0.00007  
 30.900     0.00007  
 31.000     0.00007  
 31.100     0.00007  
 31.200     0.00007  
 31.300     0.00008  
 31.400     0.00008  
 31.500     0.00008  
 31.600     0.00008  
 31.700     0.00008  
 31.800     0.00008  
 31.900     0.00008  
 32.000     0.00008  
 32.100     0.00008  
 32.200     0.00009  
 32.300     0.00009  
 32.400     0.00009  
 32.500     0.00009  
 32.600     0.00009  
 32.700     0.00009  
 32.800     0.00009  
 32.900     0.00009  
 33.000     0.00010  
 33.100     0.00010  
 33.200     0.00010  
 33.300     0.00010  
 33.400     0.00010  
 33.500     0.00010  
 33.600     0.00010  
 33.700     0.00010  
 33.800     0.00011  
 33.900     0.00011  
 34.000     0.00011  
 34.100     0.00011  
 34.200     0.00011  
 34.300     0.00011  
 34.400     0.00011  
 34.500     0.00012  
 34.600     0.00012  
 34.700     0.00012  
 34.800     0.00012  
 34.900     0.00012  
 35.000     0.00012  
 35.100     0.00012  
 35.200     0.00013  
 35.300     0.00013  
 35.400     0.00013  
 35.500     0.00013  
 35.600     0.00013  
 35.700     0.00013  
 35.800     0.00014  
 35.900     0.00014  
 36.000     0.00014  
 36.100     0.00014  
 36.200     0.00014  
 36.300     0.00014  
 36.400     0.00015  
 36.500     0.00015  
 36.600     0.00015  
 36.700     0.00015  
 36.800     0.00015  
 36.900     0.00016  
 37.000     0.00016  
 37.100     0.00016  
 37.200     0.00016  
 37.300     0.00016  
 37.400     0.00016  
 37.500     0.00017  
 37.600     0.00017  
 37.700     0.00017  
 37.800     0.00017  
 37.900     0.00017  
 38.000     0.00018  
 38.100     0.00018  
 38.200     0.00018  
 38.300     0.00018  
 38.400     0.00018  
 38.500     0.00018  
 38.600     0.00019  
 38.700     0.00019  
 38.800     0.00019  
 38.900     0.00019  
 39.000     0.00020  
 39.100     0.00020  
 39.200     0.00020  
 39.300     0.00020  
 39.400     0.00020  
 39.500     0.00021  
 39.600     0.00021  
 39.700     0.00021  
 39.800     0.00021  
 39.900     0.00021  
 40.000     0.00022  
 40.100     0.00022  
 40.200     0.00022  
 40.300     0.00022  
 40.400     0.00023  
 40.500     0.00023  
 40.600     0.00023  
 40.700     0.00023  
 40.800     0.00024  
 40.900     0.00024  
 41.000     0.00024  
 41.100     0.00024  
 41.200     0.00024  
 41.300     0.00025  
 41.400     0.00025  
 41.500     0.00025  
 41.600     0.00025  
 41.700     0.00026  
 41.800     0.00026  
 41.900     0.00026  
 42.000     0.00026  
 42.100     0.00027  
 42.200     0.00027  
 42.300     0.00027  
 42.400     0.00027  
 42.500     0.00028  
 42.600     0.00028  
 42.700     0.00028  
 42.800     0.00029  
 42.900     0.00029  
 43.000     0.00029  
 43.100     0.00029  
 43.200     0.00030  
 43.300     0.00030  
 43.400     0.00030  
 43.500     0.00030  
 43.600     0.00031  
 43.700     0.00031  
 43.800     0.00031  
 43.900     0.00032  
 44.000     0.00032  
 44.100     0.00032  
 44.200     0.00032  
 44.300     0.00033  
 44.400     0.00033  
 44.500     0.00033  
 44.600     0.00034  
 44.700     0.00034  
 44.800     0.00034  
 44.900     0.00035  
 45.000     0.00035  
 45.100     0.00035  
 45.200     0.00035  
 45.300     0.00036  
 45.400     0.00036  
 45.500     0.00036  
 45.600     0.00037  
 45.700     0.00037  
 45.800     0.00037  
 45.900     0.00038  
 46.000     0.00038  
 46.100     0.00038  
 46.200     0.00039  
 46.300     0.00039  
 46.400     0.00039  
 46.500     0.00040  
 46.600     0.00040  
 46.700     0.00040  
 46.800     0.00041  
 46.900     0.00041  
 47.000     0.00041  
 47.100     0.00042  
 47.200     0.00042  
 47.300     0.00042  
 47.400     0.00043  
 47.500     0.00043  
 47.600     0.00043  
 47.700     0.00044  
 47.800     0.00044  
 47.900     0.00044  
 48.000     0.00045  
 48.100     0.00045  
 48.200     0.00045  
 48.300     0.00046  
 48.400     0.00046  
 48.500     0.00047  
 48.600     0.00047  
 48.700     0.00047  
 48.800     0.00048  
 48.900     0.00048  
 49.000     0.00048  
 49.100     0.00049  
 49.200     0.00049  
 49.300     0.00050  
 49.400     0.00050  
 49.500     0.00050  
 49.600     0.00051  
 49.700     0.00051  
 49.800     0.00052  
 49.900     0.00052  
 50.000     0.00052  
 50.100     0.00053  
 50.200     0.00053  
 50.300     0.00053  
 50.400     0.00054  
 50.500     0.00054  
 50.600     0.00055  
 50.700     0.00055  
 50.800     0.00055  
 50.900     0.00056  
 51.000     0.00056  
 51.100     0.00057  
 51.200     0.00057  
 51.300     0.00058  
 51.400     0.00058  
 51.500     0.00058  
 51.600     0.00059  
 51.700     0.00059  
 51.800     0.00060  
 51.900     0.00060  
 52.000     0.00061  
 52.100     0.00061  
 52.200     0.00061  
 52.300     0.00062  
 52.400     0.00062  
 52.500     0.00063  
 52.600     0.00063  
 52.700     0.00064  
 52.800     0.00064  
 52.900     0.00065  
 53.000     0.00065  
 53.100     0.00065  
 53.200     0.00066  
 53.300     0.00066  
 53.400     0.00067  
 53.500     0.00067  
 53.600     0.00068  
 53.700     0.00068  
 53.800     0.00069  
 53.900     0.00069  
 54.000     0.00070  
 54.100     0.00070  
 54.200     0.00071  
 54.300     0.00071  
 54.400     0.00071  
 54.500     0.00072  
 54.600     0.00072  
 54.700     0.00073  
 54.800     0.00073  
 54.900     0.00074  
 55.000     0.00074  
 55.100     0.00075  
 55.200     0.00075  
 55.300     0.00076  
 55.400     0.00076  
 55.500     0.00077  
 55.600     0.00077  
 55.700     0.00078  
 55.800     0.00078  
 55.900     0.00079  
 56.000     0.00079  
 56.100     0.00080  
 56.200     0.00080  
 56.300     0.00081  
 56.400     0.00081  
 56.500     0.00082  
 56.600     0.00083  
 56.700     0.00083  
 56.800     0.00084  
 56.900     0.00084  
 57.000     0.00085  
 57.100     0.00085  
 57.200     0.00086  
 57.300     0.00086  
 57.400     0.00087  
 57.500     0.00087  
 57.600     0.00088  
 57.700     0.00088  
 57.800     0.00089  
 57.900     0.00090  
 58.000     0.00090  
 58.100     0.00091  
 58.200     0.00091  
 58.300     0.00092  
 58.400     0.00092  
 58.500     0.00093  
 58.600     0.00093  
 58.700     0.00094  
 58.800     0.00095  
 58.900     0.00095  
 59.000     0.00096  
 59.100     0.00096  
 59.200     0.00097  
 59.300     0.00097  
 59.400     0.00098  
 59.500     0.00099  
 59.600     0.00099  
 59.700     0.00100  
 59.800     0.00100  
 59.900     0.00101  
 60.000     0.00102  
 60.100     0.00102  
 60.200     0.00103  
 60.300     0.00103  
 60.400     0.00104  
 60.500     0.00105  
 60.600     0.00105  
 60.700     0.00106  
 60.800     0.00106  
 60.900     0.00107  
 61.000     0.00108  
 61.100     0.00108  
 61.200     0.00109  
 61.300     0.00109  
 61.400     0.00110  
 61.500     0.00111  
 61.600     0.00111  
 61.700     0.00112  
 61.800     0.00113  
 61.900     0.00113  
 62.000     0.00114  
 62.100     0.00115  
 62.200     0.00115  
 62.300     0.00116  
 62.400     0.00116  
 62.500     0.00117  
 62.600     0.00118  
 62.700     0.00118  
 62.800     0.00119  
 62.900     0.00120  
 63.000     0.00120  
 63.100     0.00121  
 63.200     0.00122  
 63.300     0.00122  
 63.400     0.00123  
 63.500     0.00124  
 63.600     0.00124  
 63.700     0.00125  
 63.800     0.00126  
 63.900     0.00126  
 64.000     0.00127  
 64.100     0.00128  
 64.200     0.00128  
 64.300     0.00129  
 64.400     0.00130  
 64.500     0.00131  
 64.600     0.00131  
 64.700     0.00132  
 64.800     0.00133  
 64.900     0.00133  
 65.000     0.00134  
 65.100     0.00135  
 65.200     0.00135  
 65.300     0.00136  
 65.400     0.00137  
 65.500     0.00138  
 65.600     0.00138  
 65.700     0.00139  
 65.800     0.00140  
 65.900     0.00140  
 66.000     0.00141  
 66.100     0.00142  
 66.200     0.00143  
 66.300     0.00143  
 66.400     0.00144  
 66.500     0.00145  
 66.600     0.00146  
 66.700     0.00146  
 66.800     0.00147  
 66.900     0.00148  
 67.000     0.00149  
 67.100     0.00149  
 67.200     0.00150  
 67.300     0.00151  
 67.400     0.00152  
 67.500     0.00152  
 67.600     0.00153  
 67.700     0.00154  
 67.800     0.00155  
 67.900     0.00155  
 68.000     0.00156  
 68.100     0.00157  
 68.200     0.00158  
 68.300     0.00158  
 68.400     0.00159  
 68.500     0.00160  
 68.600     0.00161  
 68.700     0.00162  
 68.800     0.00162  
 68.900     0.00163  
 69.000     0.00164  
 69.100     0.00165  
 69.200     0.00165  
 69.300     0.00166  
 69.400     0.00167  
 69.500     0.00168  
 69.600     0.00169  
 69.700     0.00169  
 69.800     0.00170  
 69.900     0.00171  
 70.000     0.00172  
 70.100     0.00173  
 70.200     0.00174  
 70.300     0.00174  
 70.400     0.00175  
 70.500     0.00176  
 70.600     0.00177  
 70.700     0.00178  
 70.800     0.00178  
 70.900     0.00179  
 71.000     0.00180  
 71.100     0.00181  
 71.200     0.00182  
 71.300     0.00183  
 71.400     0.00183  
 71.500     0.00184  
 71.600     0.00185  
 71.700     0.00186  
 71.800     0.00187  
 71.900     0.00188  
 72.000     0.00189  
 72.100     0.00189  
 72.200     0.00190  
 72.300     0.00191  
 72.400     0.00192  
 72.500     0.00193  
 72.600     0.00194  
 72.700     0.00195  
 72.800     0.00195  
 72.900     0.00196  
 73.000     0.00197  
 73.100     0.00198  
 73.200     0.00199  
 73.300     0.00200  
 73.400     0.00201  
 73.500     0.00202  
 73.600     0.00203  
 73.700     0.00203  
 73.800     0.00204  
 73.900     0.00205  
 74.000     0.00206  
 74.100     0.00207  
 74.200     0.00208  
 74.300     0.00209  
 74.400     0.00210  
 74.500     0.00211  
 74.600     0.00212  
 74.700     0.00213  
 74.800     0.00213  
 74.900     0.00214  
 75.000     0.00215  
 75.100     0.00216  
 75.200     0.00217  
 75.300     0.00218  
 75.400     0.00219  
 75.500     0.00220  
 75.600     0.00221  
 75.700     0.00222  
 75.800     0.00223  
 75.900     0.00224  
 76.000     0.00225  
 76.100     0.00226  
 76.200     0.00226  
 76.300     0.00227  
 76.400     0.00228  
 76.500     0.00229  
 76.600     0.00230  
 76.700     0.00231  
 76.800     0.00232  
 76.900     0.00233  
 77.000     0.00234  
 77.100     0.00235  
 77.200     0.00236  
 77.300     0.00237  
 77.400     0.00238  
 77.500     0.00239  
 77.600     0.00240  
 77.700     0.00241  
 77.800     0.00242  
 77.900     0.00243  
 78.000     0.00244  
 78.100     0.00245  
 78.200     0.00246  
 78.300     0.00247  
 78.400     0.00248  
 78.500     0.00249  
 78.600     0.00250  
 78.700     0.00251  
 78.800     0.00252  
 78.900     0.00253  
 79.000     0.00254  
 79.100     0.00255  
 79.200     0.00256  
 79.300     0.00257  
 79.400     0.00258  
 79.500     0.00259  
 79.600     0.00260  
 79.700     0.00261  
 79.800     0.00262  
 79.900     0.00263  
 80.000     0.00264  
 80.100     0.00265  
 80.200     0.00266  
 80.300     0.00267  
 80.400     0.00268  
 80.500     0.00270  
 80.600     0.00271  
 80.700     0.00272  
 80.800     0.00273  
 80.900     0.00274  
 81.000     0.00275  
 81.100     0.00276  
 81.200     0.00277  
 81.300     0.00278  
 81.400     0.00279  
 81.500     0.00280  
 81.600     0.00281  
 81.700     0.00282  
 81.800     0.00283  
 81.900     0.00284  
 82.000     0.00285  
 82.100     0.00287  
 82.200     0.00288  
 82.300     0.00289  
 82.400     0.00290  
 82.500     0.00291  
 82.600     0.00292  
 82.700     0.00293  
 82.800     0.00294  
 82.900     0.00295  
 83.000     0.00296  
 83.100     0.00298  
 83.200     0.00299  
 83.300     0.00300  
 83.400     0.00301  
 83.500     0.00302  
 83.600     0.00303  
 83.700     0.00304  
 83.800     0.00305  
 83.900     0.00306  
 84.000     0.00308  
 84.100     0.00309  
 84.200     0.00310  
 84.300     0.00311  
 84.400     0.00312  
 84.500     0.00313  
 84.600     0.00314  
 84.700     0.00316  
 84.800     0.00317  
 84.900     0.00318  
 85.000     0.00319  
 85.100     0.00320  
 85.200     0.00321  
 85.300     0.00322  
 85.400     0.00324  
 85.500     0.00325  
 85.600     0.00326  
 85.700     0.00327  
 85.800     0.00328  
 85.900     0.00329  
 86.000     0.00331  
 86.100     0.00332  
 86.200     0.00333  
 86.300     0.00334  
 86.400     0.00335  
 86.500     0.00337  
 86.600     0.00338  
 86.700     0.00339  
 86.800     0.00340  
 86.900     0.00341  
 87.000     0.00342  
 87.100     0.00344  
 87.200     0.00345  
 87.300     0.00346  
 87.400     0.00347  
 87.500     0.00349  
 87.600     0.00350  
 87.700     0.00351  
 87.800     0.00352  
 87.900     0.00353  
 88.000     0.00355  
 88.100     0.00356  
 88.200     0.00357  
 88.300     0.00358  
 88.400     0.00359  
 88.500     0.00361  
 88.600     0.00362  
 88.700     0.00363  
 88.800     0.00364  
 88.900     0.00366  
 89.000     0.00367  
 89.100     0.00368  
 89.200     0.00369  
 89.300     0.00371  
 89.400     0.00372  
 89.500     0.00373  
 89.600     0.00374  
 89.700     0.00376  
 89.800     0.00377  
 89.900     0.00378  
 90.000     0.00379  
 90.100     0.00381  
 90.200     0.00382  
 90.300     0.00383  
 90.400     0.00384  
 90.500     0.00386  
 90.600     0.00387  
 90.700     0.00388  
 90.800     0.00390  
 90.900     0.00391  
 91.000     0.00392  
 91.100     0.00393  
 91.200     0.00395  
 91.300     0.00396  
 91.400     0.00397  
 91.500     0.00399  
 91.600     0.00400  
 91.700     0.00401  
 91.800     0.00402  
 91.900     0.00404  
 92.000     0.00405  
 92.100     0.00406  
 92.200     0.00408  
 92.300     0.00409  
 92.400     0.00410  
 92.500     0.00412  
 92.600     0.00413  
 92.700     0.00414  
 92.800     0.00416  
 92.900     0.00417  
 93.000     0.00418  
 93.100     0.00420  
 93.200     0.00421  
 93.300     0.00422  
 93.400     0.00424  
 93.500     0.00425  
 93.600     0.00426  
 93.700     0.00428  
 93.800     0.00429  
 93.900     0.00430  
 94.000     0.00432  
 94.100     0.00433  
 94.200     0.00434  
 94.300     0.00436  
 94.400     0.00437  
 94.500     0.00439  
 94.600     0.00440  
 94.700     0.00441  
 94.800     0.00443  
 94.900     0.00444  
 95.000     0.00445  
 95.100     0.00447  
 95.200     0.00448  
 95.300     0.00450  
 95.400     0.00451  
 95.500     0.00452  
 95.600     0.00454  
 95.700     0.00455  
 95.800     0.00457  
 95.900     0.00458  
 96.000     0.00459  
 96.100     0.00461  
 96.200     0.00462  
 96.300     0.00464  
 96.400     0.00465  
 96.500     0.00466  
 96.600     0.00468  
 96.700     0.00469  
 96.800     0.00471  
 96.900     0.00472  
 97.000     0.00473  
 97.100     0.00475  
 97.200     0.00476  
 97.300     0.00478  
 97.400     0.00479  
 97.500     0.00481  
 97.600     0.00482  
 97.700     0.00483  
 97.800     0.00485  
 97.900     0.00486  
 98.000     0.00488  
 98.100     0.00489  
 98.200     0.00491  
 98.300     0.00492  
 98.400     0.00493  
 98.500     0.00495  
 98.600     0.00496  
 98.700     0.00498  
 98.800     0.00499  
 98.900     0.00501  
 99.000     0.00502  
 99.100     0.00504  
 99.200     0.00505  
 99.300     0.00507  
 99.400     0.00508  
 99.500     0.00510  
 99.600     0.00511  
 99.700     0.00513  
 99.800     0.00514  
 99.900     0.00516  
100.000     0.00517  
100.100     0.00518  
100.200     0.00520  
100.300     0.00521  
100.400     0.00523  
100.500     0.00524  
100.600     0.00526  
100.700     0.00527  
100.800     0.00529  
100.900     0.00530  
101.000     0.00532  
101.100     0.00534  
101.200     0.00535  
101.300     0.00537  
101.400     0.00538  
101.500     0.00540  
101.600     0.00541  
101.700     0.00543  
101.800     0.00544  
101.900     0.00546  
102.000     0.00547  
102.100     0.00549  
102.200     0.00550  
102.300     0.00552  
102.400     0.00553  
102.500     0.00555  
102.600     0.00556  
102.700     0.00558  
102.800     0.00560  
102.900     0.00561  
103.000     0.00563  
103.100     0.00564  
103.200     0.00566  
103.300     0.00567  
103.400     0.00569  
103.500     0.00570  
103.600     0.00572  
103.700     0.00574  
103.800     0.00575  
103.900     0.00577  
104.000     0.00578  
104.100     0.00580  
104.200     0.00581  
104.300     0.00583  
104.400     0.00585  
104.500     0.00586  
104.600     0.00588  
104.700     0.00589  
104.800     0.00591  
104.900     0.00593  
105.000     0.00594  
105.100     0.00596  
105.200     0.00597  
105.300     0.00599  
105.400     0.00601  
105.500     0.00602  
105.600     0.00604  
105.700     0.00605  
105.800     0.00607  
105.900     0.00609  
106.000     0.00610  
106.100     0.00612  
106.200     0.00614  
106.300     0.00615  
106.400     0.00617  
106.500     0.00618  
106.600     0.00620  
106.700     0.00622  
106.800     0.00623  
106.900     0.00625  
107.000     0.00627  
107.100     0.00628  
107.200     0.00630  
107.300     0.00632  
107.400     0.00633  
107.500     0.00635  
107.600     0.00637  
107.700     0.00638  
107.800     0.00640  
107.900     0.00642  
108.000     0.00643  
108.100     0.00645  
108.200     0.00647  
108.300     0.00648  
108.400     0.00650  
108.500     0.00652  
108.600     0.00653  
108.700     0.00655  
108.800     0.00657  
108.900     0.00658  
109.000     0.00660  
109.100     0.00662  
109.200     0.00663  
109.300     0.00665  
109.400     0.00667  
109.500     0.00668  
109.600     0.00670  
109.700     0.00672  
109.800     0.00673  
109.900     0.00675  
110.000     0.00677  
110.100     0.00679  
110.200     0.00680  
110.300     0.00682  
110.400     0.00684  
110.500     0.00685  
110.600     0.00687  
110.700     0.00689  
110.800     0.00691  
110.900     0.00692  
111.000     0.00694  
111.100     0.00696  
111.200     0.00698  
111.300     0.00699  
111.400     0.00701  
111.500     0.00703  
111.600     0.00705  
111.700     0.00706  
111.800     0.00708  
111.900     0.00710  
112.000     0.00711  
112.100     0.00713  
112.200     0.00715  
112.300     0.00717  
112.400     0.00719  
112.500     0.00720  
112.600     0.00722  
112.700     0.00724  
112.800     0.00726  
112.900     0.00727  
113.000     0.00729  
113.100     0.00731  
113.200     0.00733  
113.300     0.00734  
113.400     0.00736  
113.500     0.00738  
113.600     0.00740  
113.700     0.00742  
113.800     0.00743  
113.900     0.00745  
114.000     0.00747  
114.100     0.00749  
114.200     0.00751  
114.300     0.00752  
114.400     0.00754  
114.500     0.00756  
114.600     0.00758  
114.700     0.00760  
114.800     0.00761  
114.900     0.00763  
115.000     0.00765  
115.100     0.00767  
115.200     0.00769  
115.300     0.00770  
115.400     0.00772  
115.500     0.00774  
115.600     0.00776  
115.700     0.00778  
115.800     0.00780  
115.900     0.00781  
116.000     0.00783  
116.100     0.00785  
116.200     0.00787  
116.300     0.00789  
116.400     0.00791  
116.500     0.00793  
116.600     0.00794  
116.700     0.00796  
116.800     0.00798  
116.900     0.00800  
117.000     0.00802  
117.100     0.00804  
117.200     0.00806  
117.300     0.00807  
117.400     0.00809  
117.500     0.00811  
117.600     0.00813  
117.700     0.00815  
117.800     0.00817  
117.900     0.00819  
118.000     0.00820  
118.100     0.00822  
118.200     0.00824  
118.300     0.00826  
118.400     0.00828  
118.500     0.00830  
118.600     0.00832  
118.700     0.00834  
118.800     0.00836  
118.900     0.00838  
119.000     0.00839  
119.100     0.00841  
119.200     0.00843  
119.300     0.00845  
119.400     0.00847  
119.500     0.00849  
119.600     0.00851  
119.700     0.00853  
119.800     0.00855  
119.900     0.00857  
120.000     0.00859  
120.100     0.00861  
120.200     0.00862  
120.300     0.00864  
120.400     0.00866  
120.500     0.00868  
120.600     0.00870  
120.700     0.00872  
120.800     0.00874  
120.900     0.00876  
121.000     0.00878  
121.100     0.00880  
121.200     0.00882  
121.300     0.00884  
121.400     0.00886  
121.500     0.00888  
121.600     0.00890  
121.700     0.00892  
121.800     0.00894  
121.900     0.00896  
122.000     0.00897  
122.100     0.00899  
122.200     0.00901  
122.300     0.00903  
122.400     0.00905  
122.500     0.00907  
122.600     0.00909  
122.700     0.00911  
122.800     0.00913  
122.900     0.00915  
123.000     0.00917  
123.100     0.00919  
123.200     0.00921  
123.300     0.00923  
123.400     0.00925  
123.500     0.00927  
123.600     0.00929  
123.700     0.00931  
123.800     0.00933  
123.900     0.00935  
124.000     0.00937  
124.100     0.00939  
124.200     0.00941  
124.300     0.00943  
124.400     0.00945  
124.500     0.00947  
124.600     0.00949  
124.700     0.00951  
124.800     0.00953  
124.900     0.00955  
125.000     0.00957  
125.100     0.00959  
125.200     0.00961  
125.300     0.00964  
125.400     0.00966  
125.500     0.00968  
125.600     0.00970  
125.700     0.00972  
125.800     0.00974  
125.900     0.00976  
126.000     0.00978  
126.100     0.00980  
126.200     0.00982  
126.300     0.00984  
126.400     0.00986  
126.500     0.00988  
126.600     0.00990  
126.700     0.00992  
126.800     0.00994  
126.900     0.00996  
127.000     0.00998  
127.100     0.01001  
127.200     0.01003  
127.300     0.01005  
127.400     0.01007  
127.500     0.01009  
127.600     0.01011  
127.700     0.01013  
127.800     0.01015  
127.900     0.01017  
128.000     0.01019  
128.100     0.01021  
128.200     0.01023  
128.300     0.01026  
128.400     0.01028  
128.500     0.01030  
128.600     0.01032  
128.700     0.01034  
128.800     0.01036  
128.900     0.01038  
129.000     0.01040  
129.100     0.01042  
129.200     0.01045  
129.300     0.01047  
129.400     0.01049  
129.500     0.01051  
129.600     0.01053  
129.700     0.01055  
129.800     0.01057  
129.900     0.01059  
130.000     0.01061  
130.100     0.01064  
130.200     0.01066  
130.300     0.01068  
130.400     0.01070  
130.500     0.01072  
130.600     0.01074  
130.700     0.01076  
130.800     0.01079  
130.900     0.01081  
131.000     0.01083  
131.100     0.01085  
131.200     0.01087  
131.300     0.01089  
131.400     0.01092  
131.500     0.01094  
131.600     0.01096  
131.700     0.01098  
131.800     0.01100  
131.900     0.01102  
132.000     0.01105  
132.100     0.01107  
132.200     0.01109  
132.300     0.01111  
132.400     0.01113  
132.500     0.01116  
132.600     0.01118  
132.700     0.01120  
132.800     0.01122  
132.900     0.01124  
133.000     0.01127  
133.100     0.01129  
133.200     0.01131  
133.300     0.01133  
133.400     0.01135  
133.500     0.01138  
133.600     0.01140  
133.700     0.01142  
133.800     0.01144  
133.900     0.01146  
134.000     0.01149  
134.100     0.01151  
134.200     0.01153  
134.300     0.01155  
134.400     0.01157  
134.500     0.01160  
134.600     0.01162  
134.700     0.01164  
134.800     0.01166  
134.900     0.01169  
135.000     0.01171  
135.100     0.01173  
135.200     0.01175  
135.300     0.01178  
135.400     0.01180  
135.500     0.01182  
135.600     0.01184  
135.700     0.01187  
135.800     0.01189  
135.900     0.01191  
136.000     0.01193  
136.100     0.01196  
136.200     0.01198  
136.300     0.01200  
136.400     0.01202  
136.500     0.01205  
136.600     0.01207  
136.700     0.01209  
136.800     0.01211  
136.900     0.01214  
137.000     0.01216  
137.100     0.01218  
137.200     0.01220  
137.300     0.01223  
137.400     0.01225  
137.500     0.01227  
137.600     0.01230  
137.700     0.01232  
137.800     0.01234  
137.900     0.01237  
138.000     0.01239  
138.100     0.01241  
138.200     0.01243  
138.300     0.01246  
138.400     0.01248  
138.500     0.01250  
138.600     0.01253  
138.700     0.01255  
138.800     0.01257  
138.900     0.01260  
139.000     0.01262  
139.100     0.01264  
139.200     0.01267  
139.300     0.01269  
139.400     0.01271  
139.500     0.01274  
139.600     0.01276  
139.700     0.01278  
139.800     0.01281  
139.900     0.01283  
140.000     0.01285  
140.100     0.01288  
140.200     0.01290  
140.300     0.01292  
140.400     0.01295  
140.500     0.01297  
140.600     0.01299  
140.700     0.01302  
140.800     0.01304  
140.900     0.01306  
141.000     0.01309  
141.100     0.01311  
141.200     0.01313  
141.300     0.01316  
141.400     0.01318  
141.500     0.01321  
141.600     0.01323  
141.700     0.01325  
141.800     0.01328  
141.900     0.01330  
142.000     0.01332  
142.100     0.01335  
142.200     0.01337  
142.300     0.01340  
142.400     0.01342  
142.500     0.01344  
142.600     0.01347  
142.700     0.01349  
142.800     0.01351  
142.900     0.01354  
143.000     0.01356  
143.100     0.01359  
143.200     0.01361  
143.300     0.01363  
143.400     0.01366  
143.500     0.01368  
143.600     0.01371  
143.700     0.01373  
143.800     0.01375  
143.900     0.01378  
144.000     0.01380  
144.100     0.01383  
144.200     0.01385  
144.300     0.01388  
144.400     0.01390  
144.500     0.01392  
144.600     0.01395  
144.700     0.01397  
144.800     0.01400  
144.900     0.01402  
145.000     0.01405  
145.100     0.01407  
145.200     0.01409  
145.300     0.01412  
145.400     0.01414  
145.500     0.01417  
145.600     0.01419  
145.700     0.01422  
145.800     0.01424  
145.900     0.01427  
146.000     0.01429  
146.100     0.01432  
146.200     0.01434  
146.300     0.01436  
146.400     0.01439  
146.500     0.01441  
146.600     0.01444  
146.700     0.01446  
146.800     0.01449  
146.900     0.01451  
147.000     0.01454  
147.100     0.01456  
147.200     0.01459  
147.300     0.01461  
147.400     0.01464  
147.500     0.01466  
147.600     0.01469  
147.700     0.01471  
147.800     0.01474  
147.900     0.01476  
148.000     0.01479  
148.100     0.01481  
148.200     0.01484  
148.300     0.01486  
148.400     0.01489  
148.500     0.01491  
148.600     0.01494  
148.700     0.01496  
148.800     0.01499  
148.900     0.01501  
149.000     0.01504  
149.100     0.01506  
149.200     0.01509  
149.300     0.01511  
149.400     0.01514  
149.500     0.01516  
149.600     0.01519  
149.700     0.01521  
149.800     0.01524  
149.900     0.01526  
150.000     0.01529  
150.100     0.01532  
150.200     0.01534  
150.300     0.01537  
150.400     0.01539  
150.500     0.01542  
150.600     0.01544  
150.700     0.01547  
150.800     0.01549  
150.900     0.01552  
151.000     0.01554  
151.100     0.01557  
151.200     0.01560  
151.300     0.01562  
151.400     0.01565  
151.500     0.01567  
151.600     0.01570  
151.700     0.01572  
151.800     0.01575  
151.900     0.01578  
152.000     0.01580  
152.100     0.01583  
152.200     0.01585  
152.300     0.01588  
152.400     0.01590  
152.500     0.01593  
152.600     0.01596  
152.700     0.01598  
152.800     0.01601  
152.900     0.01603  
153.000     0.01606  
153.100     0.01609  
153.200     0.01611  
153.300     0.01614  
153.400     0.01616  
153.500     0.01619  
153.600     0.01622  
153.700     0.01624  
153.800     0.01627  
153.900     0.01629  
154.000     0.01632  
154.100     0.01635  
154.200     0.01637  
154.300     0.01640  
154.400     0.01643  
154.500     0.01645  
154.600     0.01648  
154.700     0.01650  
154.800     0.01653  
154.900     0.01656  
155.000     0.01658  
155.100     0.01661  
155.200     0.01664  
155.300     0.01666  
155.400     0.01669  
155.500     0.01672  
155.600     0.01674  
155.700     0.01677  
155.800     0.01679  
155.900     0.01682  
156.000     0.01685  
156.100     0.01687  
156.200     0.01690  
156.300     0.01693  
156.400     0.01695  
156.500     0.01698  
156.600     0.01701  
156.700     0.01703  
156.800     0.01706  
156.900     0.01709  
157.000     0.01711  
157.100     0.01714  
157.200     0.01717  
157.300     0.01719  
157.400     0.01722  
157.500     0.01725  
157.600     0.01728  
157.700     0.01730  
157.800     0.01733  
157.900     0.01736  
158.000     0.01738  
158.100     0.01741  
158.200     0.01744  
158.300     0.01746  
158.400     0.01749  
158.500     0.01752  
158.600     0.01754  
158.700     0.01757  
158.800     0.01760  
158.900     0.01763  
159.000     0.01765  
159.100     0.01768  
159.200     0.01771  
159.300     0.01773  
159.400     0.01776  
159.500     0.01779  
159.600     0.01782  
159.700     0.01784  
159.800     0.01787  
159.900     0.01790  
160.000     0.01792  
160.100     0.01795  
160.200     0.01798  
160.300     0.01801  
160.400     0.01803  
160.500     0.01806  
160.600     0.01809  
160.700     0.01812  
160.800     0.01814  
160.900     0.01817  
161.000     0.01820  
161.100     0.01823  
161.200     0.01825  
161.300     0.01828  
161.400     0.01831  
161.500     0.01834  
161.600     0.01836  
161.700     0.01839  
161.800     0.01842  
161.900     0.01845  
162.000     0.01847  
162.100     0.01850  
162.200     0.01853  
162.300     0.01856  
162.400     0.01859  
162.500     0.01861  
162.600     0.01864  
162.700     0.01867  
162.800     0.01870  
162.900     0.01873  
163.000     0.01875  
163.100     0.01878  
163.200     0.01881  
163.300     0.01884  
163.400     0.01886  
163.500     0.01889  
163.600     0.01892  
163.700     0.01895  
163.800     0.01898  
163.900     0.01900  
164.000     0.01903  
164.100     0.01906  
164.200     0.01909  
164.300     0.01912  
164.400     0.01915  
164.500     0.01917  
164.600     0.01920  
164.700     0.01923  
164.800     0.01926  
164.900     0.01929  
165.000     0.01931  
165.100     0.01934  
165.200     0.01937  
165.300     0.01940  
165.400     0.01943  
165.500     0.01946  
165.600     0.01948  
165.700     0.01951  
165.800     0.01954  
165.900     0.01957  
166.000     0.01960  
166.100     0.01963  
166.200     0.01965  
166.300     0.01968  
166.400     0.01971  
166.500     0.01974  
166.600     0.01977  
166.700     0.01980  
166.800     0.01983  
166.900     0.01985  
167.000     0.01988  
167.100     0.01991  
167.200     0.01994  
167.300     0.01997  
167.400     0.02000  
167.500     0.02003  
167.600     0.02006  
167.700     0.02008  
167.800     0.02011  
167.900     0.02014  
168.000     0.02017  
168.100     0.02020  
168.200     0.02023  
168.300     0.02026  
168.400     0.02029  
168.500     0.02032  
168.600     0.02034  
168.700     0.02037  
168.800     0.02040  
168.900     0.02043  
169.000     0.02046  
169.100     0.02049  
169.200     0.02052  
169.300     0.02055  
169.400     0.02058  
169.500     0.02061  
169.600     0.02063  
169.700     0.02066  
169.800     0.02069  
169.900     0.02072  
170.000     0.02075  
170.100     0.02078  
170.200     0.02081  
170.300     0.02084  
170.400     0.02087  
170.500     0.02090  
170.600     0.02093  
170.700     0.02096  
170.800     0.02099  
170.900     0.02101  
171.000     0.02104  
171.100     0.02107  
171.200     0.02110  
171.300     0.02113  
171.400     0.02116  
171.500     0.02119  
171.600     0.02122  
171.700     0.02125  
171.800     0.02128  
171.900     0.02131  
172.000     0.02134  
172.100     0.02137  
172.200     0.02140  
172.300     0.02143  
172.400     0.02146  
172.500     0.02149  
172.600     0.02152  
172.700     0.02155  
172.800     0.02158  
172.900     0.02161  
173.000     0.02164  
173.100     0.02167  
173.200     0.02170  
173.300     0.02173  
173.400     0.02176  
173.500     0.02179  
173.600     0.02182  
173.700     0.02185  
173.800     0.02188  
173.900     0.02191  
174.000     0.02193  
174.100     0.02196  
174.200     0.02199  
174.300     0.02202  
174.400     0.02206  
174.500     0.02209  
174.600     0.02212  
174.700     0.02215  
174.800     0.02218  
174.900     0.02221  
175.000     0.02224  
175.100     0.02227  
175.200     0.02230  
175.300     0.02233  
175.400     0.02236  
175.500     0.02239  
175.600     0.02242  
175.700     0.02245  
175.800     0.02248  
175.900     0.02251  
176.000     0.02254  
176.100     0.02257  
176.200     0.02260  
176.300     0.02263  
176.400     0.02266  
176.500     0.02269  
176.600     0.02272  
176.700     0.02275  
176.800     0.02278  
176.900     0.02281  
177.000     0.02284  
177.100     0.02287  
177.200     0.02290  
177.300     0.02293  
177.400     0.02297  
177.500     0.02300  
177.600     0.02303  
177.700     0.02306  
177.800     0.02309  
177.900     0.02312  
178.000     0.02315  
178.100     0.02318  
178.200     0.02321  
178.300     0.02324  
178.400     0.02327  
178.500     0.02330  
178.600     0.02333  
178.700     0.02336  
178.800     0.02339  
178.900     0.02343  
179.000     0.02346  
179.100     0.02349  
179.200     0.02352  
179.300     0.02355  
179.400     0.02358  
179.500     0.02361  
179.600     0.02364  
179.700     0.02367  
179.800     0.02370  
179.900     0.02373  
180.000     0.02377  
180.100     0.02380  
180.200     0.02383  
180.300     0.02386  
180.400     0.02389  
180.500     0.02392  
180.600     0.02395  
180.700     0.02398  
180.800     0.02402  
180.900     0.02405  
181.000     0.02408  
181.100     0.02411  
181.200     0.02414  
181.300     0.02417  
181.400     0.02420  
181.500     0.02423  
181.600     0.02427  
181.700     0.02430  
181.800     0.02433  
181.900     0.02436  
182.000     0.02439  
182.100     0.02442  
182.200     0.02445  
182.300     0.02449  
182.400     0.02452  
182.500     0.02455  
182.600     0.02458  
182.700     0.02461  
182.800     0.02464  
182.900     0.02468  
183.000     0.02471  
183.100     0.02474  
183.200     0.02477  
183.300     0.02480  
183.400     0.02483  
183.500     0.02487  
183.600     0.02490  
183.700     0.02493  
183.800     0.02496  
183.900     0.02499  
184.000     0.02502  
184.100     0.02506  
184.200     0.02509  
184.300     0.02512  
184.400     0.02515  
184.500     0.02518  
184.600     0.02522  
184.700     0.02525  
184.800     0.02528  
184.900     0.02531  
185.000     0.02534  
185.100     0.02538  
185.200     0.02541  
185.300     0.02544  
185.400     0.02547  
185.500     0.02550  
185.600     0.02554  
185.700     0.02557  
185.800     0.02560  
185.900     0.02563  
186.000     0.02566  
186.100     0.02570  
186.200     0.02573  
186.300     0.02576  
186.400     0.02579  
186.500     0.02583  
186.600     0.02586  
186.700     0.02589  
186.800     0.02592  
186.900     0.02596  
187.000     0.02599  
187.100     0.02602  
187.200     0.02605  
187.300     0.02608  
187.400     0.02612  
187.500     0.02615  
187.600     0.02618  
187.700     0.02621  
187.800     0.02625  
187.900     0.02628  
188.000     0.02631  
188.100     0.02634  
188.200     0.02638  
188.300     0.02641  
188.400     0.02644  
188.500     0.02647  
188.600     0.02651  
188.700     0.02654  
188.800     0.02657  
188.900     0.02661  
189.000     0.02664  
189.100     0.02667  
189.200     0.02670  
189.300     0.02674  
189.400     0.02677  
189.500     0.02680  
189.600     0.02684  
189.700     0.02687  
189.800     0.02690  
189.900     0.02693  
190.000     0.02697  
190.100     0.02700  
190.200     0.02703  
190.300     0.02707  
190.400     0.02710  
190.500     0.02713  
190.600     0.02716  
190.700     0.02720  
190.800     0.02723  
190.900     0.02726  
191.000     0.02730  
191.100     0.02733  
191.200     0.02736  
191.300     0.02740  
191.400     0.02743  
191.500     0.02746  
191.600     0.02750  
191.700     0.02753  
191.800     0.02756  
191.900     0.02760  
192.000     0.02763  
192.100     0.02766  
192.200     0.02770  
192.300     0.02773  
192.400     0.02776  
192.500     0.02780  
192.600     0.02783  
192.700     0.02786  
192.800     0.02790  
192.900     0.02793  
193.000     0.02796  
193.100     0.02800  
193.200     0.02803  
193.300     0.02806  
193.400     0.02810  
193.500     0.02813  
193.600     0.02816  
193.700     0.02820  
193.800     0.02823  
193.900     0.02826  
194.000     0.02830  
194.100     0.02833  
194.200     0.02837  
194.300     0.02840  
194.400     0.02843  
194.500     0.02847  
194.600     0.02850  
194.700     0.02853  
194.800     0.02857  
194.900     0.02860  
195.000     0.02864  
195.100     0.02867  
195.200     0.02870  
195.300     0.02874  
195.400     0.02877  
195.500     0.02881  
195.600     0.02884  
195.700     0.02887  
195.800     0.02891  
195.900     0.02894  
196.000     0.02897  
196.100     0.02901  
196.200     0.02904  
196.300     0.02908  
196.400     0.02911  
196.500     0.02915  
196.600     0.02918  
196.700     0.02921  
196.800     0.02925  
196.900     0.02928  
197.000     0.02932  
197.100     0.02935  
197.200     0.02938  
197.300     0.02942  
197.400     0.02945  
197.500     0.02949  
197.600     0.02952  
197.700     0.02956  
197.800     0.02959  
197.900     0.02962  
198.000     0.02966  
198.100     0.02969  
198.200     0.02973  
198.300     0.02976  
198.400     0.02980  
198.500     0.02983  
198.600     0.02986  
198.700     0.02990  
198.800     0.02993  
198.900     0.02997  
199.000     0.03000  
199.100     0.03004  
199.200     0.03007  
199.300     0.03011  
199.400     0.03014  
199.500     0.03018  
199.600     0.03021  
199.700     0.03024  
199.800     0.03028  
199.900     0.03031  
200.000     0.03035  
200.100     0.03038  
200.200     0.03042  
200.300     0.03045  
200.400     0.03049  
200.500     0.03052  
200.600     0.03056  
200.700     0.03059  
200.800     0.03063  
200.900     0.03066  
201.000     0.03070  
201.100     0.03073  
201.200     0.03077  
201.300     0.03080  
201.400     0.03084  
201.500     0.03087  
201.600     0.03091  
201.700     0.03094  
201.800     0.03098  
201.900     0.03101  
202.000     0.03105  
202.100     0.03108  
202.200     0.03112  
202.300     0.03115  
202.400     0.03119  
202.500     0.03122  
202.600     0.03126  
202.700     0.03129  
202.800     0.03133  
202.900     0.03136  
203.000     0.03140  
203.100     0.03143  
203.200     0.03147  
203.300     0.03151  
203.400     0.03154  
203.500     0.03158  
203.600     0.03161  
203.700     0.03165  
203.800     0.03168  
203.900     0.03172  
204.000     0.03175  
204.100     0.03179  
204.200     0.03182  
204.300     0.03186  
204.400     0.03189  
204.500     0.03193  
204.600     0.03197  
204.700     0.03200  
204.800     0.03204  
204.900     0.03207  
205.000     0.03211  
205.100     0.03214  
205.200     0.03218  
205.300     0.03221  
205.400     0.03225  
205.500     0.03229  
205.600     0.03232  
205.700     0.03236  
205.800     0.03239  
205.900     0.03243  
206.000     0.03247  
206.100     0.03250  
206.200     0.03254  
206.300     0.03257  
206.400     0.03261  
206.500     0.03264  
206.600     0.03268  
206.700     0.03272  
206.800     0.03275  
206.900     0.03279  
207.000     0.03282  
207.100     0.03286  
207.200     0.03290  
207.300     0.03293  
207.400     0.03297  
207.500     0.03300  
207.600     0.03304  
207.700     0.03308  
207.800     0.03311  
207.900     0.03315  
208.000     0.03318  
208.100     0.03322  
208.200     0.03326  
208.300     0.03329  
208.400     0.03333  
208.500     0.03337  
208.600     0.03340  
208.700     0.03344  
208.800     0.03347  
208.900     0.03351  
209.000     0.03355  
209.100     0.03358  
209.200     0.03362  
209.300     0.03366  
209.400     0.03369  
209.500     0.03373  
209.600     0.03377  
209.700     0.03380  
209.800     0.03384  
209.900     0.03387  
210.000     0.03391  
210.100     0.03395  
210.200     0.03398  
210.300     0.03402  
210.400     0.03406  
210.500     0.03409  
210.600     0.03413  
210.700     0.03417  
210.800     0.03420  
210.900     0.03424  
211.000     0.03428  
211.100     0.03431  
211.200     0.03435  
211.300     0.03439  
211.400     0.03442  
211.500     0.03446  
211.600     0.03450  
211.700     0.03453  
211.800     0.03457  
211.900     0.03461  
212.000     0.03464  
212.100     0.03468  
212.200     0.03472  
212.300     0.03476  
212.400     0.03479  
212.500     0.03483  
212.600     0.03487  
212.700     0.03490  
212.800     0.03494  
212.900     0.03498  
213.000     0.03501  
213.100     0.03505  
213.200     0.03509  
213.300     0.03513  
213.400     0.03516  
213.500     0.03520  
213.600     0.03524  
213.700     0.03527  
213.800     0.03531  
213.900     0.03535  
214.000     0.03539  
214.100     0.03542  
214.200     0.03546  
214.300     0.03550  
214.400     0.03553  
214.500     0.03557  
214.600     0.03561  
214.700     0.03565  
214.800     0.03568  
214.900     0.03572  
215.000     0.03576  
215.100     0.03580  
215.200     0.03583  
215.300     0.03587  
215.400     0.03591  
215.500     0.03595  
215.600     0.03598  
215.700     0.03602  
215.800     0.03606  
215.900     0.03610  
216.000     0.03613  
216.100     0.03617  
216.200     0.03621  
216.300     0.03625  
216.400     0.03628  
216.500     0.03632  
216.600     0.03636  
216.700     0.03640  
216.800     0.03644  
216.900     0.03647  
217.000     0.03651  
217.100     0.03655  
217.200     0.03659  
217.300     0.03662  
217.400     0.03666  
217.500     0.03670  
217.600     0.03674  
217.700     0.03678  
217.800     0.03681  
217.900     0.03685  
218.000     0.03689  
218.100     0.03693  
218.200     0.03697  
218.300     0.03700  
218.400     0.03704  
218.500     0.03708  
218.600     0.03712  
218.700     0.03716  
218.800     0.03719  
218.900     0.03723  
219.000     0.03727  
219.100     0.03731  
219.200     0.03735  
219.300     0.03738  
219.400     0.03742  
219.500     0.03746  
219.600     0.03750  
219.700     0.03754  
219.800     0.03758  
219.900     0.03761  
220.000     0.03765  
220.100     0.03769  
220.200     0.03773  
220.300     0.03777  
220.400     0.03781  
220.500     0.03784  
220.600     0.03788  
220.700     0.03792  
220.800     0.03796  
220.900     0.03800  
221.000     0.03804  
221.100     0.03807  
221.200     0.03811  
221.300     0.03815  
221.400     0.03819  
221.500     0.03823  
221.600     0.03827  
221.700     0.03831  
221.800     0.03834  
221.900     0.03838  
222.000     0.03842  
222.100     0.03846  
222.200     0.03850  
222.300     0.03854  
222.400     0.03858  
222.500     0.03861  
222.600     0.03865  
222.700     0.03869  
222.800     0.03873  
222.900     0.03877  
223.000     0.03881  
223.100     0.03885  
223.200     0.03889  
223.300     0.03892  
223.400     0.03896  
223.500     0.03900  
223.600     0.03904  
223.700     0.03908  
223.800     0.03912  
223.900     0.03916  
224.000     0.03920  
224.100     0.03924  
224.200     0.03928  
224.300     0.03931  
224.400     0.03935  
224.500     0.03939  
224.600     0.03943  
224.700     0.03947  
224.800     0.03951  
224.900     0.03955  
225.000     0.03959  
225.100     0.03963  
225.200     0.03967  
225.300     0.03971  
225.400     0.03974  
225.500     0.03978  
225.600     0.03982  
225.700     0.03986  
225.800     0.03990  
225.900     0.03994  
226.000     0.03998  
226.100     0.04002  
226.200     0.04006  
226.300     0.04010  
226.400     0.04014  
226.500     0.04018  
226.600     0.04022  
226.700     0.04026  
226.800     0.04030  
226.900     0.04034  
227.000     0.04037  
227.100     0.04041  
227.200     0.04045  
227.300     0.04049  
227.400     0.04053  
227.500     0.04057  
227.600     0.04061  
227.700     0.04065  
227.800     0.04069  
227.900     0.04073  
228.000     0.04077  
228.100     0.04081  
228.200     0.04085  
228.300     0.04089  
228.400     0.04093  
228.500     0.04097  
228.600     0.04101  
228.700     0.04105  
228.800     0.04109  
228.900     0.04113  
229.000     0.04117  
229.100     0.04121  
229.200     0.04125  
229.300     0.04129  
229.400     0.04133  
229.500     0.04137  
229.600     0.04141  
229.700     0.04145  
229.800     0.04149  
229.900     0.04153  
230.000     0.04157  
230.100     0.04161  
230.200     0.04165  
230.300     0.04169  
230.400     0.04173  
230.500     0.04177  
230.600     0.04181  
230.700     0.04185  
230.800     0.04189  
230.900     0.04193  
231.000     0.04197  
231.100     0.04201  
231.200     0.04205  
231.300     0.04209  
231.400     0.04213  
231.500     0.04217  
231.600     0.04221  
231.700     0.04225  
231.800     0.04229  
231.900     0.04233  
232.000     0.04237  
232.100     0.04241  
232.200     0.04245  
232.300     0.04249  
232.400     0.04253  
232.500     0.04257  
232.600     0.04261  
232.700     0.04265  
232.800     0.04270  
232.900     0.04274  
233.000     0.04278  
233.100     0.04282  
233.200     0.04286  
233.300     0.04290  
233.400     0.04294  
233.500     0.04298  
233.600     0.04302  
233.700     0.04306  
233.800     0.04310  
233.900     0.04314  
234.000     0.04318  
234.100     0.04322  
234.200     0.04326  
234.300     0.04331  
234.400     0.04335  
234.500     0.04339  
234.600     0.04343  
234.700     0.04347  
234.800     0.04351  
234.900     0.04355  
235.000     0.04359  
235.100     0.04363  
235.200     0.04367  
235.300     0.04371  
235.400     0.04375  
235.500     0.04380  
235.600     0.04384  
235.700     0.04388  
235.800     0.04392  
235.900     0.04396  
236.000     0.04400  
236.100     0.04404  
236.200     0.04408  
236.300     0.04412  
236.400     0.04417  
236.500     0.04421  
236.600     0.04425  
236.700     0.04429  
236.800     0.04433  
236.900     0.04437  
237.000     0.04441  
237.100     0.04445  
237.200     0.04450  
237.300     0.04454  
237.400     0.04458  
237.500     0.04462  
237.600     0.04466  
237.700     0.04470  
237.800     0.04474  
237.900     0.04478  
238.000     0.04483  
238.100     0.04487  
238.200     0.04491  
238.300     0.04495  
238.400     0.04499  
238.500     0.04503  
238.600     0.04507  
238.700     0.04512  
238.800     0.04516  
238.900     0.04520  
239.000     0.04524  
239.100     0.04528  
239.200     0.04532  
239.300     0.04537  
239.400     0.04541  
239.500     0.04545  
239.600     0.04549  
239.700     0.04553  
239.800     0.04557  
239.900     0.04562  
240.000     0.04566  
240.100     0.04570  
240.200     0.04574  
240.300     0.04578  
240.400     0.04583  
240.500     0.04587  
240.600     0.04591  
240.700     0.04595  
240.800     0.04599  
240.900     0.04603  
241.000     0.04608  
241.100     0.04612  
241.200     0.04616  
241.300     0.04620  
241.400     0.04624  
241.500     0.04629  
241.600     0.04633  
241.700     0.04637  
241.800     0.04641  
241.900     0.04645  
242.000     0.04650  
242.100     0.04654  
242.200     0.04658  
242.300     0.04662  
242.400     0.04666  
242.500     0.04671  
242.600     0.04675  
242.700     0.04679  
242.800     0.04683  
242.900     0.04688  
243.000     0.04692  
243.100     0.04696  
243.200     0.04700  
243.300     0.04705  
243.400     0.04709  
243.500     0.04713  
243.600     0.04717  
243.700     0.04721  
243.800     0.04726  
243.900     0.04730  
244.000     0.04734  
244.100     0.04738  
244.200     0.04743  
244.300     0.04747  
244.400     0.04751  
244.500     0.04755  
244.600     0.04760  
244.700     0.04764  
244.800     0.04768  
244.900     0.04772  
245.000     0.04777  
245.100     0.04781  
245.200     0.04785  
245.300     0.04789  
245.400     0.04794  
245.500     0.04798  
245.600     0.04802  
245.700     0.04807  
245.800     0.04811  
245.900     0.04815  
246.000     0.04819  
246.100     0.04824  
246.200     0.04828  
246.300     0.04832  
246.400     0.04837  
246.500     0.04841  
246.600     0.04845  
246.700     0.04849  
246.800     0.04854  
246.900     0.04858  
247.000     0.04862  
247.100     0.04867  
247.200     0.04871  
247.300     0.04875  
247.400     0.04879  
247.500     0.04884  
247.600     0.04888  
247.700     0.04892  
247.800     0.04897  
247.900     0.04901  
248.000     0.04905  
248.100     0.04910  
248.200     0.04914  
248.300     0.04918  
248.400     0.04923  
248.500     0.04927  
248.600     0.04931  
248.700     0.04936  
248.800     0.04940  
248.900     0.04944  
249.000     0.04949  
249.100     0.04953  
249.200     0.04957  
249.300     0.04962  
249.400     0.04966  
249.500     0.04970  
249.600     0.04975  
249.700     0.04979  
249.800     0.04983  
249.900     0.04988  
250.000     0.04992  
250.100     0.04996  
250.200     0.05001  
250.300     0.05005  
250.400     0.05009  
250.500     0.05014  
250.600     0.05018  
250.700     0.05022  
250.800     0.05027  
250.900     0.05031  
251.000     0.05036  
251.100     0.05040  
251.200     0.05044  
251.300     0.05049  
251.400     0.05053  
251.500     0.05057  
251.600     0.05062  
251.700     0.05066  
251.800     0.05071  
251.900     0.05075  
252.000     0.05079  
252.100     0.05084  
252.200     0.05088  
252.300     0.05092  
252.400     0.05097  
252.500     0.05101  
252.600     0.05106  
252.700     0.05110  
252.800     0.05114  
252.900     0.05119  
253.000     0.05123  
253.100     0.05128  
253.200     0.05132  
253.300     0.05136  
253.400     0.05141  
253.500     0.05145  
253.600     0.05150  
253.700     0.05154  
253.800     0.05159  
253.900     0.05163  
254.000     0.05167  
254.100     0.05172  
254.200     0.05176  
254.300     0.05181  
254.400     0.05185  
254.500     0.05189  
254.600     0.05194  
254.700     0.05198  
254.800     0.05203  
254.900     0.05207  
255.000     0.05212  
255.100     0.05216  
255.200     0.05220  
255.300     0.05225  
255.400     0.05229  
255.500     0.05234  
255.600     0.05238  
255.700     0.05243  
255.800     0.05247  
255.900     0.05252  
256.000     0.05256  
256.100     0.05260  
256.200     0.05265  
256.300     0.05269  
256.400     0.05274  
256.500     0.05278  
256.600     0.05283  
256.700     0.05287  
256.800     0.05292  
256.900     0.05296  
257.000     0.05301  
257.100     0.05305  
257.200     0.05310  
257.300     0.05314  
257.400     0.05318  
257.500     0.05323  
257.600     0.05327  
257.700     0.05332  
257.800     0.05336  
257.900     0.05341  
258.000     0.05345  
258.100     0.05350  
258.200     0.05354  
258.300     0.05359  
258.400     0.05363  
258.500     0.05368  
258.600     0.05372  
258.700     0.05377  
258.800     0.05381  
258.900     0.05386  
259.000     0.05390  
259.100     0.05395  
259.200     0.05399  
259.300     0.05404  
259.400     0.05408  
259.500     0.05413  
259.600     0.05417  
259.700     0.05422  
259.800     0.05426  
259.900     0.05431  
260.000     0.05435  
260.100     0.05440  
260.200     0.05444  
260.300     0.05449  
260.400     0.05453  
260.500     0.05458  
260.600     0.05463  
260.700     0.05467  
260.800     0.05472  
260.900     0.05476  
261.000     0.05481  
261.100     0.05485  
261.200     0.05490  
261.300     0.05494  
261.400     0.05499  
261.500     0.05503  
261.600     0.05508  
261.700     0.05512  
261.800     0.05517  
261.900     0.05522  
262.000     0.05526  
262.100     0.05531  
262.200     0.05535  
262.300     0.05540  
262.400     0.05544  
262.500     0.05549  
262.600     0.05553  
262.700     0.05558  
262.800     0.05563  
262.900     0.05567  
263.000     0.05572  
263.100     0.05576  
263.200     0.05581  
263.300     0.05585  
263.400     0.05590  
263.500     0.05595  
263.600     0.05599  
263.700     0.05604  
263.800     0.05608  
263.900     0.05613  
264.000     0.05618  
264.100     0.05622  
264.200     0.05627  
264.300     0.05631  
264.400     0.05636  
264.500     0.05641  
264.600     0.05645  
264.700     0.05650  
264.800     0.05654  
264.900     0.05659  
265.000     0.05663  
265.100     0.05668  
265.200     0.05673  
265.300     0.05677  
265.400     0.05682  
265.500     0.05687  
265.600     0.05691  
265.700     0.05696  
265.800     0.05700  
265.900     0.05705  
266.000     0.05710  
266.100     0.05714  
266.200     0.05719  
266.300     0.05723  
266.400     0.05728  
266.500     0.05733  
266.600     0.05737  
266.700     0.05742  
266.800     0.05747  
266.900     0.05751  
267.000     0.05756  
267.100     0.05761  
267.200     0.05765  
267.300     0.05770  
267.400     0.05774  
267.500     0.05779  
267.600     0.05784  
267.700     0.05788  
267.800     0.05793  
267.900     0.05798  
268.000     0.05802  
268.100     0.05807  
268.200     0.05812  
268.300     0.05816  
268.400     0.05821  
268.500     0.05826  
268.600     0.05830  
268.700     0.05835  
268.800     0.05840  
268.900     0.05844  
269.000     0.05849  
269.100     0.05854  
269.200     0.05858  
269.300     0.05863  
269.400     0.05868  
269.500     0.05872  
269.600     0.05877  
269.700     0.05882  
269.800     0.05886  
269.900     0.05891  
270.000     0.05896  
270.100     0.05900  
270.200     0.05905  
270.300     0.05910  
270.400     0.05915  
270.500     0.05919  
270.600     0.05924  
270.700     0.05929  
270.800     0.05933  
270.900     0.05938  
271.000     0.05943  
271.100     0.05947  
271.200     0.05952  
271.300     0.05957  
271.400     0.05962  
271.500     0.05966  
271.600     0.05971  
271.700     0.05976  
271.800     0.05980  
271.900     0.05985  
272.000     0.05990  
272.100     0.05995  
272.200     0.05999  
272.300     0.06004  
272.400     0.06009  
272.500     0.06014  
272.600     0.06018  
272.700     0.06023  
272.800     0.06028  
272.900     0.06033  
273.000     0.06037  
273.100     0.06042  
273.200     0.06047  
273.300     0.06051  
273.400     0.06056  
273.500     0.06061  
273.600     0.06066  
273.700     0.06070  
273.800     0.06075  
273.900     0.06080  
274.000     0.06085  
274.100     0.06090  
274.200     0.06094  
274.300     0.06099  
274.400     0.06104  
274.500     0.06109  
274.600     0.06113  
274.700     0.06118  
274.800     0.06123  
274.900     0.06128  
275.000     0.06132  
275.100     0.06137  
275.200     0.06142  
275.300     0.06147  
275.400     0.06152  
275.500     0.06156  
275.600     0.06161  
275.700     0.06166  
275.800     0.06171  
275.900     0.06175  
276.000     0.06180  
276.100     0.06185  
276.200     0.06190  
276.300     0.06195  
276.400     0.06199  
276.500     0.06204  
276.600     0.06209  
276.700     0.06214  
276.800     0.06219  
276.900     0.06223  
277.000     0.06228  
277.100     0.06233  
277.200     0.06238  
277.300     0.06243  
277.400     0.06247  
277.500     0.06252  
277.600     0.06257  
277.700     0.06262  
277.800     0.06267  
277.900     0.06271  
278.000     0.06276  
278.100     0.06281  
278.200     0.06286  
278.300     0.06291  
278.400     0.06296  
278.500     0.06300  
278.600     0.06305  
278.700     0.06310  
278.800     0.06315  
278.900     0.06320  
279.000     0.06325  
279.100     0.06329  
279.200     0.06334  
279.300     0.06339  
279.400     0.06344  
279.500     0.06349  
279.600     0.06354  
279.700     0.06359  
279.800     0.06363  
279.900     0.06368  
280.000     0.06373  
280.100     0.06378  
280.200     0.06383  
280.300     0.06388  
280.400     0.06393  
280.500     0.06397  
280.600     0.06402  
280.700     0.06407  
280.800     0.06412  
280.900     0.06417  
281.000     0.06422  
281.100     0.06427  
281.200     0.06432  
281.300     0.06436  
281.400     0.06441  
281.500     0.06446  
281.600     0.06451  
281.700     0.06456  
281.800     0.06461  
281.900     0.06466  
282.000     0.06471  
282.100     0.06475  
282.200     0.06480  
282.300     0.06485  
282.400     0.06490  
282.500     0.06495  
282.600     0.06500  
282.700     0.06505  
282.800     0.06510  
282.900     0.06515  
283.000     0.06520  
283.100     0.06524  
283.200     0.06529  
283.300     0.06534  
283.400     0.06539  
283.500     0.06544  
283.600     0.06549  
283.700     0.06554  
283.800     0.06559  
283.900     0.06564  
284.000     0.06569  
284.100     0.06574  
284.200     0.06579  
284.300     0.06584  
284.400     0.06588  
284.500     0.06593  
284.600     0.06598  
284.700     0.06603  
284.800     0.06608  
284.900     0.06613  
285.000     0.06618  
285.100     0.06623  
285.200     0.06628  
285.300     0.06633  
285.400     0.06638  
285.500     0.06643  
285.600     0.06648  
285.700     0.06653  
285.800     0.06658  
285.900     0.06663  
286.000     0.06668  
286.100     0.06673  
286.200     0.06678  
286.300     0.06682  
286.400     0.06687  
286.500     0.06692  
286.600     0.06697  
286.700     0.06702  
286.800     0.06707  
286.900     0.06712  
287.000     0.06717  
287.100     0.06722  
287.200     0.06727  
287.300     0.06732  
287.400     0.06737  
287.500     0.06742  
287.600     0.06747  
287.700     0.06752  
287.800     0.06757  
287.900     0.06762  
288.000     0.06767  
288.100     0.06772  
288.200     0.06777  
288.300     0.06782  
288.400     0.06787  
288.500     0.06792  
288.600     0.06797  
288.700     0.06802  
288.800     0.06807  
288.900     0.06812  
289.000     0.06817  
289.100     0.06822  
289.200     0.06827  
289.300     0.06832  
289.400     0.06837  
289.500     0.06842  
289.600     0.06847  
289.700     0.06852  
289.800     0.06857  
289.900     0.06862  
290.000     0.06867  
290.100     0.06872  
290.200     0.06877  
290.300     0.06882  
290.400     0.06887  
290.500     0.06892  
290.600     0.06897  
290.700     0.06903  
290.800     0.06908  
290.900     0.06913  
291.000     0.06918  
291.100     0.06923  
291.200     0.06928  
291.300     0.06933  
291.400     0.06938  
291.500     0.06943  
291.600     0.06948  
291.700     0.06953  
291.800     0.06958  
291.900     0.06963  
292.000     0.06968  
292.100     0.06973  
292.200     0.06978  
292.300     0.06983  
292.400     0.06988  
292.500     0.06993  
292.600     0.06999  
292.700     0.07004  
292.800     0.07009  
292.900     0.07014  
293.000     0.07019  
293.100     0.07024  
293.200     0.07029  
293.300     0.07034  
293.400     0.07039  
293.500     0.07044  
293.600     0.07049  
293.700     0.07054  
293.800     0.07059  
293.900     0.07065  
294.000     0.07070  
294.100     0.07075  
294.200     0.07080  
294.300     0.07085  
294.400     0.07090  
294.500     0.07095  
294.600     0.07100  
294.700     0.07105  
294.800     0.07110  
294.900     0.07116  
295.000     0.07121  
295.100     0.07126  
295.200     0.07131  
295.300     0.07136  
295.400     0.07141  
295.500     0.07146  
295.600     0.07151  
295.700     0.07157  
295.800     0.07162  
295.900     0.07167  
296.000     0.07172  
296.100     0.07177  
296.200     0.07182  
296.300     0.07187  
296.400     0.07192  
296.500     0.07198  
296.600     0.07203  
296.700     0.07208  
296.800     0.07213  
296.900     0.07218  
297.000     0.07223  
297.100     0.07228  
297.200     0.07234  
297.300     0.07239  
297.400     0.07244  
297.500     0.07249  
297.600     0.07254  
297.700     0.07259  
297.800     0.07264  
297.900     0.07270  
298.000     0.07275  
298.100     0.07280  
298.200     0.07285  
298.300     0.07290  
298.400     0.07295  
298.500     0.07301  
298.600     0.07306  
298.700     0.07311  
298.800     0.07316  
298.900     0.07321  
299.000     0.07326  
299.100     0.07332  
299.200     0.07337  
299.300     0.07342  
299.400     0.07347  
299.500     0.07352  
299.600     0.07358  
299.700     0.07363  
299.800     0.07368  
299.900     0.07373  
300.000     0.07378  
300.100     0.07383  
300.200     0.07389  
300.300     0.07394  
300.400     0.07399  
300.500     0.07404  
300.600     0.07409  
300.700     0.07415  
300.800     0.07420  
300.900     0.07425  
301.000     0.07430  
301.100     0.07436  
301.200     0.07441  
301.300     0.07446  
301.400     0.07451  
301.500     0.07456  
301.600     0.07462  
301.700     0.07467  
301.800     0.07472  
301.900     0.07477  
302.000     0.07482  
302.100     0.07488  
302.200     0.07493  
302.300     0.07498  
302.400     0.07503  
302.500     0.07509  
302.600     0.07514  
302.700     0.07519  
302.800     0.07524  
302.900     0.07530  
303.000     0.07535  
303.100     0.07540  
303.200     0.07545  
303.300     0.07551  
303.400     0.07556  
303.500     0.07561  
303.600     0.07566  
303.700     0.07572  
303.800     0.07577  
303.900     0.07582  
304.000     0.07587  
304.100     0.07593  
304.200     0.07598  
304.300     0.07603  
304.400     0.07608  
304.500     0.07614  
304.600     0.07619  
304.700     0.07624  
304.800     0.07629  
304.900     0.07635  
305.000     0.07640  
305.100     0.07645  
305.200     0.07651  
305.300     0.07656  
305.400     0.07661  
305.500     0.07666  
305.600     0.07672  
305.700     0.07677  
305.800     0.07682  
305.900     0.07688  
306.000     0.07693  
306.100     0.07698  
306.200     0.07703  
306.300     0.07709  
306.400     0.07714  
306.500     0.07719  
306.600     0.07725  
306.700     0.07730  
306.800     0.07735  
306.900     0.07741  
307.000     0.07746  
307.100     0.07751  
307.200     0.07756  
307.300     0.07762  
307.400     0.07767  
307.500     0.07772  
307.600     0.07778  
307.700     0.07783  
307.800     0.07788  
307.900     0.07794  
308.000     0.07799  
308.100     0.07804  
308.200     0.07810  
308.300     0.07815  
308.400     0.07820  
308.500     0.07826  
308.600     0.07831  
308.700     0.07836  
308.800     0.07842  
308.900     0.07847  
309.000     0.07852  
309.100     0.07858  
309.200     0.07863  
309.300     0.07868  
309.400     0.07874  
309.500     0.07879  
309.600     0.07884  
309.700     0.07890  
309.800     0.07895  
309.900     0.07900  
310.000     0.07906  
310.100     0.07911  
310.200     0.07917  
310.300     0.07922  
310.400     0.07927  
310.500     0.07933  
310.600     0.07938  
310.700     0.07943  
310.800     0.07949  
310.900     0.07954  
311.000     0.07959  
311.100     0.07965  
311.200     0.07970  
311.300     0.07976  
311.400     0.07981  
311.500     0.07986  
311.600     0.07992  
311.700     0.07997  
311.800     0.08003  
311.900     0.08008  
312.000     0.08013  
312.100     0.08019  
312.200     0.08024  
312.300     0.08029  
312.400     0.08035  
312.500     0.08040  
312.600     0.08046  
312.700     0.08051  
312.800     0.08056  
312.900     0.08062  
313.000     0.08067  
313.100     0.08073  
313.200     0.08078  
313.300     0.08084  
313.400     0.08089  
313.500     0.08094  
313.600     0.08100  
313.700     0.08105  
313.800     0.08111  
313.900     0.08116  
314.000     0.08121  
314.100     0.08127  
314.200     0.08132  
314.300     0.08138  
314.400     0.08143  
314.500     0.08149  
314.600     0.08154  
314.700     0.08159  
314.800     0.08165  
314.900     0.08170  
315.000     0.08176  
315.100     0.08181  
315.200     0.08187  
315.300     0.08192  
315.400     0.08198  
315.500     0.08203  
315.600     0.08208  
315.700     0.08214  
315.800     0.08219  
315.900     0.08225  
316.000     0.08230  
316.100     0.08236  
316.200     0.08241  
316.300     0.08247  
316.400     0.08252  
316.500     0.08258  
316.600     0.08263  
316.700     0.08269  
316.800     0.08274  
316.900     0.08279  
317.000     0.08285  
317.100     0.08290  
317.200     0.08296  
317.300     0.08301  
317.400     0.08307  
317.500     0.08312  
317.600     0.08318  
317.700     0.08323  
317.800     0.08329  
317.900     0.08334  
318.000     0.08340  
318.100     0.08345  
318.200     0.08351  
318.300     0.08356  
318.400     0.08362  
318.500     0.08367  
318.600     0.08373  
318.700     0.08378  
318.800     0.08384  
318.900     0.08389  
319.000     0.08395  
319.100     0.08400  
319.200     0.08406  
319.300     0.08411  
319.400     0.08417  
319.500     0.08422  
319.600     0.08428  
319.700     0.08433  
319.800     0.08439  
319.900     0.08444  
320.000     0.08450  
320.100     0.08455  
320.200     0.08461  
320.300     0.08466  
320.400     0.08472  
320.500     0.08478  
320.600     0.08483  
320.700     0.08489  
320.800     0.08494  
320.900     0.08500  
321.000     0.08505  
321.100     0.08511  
321.200     0.08516  
321.300     0.08522  
321.400     0.08527  
321.500     0.08533  
321.600     0.08538  
321.700     0.08544  
321.800     0.08550  
321.900     0.08555  
322.000     0.08561  
322.100     0.08566  
322.200     0.08572  
322.300     0.08577  
322.400     0.08583  
322.500     0.08588  
322.600     0.08594  
322.700     0.08600  
322.800     0.08605  
322.900     0.08611  
323.000     0.08616  
323.100     0.08622  
323.200     0.08627  
323.300     0.08633  
323.400     0.08639  
323.500     0.08644  
323.600     0.08650  
323.700     0.08655  
323.800     0.08661  
323.900     0.08666  
324.000     0.08672  
324.100     0.08678  
324.200     0.08683  
324.300     0.08689  
324.400     0.08694  
324.500     0.08700  
324.600     0.08706  
324.700     0.08711  
324.800     0.08717  
324.900     0.08722  
325.000     0.08728  
325.100     0.08734  
325.200     0.08739  
325.300     0.08745  
325.400     0.08750  
325.500     0.08756  
325.600     0.08762  
325.700     0.08767  
325.800     0.08773  
325.900     0.08779  
326.000     0.08784  
326.100     0.08790  
326.200     0.08795  
326.300     0.08801  
326.400     0.08807  
326.500     0.08812  
326.600     0.08818  
326.700     0.08824  
326.800     0.08829  
326.900     0.08835  
327.000     0.08840  
327.100     0.08846  
327.200     0.08852  
327.300     0.08857  
327.400     0.08863  
327.500     0.08869  
327.600     0.08874  
327.700     0.08880  
327.800     0.08886  
327.900     0.08891  
328.000     0.08897  
328.100     0.08903  
328.200     0.08908  
328.300     0.08914  
328.400     0.08920  
328.500     0.08925  
328.600     0.08931  
328.700     0.08937  
328.800     0.08942  
328.900     0.08948  
329.000     0.08954  
329.100     0.08959  
329.200     0.08965  
329.300     0.08971  
329.400     0.08976  
329.500     0.08982  
329.600     0.08988  
329.700     0.08993  
329.800     0.08999  
329.900     0.09005  
330.000     0.09010  
330.100     0.09016  
330.200     0.09022  
330.300     0.09027  
330.400     0.09033  
330.500     0.09039  
330.600     0.09044  
330.700     0.09050  
330.800     0.09056  
330.900     0.09062  
331.000     0.09067  
331.100     0.09073  
331.200     0.09079  
331.300     0.09084  
331.400     0.09090  
331.500     0.09096  
331.600     0.09101  
331.700     0.09107  
331.800     0.09113  
331.900     0.09119  
332.000     0.09124  
332.100     0.09130  
332.200     0.09136  
332.300     0.09141  
332.400     0.09147  
332.500     0.09153  
332.600     0.09159  
332.700     0.09164  
332.800     0.09170  
332.900     0.09176  
333.000     0.09182  
333.100     0.09187  
333.200     0.09193  
333.300     0.09199  
333.400     0.09205  
333.500     0.09210  
333.600     0.09216  
333.700     0.09222  
333.800     0.09228  
333.900     0.09233  
334.000     0.09239  
334.100     0.09245  
334.200     0.09251  
334.300     0.09256  
334.400     0.09262  
334.500     0.09268  
334.600     0.09274  
334.700     0.09279  
334.800     0.09285  
334.900     0.09291  
335.000     0.09297  
335.100     0.09302  
335.200     0.09308  
335.300     0.09314  
335.400     0.09320  
335.500     0.09325  
335.600     0.09331  
335.700     0.09337  
335.800     0.09343  
335.900     0.09349  
336.000     0.09354  
336.100     0.09360  
336.200     0.09366  
336.300     0.09372  
336.400     0.09378  
336.500     0.09383  
336.600     0.09389  
336.700     0.09395  
336.800     0.09401  
336.900     0.09406  
337.000     0.09412  
337.100     0.09418  
337.200     0.09424  
337.300     0.09430  
337.400     0.09435  
337.500     0.09441  
337.600     0.09447  
337.700     0.09453  
337.800     0.09459  
337.900     0.09465  
338.000     0.09470  
338.100     0.09476  
338.200     0.09482  
338.300     0.09488  
338.400     0.09494  
338.500     0.09499  
338.600     0.09505  
338.700     0.09511  
338.800     0.09517  
338.900     0.09523  
339.000     0.09529  
339.100     0.09534  
339.200     0.09540  
339.300     0.09546  
339.400     0.09552  
339.500     0.09558  
339.600     0.09564  
339.700     0.09569  
339.800     0.09575  
339.900     0.09581  
340.000     0.09587  
340.100     0.09593  
340.200     0.09599  
340.300     0.09605  
340.400     0.09610  
340.500     0.09616  
340.600     0.09622  
340.700     0.09628  
340.800     0.09634  
340.900     0.09640  
341.000     0.09646  
341.100     0.09651  
341.200     0.09657  
341.300     0.09663  
341.400     0.09669  
341.500     0.09675  
341.600     0.09681  
341.700     0.09687  
341.800     0.09692  
341.900     0.09698  
342.000     0.09704  
342.100     0.09710  
342.200     0.09716  
342.300     0.09722  
342.400     0.09728  
342.500     0.09734  
342.600     0.09740  
342.700     0.09745  
342.800     0.09751  
342.900     0.09757  
343.000     0.09763  
343.100     0.09769  
343.200     0.09775  
343.300     0.09781  
343.400     0.09787  
343.500     0.09793  
343.600     0.09798  
343.700     0.09804  
343.800     0.09810  
343.900     0.09816  
344.000     0.09822  
344.100     0.09828  
344.200     0.09834  
344.300     0.09840  
344.400     0.09846  
344.500     0.09852  
344.600     0.09858  
344.700     0.09864  
344.800     0.09869  
344.900     0.09875  
345.000     0.09881  
345.100     0.09887  
345.200     0.09893  
345.300     0.09899  
345.400     0.09905  
345.500     0.09911  
345.600     0.09917  
345.700     0.09923  
345.800     0.09929  
345.900     0.09935  
346.000     0.09941  
346.100     0.09947  
346.200     0.09953  
346.300     0.09958  
346.400     0.09964  
346.500     0.09970  
346.600     0.09976  
346.700     0.09982  
346.800     0.09988  
346.900     0.09994  
347.000     0.10000  
347.100     0.10006  
347.200     0.10012  
347.300     0.10018  
347.400     0.10024  
347.500     0.10030  
347.600     0.10036  
347.700     0.10042  
347.800     0.10048  
347.900     0.10054  
348.000     0.10060  
348.100     0.10066  
348.200     0.10072  
348.300     0.10078  
348.400     0.10084  
348.500     0.10090  
348.600     0.10096  
348.700     0.10102  
348.800     0.10108  
348.900     0.10114  
349.000     0.10120  
349.100     0.10126  
349.200     0.10132  
349.300     0.10138  
349.400     0.10144  
349.500     0.10150  
349.600     0.10156  
349.700     0.10162  
349.800     0.10168  
349.900     0.10174  
350.000     0.10180  