 0.000     0.00000  
  0.100    -0.00002  
  0.200    -0.00010  
  0.300    -0.00028  
  0.400    -0.00057  
  0.500    -0.00098  
  0.600    -0.00152  
  0.700    -0.00221  
  0.800    -0.00304  
  0.900    -0.00403  
  1.000    -0.00517  
  1.100    -0.00647  
  1.200    -0.00794  
  1.300    -0.00957  
  1.400    -0.01137  
  1.500    -0.01334  
  1.600    -0.01548  
  1.700    -0.01778  
  1.800    -0.02026  
  1.900    -0.02291  
  2.000    -0.02572  
  2.100    -0.02871  
  2.200    -0.03186  
  2.300    -0.03518  
  2.400    -0.03867  
  2.500    -0.04232  
  2.600    -0.04614  
  2.700    -0.05012  
  2.800    -0.05426  
  2.900    -0.05857  
  3.000    -0.06303  
  3.100    -0.06765  
  3.200    -0.07243  
  3.300    -0.07736  
  3.400    -0.08245  
  3.500    -0.08768  
  3.600    -0.09307  
  3.700    -0.09861  
  3.800    -0.10429  
  3.900    -0.11012  
  4.000    -0.11609  
  4.100    -0.12220  
  4.200    -0.12845  
  4.300    -0.13484  
  4.400    -0.14137  
  4.500    -0.14803  
  4.600    -0.15483  
  4.700    -0.16175  
  4.800    -0.16881  
  4.900    -0.17599  
  5.000    -0.18330  
  5.100    -0.19073  
  5.200    -0.19829  
  5.300    -0.20597  
  5.400    -0.21377  
  5.500    -0.22169  
  5.600    -0.22972  
  5.700    -0.23787  
  5.800    -0.24613  
  5.900    -0.25450  
  6.000    -0.26298  
  6.100    -0.27157  
  6.200    -0.28027  
  6.300    -0.28907  
  6.400    -0.29798  
  6.500    -0.30699  
  6.600    -0.31610  
  6.700    -0.32531  
  6.800    -0.33462  
  6.900    -0.34403  
  7.000    -0.35353  
  7.100    -0.36313  
  7.200    -0.37282  
  7.300    -0.38260  
  7.400    -0.39247  
  7.500    -0.40243  
  7.600    -0.41247  
  7.700    -0.42261  
  7.800    -0.43283  
  7.900    -0.44313  
  8.000    -0.45351  
  8.100    -0.46398  
  8.200    -0.47452  
  8.300    -0.48515  
  8.400    -0.49585  
  8.500    -0.50663  
  8.600    -0.51748  
  8.700    -0.52841  
  8.800    -0.53941  
  8.900    -0.55049  
  9.000    -0.56163  
  9.100    -0.57285  
  9.200    -0.58414  
  9.300    -0.59549  
  9.400    -0.60691  
  9.500    -0.61839  
  9.600    -0.62994  
  9.700    -0.64156  
  9.800    -0.65324  
  9.900    -0.66498  
 10.000    -0.67678  
 10.100    -0.68864  
 10.200    -0.70056  
 10.300    -0.71254  
 10.400    -0.72458  
 10.500    -0.73667  
 10.600    -0.74882  
 10.700    -0.76103  
 10.800    -0.77329  
 10.900    -0.78560  
 11.000    -0.79796  
 11.100    -0.81038  
 11.200    -0.82285  
 11.300    -0.83536  
 11.400    -0.84793  
 11.500    -0.86055  
 11.600    -0.87321  
 11.700    -0.88592  
 11.800    -0.89868  
 11.900    -0.91148  
 12.000    -0.92433  
 12.100    -0.93722  
 12.200    -0.95016  
 12.300    -0.96314  
 12.400    -0.97616  
 12.500    -0.98922  
 12.600    -1.00232  
 12.700    -1.01547  
 12.800    -1.02865  
 12.900    -1.04187  
 13.000    -1.05513  
 13.100    -1.06843  
 13.200    -1.08177  
 13.300    -1.09514  
 13.400    -1.10855  
 13.500    -1.12200  
 13.600    -1.13547  
 13.700    -1.14899  
 13.800    -1.16254  
 13.900    -1.17612  
 14.000    -1.18973  
 14.100    -1.20338  
 14.200    -1.21705  
 14.300    -1.23076  
 14.400    -1.24450  
 14.500    -1.25827  
 14.600    -1.27207  
 14.700    -1.28590  
 14.800    -1.29975  
 14.900    -1.31364  
 15.000    -1.32755  
 15.100    -1.34149  
 15.200    -1.35546  
 15.300    -1.36945  
 15.400    -1.38347  
 15.500    -1.39751  
 15.600    -1.41158  
 15.700    -1.42567  
 15.800    -1.43979  
 15.900    -1.45393  
 16.000    -1.46810  
 16.100    -1.48229  
 16.200    -1.49650  
 16.300    -1.51073  
 16.400    -1.52498  
 16.500    -1.53926  
 16.600    -1.55356  
 16.700    -1.56787  
 16.800    -1.58221  
 16.900    -1.59657  
 17.000    -1.61095  
 17.100    -1.62534  
 17.200    -1.63976  
 17.300    -1.65419  
 17.400    -1.66864  
 17.500    -1.68311  
 17.600    -1.69760  
 17.700    -1.71210  
 17.800    -1.72662  
 17.900    -1.74116  
 18.000    -1.75571  
 18.100    -1.77028  
 18.200    -1.78487  
 18.300    -1.79947  
 18.400    -1.81408  
 18.500    -1.82871  
 18.600    -1.84335  
 18.700    -1.85801  
 18.800    -1.87268  
 18.900    -1.88737  
 19.000    -1.90207  
 19.100    -1.91678  
 19.200    -1.93150  
 19.300    -1.94624  
 19.400    -1.96099  
 19.500    -1.97575  
 19.600    -1.99052  
 19.700    -2.00530  
 19.800    -2.02009  
 19.900    -2.03490  
 20.000    -2.04972  
 20.100    -2.06454  
 20.200    -2.07938  
 20.300    -2.09422  
 20.400    -2.10908  
 20.500    -2.12394  
 20.600    -2.13882  
 20.700    -2.15370  
 20.800    -2.16859  
 20.900    -2.18349  
 21.000    -2.19840  
 21.100    -2.21332  
 21.200    -2.22824  
 21.300    -2.24318  
 21.400    -2.25812  
 21.500    -2.27306  
 21.600    -2.28802  
 21.700    -2.30298  
 21.800    -2.31795  
 21.900    -2.33292  
 22.000    -2.34790  
 22.100    -2.36289  
 22.200    -2.37788  
 22.300    -2.39288  
 22.400    -2.40788  
 22.500    -2.42289  
 22.600    -2.43791  
 22.700    -2.45293  
 22.800    -2.46795  
 22.900    -2.48298  
 23.000    -2.49801  
 23.100    -2.51305  
 23.200    -2.52809  
 23.300    -2.54314  
 23.400    -2.55819  
 23.500    -2.57324  
 23.600    -2.58830  
 23.700    -2.60336  
 23.800    -2.61843  
 23.900    -2.63349  
 24.000    -2.64856  
 24.100    -2.66363  
 24.200    -2.67871  
 24.300    -2.69379  
 24.400    -2.70887  
 24.500    -2.72395  
 24.600    -2.73903  
 24.700    -2.75412  
 24.800    -2.76921  
 24.900    -2.78430  
 25.000    -2.79939  
 25.100    -2.81448  
 25.200    -2.82957  
 25.300    -2.84467  
 25.400    -2.85977  
 25.500    -2.87486  
 25.600    -2.88996  
 25.700    -2.90506  
 25.800    -2.92016  
 25.900    -2.93526  
 26.000    -2.95036  
 26.100    -2.96546  
 26.200    -2.98056  
 26.300    -2.99566  
 26.400    -3.01075  
 26.500    -3.02585  
 26.600    -3.04095  
 26.700    -3.05605  
 26.800    -3.07115  
 26.900    -3.08625  
 27.000    -3.10134  
 27.100    -3.11644  
 27.200    -3.13153  
 27.300    -3.14663  
 27.400    -3.16172  
 27.500    -3.17681  
 27.600    -3.19190  
 27.700    -3.20699  
 27.800    -3.22207  
 27.900    -3.23716  
 28.000    -3.25224  
 28.100    -3.26732  
 28.200    -3.28240  
 28.300    -3.29748  
 28.400    -3.31255  
 28.500    -3.32762  
 28.600    -3.34269  
 28.700    -3.35776  
 28.800    -3.37283  
 28.900    -3.38789  
 29.000    -3.40295  
 29.100    -3.41801  
 29.200    -3.43306  
 29.300    -3.44811  
 29.400    -3.46316  
 29.500    -3.47821  
 29.600    -3.49325  
 29.700    -3.50829  
 29.800    -3.52332  
 29.900    -3.53836  
 30.000    -3.55339  
 30.100    -3.56841  
 30.200    -3.58343  
 30.300    -3.59845  
 30.400    -3.61347  
 30.500    -3.62848  
 30.600    -3.64349  
 30.700    -3.65849  
 30.800    -3.67349  
 30.900    -3.68848  
 31.000    -3.70348  
 31.100    -3.71846  
 31.200    -3.73345  
 31.300    -3.74843  
 31.400    -3.76340  
 31.500    -3.77837  
 31.600    -3.79334  
 31.700    -3.80830  
 31.800    -3.82325  
 31.900    -3.83820  
 32.000    -3.85315  
 32.100    -3.86809  
 32.200    -3.88303  
 32.300    -3.89796  
 32.400    -3.91289  
 32.500    -3.92781  
 32.600    -3.94273  
 32.700    -3.95765  
 32.800    -3.97255  
 32.900    -3.98745  
 33.000    -4.00235  
 33.100    -4.01724  
 33.200    -4.03213  
 33.300    -4.04701  
 33.400    -4.06189  
 33.500    -4.07676  
 33.600    -4.09162  
 33.700    -4.10648  
 33.800    -4.12134  
 33.900    -4.13618  
 34.000    -4.15103  
 34.100    -4.16586  
 34.200    -4.18069  
 34.300    -4.19552  
 34.400    -4.21034  
 34.500    -4.22515  
 34.600    -4.23996  
 34.700    -4.25476  
 34.800    -4.26955  
 34.900    -4.28434  
 35.000    -4.29913  
 35.100    -4.31390  
 35.200    -4.32867  
 35.300    -4.34344  
 35.400    -4.35819  
 35.500    -4.37295  
 35.600    -4.38769  
 35.700    -4.40243  
 35.800    -4.41716  
 35.900    -4.43189  
 36.000    -4.44661  
 36.100    -4.46132  
 36.200    -4.47603  
 36.300    -4.49073  
 36.400    -4.50542  
 36.500    -4.52011  
 36.600    -4.53479  
 36.700    -4.54946  
 36.800    -4.56413  
 36.900    -4.57879  
 37.000    -4.59344  
 37.100    -4.60809  
 37.200    -4.62273  
 37.300    -4.63736  
 37.400    -4.65198  
 37.500    -4.66660  
 37.600    -4.68121  
 37.700    -4.69582  
 37.800    -4.71042  
 37.900    -4.72501  
 38.000    -4.73959  
 38.100    -4.75417  
 38.200    -4.76873  
 38.300    -4.78330  
 38.400    -4.79785  
 38.500    -4.81240  
 38.600    -4.82694  
 38.700    -4.84147  
 38.800    -4.85600  
 38.900    -4.87051  
 39.000    -4.88503  
 39.100    -4.89953  
 39.200    -4.91402  
 39.300    -4.92851  
 39.400    -4.94299  
 39.500    -4.95747  
 39.600    -4.97193  
 39.700    -4.98639  
 39.800    -5.00085  
 39.900    -5.01529  
 40.000    -5.02973  
 40.100    -5.04415  
 40.200    -5.05857  
 40.300    -5.07299  
 40.400    -5.08739  
 40.500    -5.10179  
 40.600    -5.11618  
 40.700    -5.13056  
 40.800    -5.14494  
 40.900    -5.15931  
 41.000    -5.17367  
 41.100    -5.18802  
 41.200    -5.20236  
 41.300    -5.21670  
 41.400    -5.23103  
 41.500    -5.24535  
 41.600    -5.25966  
 41.700    -5.27396  
 41.800    -5.28826  
 41.900    -5.30255  
 42.000    -5.31683  
 42.100    -5.33110  
 42.200    -5.34537  
 42.300    -5.35962  
 42.400    -5.37387  
 42.500    -5.38811  
 42.600    -5.40235  
 42.700    -5.41657  
 42.800    -5.43079  
 42.900    -5.44500  
 43.000    -5.45920  
 43.100    -5.47339  
 43.200    -5.48758  
 43.300    -5.50175  
 43.400    -5.51592  
 43.500    -5.53008  
 43.600    -5.54424  
 43.700    -5.55838  
 43.800    -5.57252  
 43.900    -5.58664  
 44.000    -5.60076  
 44.100    -5.61487  
 44.200    -5.62898  
 44.300    -5.64307  
 44.400    -5.65716  
 44.500    -5.67124  
 44.600    -5.68531  
 44.700    -5.69937  
 44.800    -5.71342  
 44.900    -5.72747  
 45.000    -5.74151  
 45.100    -5.75554  
 45.200    -5.76956  
 45.300    -5.78357  
 45.400    -5.79757  
 45.500    -5.81157  
 45.600    -5.82556  
 45.700    -5.83954  
 45.800    -5.85351  
 45.900    -5.86747  
 46.000    -5.88142  
 46.100    -5.89537  
 46.200    -5.90930  
 46.300    -5.92323  
 46.400    -5.93715  
 46.500    -5.95107  
 46.600    -5.96497  
 46.700    -5.97886  
 46.800    -5.99275  
 46.900    -6.00663  
 47.000    -6.02050  
 47.100    -6.03436  
 47.200    -6.04821  
 47.300    -6.06206  
 47.400    -6.07590  
 47.500    -6.08972  
 47.600    -6.10354  
 47.700    -6.11735  
 47.800    -6.13115  
 47.900    -6.14495  
 48.000    -6.15873  
 48.100    -6.17251  
 48.200    -6.18628  
 48.300    -6.20004  
 48.400    -6.21379  
 48.500    -6.22753  
 48.600    -6.24127  
 48.700    -6.25499  
 48.800    -6.26871  
 48.900    -6.28242  
 49.000    -6.29612  
 49.100    -6.30981  
 49.200    -6.32349  
 49.300    -6.33717  
 49.400    -6.35083  
 49.500    -6.36449  
 49.600    -6.37814  
 49.700    -6.39178  
 49.800    -6.40541  
 49.900    -6.41904  
 50.000    -6.43265  
 50.100    -6.44626  
 50.200    -6.45985  
 50.300    -6.47344  
 50.400    -6.48702  
 50.500    -6.50059  
 50.600    -6.51416  
 50.700    -6.52771  
 50.800    -6.54126  
 50.900    -6.55480  
 51.000    -6.56832  
 51.100    -6.58184  
 51.200    -6.59536  
 51.300    -6.60886  
 51.400    -6.62235  
 51.500    -6.63584  
 51.600    -6.64932  
 51.700    -6.66279  
 51.800    -6.67625  
 51.900    -6.68970  
 52.000    -6.70314  
 52.100    -6.71657  
 52.200    -6.73000  
 52.300    -6.74342  
 52.400    -6.75683  
 52.500    -6.77023  
 52.600    -6.78362  
 52.700    -6.79700  
 52.800    -6.81037  
 52.900    -6.82374  
 53.000    -6.83710  
 53.100    -6.85044  
 53.200    -6.86378  
 53.300    -6.87712  
 53.400    -6.89044  
 53.500    -6.90375  
 53.600    -6.91706  
 53.700    -6.93035  
 53.800    -6.94364  
 53.900    -6.95692  
 54.000    -6.97019  
 54.100    -6.98345  
 54.200    -6.99671  
 54.300    -7.00995  
 54.400    -7.02319  
 54.500    -7.03642  
 54.600    -7.04964  
 54.700    -7.06285  
 54.800    -7.07605  
 54.900    -7.08924  
 55.000    -7.10243  
 55.100    -7.11560  
 55.200    -7.12877  
 55.300    -7.14193  
 55.400    -7.15508  
 55.500    -7.16822  
 55.600    -7.18136  
 55.700    -7.19448  
 55.800    -7.20760  
 55.900    -7.22071  
 56.000    -7.23381  
 56.100    -7.24690  
 56.200    -7.25998  
 56.300    -7.27305  
 56.400    -7.28612  
 56.500    -7.29917  
 56.600    -7.31222  
 56.700    -7.32526  
 56.800    -7.33829  
 56.900    -7.35131  
 57.000    -7.36433  
 57.100    -7.37733  
 57.200    -7.39033  
 57.300    -7.40332  
 57.400    -7.41630  
 57.500    -7.42927  
 57.600    -7.44223  
 57.700    -7.45518  
 57.800    -7.46813  
 57.900    -7.48106  
 58.000    -7.49399  
 58.100    -7.50691  
 58.200    -7.51982  
 58.300    -7.53273  
 58.400    -7.54562  
 58.500    -7.55851  
 58.600    -7.57138  
 58.700    -7.58425  
 58.800    -7.59711  
 58.900    -7.60996  
 59.000    -7.62281  
 59.100    -7.63564  
 59.200    -7.64847  
 59.300    -7.66129  
 59.400    -7.67410  
 59.500    -7.68690  
 59.600    -7.69969  
 59.700    -7.71247  
 59.800    -7.72525  
 59.900    -7.73802  
 60.000    -7.75077  
 60.100    -7.76352  
 60.200    -7.77627  
 60.300    -7.78900  
 60.400    -7.80172  
 60.500    -7.81444  
 60.600    -7.82715  
 60.700    -7.83985  
 60.800    -7.85254  
 60.900    -7.86522  
 61.000    -7.87790  
 61.100    -7.89056  
 61.200    -7.90322  
 61.300    -7.91587  
 61.400    -7.92851  
 61.500    -7.94114  
 61.600    -7.95376  
 61.700    -7.96638  
 61.800    -7.97899  
 61.900    -7.99159  
 62.000    -8.00418  
 62.100    -8.01676  
 62.200    -8.02933  
 62.300    -8.04190  
 62.400    -8.05445  
 62.500    -8.06700  
 62.600    -8.07954  
 62.700    -8.09207  
 62.800    -8.10460  
 62.900    -8.11711  
 63.000    -8.12962  
 63.100    -8.14212  
 63.200    -8.15461  
 63.300    -8.16709  
 63.400    -8.17956  
 63.500    -8.19203  
 63.600    -8.20449  
 63.700    -8.21693  
 63.800    -8.22938  
 63.900    -8.24181  
 64.000    -8.25423  
 64.100    -8.26665  
 64.200    -8.27905  
 64.300    -8.29145  
 64.400    -8.30384  
 64.500    -8.31623  
 64.600    -8.32860  
 64.700    -8.34097  
 64.800    -8.35332  
 64.900    -8.36567  
 65.000    -8.37802  
 65.100    -8.39035  
 65.200    -8.40267  
 65.300    -8.41499  
 65.400    -8.42730  
 65.500    -8.43960  
 65.600    -8.45189  
 65.700    -8.46418  
 65.800    -8.47645  
 65.900    -8.48872  
 66.000    -8.50098  
 66.100    -8.51323  
 66.200    -8.52547  
 66.300    -8.53771  
 66.400    -8.54993  
 66.500    -8.56215  
 66.600    -8.57436  
 66.700    -8.58657  
 66.800    -8.59876  
 66.900    -8.61095  
 67.000    -8.62312  
 67.100    -8.63529  
 67.200    -8.64746  
 67.300    -8.65961  
 67.400    -8.67175  
 67.500    -8.68389  
 67.600    -8.69602  
 67.700    -8.70814  
 67.800    -8.72026  
 67.900    -8.73236  
 68.000    -8.74446  
 68.100    -8.75655  
 68.200    -8.76863  
 68.300    -8.78070  
 68.400    -8.79277  
 68.500    -8.80482  
 68.600    -8.81687  
 68.700    -8.82891  
 68.800    -8.84094  
 68.900    -8.85297  
 69.000    -8.86499  
 69.100    -8.87699  
 69.200    -8.88900  
 69.300    -8.90099  
 69.400    -8.91297  
 69.500    -8.92495  
 69.600    -8.93692  
 69.700    -8.94888  
 69.800    -8.96083  
 69.900    -8.97278  
 70.000    -8.98471  
 70.100    -8.99664  
 70.200    -9.00856  
 70.300    -9.02048  
 70.400    -9.03238  
 70.500    -9.04428  
 70.600    -9.05617  
 70.700    -9.06805  
 70.800    -9.07992  
 70.900    -9.09179  
 71.000    -9.10365  
 71.100    -9.11550  
 71.200    -9.12734  
 71.300    -9.13917  
 71.400    -9.15100  
 71.500    -9.16282  
 71.600    -9.17463  
 71.700    -9.18643  
 71.800    -9.19823  
 71.900    -9.21001  
 72.000    -9.22179  
 72.100    -9.23356  
 72.200    -9.24533  
 72.300    -9.25708  
 72.400    -9.26883  
 72.500    -9.28057  
 72.600    -9.29230  
 72.700    -9.30403  
 72.800    -9.31574  
 72.900    -9.32745  
 73.000    -9.33916  
 73.100    -9.35085  
 73.200    -9.36253  
 73.300    -9.37421  
 73.400    -9.38588  
 73.500    -9.39755  
 73.600    -9.40920  
 73.700    -9.42085  
 73.800    -9.43249  
 73.900    -9.44412  
 74.000    -9.45574  
 74.100    -9.46736  
 74.200    -9.47897  
 74.300    -9.49057  
 74.400    -9.50216  
 74.500    -9.51375  
 74.600    -9.52532  
 74.700    -9.53689  
 74.800    -9.54846  
 74.900    -9.56001  
 75.000    -9.57156  
 75.100    -9.58310  
 75.200    -9.59463  
 75.300    -9.60615  
 75.400    -9.61767  
 75.500    -9.62918  
 75.600    -9.64068  
 75.700    -9.65217  
 75.800    -9.66366  
 75.900    -9.67514  
 76.000    -9.68661  
 76.100    -9.69807  
 76.200    -9.70953  
 76.300    -9.72098  
 76.400    -9.73242  
 76.500    -9.74385  
 76.600    -9.75528  
 76.700    -9.76669  
 76.800    -9.77811  
 76.900    -9.78951  
 77.000    -9.80090  
 77.100    -9.81229  
 77.200    -9.82367  
 77.300    -9.83505  
 77.400    -9.84641  
 77.500    -9.85777  
 77.600    -9.86912  
 77.700    -9.88046  
 77.800    -9.89180  
 77.900    -9.90313  
 78.000    -9.91445  
 78.100    -9.92576  
 78.200    -9.93707  
 78.300    -9.94836  
 78.400    -9.95966  
 78.500    -9.97094  
 78.600    -9.98221  
 78.700    -9.99348  
 78.800   -10.00474  
 78.900   -10.01600  
 79.000   -10.02724  
 79.100   -10.03848  
 79.200   -10.04972  
 79.300   -10.06094  
 79.400   -10.07216  
 79.500   -10.08337  
 79.600   -10.09457  
 79.700   -10.10576  
 79.800   -10.11695  
 79.900   -10.12813  
 80.000   -10.13930  
 80.100   -10.15047  
 80.200   -10.16163  
 80.300   -10.17278  
 80.400   -10.18392  
 80.500   -10.19506  
 80.600   -10.20619  
 80.700   -10.21731  
 80.800   -10.22842  
 80.900   -10.23953  
 81.000   -10.25063  
 81.100   -10.26172  
 81.200   -10.27281  
 81.300   -10.28389  
 81.400   -10.29496  
 81.500   -10.30602  
 81.600   -10.31708  
 81.700   -10.32813  
 81.800   -10.33917  
 81.900   -10.35020  
 82.000   -10.36123  
 82.100   -10.37225  
 82.200   -10.38326  
 82.300   -10.39427  
 82.400   -10.40527  
 82.500   -10.41626  
 82.600   -10.42724  
 82.700   -10.43822  
 82.800   -10.44919  
 82.900   -10.46015  
 83.000   -10.47111  
 83.100   -10.48206  
 83.200   -10.49300  
 83.300   -10.50393  
 83.400   -10.51486  
 83.500   -10.52578  
 83.600   -10.53669  
 83.700   -10.54760  
 83.800   -10.55850  
 83.900   -10.56939  
 84.000   -10.58028  
 84.100   -10.59115  
 84.200   -10.60202  
 84.300   -10.61289  
 84.400   -10.62374  
 84.500   -10.63459  
 84.600   -10.64544  
 84.700   -10.65627  
 84.800   -10.66710  
 84.900   -10.67792  
 85.000   -10.68873  
 85.100   -10.69954  
 85.200   -10.71034  
 85.300   -10.72114  
 85.400   -10.73192  
 85.500   -10.74270  
 85.600   -10.75347  
 85.700   -10.76424  
 85.800   -10.77500  
 85.900   -10.78575  
 86.000   -10.79649  
 86.100   -10.80723  
 86.200   -10.81796  
 86.300   -10.82868  
 86.400   -10.83940  
 86.500   -10.85011  
 86.600   -10.86081  
 86.700   -10.87151  
 86.800   -10.88220  
 86.900   -10.89288  
 87.000   -10.90356  
 87.100   -10.91422  
 87.200   -10.92489  
 87.300   -10.93554  
 87.400   -10.94619  
 87.500   -10.95683  
 87.600   -10.96746  
 87.700   -10.97809  
 87.800   -10.98871  
 87.900   -10.99932  
 88.000   -11.00993  
 88.100   -11.02053  
 88.200   -11.03112  
 88.300   -11.04171  
 88.400   -11.05229  
 88.500   -11.06286  
 88.600   -11.07343  
 88.700   -11.08398  
 88.800   -11.09454  
 88.900   -11.10508  
 89.000   -11.11562  
 89.100   -11.12615  
 89.200   -11.13668  
 89.300   -11.14720  
 89.400   -11.15771  
 89.500   -11.16821  
 89.600   -11.17871  
 89.700   -11.18920  
 89.800   -11.19969  
 89.900   -11.21016  
 90.000   -11.22064  
 90.100   -11.23110  
 90.200   -11.24156  
 90.300   -11.25201  
 90.400   -11.26245  
 90.500   -11.27289  
 90.600   -11.28332  
 90.700   -11.29375  
 90.800   -11.30417  
 90.900   -11.31458  
 91.000   -11.32498  
 91.100   -11.33538  
 91.200   -11.34577  
 91.300   -11.35615  
 91.400   -11.36653  
 91.500   -11.37690  
 91.600   -11.38727  
 91.700   -11.39763  
 91.800   -11.40798  
 91.900   -11.41832  
 92.000   -11.42866  
 92.100   -11.43899  
 92.200   -11.44932  
 92.300   -11.45964  
 92.400   -11.46995  
 92.500   -11.48025  
 92.600   -11.49055  
 92.700   -11.50085  
 92.800   -11.51113  
 92.900   -11.52141  
 93.000   -11.53168  
 93.100   -11.54195  
 93.200   -11.55221  
 93.300   -11.56246  
 93.400   -11.57271  
 93.500   -11.58295  
 93.600   -11.59318  
 93.700   -11.60341  
 93.800   -11.61363  
 93.900   -11.62384  
 94.000   -11.63405  
 94.100   -11.64425  
 94.200   -11.65445  
 94.300   -11.66464  
 94.400   -11.67482  
 94.500   -11.68499  
 94.600   -11.69516  
 94.700   -11.70533  
 94.800   -11.71548  
 94.900   -11.72563  
 95.000   -11.73577  
 95.100   -11.74591  
 95.200   -11.75604  
 95.300   -11.76617  
 95.400   -11.77628  
 95.500   -11.78640  
 95.600   -11.79650  
 95.700   -11.80660  
 95.800   -11.81669  
 95.900   -11.82678  
 96.000   -11.83686  
 96.100   -11.84693  
 96.200   -11.85700  
 96.300   -11.86706  
 96.400   -11.87711  
 96.500   -11.88716  
 96.600   -11.89720  
 96.700   -11.90724  
 96.800   -11.91727  
 96.900   -11.92729  
 97.000   -11.93730  
 97.100   -11.94731  
 97.200   -11.95732  
 97.300   -11.96732  
 97.400   -11.97731  
 97.500   -11.98729  
 97.600   -11.99727  
 97.700   -12.00724  
 97.800   -12.01721  
 97.900   -12.02717  
 98.000   -12.03712  
 98.100   -12.04707  
 98.200   -12.05701  
 98.300   -12.06695  
 98.400   -12.07687  
 98.500   -12.08680  
 98.600   -12.09671  
 98.700   -12.10662  
 98.800   -12.11653  
 98.900   -12.12643  
 99.000   -12.13632  
 99.100   -12.14620  
 99.200   -12.15608  
 99.300   -12.16595  
 99.400   -12.17582  
 99.500   -12.18568  
 99.600   -12.19554  
 99.700   -12.20539  
 99.800   -12.21523  
 99.900   -12.22506  
100.000   -12.23489  
100.100   -12.24472  
100.200   -12.25454  
100.300   -12.26435  
100.400   -12.27415  
100.500   -12.28395  
100.600   -12.29375  
100.700   -12.30353  
100.800   -12.31331  
100.900   -12.32309  
101.000   -12.33286  
101.100   -12.34262  
101.200   -12.35238  
101.300   -12.36213  
101.400   -12.37187  
101.500   -12.38161  
101.600   -12.39135  
101.700   -12.40107  
101.800   -12.41079  
101.900   -12.42051  
102.000   -12.43022  
102.100   -12.43992  
102.200   -12.44962  
102.300   -12.45931  
102.400   -12.46899  
102.500   -12.47867  
102.600   -12.48834  
102.700   -12.49801  
102.800   -12.50767  
102.900   -12.51732  
103.000   -12.52697  
103.100   -12.53662  
103.200   -12.54625  
103.300   -12.55588  
103.400   -12.56551  
103.500   -12.57513  
103.600   -12.58474  
103.700   -12.59435  
103.800   -12.60395  
103.900   -12.61355  
104.000   -12.62313  
104.100   -12.63272  
104.200   -12.64230  
104.300   -12.65187  
104.400   -12.66143  
104.500   -12.67099  
104.600   -12.68055  
104.700   -12.69010  
104.800   -12.69964  
104.900   -12.70918  
105.000   -12.71871  
105.100   -12.72823  
105.200   -12.73775  
105.300   -12.74726  
105.400   -12.75677  
105.500   -12.76627  
105.600   -12.77577  
105.700   -12.78526  
105.800   -12.79474  
105.900   -12.80422  
106.000   -12.81369  
106.100   -12.82316  
106.200   -12.83262  
106.300   -12.84207  
106.400   -12.85152  
106.500   -12.86097  
106.600   -12.87040  
106.700   -12.87984  
106.800   -12.88926  
106.900   -12.89868  
107.000   -12.90810  
107.100   -12.91751  
107.200   -12.92691  
107.300   -12.93631  
107.400   -12.94570  
107.500   -12.95509  
107.600   -12.96447  
107.700   -12.97384  
107.800   -12.98321  
107.900   -12.99257  
108.000   -13.00193  
108.100   -13.01128  
108.200   -13.02063  
108.300   -13.02997  
108.400   -13.03930  
108.500   -13.04863  
108.600   -13.05796  
108.700   -13.06727  
108.800   -13.07659  
108.900   -13.08589  
109.000   -13.09519  
109.100   -13.10449  
109.200   -13.11378  
109.300   -13.12306  
109.400   -13.13234  
109.500   -13.14161  
109.600   -13.15088  
109.700   -13.16014  
109.800   -13.16940  
109.900   -13.17865  
110.000   -13.18789  
110.100   -13.19713  
110.200   -13.20636  
110.300   -13.21559  
110.400   -13.22481  
110.500   -13.23403  
110.600   -13.24324  
110.700   -13.25245  
110.800   -13.26165  
110.900   -13.27084  
111.000   -13.28003  
111.100   -13.28921  
111.200   -13.29839  
111.300   -13.30756  
111.400   -13.31673  
111.500   -13.32589  
111.600   -13.33505  
111.700   -13.34420  
111.800   -13.35334  
111.900   -13.36248  
112.000   -13.37161  
112.100   -13.38074  
112.200   -13.38987  
112.300   -13.39898  
112.400   -13.40809  
112.500   -13.41720  
112.600   -13.42630  
112.700   -13.43540  
112.800   -13.44449  
112.900   -13.45357  
113.000   -13.46265  
113.100   -13.47172  
113.200   -13.48079  
113.300   -13.48986  
113.400   -13.49891  
113.500   -13.50796  
113.600   -13.51701  
113.700   -13.52605  
113.800   -13.53509  
113.900   -13.54412  
114.000   -13.55314  
114.100   -13.56216  
114.200   -13.57118  
114.300   -13.58018  
114.400   -13.58919  
114.500   -13.59818  
114.600   -13.60718  
114.700   -13.61616  
114.800   -13.62515  
114.900   -13.63412  
115.000   -13.64309  
115.100   -13.65206  
115.200   -13.66102  
115.300   -13.66997  
115.400   -13.67892  
115.500   -13.68787  
115.600   -13.69681  
115.700   -13.70574  
115.800   -13.71467  
115.900   -13.72359  
116.000   -13.73251  
116.100   -13.74142  
116.200   -13.75033  
116.300   -13.75923  
116.400   -13.76813  
116.500   -13.77702  
116.600   -13.78591  
116.700   -13.79479  
116.800   -13.80366  
116.900   -13.81253  
117.000   -13.82140  
117.100   -13.83026  
117.200   -13.83911  
117.300   -13.84796  
117.400   -13.85680  
117.500   -13.86564  
117.600   -13.87448  
117.700   -13.88330  
117.800   -13.89213  
117.900   -13.90094  
118.000   -13.90976  
118.100   -13.91856  
118.200   -13.92737  
118.300   -13.93616  
118.400   -13.94496  
118.500   -13.95374  
118.600   -13.96252  
118.700   -13.97130  
118.800   -13.98007  
118.900   -13.98884  
119.000   -13.99760  
119.100   -14.00635  
119.200   -14.01510  
119.300   -14.02385  
119.400   -14.03259  
119.500   -14.04132  
119.600   -14.05005  
119.700   -14.05878  
119.800   -14.06750  
119.900   -14.07621  
120.000   -14.08492  
120.100   -14.09362  
120.200   -14.10232  
120.300   -14.11102  
120.400   -14.11971  
120.500   -14.12839  
120.600   -14.13707  
120.700   -14.14574  
120.800   -14.15441  
120.900   -14.16307  
121.000   -14.17173  
121.100   -14.18038  
121.200   -14.18903  
121.300   -14.19768  
121.400   -14.20631  
121.500   -14.21495  
121.600   -14.22357  
121.700   -14.23220  
121.800   -14.24081  
121.900   -14.24943  
122.000   -14.25803  
122.100   -14.26664  
122.200   -14.27524  
122.300   -14.28383  
122.400   -14.29242  
122.500   -14.30100  
122.600   -14.30958  
122.700   -14.31815  
122.800   -14.32672  
122.900   -14.33528  
123.000   -14.34383  
123.100   -14.35239  
123.200   -14.36093  
123.300   -14.36948  
123.400   -14.37802  
123.500   -14.38655  
123.600   -14.39508  
123.700   -14.40360  
123.800   -14.41212  
123.900   -14.42063  
124.000   -14.42914  
124.100   -14.43764  
124.200   -14.44614  
124.300   -14.45463  
124.400   -14.46312  
124.500   -14.47160  
124.600   -14.48008  
124.700   -14.48855  
124.800   -14.49702  
124.900   -14.50548  
125.000   -14.51394  
125.100   -14.52240  
125.200   -14.53084  
125.300   -14.53929  
125.400   -14.54773  
125.500   -14.55616  
125.600   -14.56459  
125.700   -14.57302  
125.800   -14.58143  
125.900   -14.58985  
126.000   -14.59826  
126.100   -14.60666  
126.200   -14.61506  
126.300   -14.62346  
126.400   -14.63185  
126.500   -14.64023  
126.600   -14.64862  
126.700   -14.65699  
126.800   -14.66536  
126.900   -14.67373  
127.000   -14.68209  
127.100   -14.69045  
127.200   -14.69880  
127.300   -14.70714  
127.400   -14.71549  
127.500   -14.72382  
127.600   -14.73216  
127.700   -14.74048  
127.800   -14.74881  
127.900   -14.75712  
128.000   -14.76544  
128.100   -14.77375  
128.200   -14.78205  
128.300   -14.79035  
128.400   -14.79864  
128.500   -14.80693  
128.600   -14.81522  
128.700   -14.82350  
128.800   -14.83177  
128.900   -14.84004  
129.000   -14.84831  
129.100   -14.85657  
129.200   -14.86482  
129.300   -14.87307  
129.400   -14.88132  
129.500   -14.88956  
129.600   -14.89780  
129.700   -14.90603  
129.800   -14.91426  
129.900   -14.92248  
130.000   -14.93070  
130.100   -14.93892  
130.200   -14.94712  
130.300   -14.95533  
130.400   -14.96353  
130.500   -14.97172  
130.600   -14.97991  
130.700   -14.98810  
130.800   -14.99628  
130.900   -15.00446  
131.000   -15.01263  
131.100   -15.02079  
131.200   -15.02896  
131.300   -15.03711  
131.400   -15.04527  
131.500   -15.05342  
131.600   -15.06156  
131.700   -15.06970  
131.800   -15.07783  
131.900   -15.08596  
132.000   -15.09409  
132.100   -15.10221  
132.200   -15.11032  
132.300   -15.11843  
132.400   -15.12654  
132.500   -15.13464  
132.600   -15.14274  
132.700   -15.15083  
132.800   -15.15892  
132.900   -15.16700  
133.000   -15.17508  
133.100   -15.18316  
133.200   -15.19123  
133.300   -15.19929  
133.400   -15.20735  
133.500   -15.21541  
133.600   -15.22346  
133.700   -15.23151  
133.800   -15.23955  
133.900   -15.24759  
134.000   -15.25562  
134.100   -15.26365  
134.200   -15.27167  
134.300   -15.27969  
134.400   -15.28771  
134.500   -15.29572  
134.600   -15.30373  
134.700   -15.31173  
134.800   -15.31972  
134.900   -15.32772  
135.000   -15.33571  
135.100   -15.34369  
135.200   -15.35167  
135.300   -15.35964  
135.400   -15.36761  
135.500   -15.37558  
135.600   -15.38354  
135.700   -15.39150  
135.800   -15.39945  
135.900   -15.40739  
136.000   -15.41534  
136.100   -15.42328  
136.200   -15.43121  
136.300   -15.43914  
136.400   -15.44707  
136.500   -15.45499  
136.600   -15.46290  
136.700   -15.47081  
136.800   -15.47872  
136.900   -15.48662  
137.000   -15.49452  
137.100   -15.50242  
137.200   -15.51031  
137.300   -15.51819  
137.400   -15.52607  
137.500   -15.53395  
137.600   -15.54182  
137.700   -15.54969  
137.800   -15.55755  
137.900   -15.56541  
138.000   -15.57326  
138.100   -15.58111  
138.200   -15.58896  
138.300   -15.59680  
138.400   -15.60464  
138.500   -15.61247  
138.600   -15.62030  
138.700   -15.62812  
138.800   -15.63594  
138.900   -15.64376  
139.000   -15.65157  
139.100   -15.65937  
139.200   -15.66717  
139.300   -15.67497  
139.400   -15.68276  
139.500   -15.69055  
139.600   -15.69834  
139.700   -15.70612  
139.800   -15.71389  
139.900   -15.72166  
140.000   -15.72943  
140.100   -15.73719  
140.200   -15.74495  
140.300   -15.75271  
140.400   -15.76046  
140.500   -15.76820  
140.600   -15.77594  
140.700   -15.78368  
140.800   -15.79141  
140.900   -15.79914  
141.000   -15.80686  
141.100   -15.81458  
141.200   -15.82230  
141.300   -15.83001  
141.400   -15.83771  
141.500   -15.84542  
141.600   -15.85311  
141.700   -15.86081  
141.800   -15.86850  
141.900   -15.87618  
142.000   -15.88386  
142.100   -15.89154  
142.200   -15.89921  
142.300   -15.90688  
142.400   -15.91455  
142.500   -15.92220  
142.600   -15.92986  
142.700   -15.93751  
142.800   -15.94516  
142.900   -15.95280  
143.000   -15.96044  
143.100   -15.96807  
143.200   -15.97570  
143.300   -15.98333  
143.400   -15.99095  
143.500   -15.99857  
143.600   -16.00618  
143.700   -16.01379  
143.800   -16.02140  
143.900   -16.02900  
144.000   -16.03659  
144.100   -16.04418  
144.200   -16.05177  
144.300   -16.05936  
144.400   -16.06694  
144.500   -16.07451  
144.600   -16.08208  
144.700   -16.08965  
144.800   -16.09721  
144.900   -16.10477  
145.000   -16.11232  
145.100   -16.11987  
145.200   -16.12742  
145.300   -16.13496  
145.400   -16.14250  
145.500   -16.15003  
145.600   -16.15756  
145.700   -16.16509  
145.800   -16.17261  
145.900   -16.18013  
146.000   -16.18764  
146.100   -16.19515  
146.200   -16.20265  
146.300   -16.21016  
146.400   -16.21765  
146.500   -16.22514  
146.600   -16.23263  
146.700   -16.24012  
146.800   -16.24760  
146.900   -16.25507  
147.000   -16.26254  
147.100   -16.27001  
147.200   -16.27748  
147.300   -16.28494  
147.400   -16.29239  
147.500   -16.29984  
147.600   -16.30729  
147.700   -16.31473  
147.800   -16.32217  
147.900   -16.32961  
148.000   -16.33704  
148.100   -16.34446  
148.200   -16.35189  
148.300   -16.35931  
148.400   -16.36672  
148.500   -16.37413  
148.600   -16.38154  
148.700   -16.38894  
148.800   -16.39634  
148.900   -16.40373  
149.000   -16.41112  
149.100   -16.41851  
149.200   -16.42589  
149.300   -16.43327  
149.400   -16.44065  
149.500   -16.44802  
149.600   -16.45538  
149.700   -16.46275  
149.800   -16.47010  
149.900   -16.47746  
150.000   -16.48481  
150.100   -16.49215  
150.200   -16.49950  
150.300   -16.50683  
150.400   -16.51417  
150.500   -16.52150  
150.600   -16.52883  
150.700   -16.53615  
150.800   -16.54347  
150.900   -16.55078  
151.000   -16.55809  
151.100   -16.56540  
151.200   -16.57270  
151.300   -16.58000  
151.400   -16.58729  
151.500   -16.59458  
151.600   -16.60187  
151.700   -16.60915  
151.800   -16.61643  
151.900   -16.62370  
152.000   -16.63097  
152.100   -16.63824  
152.200   -16.64550  
152.300   -16.65276  
152.400   -16.66002  
152.500   -16.66727  
152.600   -16.67452  
152.700   -16.68176  
152.800   -16.68900  
152.900   -16.69623  
153.000   -16.70347  
153.100   -16.71069  
153.200   -16.71792  
153.300   -16.72514  
153.400   -16.73235  
153.500   -16.73956  
153.600   -16.74677  
153.700   -16.75398  
153.800   -16.76118  
153.900   -16.76837  
154.000   -16.77556  
154.100   -16.78275  
154.200   -16.78994  
154.300   -16.79712  
154.400   -16.80430  
154.500   -16.81147  
154.600   -16.81864  
154.700   -16.82580  
154.800   -16.83296  
154.900   -16.84012  
155.000   -16.84728  
155.100   -16.85443  
155.200   -16.86157  
155.300   -16.86871  
155.400   -16.87585  
155.500   -16.88299  
155.600   -16.89012  
155.700   -16.89724  
155.800   -16.90437  
155.900   -16.91149  
156.000   -16.91860  
156.100   -16.92571  
156.200   -16.93282  
156.300   -16.93992  
156.400   -16.94702  
156.500   -16.95412  
156.600   -16.96121  
156.700   -16.96830  
156.800   -16.97539  
156.900   -16.98247  
157.000   -16.98954  
157.100   -16.99662  
157.200   -17.00369  
157.300   -17.01075  
157.400   -17.01781  
157.500   -17.02487  
157.600   -17.03193  
157.700   -17.03898  
157.800   -17.04602  
157.900   -17.05307  
158.000   -17.06011  
158.100   -17.06714  
158.200   -17.07417  
158.300   -17.08120  
158.400   -17.08822  
158.500   -17.09524  
158.600   -17.10226  
158.700   -17.10927  
158.800   -17.11628  
158.900   -17.12329  
159.000   -17.13029  
159.100   -17.13729  
159.200   -17.14428  
159.300   -17.15127  
159.400   -17.15826  
159.500   -17.16524  
159.600   -17.17222  
159.700   -17.17920  
159.800   -17.18617  
159.900   -17.19314  
160.000   -17.20010  
160.100   -17.20706  
160.200   -17.21402  
160.300   -17.22097  
160.400   -17.22792  
160.500   -17.23487  
160.600   -17.24181  
160.700   -17.24875  
160.800   -17.25568  
160.900   -17.26261  
161.000   -17.26954  
161.100   -17.27646  
161.200   -17.28338  
161.300   -17.29030  
161.400   -17.29721  
161.500   -17.30412  
161.600   -17.31103  
161.700   -17.31793  
161.800   -17.32482  
161.900   -17.33172  
162.000   -17.33861  
162.100   -17.34550  
162.200   -17.35238  
162.300   -17.35926  
162.400   -17.36613  
162.500   -17.37301  
162.600   -17.37987  
162.700   -17.38674  
162.800   -17.39360  
162.900   -17.40046  
163.000   -17.40731  
163.100   -17.41416  
163.200   -17.42101  
163.300   -17.42785  
163.400   -17.43469  
163.500   -17.44153  
163.600   -17.44836  
163.700   -17.45519  
163.800   -17.46201  
163.900   -17.46883  
164.000   -17.47565  
164.100   -17.48247  
164.200   -17.48928  
164.300   -17.49608  
164.400   -17.50289  
164.500   -17.50969  
164.600   -17.51648  
164.700   -17.52327  
164.800   -17.53006  
164.900   -17.53685  
165.000   -17.54363  
165.100   -17.55041  
165.200   -17.55718  
165.300   -17.56395  
165.400   -17.57072  
165.500   -17.57748  
165.600   -17.58424  
165.700   -17.59100  
165.800   -17.59775  
165.900   -17.60450  
166.000   -17.61125  
166.100   -17.61799  
166.200   -17.62473  
166.300   -17.63147  
166.400   -17.63820  
166.500   -17.64493  
166.600   -17.65165  
166.700   -17.65837  
166.800   -17.66509  
166.900   -17.67180  
167.000   -17.67851  
167.100   -17.68522  
167.200   -17.69192  
167.300   -17.69862  
167.400   -17.70532  
167.500   -17.71201  
167.600   -17.71870  
167.700   -17.72539  
167.800   -17.73207  
167.900   -17.73875  
168.000   -17.74542  
168.100   -17.75209  
168.200   -17.75876  
168.300   -17.76543  
168.400   -17.77209  
168.500   -17.77874  
168.600   -17.78540  
168.700   -17.79205  
168.800   -17.79870  
168.900   -17.80534  
169.000   -17.81198  
169.100   -17.81862  
169.200   -17.82525  
169.300   -17.83188  
169.400   -17.83851  
169.500   -17.84513  
169.600   -17.85175  
169.700   -17.85836  
169.800   -17.86498  
169.900   -17.87158  
170.000   -17.87819  
170.100   -17.88479  
170.200   -17.89139  
170.300   -17.89799  
170.400   -17.90458  
170.500   -17.91116  
170.600   -17.91775  
170.700   -17.92433  
170.800   -17.93091  
170.900   -17.93748  
171.000   -17.94405  
171.100   -17.95062  
171.200   -17.95718  
171.300   -17.96374  
171.400   -17.97030  
171.500   -17.97686  
171.600   -17.98341  
171.700   -17.98995  
171.800   -17.99650  
171.900   -18.00304  
172.000   -18.00957  
172.100   -18.01611  
172.200   -18.02263  
172.300   -18.02916  
172.400   -18.03568  
172.500   -18.04220  
172.600   -18.04872  
172.700   -18.05523  
172.800   -18.06174  
172.900   -18.06825  
173.000   -18.07475  
173.100   -18.08125  
173.200   -18.08774  
173.300   -18.09424  
173.400   -18.10072  
173.500   -18.10721  
173.600   -18.11369  
173.700   -18.12017  
173.800   -18.12665  
173.900   -18.13312  
174.000   -18.13959  
174.100   -18.14605  
174.200   -18.15251  
174.300   -18.15897  
174.400   -18.16543  
174.500   -18.17188  
174.600   -18.17833  
174.700   -18.18477  
174.800   -18.19121  
174.900   -18.19765  
175.000   -18.20409  
175.100   -18.21052  
175.200   -18.21695  
175.300   -18.22337  
175.400   -18.22979  
175.500   -18.23621  
175.600   -18.24263  
175.700   -18.24904  
175.800   -18.25545  
175.900   -18.26185  
176.000   -18.26825  
176.100   -18.27465  
176.200   -18.28105  
176.300   -18.28744  
176.400   -18.29383  
176.500   -18.30021  
176.600   -18.30659  
176.700   -18.31297  
176.800   -18.31935  
176.900   -18.32572  
177.000   -18.33209  
177.100   -18.33845  
177.200   -18.34481  
177.300   -18.35117  
177.400   -18.35753  
177.500   -18.36388  
177.600   -18.37023  
177.700   -18.37657  
177.800   -18.38291  
177.900   -18.38925  
178.000   -18.39559  
178.100   -18.40192  
178.200   -18.40825  
178.300   -18.41457  
178.400   -18.42090  
178.500   -18.42722  
178.600   -18.43353  
178.700   -18.43984  
178.800   -18.44615  
178.900   -18.45246  
179.000   -18.45876  
179.100   -18.46506  
179.200   -18.47136  
179.300   -18.47765  
179.400   -18.48394  
179.500   -18.49023  
179.600   -18.49651  
179.700   -18.50279  
179.800   -18.50906  
179.900   -18.51534  
180.000   -18.52161  
180.100   -18.52787  
180.200   -18.53414  
180.300   -18.54040  
180.400   -18.54666  
180.500   -18.55291  
180.600   -18.55916  
180.700   -18.56541  
180.800   -18.57165  
180.900   -18.57789  
181.000   -18.58413  
181.100   -18.59037  
181.200   -18.59660  
181.300   -18.60282  
181.400   -18.60905  
181.500   -18.61527  
181.600   -18.62149  
181.700   -18.62771  
181.800   -18.63392  
181.900   -18.64013  
182.000   -18.64633  
182.100   -18.65253  
182.200   -18.65873  
182.300   -18.66493  
182.400   -18.67112  
182.500   -18.67731  
182.600   -18.68350  
182.700   -18.68968  
182.800   -18.69586  
182.900   -18.70204  
183.000   -18.70821  
183.100   -18.71438  
183.200   -18.72055  
183.300   -18.72672  
183.400   -18.73288  
183.500   -18.73903  
183.600   -18.74519  
183.700   -18.75134  
183.800   -18.75749  
183.900   -18.76363  
184.000   -18.76978  
184.100   -18.77591  
184.200   -18.78205  
184.300   -18.78818  
184.400   -18.79431  
184.500   -18.80044  
184.600   -18.80656  
184.700   -18.81268  
184.800   -18.81880  
184.900   -18.82491  
185.000   -18.83102  
185.100   -18.83713  
185.200   -18.84323  
185.300   -18.84934  
185.400   -18.85543  
185.500   -18.86153  
185.600   -18.86762  
185.700   -18.87371  
185.800   -18.87979  
185.900   -18.88588  
186.000   -18.89195  
186.100   -18.89803  
186.200   -18.90410  
186.300   -18.91017  
186.400   -18.91624  
186.500   -18.92230  
186.600   -18.92836  
186.700   -18.93442  
186.800   -18.94048  
186.900   -18.94653  
187.000   -18.95258  
187.100   -18.95862  
187.200   -18.96466  
187.300   -18.97070  
187.400   -18.97674  
187.500   -18.98277  
187.600   -18.98880  
187.700   -18.99483  
187.800   -19.00085  
187.900   -19.00687  
188.000   -19.01289  
188.100   -19.01890  
188.200   -19.02491  
188.300   -19.03092  
188.400   -19.03692  
188.500   -19.04293  
188.600   -19.04892  
188.700   -19.05492  
188.800   -19.06091  
188.900   -19.06690  
189.000   -19.07289  
189.100   -19.07887  
189.200   -19.08485  
189.300   -19.09083  
189.400   -19.09680  
189.500   -19.10278  
189.600   -19.10874  
189.700   -19.11471  
189.800   -19.12067  
189.900   -19.12663  
190.000   -19.13258  
190.100   -19.13854  
190.200   -19.14449  
190.300   -19.15043  
190.400   -19.15638  
190.500   -19.16232  
190.600   -19.16826  
190.700   -19.17419  
190.800   -19.18012  
190.900   -19.18605  
191.000   -19.19198  
191.100   -19.19790  
191.200   -19.20382  
191.300   -19.20973  
191.400   -19.21565  
191.500   -19.22156  
191.600   -19.22747  
191.700   -19.23337  
191.800   -19.23927  
191.900   -19.24517  
192.000   -19.25106  
192.100   -19.25696  
192.200   -19.26285  
192.300   -19.26873  
192.400   -19.27462  
192.500   -19.28050  
192.600   -19.28637  
192.700   -19.29225  
192.800   -19.29812  
192.900   -19.30399  
193.000   -19.30985  
193.100   -19.31572  
193.200   -19.32157  
193.300   -19.32743  
193.400   -19.33328  
193.500   -19.33913  
193.600   -19.34498  
193.700   -19.35083  
193.800   -19.35667  
193.900   -19.36251  
194.000   -19.36834  
194.100   -19.37417  
194.200   -19.38000  
194.300   -19.38583  
194.400   -19.39165  
194.500   -19.39747  
194.600   -19.40329  
194.700   -19.40911  
194.800   -19.41492  
194.900   -19.42073  
195.000   -19.42653  
195.100   -19.43234  
195.200   -19.43814  
195.300   -19.44393  
195.400   -19.44973  
195.500   -19.45552  
195.600   -19.46131  
195.700   -19.46709  
195.800   -19.47287  
195.900   -19.47865  
196.000   -19.48443  
196.100   -19.49020  
196.200   -19.49597  
196.300   -19.50174  
196.400   -19.50751  
196.500   -19.51327  
196.600   -19.51903  
196.700   -19.52478  
196.800   -19.53054  
196.900   -19.53629  
197.000   -19.54203  
197.100   -19.54778  
197.200   -19.55352  
197.300   -19.55926  
197.400   -19.56499  
197.500   -19.57072  
197.600   -19.57645  
197.700   -19.58218  
197.800   -19.58790  
197.900   -19.59363  
198.000   -19.59934  
198.100   -19.60506  
198.200   -19.61077  
198.300   -19.61648  
198.400   -19.62219  
198.500   -19.62789  
198.600   -19.63359  
198.700   -19.63929  
198.800   -19.64498  
198.900   -19.65067  
199.000   -19.65636  
199.100   -19.66205  
199.200   -19.66773  
199.300   -19.67341  
199.400   -19.67909  
199.500   -19.68476  
199.600   -19.69044  
199.700   -19.69610  
199.800   -19.70177  
199.900   -19.70743  
200.000   -19.71309  
200.100   -19.71875  
200.200   -19.72441  
200.300   -19.73006  
200.400   -19.73571  
200.500   -19.74135  
200.600   -19.74699  
200.700   -19.75263  
200.800   -19.75827  
200.900   -19.76391  
201.000   -19.76954  
201.100   -19.77517  
201.200   -19.78079  
201.300   -19.78642  
201.400   -19.79204  
201.500   -19.79765  
201.600   -19.80327  
201.700   -19.80888  
201.800   -19.81449  
201.900   -19.82009  
202.000   -19.82570  
202.100   -19.83130  
202.200   -19.83689  
202.300   -19.84249  
202.400   -19.84808  
202.500   -19.85367  
202.600   -19.85926  
202.700   -19.86484  
202.800   -19.87042  
202.900   -19.87600  
203.000   -19.88157  
203.100   -19.88714  
203.200   -19.89271  
203.300   -19.89828  
203.400   -19.90384  
203.500   -19.90940  
203.600   -19.91496  
203.700   -19.92052  
203.800   -19.92607  
203.900   -19.93162  
204.000   -19.93716  
204.100   -19.94271  
204.200   -19.94825  
204.300   -19.95379  
204.400   -19.95932  
204.500   -19.96485  
204.600   -19.97038  
204.700   -19.97591  
204.800   -19.98144  
204.900   -19.98696  
205.000   -19.99247  
205.100   -19.99799  
205.200   -20.00350  
205.300   -20.00901  
205.400   -20.01452  
205.500   -20.02003  
205.600   -20.02553  
205.700   -20.03103  
205.800   -20.03652  
205.900   -20.04202  
206.000   -20.04751  
206.100   -20.05300  
206.200   -20.05848  
206.300   -20.06396  
206.400   -20.06944  
206.500   -20.07492  
206.600   -20.08039  
206.700   -20.08586  
206.800   -20.09133  
206.900   -20.09680  
207.000   -20.10226  
207.100   -20.10772  
207.200   -20.11318  
207.300   -20.11863  
207.400   -20.12409  
207.500   -20.12954  
207.600   -20.13498  
207.700   -20.14043  
207.800   -20.14587  
207.900   -20.15130  
208.000   -20.15674  
208.100   -20.16217  
208.200   -20.16760  
208.300   -20.17303  
208.400   -20.17845  
208.500   -20.18388  
208.600   -20.18930  
208.700   -20.19471  
208.800   -20.20012  
208.900   -20.20554  
209.000   -20.21094  
209.100   -20.21635  
209.200   -20.22175  
209.300   -20.22715  
209.400   -20.23255  
209.500   -20.23794  
209.600   -20.24333  
209.700   -20.24872  
209.800   -20.25411  
209.900   -20.25949  
210.000   -20.26487  
210.100   -20.27025  
210.200   -20.27563  
210.300   -20.28100  
210.400   -20.28637  
210.500   -20.29174  
210.600   -20.29710  
210.700   -20.30246  
210.800   -20.30782  
210.900   -20.31318  
211.000   -20.31853  
211.100   -20.32388  
211.200   -20.32923  
211.300   -20.33458  
211.400   -20.33992  
211.500   -20.34526  
211.600   -20.35060  
211.700   -20.35593  
211.800   -20.36126  
211.900   -20.36659  
212.000   -20.37192  
212.100   -20.37724  
212.200   -20.38257  
212.300   -20.38788  
212.400   -20.39320  
212.500   -20.39851  
212.600   -20.40382  
212.700   -20.40913  
212.800   -20.41444  
212.900   -20.41974  
213.000   -20.42504  
213.100   -20.43034  
213.200   -20.43563  
213.300   -20.44092  
213.400   -20.44621  
213.500   -20.45150  
213.600   -20.45678  
213.700   -20.46206  
213.800   -20.46734  
213.900   -20.47262  
214.000   -20.47789  
214.100   -20.48316  
214.200   -20.48843  
214.300   -20.49370  
214.400   -20.49896  
214.500   -20.50422  
214.600   -20.50947  
214.700   -20.51473  
214.800   -20.51998  
214.900   -20.52523  
215.000   -20.53048  
215.100   -20.53572  
215.200   -20.54096  
215.300   -20.54620  
215.400   -20.55144  
215.500   -20.55667  
215.600   -20.56190  
215.700   -20.56713  
215.800   -20.57235  
215.900   -20.57758  
216.000   -20.58280  
216.100   -20.58802  
216.200   -20.59323  
216.300   -20.59844  
216.400   -20.60365  
216.500   -20.60886  
216.600   -20.61406  
216.700   -20.61926  
216.800   -20.62446  
216.900   -20.62966  
217.000   -20.63485  
217.100   -20.64005  
217.200   -20.64523  
217.300   -20.65042  
217.400   -20.65560  
217.500   -20.66078  
217.600   -20.66596  
217.700   -20.67114  
217.800   -20.67631  
217.900   -20.68148  
218.000   -20.68665  
218.100   -20.69181  
218.200   -20.69698  
218.300   -20.70214  
218.400   -20.70729  
218.500   -20.71245  
218.600   -20.71760  
218.700   -20.72275  
218.800   -20.72790  
218.900   -20.73304  
219.000   -20.73818  
219.100   -20.74332  
219.200   -20.74846  
219.300   -20.75359  
219.400   -20.75872  
219.500   -20.76385  
219.600   -20.76898  
219.700   -20.77410  
219.800   -20.77922  
219.900   -20.78434  
220.000   -20.78946  
220.100   -20.79457  
220.200   -20.79968  
220.300   -20.80479  
220.400   -20.80989  
220.500   -20.81500  
220.600   -20.82010  
220.700   -20.82520  
220.800   -20.83029  
220.900   -20.83538  
221.000   -20.84047  
221.100   -20.84556  
221.200   -20.85065  
221.300   -20.85573  
221.400   -20.86081  
221.500   -20.86588  
221.600   -20.87096  
221.700   -20.87603  
221.800   -20.88110  
221.900   -20.88617  
222.000   -20.89123  
222.100   -20.89629  
222.200   -20.90135  
222.300   -20.90641  
222.400   -20.91146  
222.500   -20.91652  
222.600   -20.92156  
222.700   -20.92661  
222.800   -20.93165  
222.900   -20.93670  
223.000   -20.94173  
223.100   -20.94677  
223.200   -20.95180  
223.300   -20.95684  
223.400   -20.96186  
223.500   -20.96689  
223.600   -20.97191  
223.700   -20.97694  
223.800   -20.98195  
223.900   -20.98697  
224.000   -20.99198  
224.100   -20.99699  
224.200   -21.00200  
224.300   -21.00701  
224.400   -21.01201  
224.500   -21.01701  
224.600   -21.02201  
224.700   -21.02701  
224.800   -21.03200  
224.900   -21.03699  
225.000   -21.04198  
225.100   -21.04696  
225.200   -21.05195  
225.300   -21.05693  
225.400   -21.06191  
225.500   -21.06688  
225.600   -21.07185  
225.700   -21.07682  
225.800   -21.08179  
225.900   -21.08676  
226.000   -21.09172  
226.100   -21.09668  
226.200   -21.10164  
226.300   -21.10659  
226.400   -21.11155  
226.500   -21.11650  
226.600   -21.12145  
226.700   -21.12639  
226.800   -21.13133  
226.900   -21.13627  
227.000   -21.14121  
227.100   -21.14615  
227.200   -21.15108  
227.300   -21.15601  
227.400   -21.16094  
227.500   -21.16587  
227.600   -21.17079  
227.700   -21.17571  
227.800   -21.18063  
227.900   -21.18554  
228.000   -21.19045  
228.100   -21.19537  
228.200   -21.20027  
228.300   -21.20518  
228.400   -21.21008  
228.500   -21.21498  
228.600   -21.21988  
228.700   -21.22478  
228.800   -21.22967  
228.900   -21.23456  
229.000   -21.23945  
229.100   -21.24433  
229.200   -21.24922  
229.300   -21.25410  
229.400   -21.25898  
229.500   -21.26385  
229.600   -21.26873  
229.700   -21.27360  
229.800   -21.27846  
229.900   -21.28333  
230.000   -21.28819  
230.100   -21.29306  
230.200   -21.29791  
230.300   -21.30277  
230.400   -21.30762  
230.500   -21.31247  
230.600   -21.31732  
230.700   -21.32217  
230.800   -21.32701  
230.900   -21.33185  
231.000   -21.33669  
231.100   -21.34153  
231.200   -21.34636  
231.300   -21.35120  
231.400   -21.35602  
231.500   -21.36085  
231.600   -21.36568  
231.700   -21.37050  
231.800   -21.37532  
231.900   -21.38013  
232.000   -21.38495  
232.100   -21.38976  
232.200   -21.39457  
232.300   -21.39938  
232.400   -21.40418  
232.500   -21.40898  
232.600   -21.41378  
232.700   -21.41858  
232.800   -21.42337  
232.900   -21.42817  
233.000   -21.43296  
233.100   -21.43774  
233.200   -21.44253  
233.300   -21.44731  
233.400   -21.45209  
233.500   -21.45687  
233.600   -21.46165  
233.700   -21.46642  
233.800   -21.47119  
233.900   -21.47596  
234.000   -21.48072  
234.100   -21.48549  
234.200   -21.49025  
234.300   -21.49501  
234.400   -21.49976  
234.500   -21.50452  
234.600   -21.50927  
234.700   -21.51402  
234.800   -21.51876  
234.900   -21.52351  
235.000   -21.52825  
235.100   -21.53299  
235.200   -21.53772  
235.300   -21.54246  
235.400   -21.54719  
235.500   -21.55192  
235.600   -21.55665  
235.700   -21.56137  
235.800   -21.56609  
235.900   -21.57081  
236.000   -21.57553  
236.100   -21.58025  
236.200   -21.58496  
236.300   -21.58967  
236.400   -21.59438  
236.500   -21.59908  
236.600   -21.60379  
236.700   -21.60849  
236.800   -21.61319  
236.900   -21.61788  
237.000   -21.62258  
237.100   -21.62727  
237.200   -21.63195  
237.300   -21.63664  
237.400   -21.64133  
237.500   -21.64601  
237.600   -21.65069  
237.700   -21.65536  
237.800   -21.66004  
237.900   -21.66471  
238.000   -21.66938  
238.100   -21.67405  
238.200   -21.67871  
238.300   -21.68337  
238.400   -21.68803  
238.500   -21.69269  
238.600   -21.69735  
238.700   -21.70200  
238.800   -21.70665  
238.900   -21.71130  
239.000   -21.71595  
239.100   -21.72059  
239.200   -21.72523  
239.300   -21.72987  
239.400   -21.73451  
239.500   -21.73914  
239.600   -21.74377  
239.700   -21.74840  
239.800   -21.75303  
239.900   -21.75765  
240.000   -21.76227  
240.100   -21.76689  
240.200   -21.77151  
240.300   -21.77613  
240.400   -21.78074  
240.500   -21.78535  
240.600   -21.78996  
240.700   -21.79456  
240.800   -21.79917  
240.900   -21.80377  
241.000   -21.80837  
241.100   -21.81296  
241.200   -21.81756  
241.300   -21.82215  
241.400   -21.82674  
241.500   -21.83133  
241.600   -21.83591  
241.700   -21.84049  
241.800   -21.84507  
241.900   -21.84965  
242.000   -21.85423  
242.100   -21.85880  
242.200   -21.86337  
242.300   -21.86794  
242.400   -21.87250  
242.500   -21.87707  
242.600   -21.88163  
242.700   -21.88619  
242.800   -21.89074  
242.900   -21.89530  
243.000   -21.89985  
243.100   -21.90440  
243.200   -21.90895  
243.300   -21.91349  
243.400   -21.91803  
243.500   -21.92257  
243.600   -21.92711  
243.700   -21.93165  
243.800   -21.93618  
243.900   -21.94071  
244.000   -21.94524  
244.100   -21.94977  
244.200   -21.95429  
244.300   -21.95881  
244.400   -21.96333  
244.500   -21.96785  
244.600   -21.97236  
244.700   -21.97687  
244.800   -21.98138  
244.900   -21.98589  
245.000   -21.99040  
245.100   -21.99490  
245.200   -21.99940  
245.300   -22.00390  
245.400   -22.00840  
245.500   -22.01289  
245.600   -22.01738  
245.700   -22.02187  
245.800   -22.02636  
245.900   -22.03084  
246.000   -22.03532  
246.100   -22.03980  
246.200   -22.04428  
246.300   -22.04876  
246.400   -22.05323  
246.500   -22.05770  
246.600   -22.06217  
246.700   -22.06664  
246.800   -22.07110  
246.900   -22.07556  
247.000   -22.08002  
247.100   -22.08448  
247.200   -22.08893  
247.300   -22.09339  
247.400   -22.09784  
247.500   -22.10228  
247.600   -22.10673  
247.700   -22.11117  
247.800   -22.11561  
247.900   -22.12005  
248.000   -22.12449  
248.100   -22.12892  
248.200   -22.13335  
248.300   -22.13778  
248.400   -22.14221  
248.500   -22.14664  
248.600   -22.15106  
248.700   -22.15548  
248.800   -22.15990  
248.900   -22.16431  
249.000   -22.16873  
249.100   -22.17314  
249.200   -22.17755  
249.300   -22.18195  
249.400   -22.18636  
249.500   -22.19076  
249.600   -22.19516  
249.700   -22.19956  
249.800   -22.20395  
249.900   -22.20835  
250.000   -22.21274  
250.100   -22.21713  
250.200   -22.22151  
250.300   -22.22590  
250.400   -22.23028  
250.500   -22.23466  
250.600   -22.23904  
250.700   -22.24341  
250.800   -22.24778  
250.900   -22.25215  
251.000   -22.25652  
251.100   -22.26089  
251.200   -22.26525  
251.300   -22.26961  
251.400   -22.27397  
251.500   -22.27833  
251.600   -22.28268  
251.700   -22.28704  
251.800   -22.29139  
251.900   -22.29573  
252.000   -22.30008  
252.100   -22.30442  
252.200   -22.30876  
252.300   -22.31310  
252.400   -22.31744  
252.500   -22.32177  
252.600   -22.32611  
252.700   -22.33044  
252.800   -22.33476  
252.900   -22.33909  
253.000   -22.34341  
253.100   -22.34773  
253.200   -22.35205  
253.300   -22.35637  
253.400   -22.36068  
253.500   -22.36500  
253.600   -22.36931  
253.700   -22.37361  
253.800   -22.37792  
253.900   -22.38222  
254.000   -22.38652  
254.100   -22.39082  
254.200   -22.39512  
254.300   -22.39941  
254.400   -22.40370  
254.500   -22.40799  
254.600   -22.41228  
254.700   -22.41656  
254.800   -22.42085  
254.900   -22.42513  
255.000   -22.42941  
255.100   -22.43368  
255.200   -22.43796  
255.300   -22.44223  
255.400   -22.44650  
255.500   -22.45077  
255.600   -22.45503  
255.700   -22.45929  
255.800   -22.46355  
255.900   -22.46781  
256.000   -22.47207  
256.100   -22.47632  
256.200   -22.48058  
256.300   -22.48482  
256.400   -22.48907  
256.500   -22.49332  
256.600   -22.49756  
256.700   -22.50180  
256.800   -22.50604  
256.900   -22.51028  
257.000   -22.51451  
257.100   -22.51874  
257.200   -22.52297  
257.300   -22.52720  
257.400   -22.53142  
257.500   -22.53565  
257.600   -22.53987  
257.700   -22.54409  
257.800   -22.54830  
257.900   -22.55252  
258.000   -22.55673  
258.100   -22.56094  
258.200   -22.56515  
258.300   -22.56935  
258.400   -22.57356  
258.500   -22.57776  
258.600   -22.58196  
258.700   -22.58615  
258.800   -22.59035  
258.900   -22.59454  
259.000   -22.59873  
259.100   -22.60292  
259.200   -22.60710  
259.300   -22.61129  
259.400   -22.61547  
259.500   -22.61965  
259.600   -22.62382  
259.700   -22.62800  
259.800   -22.63217  
259.900   -22.63634  
260.000   -22.64051  
260.100   -22.64467  
260.200   -22.64884  
260.300   -22.65300  
260.400   -22.65716  
260.500   -22.66132  
260.600   -22.66547  
260.700   -22.66962  
260.800   -22.67377  
260.900   -22.67792  
261.000   -22.68207  
261.100   -22.68621  
261.200   -22.69036  
261.300   -22.69449  
261.400   -22.69863  
261.500   -22.70277  
261.600   -22.70690  
261.700   -22.71103  
261.800   -22.71516  
261.900   -22.71929  
262.000   -22.72341  
262.100   -22.72753  
262.200   -22.73165  
262.300   -22.73577  
262.400   -22.73989  
262.500   -22.74400  
262.600   -22.74811  
262.700   -22.75222  
262.800   -22.75633  
262.900   -22.76044  
263.000   -22.76454  
263.100   -22.76864  
263.200   -22.77274  
263.300   -22.77683  
263.400   -22.78093  
263.500   -22.78502  
263.600   -22.78911  
263.700   -22.79320  
263.800   -22.79728  
263.900   -22.80137  
264.000   -22.80545  
264.100   -22.80953  
264.200   -22.81360  
264.300   -22.81768  
264.400   -22.82175  
264.500   -22.82582  
264.600   -22.82989  
264.700   -22.83396  
264.800   -22.83802  
264.900   -22.84208  
265.000   -22.84614  
265.100   -22.85020  
265.200   -22.85425  
265.300   -22.85831  
265.400   -22.86236  
265.500   -22.86641  
265.600   -22.87046  
265.700   -22.87450  
265.800   -22.87854  
265.900   -22.88258  
266.000   -22.88662  
266.100   -22.89066  
266.200   -22.89469  
266.300   -22.89872  
266.400   -22.90275  
266.500   -22.90678  
266.600   -22.91081  
266.700   -22.91483  
266.800   -22.91885  
266.900   -22.92287  
267.000   -22.92689  
267.100   -22.93090  
267.200   -22.93491  
267.300   -22.93892  
267.400   -22.94293  
267.500   -22.94694  
267.600   -22.95094  
267.700   -22.95494  
267.800   -22.95894  
267.900   -22.96294  
268.000   -22.96694  
268.100   -22.97093  
268.200   -22.97492  
268.300   -22.97891  
268.400   -22.98290  
268.500   -22.98688  
268.600   -22.99086  
268.700   -22.99485  
268.800   -22.99882  
268.900   -23.00280  
269.000   -23.00677  
269.100   -23.01075  
269.200   -23.01472  
269.300   -23.01868  
269.400   -23.02265  
269.500   -23.02661  
269.600   -23.03058  
269.700   -23.03453  
269.800   -23.03849  
269.900   -23.04245  
270.000   -23.04640  
270.100   -23.05035  
270.200   -23.05430  
270.300   -23.05825  
270.400   -23.06219  
270.500   -23.06613  
270.600   -23.07007  
270.700   -23.07401  
270.800   -23.07795  
270.900   -23.08188  
271.000   -23.08581  
271.100   -23.08974  
271.200   -23.09367  
271.300   -23.09760  
271.400   -23.10152  
271.500   -23.10544  
271.600   -23.10936  
271.700   -23.11328  
271.800   -23.11719  
271.900   -23.12111  
272.000   -23.12502  
272.100   -23.12893  
272.200   -23.13283  
272.300   -23.13674  
272.400   -23.14064  
272.500   -23.14454  
272.600   -23.14844  
272.700   -23.15233  
272.800   -23.15623  
272.900   -23.16012  
273.000   -23.16401  
273.100   -23.16790  
273.200   -23.17178  
273.300   -23.17567  
273.400   -23.17955  
273.500   -23.18343  
273.600   -23.18731  
273.700   -23.19118  
273.800   -23.19505  
273.900   -23.19892  
274.000   -23.20279  
274.100   -23.20666  
274.200   -23.21052  
274.300   -23.21439  
274.400   -23.21825  
274.500   -23.22211  
274.600   -23.22596  
274.700   -23.22982  
274.800   -23.23367  
274.900   -23.23752  
275.000   -23.24137  
275.100   -23.24521  
275.200   -23.24906  
275.300   -23.25290  
275.400   -23.25674  
275.500   -23.26058  
275.600   -23.26441  
275.700   -23.26824  
275.800   -23.27208  
275.900   -23.27591  
276.000   -23.27973  
276.100   -23.28356  
276.200   -23.28738  
276.300   -23.29120  
276.400   -23.29502  
276.500   -23.29884  
276.600   -23.30265  
276.700   -23.30646  
276.800   -23.31027  
276.900   -23.31408  
277.000   -23.31789  
277.100   -23.32169  
277.200   -23.32550  
277.300   -23.32930  
277.400   -23.33309  
277.500   -23.33689  
277.600   -23.34068  
277.700   -23.34448  
277.800   -23.34827  
277.900   -23.35205  
278.000   -23.35584  
278.100   -23.35962  
278.200   -23.36341  
278.300   -23.36718  
278.400   -23.37096  
278.500   -23.37474  
278.600   -23.37851  
278.700   -23.38228  
278.800   -23.38605  
278.900   -23.38982  
279.000   -23.39358  
279.100   -23.39735  
279.200   -23.40111  
279.300   -23.40487  
279.400   -23.40862  
279.500   -23.41238  
279.600   -23.41613  
279.700   -23.41988  
279.800   -23.42363  
279.900   -23.42738  
280.000   -23.43112  
280.100   -23.43486  
280.200   -23.43860  
280.300   -23.44234  
280.400   -23.44608  
280.500   -23.44981  
280.600   -23.45354  
280.700   -23.45727  
280.800   -23.46100  
280.900   -23.46473  
281.000   -23.46845  
281.100   -23.47217  
281.200   -23.47589  
281.300   -23.47961  
281.400   -23.48333  
281.500   -23.48704  
281.600   -23.49075  
281.700   -23.49446  
281.800   -23.49817  
281.900   -23.50188  
282.000   -23.50558  
282.100   -23.50928  
282.200   -23.51298  
282.300   -23.51668  
282.400   -23.52037  
282.500   -23.52407  
282.600   -23.52776  
282.700   -23.53145  
282.800   -23.53513  
282.900   -23.53882  
283.000   -23.54250  
283.100   -23.54618  
283.200   -23.54986  
283.300   -23.55354  
283.400   -23.55721  
283.500   -23.56089  
283.600   -23.56456  
283.700   -23.56823  
283.800   -23.57189  
283.900   -23.57556  
284.000   -23.57922  
284.100   -23.58288  
284.200   -23.58654  
284.300   -23.59020  
284.400   -23.59385  
284.500   -23.59750  
284.600   -23.60116  
284.700   -23.60480  
284.800   -23.60845  
284.900   -23.61209  
285.000   -23.61574  
285.100   -23.61938  
285.200   -23.62302  
285.300   -23.62665  
285.400   -23.63029  
285.500   -23.63392  
285.600   -23.63755  
285.700   -23.64118  
285.800   -23.64480  
285.900   -23.64843  
286.000   -23.65205  
286.100   -23.65567  
286.200   -23.65929  
286.300   -23.66290  
286.400   -23.66652  
286.500   -23.67013  
286.600   -23.67374  
286.700   -23.67735  
286.800   -23.68095  
286.900   -23.68456  
287.000   -23.68816  
287.100   -23.69176  
287.200   -23.69536  
287.300   -23.69895  
287.400   -23.70255  
287.500   -23.70614  
287.600   -23.70973  
287.700   -23.71332  
287.800   -23.71690  
287.900   -23.72049  
288.000   -23.72407  
288.100   -23.72765  
288.200   -23.73123  
288.300   -23.73480  
288.400   -23.73838  
288.500   -23.74195  
288.600   -23.74552  
288.700   -23.74908  
288.800   -23.75265  
288.900   -23.75621  
289.000   -23.75978  
289.100   -23.76334  
289.200   -23.76689  
289.300   -23.77045  
289.400   -23.77400  
289.500   -23.77755  
289.600   -23.78110  
289.700   -23.78465  
289.800   -23.78820  
289.900   -23.79174  
290.000   -23.79528  
290.100   -23.79882  
290.200   -23.80236  
290.300   -23.80589  
290.400   -23.80943  
290.500   -23.81296  
290.600   -23.81649  
290.700   -23.82002  
290.800   -23.82354  
290.900   -23.82707  
291.000   -23.83059  
291.100   -23.83411  
291.200   -23.83763  
291.300   -23.84114  
291.400   -23.84466  
291.500   -23.84817  
291.600   -23.85168  
291.700   -23.85518  
291.800   -23.85869  
291.900   -23.86219  
292.000   -23.86570  
292.100   -23.86919  
292.200   -23.87269  
292.300   -23.87619  
292.400   -23.87968  
292.500   -23.88317  
292.600   -23.88666  
292.700   -23.89015  
292.800   -23.89364  
292.900   -23.89712  
293.000   -23.90060  
293.100   -23.90408  
293.200   -23.90756  
293.300   -23.91104  
293.400   -23.91451  
293.500   -23.91798  
293.600   -23.92145  
293.700   -23.92492  
293.800   -23.92839  
293.900   -23.93185  
294.000   -23.93531  
294.100   -23.93877  
294.200   -23.94223  
294.300   -23.94569  
294.400   -23.94914  
294.500   -23.95259  
294.600   -23.95604  
294.700   -23.95949  
294.800   -23.96294  
294.900   -23.96638  
295.000   -23.96982  
295.100   -23.97326  
295.200   -23.97670  
295.300   -23.98014  
295.400   -23.98357  
295.500   -23.98700  
295.600   -23.99043  
295.700   -23.99386  
295.800   -23.99729  
295.900   -24.00071  
296.000   -24.00413  
296.100   -24.00756  
296.200   -24.01097  
296.300   -24.01439  
296.400   -24.01780  
296.500   -24.02122  
296.600   -24.02463  
296.700   -24.02804  
296.800   -24.03144  
296.900   -24.03485  
297.000   -24.03825  
297.100   -24.04165  
297.200   -24.04505  
297.300   -24.04845  
297.400   -24.05184  
297.500   -24.05523  
297.600   -24.05862  
297.700   -24.06201  
297.800   -24.06540  
297.900   -24.06879  
298.000   -24.07217  
298.100   -24.07555  
298.200   -24.07893  
298.300   -24.08231  
298.400   -24.08568  
298.500   -24.08905  
298.600   -24.09243  
298.700   -24.09579  
298.800   -24.09916  
298.900   -24.10253  
299.000   -24.10589  
299.100   -24.10925  
299.200   -24.11261  
299.300   -24.11597  
299.400   -24.11932  
299.500   -24.12268  
299.600   -24.12603  
299.700   -24.12938  
299.800   -24.13273  
299.900   -24.13607  
300.000   -24.13942  
300.100   -24.14276  
300.200   -24.14610  
300.300   -24.14944  
300.400   -24.15277  
300.500   -24.15611  
300.600   -24.15944  
300.700   -24.16277  
300.800   -24.16610  
300.900   -24.16942  
301.000   -24.17275  
301.100   -24.17607  
301.200   -24.17939  
301.300   -24.18271  
301.400   -24.18603  
301.500   -24.18934  
301.600   -24.19265  
301.700   -24.19596  
301.800   -24.19927  
301.900   -24.20258  
302.000   -24.20588  
302.100   -24.20919  
302.200   -24.21249  
302.300   -24.21579  
302.400   -24.21908  
302.500   -24.22238  
302.600   -24.22567  
302.700   -24.22896  
302.800   -24.23225  
302.900   -24.23554  
303.000   -24.23882  
303.100   -24.24211  
303.200   -24.24539  
303.300   -24.24867  
303.400   -24.25195  
303.500   -24.25522  
303.600   -24.25850  
303.700   -24.26177  
303.800   -24.26504  
303.900   -24.26830  
304.000   -24.27157  
304.100   -24.27483  
304.200   -24.27810  
304.300   -24.28136  
304.400   -24.28461  
304.500   -24.28787  
304.600   -24.29113  
304.700   -24.29438  
304.800   -24.29763  
304.900   -24.30088  
305.000   -24.30412  
305.100   -24.30737  
305.200   -24.31061  
305.300   -24.31385  
305.400   -24.31709  
305.500   -24.32033  
305.600   -24.32356  
305.700   -24.32679  
305.800   -24.33003  
305.900   -24.33325  
306.000   -24.33648  
306.100   -24.33971  
306.200   -24.34293  
306.300   -24.34615  
306.400   -24.34937  
306.500   -24.35259  
306.600   -24.35580  
306.700   -24.35902  
306.800   -24.36223  
306.900   -24.36544  
307.000   -24.36865  
307.100   -24.37185  
307.200   -24.37506  
307.300   -24.37826  
307.400   -24.38146  
307.500   -24.38466  
307.600   -24.38786  
307.700   -24.39105  
307.800   -24.39424  
307.900   -24.39743  
308.000   -24.40062  
308.100   -24.40381  
308.200   -24.40699  
308.300   -24.41018  
308.400   -24.41336  
308.500   -24.41654  
308.600   -24.41971  
308.700   -24.42289  
308.800   -24.42606  
308.900   -24.42923  
309.000   -24.43240  
309.100   -24.43557  
309.200   -24.43874  
309.300   -24.44190  
309.400   -24.44506  
309.500   -24.44822  
309.600   -24.45138  
309.700   -24.45453  
309.800   -24.45769  
309.900   -24.46084  
310.000   -24.46399  
310.100   -24.46714  
310.200   -24.47029  
310.300   -24.47343  
310.400   -24.47657  
310.500   -24.47971  
310.600   -24.48285  
310.700   -24.48599  
310.800   -24.48912  
310.900   -24.49226  
311.000   -24.49539  
311.100   -24.49852  
311.200   -24.50164  
311.300   -24.50477  
311.400   -24.50789  
311.500   -24.51102  
311.600   -24.51413  
311.700   -24.51725  
311.800   -24.52037  
311.900   -24.52348  
312.000   -24.52659  
312.100   -24.52970  
312.200   -24.53281  
312.300   -24.53592  
312.400   -24.53902  
312.500   -24.54213  
312.600   -24.54523  
312.700   -24.54832  
312.800   -24.55142  
312.900   -24.55452  
313.000   -24.55761  
313.100   -24.56070  
313.200   -24.56379  
313.300   -24.56688  
313.400   -24.56996  
313.500   -24.57305  
313.600   -24.57613  
313.700   -24.57921  
313.800   -24.58228  
313.900   -24.58536  
314.000   -24.58843  
314.100   -24.59151  
314.200   -24.59458  
314.300   -24.59764  
314.400   -24.60071  
314.500   -24.60377  
314.600   -24.60684  
314.700   -24.60990  
314.800   -24.61296  
314.900   -24.61601  
315.000   -24.61907  
315.100   -24.62212  
315.200   -24.62517  
315.300   -24.62822  
315.400   -24.63127  
315.500   -24.63431  
315.600   -24.63736  
315.700   -24.64040  
315.800   -24.64344  
315.900   -24.64648  
316.000   -24.64951  
316.100   -24.65255  
316.200   -24.65558  
316.300   -24.65861  
316.400   -24.66164  
316.500   -24.66466  
316.600   -24.66769  
316.700   -24.67071  
316.800   -24.67373  
316.900   -24.67675  
317.000   -24.67977  
317.100   -24.68278  
317.200   -24.68580  
317.300   -24.68881  
317.400   -24.69182  
317.500   -24.69482  
317.600   -24.69783  
317.700   -24.70083  
317.800   -24.70384  
317.900   -24.70683  
318.000   -24.70983  
318.100   -24.71283  
318.200   -24.71582  
318.300   -24.71882  
318.400   -24.72181  
318.500   -24.72480  
318.600   -24.72778  
318.700   -24.73077  
318.800   -24.73375  
318.900   -24.73673  
319.000   -24.73971  
319.100   -24.74269  
319.200   -24.74566  
319.300   -24.74864  
319.400   -24.75161  
319.500   -24.75458  
319.600   -24.75755  
319.700   -24.76051  
319.800   -24.76348  
319.900   -24.76644  
320.000   -24.76940  
320.100   -24.77236  
320.200   -24.77531  
320.300   -24.77827  
320.400   -24.78122  
320.500   -24.78417  
320.600   -24.78712  
320.700   -24.79007  
320.800   -24.79301  
320.900   -24.79596  
321.000   -24.79890  
321.100   -24.80184  
321.200   -24.80478  
321.300   -24.80771  
321.400   -24.81065  
321.500   -24.81358  
321.600   -24.81651  
321.700   -24.81944  
321.800   -24.82236  
321.900   -24.82529  
322.000   -24.82821  
322.100   -24.83113  
322.200   -24.83405  
322.300   -24.83697  
322.400   -24.83988  
322.500   -24.84280  
322.600   -24.84571  
322.700   -24.84862  
322.800   -24.85152  
322.900   -24.85443  
323.000   -24.85733  
323.100   -24.86024  
323.200   -24.86314  
323.300   -24.86603  
323.400   -24.86893  
323.500   -24.87183  
323.600   -24.87472  
323.700   -24.87761  
323.800   -24.88050  
323.900   -24.88339  
324.000   -24.88627  
324.100   -24.88915  
324.200   -24.89204  
324.300   -24.89492  
324.400   -24.89779  
324.500   -24.90067  
324.600   -24.90354  
324.700   -24.90642  
324.800   -24.90929  
324.900   -24.91215  
325.000   -24.91502  
325.100   -24.91789  
325.200   -24.92075  
325.300   -24.92361  
325.400   -24.92647  
325.500   -24.92933  
325.600   -24.93218  
325.700   -24.93503  
325.800   -24.93789  
325.900   -24.94074  
326.000   -24.94358  
326.100   -24.94643  
326.200   -24.94927  
326.300   -24.95212  
326.400   -24.95496  
326.500   -24.95780  
326.600   -24.96063  
326.700   -24.96347  
326.800   -24.96630  
326.900   -24.96913  
327.000   -24.97196  
327.100   -24.97479  
327.200   -24.97761  
327.300   -24.98044  
327.400   -24.98326  
327.500   -24.98608  
327.600   -24.98890  
327.700   -24.99171  
327.800   -24.99453  
327.900   -24.99734  
328.000   -25.00015  
328.100   -25.00296  
328.200   -25.00577  
328.300   -25.00857  
328.400   -25.01138  
328.500   -25.01418  
328.600   -25.01698  
328.700   -25.01977  
328.800   -25.02257  
328.900   -25.02536  
329.000   -25.02816  
329.100   -25.03095  
329.200   -25.03373  
329.300   -25.03652  
329.400   -25.03931  
329.500   -25.04209  
329.600   -25.04487  
329.700   -25.04765  
329.800   -25.05043  
329.900   -25.05320  
330.000   -25.05598  
330.100   -25.05875  
330.200   -25.06152  
330.300   -25.06428  
330.400   -25.06705  
330.500   -25.06981  
330.600   -25.07258  
330.700   -25.07534  
330.800   -25.07810  
330.900   -25.08085  
331.000   -25.08361  
331.100   -25.08636  
331.200   -25.08911  
331.300   -25.09186  
331.400   -25.09461  
331.500   -25.09736  
331.600   -25.10010  
331.700   -25.10284  
331.800   -25.10558  
331.900   -25.10832  
332.000   -25.11106  
332.100   -25.11379  
332.200   -25.11652  
332.300   -25.11926  
332.400   -25.12198  
332.500   -25.12471  
332.600   -25.12744  
332.700   -25.13016  
332.800   -25.13288  
332.900   -25.13560  
333.000   -25.13832  
333.100   -25.14104  
333.200   -25.14375  
333.300   -25.14646  
333.400   -25.14917  
333.500   -25.15188  
333.600   -25.15459  
333.700   -25.15730  
333.800   -25.16000  
333.900   -25.16270  
334.000   -25.16540  
334.100   -25.16810  
334.200   -25.17079  
334.300   -25.17349  
334.400   -25.17618  
334.500   -25.17887  
334.600   -25.18156  
334.700   -25.18425  
334.800   -25.18693  
334.900   -25.18961  
335.000   -25.19230  
335.100   -25.19497  
335.200   -25.19765  
335.300   -25.20033  
335.400   -25.20300  
335.500   -25.20567  
335.600   -25.20834  
335.700   -25.21101  
335.800   -25.21368  
335.900   -25.21634  
336.000   -25.21901  
336.100   -25.22167  
336.200   -25.22433  
336.300   -25.22698  
336.400   -25.22964  
336.500   -25.23229  
336.600   -25.23494  
336.700   -25.23759  
336.800   -25.24024  
336.900   -25.24289  
337.000   -25.24553  
337.100   -25.24818  
337.200   -25.25082  
337.300   -25.25345  
337.400   -25.25609  
337.500   -25.25873  
337.600   -25.26136  
337.700   -25.26399  
337.800   -25.26662  
337.900   -25.26925  
338.000   -25.27188  
338.100   -25.27450  
338.200   -25.27712  
338.300   -25.27974  
338.400   -25.28236  
338.500   -25.28498  
338.600   -25.28759  
338.700   -25.29021  
338.800   -25.29282  
338.900   -25.29543  
339.000   -25.29804  
339.100   -25.30064  
339.200   -25.30325  
339.300   -25.30585  
339.400   -25.30845  
339.500   -25.31105  
339.600   -25.31364  
339.700   -25.31624  
339.800   -25.31883  
339.900   -25.32142  
340.000   -25.32401  
340.100   -25.32660  
340.200   -25.32919  
340.300   -25.33177  
340.400   -25.33435  
340.500   -25.33693  
340.600   -25.33951  
340.700   -25.34209  
340.800   -25.34466  
340.900   -25.34724  
341.000   -25.34981  
341.100   -25.35238  
341.200   -25.35494  
341.300   -25.35751  
341.400   -25.36007  
341.500   -25.36264  
341.600   -25.36520  
341.700   -25.36775  
341.800   -25.37031  
341.900   -25.37287  
342.000   -25.37542  
342.100   -25.37797  
342.200   -25.38052  
342.300   -25.38307  
342.400   -25.38561  
342.500   -25.38816  
342.600   -25.39070  
342.700   -25.39324  
342.800   -25.39578  
342.900   -25.39831  
343.000   -25.40085  
343.100   -25.40338  
343.200   -25.40591  
343.300   -25.40844  
343.400   -25.41097  
343.500   -25.41349  
343.600   -25.41602  
343.700   -25.41854  
343.800   -25.42106  
343.900   -25.42358  
344.000   -25.42609  
344.100   -25.42861  
344.200   -25.43112  
344.300   -25.43363  
344.400   -25.43614  
344.500   -25.43865  
344.600   -25.44116  
344.700   -25.44366  
344.800   -25.44616  
344.900   -25.44866  
345.000   -25.45116  
345.100   -25.45366  
345.200   -25.45615  
345.300   -25.45864  
345.400   -25.46113  
345.500   -25.46362  
345.600   -25.46611  
345.700   -25.46860  
345.800   -25.47108  
345.900   -25.47356  
346.000   -25.47604  
346.100   -25.47852  
346.200   -25.48100  
346.300   -25.48347  
346.400   -25.48594  
346.500   -25.48841  
346.600   -25.49088  
346.700   -25.49335  
346.800   -25.49582  
346.900   -25.49828  
347.000   -25.50074  
347.100   -25.50320  
347.200   -25.50566  
347.300   -25.50812  
347.400   -25.51057  
347.500   -25.51302  
347.600   -25.51547  
347.700   -25.51792  
347.800   -25.52037  
347.900   -25.52282  
348.000   -25.52526  
348.100   -25.52770  
348.200   -25.53014  
348.300   -25.53258  
348.400   -25.53502  
348.500   -25.53745  
348.600   -25.53989  
348.700   -25.54232  
348.800   -25.54475  
348.900   -25.54717  
349.000   -25.54960  
349.100   -25.55202  
349.200   -25.55445  
349.300   -25.55687  
349.400   -25.55928  
349.500   -25.56170  
349.600   -25.56412  
349.700   -25.56653  
349.800   -25.56894  
349.900   -25.57135  
350.000   -25.57376 