 0.000     0.00000  
  0.100     0.00392  
  0.200     0.01087  
  0.300     0.01960  
  0.400     0.02962  
  0.500     0.04063  
  0.600     0.05244  
  0.700     0.06491  
  0.800     0.07791  
  0.900     0.09134  
  1.000     0.10515  
  1.100     0.11925  
  1.200     0.13361  
  1.300     0.14816  
  1.400     0.16288  
  1.500     0.17773  
  1.600     0.19267  
  1.700     0.20769  
  1.800     0.22276  
  1.900     0.23785  
  2.000     0.25296  
  2.100     0.26807  
  2.200     0.28315  
  2.300     0.29821  
  2.400     0.31323  
  2.500     0.32819  
  2.600     0.34310  
  2.700     0.35794  
  2.800     0.37270  
  2.900     0.38739  
  3.000     0.40198  
  3.100     0.41649  
  3.200     0.43091  
  3.300     0.44522  
  3.400     0.45944  
  3.500     0.47355  
  3.600     0.48756  
  3.700     0.50145  
  3.800     0.51524  
  3.900     0.52891  
  4.000     0.54247  
  4.100     0.55592  
  4.200     0.56925  
  4.300     0.58246  
  4.400     0.59556  
  4.500     0.60854  
  4.600     0.62140  
  4.700     0.63415  
  4.800     0.64677  
  4.900     0.65929  
  5.000     0.67168  
  5.100     0.68396  
  5.200     0.69612  
  5.300     0.70817  
  5.400     0.72010  
  5.500     0.73192  
  5.600     0.74362  
  5.700     0.75521  
  5.800     0.76668  
  5.900     0.77805  
  6.000     0.78930  
  6.100     0.80045  
  6.200     0.81148  
  6.300     0.82241  
  6.400     0.83322  
  6.500     0.84394  
  6.600     0.85454  
  6.700     0.86504  
  6.800     0.87544  
  6.900     0.88573  
  7.000     0.89593  
  7.100     0.90602  
  7.200     0.91601  
  7.300     0.92590  
  7.400     0.93570  
  7.500     0.94539  
  7.600     0.95500  
  7.700     0.96450  
  7.800     0.97392  
  7.900     0.98324  
  8.000     0.99246  
  8.100     1.00160  
  8.200     1.01065  
  8.300     1.01961  
  8.400     1.02848  
  8.500     1.03726  
  8.600     1.04596  
  8.700     1.05457  
  8.800     1.06310  
  8.900     1.07154  
  9.000     1.07990  
  9.100     1.08818  
  9.200     1.09638  
  9.300     1.10450  
  9.400     1.11255  
  9.500     1.12051  
  9.600     1.12840  
  9.700     1.13621  
  9.800     1.14395  
  9.900     1.15161  
 10.000     1.15920  
 10.100     1.16671  
 10.200     1.17416  
 10.300     1.18153  
 10.400     1.18884  
 10.500     1.19607  
 10.600     1.20324  
 10.700     1.21034  
 10.800     1.21737  
 10.900     1.22433  
 11.000     1.23123  
 11.100     1.23807  
 11.200     1.24484  
 11.300     1.25155  
 11.400     1.25819  
 11.500     1.26478  
 11.600     1.27130  
 11.700     1.27776  
 11.800     1.28416  
 11.900     1.29051  
 12.000     1.29679  
 12.100     1.30302  
 12.200     1.30920  
 12.300     1.31531  
 12.400     1.32137  
 12.500     1.32738  
 12.600     1.33333  
 12.700     1.33922  
 12.800     1.34507  
 12.900     1.35086  
 13.000     1.35660  
 13.100     1.36228  
 13.200     1.36792  
 13.300     1.37351  
 13.400     1.37905  
 13.500     1.38454  
 13.600     1.38998  
 13.700     1.39537  
 13.800     1.40071  
 13.900     1.40601  
 14.000     1.41126  
 14.100     1.41647  
 14.200     1.42163  
 14.300     1.42674  
 14.400     1.43181  
 14.500     1.43684  
 14.600     1.44183  
 14.700     1.44677  
 14.800     1.45167  
 14.900     1.45652  
 15.000     1.46134  
 15.100     1.46611  
 15.200     1.47085  
 15.300     1.47554  
 15.400     1.48020  
 15.500     1.48481  
 15.600     1.48939  
 15.700     1.49393  
 15.800     1.49843  
 15.900     1.50289  
 16.000     1.50731  
 16.100     1.51170  
 16.200     1.51606  
 16.300     1.52037  
 16.400     1.52465  
 16.500     1.52890  
 16.600     1.53311  
 16.700     1.53729  
 16.800     1.54143  
 16.900     1.54554  
 17.000     1.54961  
 17.100     1.55366  
 17.200     1.55767  
 17.300     1.56164  
 17.400     1.56559  
 17.500     1.56951  
 17.600     1.57339  
 17.700     1.57724  
 17.800     1.58106  
 17.900     1.58485  
 18.000     1.58861  
 18.100     1.59235  
 18.200     1.59605  
 18.300     1.59972  
 18.400     1.60337  
 18.500     1.60698  
 18.600     1.61057  
 18.700     1.61413  
 18.800     1.61767  
 18.900     1.62117  
 19.000     1.62465  
 19.100     1.62810  
 19.200     1.63153  
 19.300     1.63493  
 19.400     1.63830  
 19.500     1.64165  
 19.600     1.64497  
 19.700     1.64827  
 19.800     1.65154  
 19.900     1.65479  
 20.000     1.65801  
 20.100     1.66121  
 20.200     1.66439  
 20.300     1.66754  
 20.400     1.67067  
 20.500     1.67377  
 20.600     1.67686  
 20.700     1.67992  
 20.800     1.68295  
 20.900     1.68597  
 21.000     1.68896  
 21.100     1.69193  
 21.200     1.69488  
 21.300     1.69781  
 21.400     1.70072  
 21.500     1.70360  
 21.600     1.70647  
 21.700     1.70932  
 21.800     1.71214  
 21.900     1.71495  
 22.000     1.71773  
 22.100     1.72050  
 22.200     1.72324  
 22.300     1.72597  
 22.400     1.72867  
 22.500     1.73136  
 22.600     1.73403  
 22.700     1.73668  
 22.800     1.73931  
 22.900     1.74193  
 23.000     1.74452  
 23.100     1.74710  
 23.200     1.74966  
 23.300     1.75220  
 23.400     1.75473  
 23.500     1.75724  
 23.600     1.75973  
 23.700     1.76220  
 23.800     1.76466  
 23.900     1.76710  
 24.000     1.76953  
 24.100     1.77193  
 24.200     1.77433  
 24.300     1.77670  
 24.400     1.77906  
 24.500     1.78141  
 24.600     1.78374  
 24.700     1.78605  
 24.800     1.78835  
 24.900     1.79063  
 25.000     1.79290  
 25.100     1.79516  
 25.200     1.79740  
 25.300     1.79962  
 25.400     1.80183  
 25.500     1.80403  
 25.600     1.80621  
 25.700     1.80838  
 25.800     1.81053  
 25.900     1.81267  
 26.000     1.81480  
 26.100     1.81691  
 26.200     1.81901  
 26.300     1.82110  
 26.400     1.82317  
 26.500     1.82523  
 26.600     1.82728  
 26.700     1.82931  
 26.800     1.83134  
 26.900     1.83335  
 27.000     1.83534  
 27.100     1.83733  
 27.200     1.83930  
 27.300     1.84126  
 27.400     1.84321  
 27.500     1.84515  
 27.600     1.84708  
 27.700     1.84899  
 27.800     1.85089  
 27.900     1.85278  
 28.000     1.85466  
 28.100     1.85653  
 28.200     1.85839  
 28.300     1.86023  
 28.400     1.86207  
 28.500     1.86389  
 28.600     1.86571  
 28.700     1.86751  
 28.800     1.86930  
 28.900     1.87109  
 29.000     1.87286  
 29.100     1.87462  
 29.200     1.87637  
 29.300     1.87811  
 29.400     1.87984  
 29.500     1.88157  
 29.600     1.88328  
 29.700     1.88498  
 29.800     1.88667  
 29.900     1.88835  
 30.000     1.89003  
 30.100     1.89169  
 30.200     1.89335  
 30.300     1.89499  
 30.400     1.89663  
 30.500     1.89825  
 30.600     1.89987  
 30.700     1.90148  
 30.800     1.90308  
 30.900     1.90467  
 31.000     1.90626  
 31.100     1.90783  
 31.200     1.90940  
 31.300     1.91095  
 31.400     1.91250  
 31.500     1.91404  
 31.600     1.91558  
 31.700     1.91710  
 31.800     1.91862  
 31.900     1.92013  
 32.000     1.92163  
 32.100     1.92312  
 32.200     1.92460  
 32.300     1.92608  
 32.400     1.92755  
 32.500     1.92901  
 32.600     1.93047  
 32.700     1.93191  
 32.800     1.93335  
 32.900     1.93478  
 33.000     1.93621  
 33.100     1.93763  
 33.200     1.93904  
 33.300     1.94044  
 33.400     1.94184  
 33.500     1.94322  
 33.600     1.94461  
 33.700     1.94598  
 33.800     1.94735  
 33.900     1.94871  
 34.000     1.95007  
 34.100     1.95142  
 34.200     1.95276  
 34.300     1.95409  
 34.400     1.95542  
 34.500     1.95674  
 34.600     1.95806  
 34.700     1.95937  
 34.800     1.96067  
 34.900     1.96197  
 35.000     1.96326  
 35.100     1.96455  
 35.200     1.96583  
 35.300     1.96710  
 35.400     1.96837  
 35.500     1.96963  
 35.600     1.97088  
 35.700     1.97213  
 35.800     1.97338  
 35.900     1.97461  
 36.000     1.97585  
 36.100     1.97707  
 36.200     1.97829  
 36.300     1.97951  
 36.400     1.98072  
 36.500     1.98192  
 36.600     1.98312  
 36.700     1.98432  
 36.800     1.98551  
 36.900     1.98669  
 37.000     1.98787  
 37.100     1.98904  
 37.200     1.99021  
 37.300     1.99137  
 37.400     1.99253  
 37.500     1.99368  
 37.600     1.99483  
 37.700     1.99597  
 37.800     1.99711  
 37.900     1.99825  
 38.000     1.99938  
 38.100     2.00050  
 38.200     2.00162  
 38.300     2.00273  
 38.400     2.00384  
 38.500     2.00495  
 38.600     2.00605  
 38.700     2.00715  
 38.800     2.00824  
 38.900     2.00932  
 39.000     2.01041  
 39.100     2.01149  
 39.200     2.01256  
 39.300     2.01363  
 39.400     2.01470  
 39.500     2.01576  
 39.600     2.01681  
 39.700     2.01787  
 39.800     2.01892  
 39.900     2.01996  
 40.000     2.02100  
 40.100     2.02204  
 40.200     2.02307  
 40.300     2.02410  
 40.400     2.02512  
 40.500     2.02615  
 40.600     2.02716  
 40.700     2.02818  
 40.800     2.02919  
 40.900     2.03019  
 41.000     2.03119  
 41.100     2.03219  
 41.200     2.03319  
 41.300     2.03418  
 41.400     2.03516  
 41.500     2.03615  
 41.600     2.03713  
 41.700     2.03810  
 41.800     2.03908  
 41.900     2.04005  
 42.000     2.04101  
 42.100     2.04198  
 42.200     2.04294  
 42.300     2.04389  
 42.400     2.04484  
 42.500     2.04579  
 42.600     2.04674  
 42.700     2.04768  
 42.800     2.04862  
 42.900     2.04956  
 43.000     2.05049  
 43.100     2.05142  
 43.200     2.05235  
 43.300     2.05327  
 43.400     2.05419  
 43.500     2.05511  
 43.600     2.05603  
 43.700     2.05694  
 43.800     2.05785  
 43.900     2.05875  
 44.000     2.05966  
 44.100     2.06055  
 44.200     2.06145  
 44.300     2.06235  
 44.400     2.06324  
 44.500     2.06413  
 44.600     2.06501  
 44.700     2.06590  
 44.800     2.06678  
 44.900     2.06765  
 45.000     2.06853  
 45.100     2.06940  
 45.200     2.07027  
 45.300     2.07114  
 45.400     2.07200  
 45.500     2.07286  
 45.600     2.07372  
 45.700     2.07458  
 45.800     2.07543  
 45.900     2.07628  
 46.000     2.07713  
 46.100     2.07798  
 46.200     2.07882  
 46.300     2.07966  
 46.400     2.08050  
 46.500     2.08134  
 46.600     2.08217  
 46.700     2.08301  
 46.800     2.08384  
 46.900     2.08466  
 47.000     2.08549  
 47.100     2.08631  
 47.200     2.08713  
 47.300     2.08795  
 47.400     2.08877  
 47.500     2.08958  
 47.600     2.09039  
 47.700     2.09120  
 47.800     2.09201  
 47.900     2.09282  
 48.000     2.09362  
 48.100     2.09442  
 48.200     2.09522  
 48.300     2.09602  
 48.400     2.09681  
 48.500     2.09761  
 48.600     2.09840  
 48.700     2.09919  
 48.800     2.09997  
 48.900     2.10076  
 49.000     2.10154  
 49.100     2.10232  
 49.200     2.10310  
 49.300     2.10388  
 49.400     2.10465  
 49.500     2.10543  
 49.600     2.10620  
 49.700     2.10697  
 49.800     2.10774  
 49.900     2.10850  
 50.000     2.10927  
 50.100     2.11003  
 50.200     2.11079  
 50.300     2.11155  
 50.400     2.11231  
 50.500     2.11306  
 50.600     2.11382  
 50.700     2.11457  
 50.800     2.11532  
 50.900     2.11607  
 51.000     2.11682  
 51.100     2.11756  
 51.200     2.11831  
 51.300     2.11905  
 51.400     2.11979  
 51.500     2.12053  
 51.600     2.12127  
 51.700     2.12200  
 51.800     2.12274  
 51.900     2.12347  
 52.000     2.12420  
 52.100     2.12493  
 52.200     2.12566  
 52.300     2.12639  
 52.400     2.12712  
 52.500     2.12784  
 52.600     2.12856  
 52.700     2.12928  
 52.800     2.13000  
 52.900     2.13072  
 53.000     2.13144  
 53.100     2.13215  
 53.200     2.13287  
 53.300     2.13358  
 53.400     2.13429  
 53.500     2.13500  
 53.600     2.13571  
 53.700     2.13642  
 53.800     2.13713  
 53.900     2.13783  
 54.000     2.13854  
 54.100     2.13924  
 54.200     2.13994  
 54.300     2.14064  
 54.400     2.14134  
 54.500     2.14204  
 54.600     2.14273  
 54.700     2.14343  
 54.800     2.14412  
 54.900     2.14481  
 55.000     2.14551  
 55.100     2.14620  
 55.200     2.14689  
 55.300     2.14757  
 55.400     2.14826  
 55.500     2.14895  
 55.600     2.14963  
 55.700     2.15031  
 55.800     2.15100  
 55.900     2.15168  
 56.000     2.15236  
 56.100     2.15304  
 56.200     2.15372  
 56.300     2.15439  
 56.400     2.15507  
 56.500     2.15575  
 56.600     2.15642  
 56.700     2.15709  
 56.800     2.15776  
 56.900     2.15844  
 57.000     2.15911  
 57.100     2.15978  
 57.200     2.16044  
 57.300     2.16111  
 57.400     2.16178  
 57.500     2.16244  
 57.600     2.16311  
 57.700     2.16377  
 57.800     2.16443  
 57.900     2.16509  
 58.000     2.16575  
 58.100     2.16641  
 58.200     2.16707  
 58.300     2.16773  
 58.400     2.16839  
 58.500     2.16904  
 58.600     2.16970  
 58.700     2.17035  
 58.800     2.17101  
 58.900     2.17166  
 59.000     2.17231  
 59.100     2.17296  
 59.200     2.17361  
 59.300     2.17426  
 59.400     2.17491  
 59.500     2.17556  
 59.600     2.17621  
 59.700     2.17685  
 59.800     2.17750  
 59.900     2.17815  
 60.000     2.17879  
 60.100     2.17943  
 60.200     2.18008  
 60.300     2.18072  
 60.400     2.18136  
 60.500     2.18200  
 60.600     2.18264  
 60.700     2.18328  
 60.800     2.18392  
 60.900     2.18456  
 61.000     2.18519  
 61.100     2.18583  
 61.200     2.18647  
 61.300     2.18710  
 61.400     2.18774  
 61.500     2.18837  
 61.600     2.18900  
 61.700     2.18964  
 61.800     2.19027  
 61.900     2.19090  
 62.000     2.19153  
 62.100     2.19216  
 62.200     2.19279  
 62.300     2.19342  
 62.400     2.19405  
 62.500     2.19467  
 62.600     2.19530  
 62.700     2.19593  
 62.800     2.19655  
 62.900     2.19718  
 63.000     2.19780  
 63.100     2.19843  
 63.200     2.19905  
 63.300     2.19967  
 63.400     2.20030  
 63.500     2.20092  
 63.600     2.20154  
 63.700     2.20216  
 63.800     2.20278  
 63.900     2.20340  
 64.000     2.20402  
 64.100     2.20464  
 64.200     2.20526  
 64.300     2.20588  
 64.400     2.20650  
 64.500     2.20711  
 64.600     2.20773  
 64.700     2.20835  
 64.800     2.20896  
 64.900     2.20958  
 65.000     2.21019  
 65.100     2.21081  
 65.200     2.21142  
 65.300     2.21203  
 65.400     2.21265  
 65.500     2.21326  
 65.600     2.21387  
 65.700     2.21448  
 65.800     2.21509  
 65.900     2.21570  
 66.000     2.21632  
 66.100     2.21693  
 66.200     2.21753  
 66.300     2.21814  
 66.400     2.21875  
 66.500     2.21936  
 66.600     2.21997  
 66.700     2.22058  
 66.800     2.22119  
 66.900     2.22179  
 67.000     2.22240  
 67.100     2.22301  
 67.200     2.22361  
 67.300     2.22422  
 67.400     2.22482  
 67.500     2.22543  
 67.600     2.22603  
 67.700     2.22664  
 67.800     2.22724  
 67.900     2.22784  
 68.000     2.22845  
 68.100     2.22905  
 68.200     2.22965  
 68.300     2.23026  
 68.400     2.23086  
 68.500     2.23146  
 68.600     2.23206  
 68.700     2.23266  
 68.800     2.23326  
 68.900     2.23386  
 69.000     2.23447  
 69.100     2.23507  
 69.200     2.23566  
 69.300     2.23626  
 69.400     2.23686  
 69.500     2.23746  
 69.600     2.23806  
 69.700     2.23866  
 69.800     2.23926  
 69.900     2.23986  
 70.000     2.24045  
 70.100     2.24105  
 70.200     2.24165  
 70.300     2.24225  
 70.400     2.24284  
 70.500     2.24344  
 70.600     2.24404  
 70.700     2.24463  
 70.800     2.24523  
 70.900     2.24582  
 71.000     2.24642  
 71.100     2.24701  
 71.200     2.24761  
 71.300     2.24820  
 71.400     2.24880  
 71.500     2.24939  
 71.600     2.24999  
 71.700     2.25058  
 71.800     2.25118  
 71.900     2.25177  
 72.000     2.25236  
 72.100     2.25296  
 72.200     2.25355  
 72.300     2.25414  
 72.400     2.25474  
 72.500     2.25533  
 72.600     2.25592  
 72.700     2.25651  
 72.800     2.25711  
 72.900     2.25770  
 73.000     2.25829  
 73.100     2.25888  
 73.200     2.25947  
 73.300     2.26007  
 73.400     2.26066  
 73.500     2.26125  
 73.600     2.26184  
 73.700     2.26243  
 73.800     2.26302  
 73.900     2.26361  
 74.000     2.26420  
 74.100     2.26479  
 74.200     2.26539  
 74.300     2.26598  
 74.400     2.26657  
 74.500     2.26716  
 74.600     2.26775  
 74.700     2.26834  
 74.800     2.26893  
 74.900     2.26952  
 75.000     2.27011  
 75.100     2.27069  
 75.200     2.27128  
 75.300     2.27187  
 75.400     2.27246  
 75.500     2.27305  
 75.600     2.27364  
 75.700     2.27423  
 75.800     2.27482  
 75.900     2.27541  
 76.000     2.27600  
 76.100     2.27658  
 76.200     2.27717  
 76.300     2.27776  
 76.400     2.27835  
 76.500     2.27894  
 76.600     2.27953  
 76.700     2.28012  
 76.800     2.28070  
 76.900     2.28129  
 77.000     2.28188  
 77.100     2.28247  
 77.200     2.28306  
 77.300     2.28364  
 77.400     2.28423  
 77.500     2.28482  
 77.600     2.28541  
 77.700     2.28600  
 77.800     2.28658  
 77.900     2.28717  
 78.000     2.28776  
 78.100     2.28835  
 78.200     2.28894  
 78.300     2.28952  
 78.400     2.29011  
 78.500     2.29070  
 78.600     2.29129  
 78.700     2.29187  
 78.800     2.29246  
 78.900     2.29305  
 79.000     2.29364  
 79.100     2.29422  
 79.200     2.29481  
 79.300     2.29540  
 79.400     2.29599  
 79.500     2.29658  
 79.600     2.29716  
 79.700     2.29775  
 79.800     2.29834  
 79.900     2.29893  
 80.000     2.29951  
 80.100     2.30010  
 80.200     2.30069  
 80.300     2.30128  
 80.400     2.30186  
 80.500     2.30245  
 80.600     2.30304  
 80.700     2.30363  
 80.800     2.30421  
 80.900     2.30480  
 81.000     2.30539  
 81.100     2.30598  
 81.200     2.30657  
 81.300     2.30715  
 81.400     2.30774  
 81.500     2.30833  
 81.600     2.30892  
 81.700     2.30951  
 81.800     2.31009  
 81.900     2.31068  
 82.000     2.31127  
 82.100     2.31186  
 82.200     2.31245  
 82.300     2.31304  
 82.400     2.31362  
 82.500     2.31421  
 82.600     2.31480  
 82.700     2.31539  
 82.800     2.31598  
 82.900     2.31657  
 83.000     2.31715  
 83.100     2.31774  
 83.200     2.31833  
 83.300     2.31892  
 83.400     2.31951  
 83.500     2.32010  
 83.600     2.32069  
 83.700     2.32128  
 83.800     2.32187  
 83.900     2.32246  
 84.000     2.32304  
 84.100     2.32363  
 84.200     2.32422  
 84.300     2.32481  
 84.400     2.32540  
 84.500     2.32599  
 84.600     2.32658  
 84.700     2.32717  
 84.800     2.32776  
 84.900     2.32835  
 85.000     2.32894  
 85.100     2.32953  
 85.200     2.33012  
 85.300     2.33071  
 85.400     2.33130  
 85.500     2.33189  
 85.600     2.33248  
 85.700     2.33307  
 85.800     2.33367  
 85.900     2.33426  
 86.000     2.33485  
 86.100     2.33544  
 86.200     2.33603  
 86.300     2.33662  
 86.400     2.33721  
 86.500     2.33780  
 86.600     2.33839  
 86.700     2.33899  
 86.800     2.33958  
 86.900     2.34017  
 87.000     2.34076  
 87.100     2.34135  
 87.200     2.34195  
 87.300     2.34254  
 87.400     2.34313  
 87.500     2.34372  
 87.600     2.34432  
 87.700     2.34491  
 87.800     2.34550  
 87.900     2.34609  
 88.000     2.34669  
 88.100     2.34728  
 88.200     2.34787  
 88.300     2.34847  
 88.400     2.34906  
 88.500     2.34965  
 88.600     2.35025  
 88.700     2.35084  
 88.800     2.35144  
 88.900     2.35203  
 89.000     2.35262  
 89.100     2.35322  
 89.200     2.35381  
 89.300     2.35441  
 89.400     2.35500  
 89.500     2.35560  
 89.600     2.35619  
 89.700     2.35679  
 89.800     2.35738  
 89.900     2.35798  
 90.000     2.35857  
 90.100     2.35917  
 90.200     2.35977  
 90.300     2.36036  
 90.400     2.36096  
 90.500     2.36155  
 90.600     2.36215  
 90.700     2.36275  
 90.800     2.36334  
 90.900     2.36394  
 91.000     2.36454  
 91.100     2.36514  
 91.200     2.36573  
 91.300     2.36633  
 91.400     2.36693  
 91.500     2.36753  
 91.600     2.36812  
 91.700     2.36872  
 91.800     2.36932  
 91.900     2.36992  
 92.000     2.37052  
 92.100     2.37111  
 92.200     2.37171  
 92.300     2.37231  
 92.400     2.37291  
 92.500     2.37351  
 92.600     2.37411  
 92.700     2.37471  
 92.800     2.37531  
 92.900     2.37591  
 93.000     2.37651  
 93.100     2.37711  
 93.200     2.37771  
 93.300     2.37831  
 93.400     2.37891  
 93.500     2.37951  
 93.600     2.38011  
 93.700     2.38071  
 93.800     2.38131  
 93.900     2.38191  
 94.000     2.38252  
 94.100     2.38312  
 94.200     2.38372  
 94.300     2.38432  
 94.400     2.38492  
 94.500     2.38553  
 94.600     2.38613  
 94.700     2.38673  
 94.800     2.38733  
 94.900     2.38794  
 95.000     2.38854  
 95.100     2.38914  
 95.200     2.38975  
 95.300     2.39035  
 95.400     2.39096  
 95.500     2.39156  
 95.600     2.39216  
 95.700     2.39277  
 95.800     2.39337  
 95.900     2.39398  
 96.000     2.39458  
 96.100     2.39519  
 96.200     2.39579  
 96.300     2.39640  
 96.400     2.39700  
 96.500     2.39761  
 96.600     2.39822  
 96.700     2.39882  
 96.800     2.39943  
 96.900     2.40003  
 97.000     2.40064  
 97.100     2.40125  
 97.200     2.40185  
 97.300     2.40246  
 97.400     2.40307  
 97.500     2.40368  
 97.600     2.40429  
 97.700     2.40489  
 97.800     2.40550  
 97.900     2.40611  
 98.000     2.40672  
 98.100     2.40733  
 98.200     2.40794  
 98.300     2.40854  
 98.400     2.40915  
 98.500     2.40976  
 98.600     2.41037  
 98.700     2.41098  
 98.800     2.41159  
 98.900     2.41220  
 99.000     2.41281  
 99.100     2.41342  
 99.200     2.41403  
 99.300     2.41465  
 99.400     2.41526  
 99.500     2.41587  
 99.600     2.41648  
 99.700     2.41709  
 99.800     2.41770  
 99.900     2.41831  
100.000     2.41893  
100.100     2.41954  
100.200     2.42015  
100.300     2.42076  
100.400     2.42138  
100.500     2.42199  
100.600     2.42260  
100.700     2.42322  
100.800     2.42383  
100.900     2.42445  
101.000     2.42506  
101.100     2.42567  
101.200     2.42629  
101.300     2.42690  
101.400     2.42752  
101.500     2.42813  
101.600     2.42875  
101.700     2.42937  
101.800     2.42998  
101.900     2.43060  
102.000     2.43121  
102.100     2.43183  
102.200     2.43245  
102.300     2.43306  
102.400     2.43368  
102.500     2.43430  
102.600     2.43491  
102.700     2.43553  
102.800     2.43615  
102.900     2.43677  
103.000     2.43739  
103.100     2.43800  
103.200     2.43862  
103.300     2.43924  
103.400     2.43986  
103.500     2.44048  
103.600     2.44110  
103.700     2.44172  
103.800     2.44234  
103.900     2.44296  
104.000     2.44358  
104.100     2.44420  
104.200     2.44482  
104.300     2.44544  
104.400     2.44606  
104.500     2.44668  
104.600     2.44730  
104.700     2.44793  
104.800     2.44855  
104.900     2.44917  
105.000     2.44979  
105.100     2.45041  
105.200     2.45104  
105.300     2.45166  
105.400     2.45228  
105.500     2.45291  
105.600     2.45353  
105.700     2.45415  
105.800     2.45478  
105.900     2.45540  
106.000     2.45602  
106.100     2.45665  
106.200     2.45727  
106.300     2.45790  
106.400     2.45852  
106.500     2.45915  
106.600     2.45978  
106.700     2.46040  
106.800     2.46103  
106.900     2.46165  
107.000     2.46228  
107.100     2.46291  
107.200     2.46353  
107.300     2.46416  
107.400     2.46479  
107.500     2.46541  
107.600     2.46604  
107.700     2.46667  
107.800     2.46730  
107.900     2.46793  
108.000     2.46855  
108.100     2.46918  
108.200     2.46981  
108.300     2.47044  
108.400     2.47107  
108.500     2.47170  
108.600     2.47233  
108.700     2.47296  
108.800     2.47359  
108.900     2.47422  
109.000     2.47485  
109.100     2.47548  
109.200     2.47611  
109.300     2.47675  
109.400     2.47738  
109.500     2.47801  
109.600     2.47864  
109.700     2.47927  
109.800     2.47991  
109.900     2.48054  
110.000     2.48117  
110.100     2.48180  
110.200     2.48244  
110.300     2.48307  
110.400     2.48370  
110.500     2.48434  
110.600     2.48497  
110.700     2.48561  
110.800     2.48624  
110.900     2.48688  
111.000     2.48751  
111.100     2.48815  
111.200     2.48878  
111.300     2.48942  
111.400     2.49005  
111.500     2.49069  
111.600     2.49132  
111.700     2.49196  
111.800     2.49260  
111.900     2.49323  
112.000     2.49387  
112.100     2.49451  
112.200     2.49515  
112.300     2.49578  
112.400     2.49642  
112.500     2.49706  
112.600     2.49770  
112.700     2.49834  
112.800     2.49898  
112.900     2.49962  
113.000     2.50026  
113.100     2.50089  
113.200     2.50153  
113.300     2.50217  
113.400     2.50281  
113.500     2.50345  
113.600     2.50410  
113.700     2.50474  
113.800     2.50538  
113.900     2.50602  
114.000     2.50666  
114.100     2.50730  
114.200     2.50794  
114.300     2.50859  
114.400     2.50923  
114.500     2.50987  
114.600     2.51051  
114.700     2.51116  
114.800     2.51180  
114.900     2.51244  
115.000     2.51309  
115.100     2.51373  
115.200     2.51437  
115.300     2.51502  
115.400     2.51566  
115.500     2.51631  
115.600     2.51695  
115.700     2.51760  
115.800     2.51824  
115.900     2.51889  
116.000     2.51953  
116.100     2.52018  
116.200     2.52083  
116.300     2.52147  
116.400     2.52212  
116.500     2.52277  
116.600     2.52341  
116.700     2.52406  
116.800     2.52471  
116.900     2.52536  
117.000     2.52601  
117.100     2.52665  
117.200     2.52730  
117.300     2.52795  
117.400     2.52860  
117.500     2.52925  
117.600     2.52990  
117.700     2.53055  
117.800     2.53120  
117.900     2.53185  
118.000     2.53250  
118.100     2.53315  
118.200     2.53380  
118.300     2.53445  
118.400     2.53510  
118.500     2.53575  
118.600     2.53640  
118.700     2.53706  
118.800     2.53771  
118.900     2.53836  
119.000     2.53901  
119.100     2.53966  
119.200     2.54032  
119.300     2.54097  
119.400     2.54162  
119.500     2.54228  
119.600     2.54293  
119.700     2.54358  
119.800     2.54424  
119.900     2.54489  
120.000     2.54555  
120.100     2.54620  
120.200     2.54686  
120.300     2.54751  
120.400     2.54817  
120.500     2.54882  
120.600     2.54948  
120.700     2.55014  
120.800     2.55079  
120.900     2.55145  
121.000     2.55211  
121.100     2.55276  
121.200     2.55342  
121.300     2.55408  
121.400     2.55474  
121.500     2.55539  
121.600     2.55605  
121.700     2.55671  
121.800     2.55737  
121.900     2.55803  
122.000     2.55869  
122.100     2.55935  
122.200     2.56000  
122.300     2.56066  
122.400     2.56132  
122.500     2.56198  
122.600     2.56264  
122.700     2.56331  
122.800     2.56397  
122.900     2.56463  
123.000     2.56529  
123.100     2.56595  
123.200     2.56661  
123.300     2.56727  
123.400     2.56794  
123.500     2.56860  
123.600     2.56926  
123.700     2.56992  
123.800     2.57059  
123.900     2.57125  
124.000     2.57191  
124.100     2.57258  
124.200     2.57324  
124.300     2.57390  
124.400     2.57457  
124.500     2.57523  
124.600     2.57590  
124.700     2.57656  
124.800     2.57723  
124.900     2.57789  
125.000     2.57856  
125.100     2.57922  
125.200     2.57989  
125.300     2.58056  
125.400     2.58122  
125.500     2.58189  
125.600     2.58256  
125.700     2.58322  
125.800     2.58389  
125.900     2.58456  
126.000     2.58522  
126.100     2.58589  
126.200     2.58656  
126.300     2.58723  
126.400     2.58790  
126.500     2.58857  
126.600     2.58924  
126.700     2.58991  
126.800     2.59057  
126.900     2.59124  
127.000     2.59191  
127.100     2.59258  
127.200     2.59325  
127.300     2.59393  
127.400     2.59460  
127.500     2.59527  
127.600     2.59594  
127.700     2.59661  
127.800     2.59728  
127.900     2.59795  
128.000     2.59862  
128.100     2.59930  
128.200     2.59997  
128.300     2.60064  
128.400     2.60132  
128.500     2.60199  
128.600     2.60266  
128.700     2.60334  
128.800     2.60401  
128.900     2.60468  
129.000     2.60536  
129.100     2.60603  
129.200     2.60671  
129.300     2.60738  
129.400     2.60806  
129.500     2.60873  
129.600     2.60941  
129.700     2.61008  
129.800     2.61076  
129.900     2.61144  
130.000     2.61211  
130.100     2.61279  
130.200     2.61347  
130.300     2.61414  
130.400     2.61482  
130.500     2.61550  
130.600     2.61617  
130.700     2.61685  
130.800     2.61753  
130.900     2.61821  
131.000     2.61889  
131.100     2.61957  
131.200     2.62025  
131.300     2.62092  
131.400     2.62160  
131.500     2.62228  
131.600     2.62296  
131.700     2.62364  
131.800     2.62432  
131.900     2.62500  
132.000     2.62568  
132.100     2.62636  
132.200     2.62705  
132.300     2.62773  
132.400     2.62841  
132.500     2.62909  
132.600     2.62977  
132.700     2.63045  
132.800     2.63114  
132.900     2.63182  
133.000     2.63250  
133.100     2.63318  
133.200     2.63387  
133.300     2.63455  
133.400     2.63523  
133.500     2.63592  
133.600     2.63660  
133.700     2.63729  
133.800     2.63797  
133.900     2.63866  
134.000     2.63934  
134.100     2.64003  
134.200     2.64071  
134.300     2.64140  
134.400     2.64208  
134.500     2.64277  
134.600     2.64345  
134.700     2.64414  
134.800     2.64483  
134.900     2.64551  
135.000     2.64620  
135.100     2.64689  
135.200     2.64758  
135.300     2.64826  
135.400     2.64895  
135.500     2.64964  
135.600     2.65033  
135.700     2.65102  
135.800     2.65171  
135.900     2.65239  
136.000     2.65308  
136.100     2.65377  
136.200     2.65446  
136.300     2.65515  
136.400     2.65584  
136.500     2.65653  
136.600     2.65722  
136.700     2.65791  
136.800     2.65860  
136.900     2.65929  
137.000     2.65999  
137.100     2.66068  
137.200     2.66137  
137.300     2.66206  
137.400     2.66275  
137.500     2.66344  
137.600     2.66414  
137.700     2.66483  
137.800     2.66552  
137.900     2.66622  
138.000     2.66691  
138.100     2.66760  
138.200     2.66830  
138.300     2.66899  
138.400     2.66968  
138.500     2.67038  
138.600     2.67107  
138.700     2.67177  
138.800     2.67246  
138.900     2.67316  
139.000     2.67385  
139.100     2.67455  
139.200     2.67524  
139.300     2.67594  
139.400     2.67664  
139.500     2.67733  
139.600     2.67803  
139.700     2.67873  
139.800     2.67942  
139.900     2.68012  
140.000     2.68082  
140.100     2.68152  
140.200     2.68221  
140.300     2.68291  
140.400     2.68361  
140.500     2.68431  
140.600     2.68501  
140.700     2.68571  
140.800     2.68640  
140.900     2.68710  
141.000     2.68780  
141.100     2.68850  
141.200     2.68920  
141.300     2.68990  
141.400     2.69060  
141.500     2.69130  
141.600     2.69200  
141.700     2.69271  
141.800     2.69341  
141.900     2.69411  
142.000     2.69481  
142.100     2.69551  
142.200     2.69621  
142.300     2.69691  
142.400     2.69762  
142.500     2.69832  
142.600     2.69902  
142.700     2.69973  
142.800     2.70043  
142.900     2.70113  
143.000     2.70184  
143.100     2.70254  
143.200     2.70324  
143.300     2.70395  
143.400     2.70465  
143.500     2.70536  
143.600     2.70606  
143.700     2.70677  
143.800     2.70747  
143.900     2.70818  
144.000     2.70888  
144.100     2.70959  
144.200     2.71029  
144.300     2.71100  
144.400     2.71171  
144.500     2.71241  
144.600     2.71312  
144.700     2.71383  
144.800     2.71453  
144.900     2.71524  
145.000     2.71595  
145.100     2.71666  
145.200     2.71736  
145.300     2.71807  
145.400     2.71878  
145.500     2.71949  
145.600     2.72020  
145.700     2.72091  
145.800     2.72162  
145.900     2.72233  
146.000     2.72304  
146.100     2.72375  
146.200     2.72446  
146.300     2.72517  
146.400     2.72588  
146.500     2.72659  
146.600     2.72730  
146.700     2.72801  
146.800     2.72872  
146.900     2.72943  
147.000     2.73014  
147.100     2.73085  
147.200     2.73157  
147.300     2.73228  
147.400     2.73299  
147.500     2.73370  
147.600     2.73442  
147.700     2.73513  
147.800     2.73584  
147.900     2.73656  
148.000     2.73727  
148.100     2.73798  
148.200     2.73870  
148.300     2.73941  
148.400     2.74013  
148.500     2.74084  
148.600     2.74155  
148.700     2.74227  
148.800     2.74298  
148.900     2.74370  
149.000     2.74442  
149.100     2.74513  
149.200     2.74585  
149.300     2.74656  
149.400     2.74728  
149.500     2.74800  
149.600     2.74871  
149.700     2.74943  
149.800     2.75015  
149.900     2.75086  
150.000     2.75158  
150.100     2.75230  
150.200     2.75302  
150.300     2.75374  
150.400     2.75445  
150.500     2.75517  
150.600     2.75589  
150.700     2.75661  
150.800     2.75733  
150.900     2.75805  
151.000     2.75877  
151.100     2.75949  
151.200     2.76021  
151.300     2.76093  
151.400     2.76165  
151.500     2.76237  
151.600     2.76309  
151.700     2.76381  
151.800     2.76453  
151.900     2.76525  
152.000     2.76597  
152.100     2.76670  
152.200     2.76742  
152.300     2.76814  
152.400     2.76886  
152.500     2.76958  
152.600     2.77031  
152.700     2.77103  
152.800     2.77175  
152.900     2.77248  
153.000     2.77320  
153.100     2.77392  
153.200     2.77465  
153.300     2.77537  
153.400     2.77609  
153.500     2.77682  
153.600     2.77754  
153.700     2.77827  
153.800     2.77899  
153.900     2.77972  
154.000     2.78044  
154.100     2.78117  
154.200     2.78189  
154.300     2.78262  
154.400     2.78335  
154.500     2.78407  
154.600     2.78480  
154.700     2.78553  
154.800     2.78625  
154.900     2.78698  
155.000     2.78771  
155.100     2.78843  
155.200     2.78916  
155.300     2.78989  
155.400     2.79062  
155.500     2.79135  
155.600     2.79207  
155.700     2.79280  
155.800     2.79353  
155.900     2.79426  
156.000     2.79499  
156.100     2.79572  
156.200     2.79645  
156.300     2.79718  
156.400     2.79791  
156.500     2.79864  
156.600     2.79937  
156.700     2.80010  
156.800     2.80083  
156.900     2.80156  
157.000     2.80229  
157.100     2.80302  
157.200     2.80375  
157.300     2.80448  
157.400     2.80522  
157.500     2.80595  
157.600     2.80668  
157.700     2.80741  
157.800     2.80815  
157.900     2.80888  
158.000     2.80961  
158.100     2.81034  
158.200     2.81108  
158.300     2.81181  
158.400     2.81254  
158.500     2.81328  
158.600     2.81401  
158.700     2.81475  
158.800     2.81548  
158.900     2.81622  
159.000     2.81695  
159.100     2.81768  
159.200     2.81842  
159.300     2.81916  
159.400     2.81989  
159.500     2.82063  
159.600     2.82136  
159.700     2.82210  
159.800     2.82283  
159.900     2.82357  
160.000     2.82431  
160.100     2.82504  
160.200     2.82578  
160.300     2.82652  
160.400     2.82726  
160.500     2.82799  
160.600     2.82873  
160.700     2.82947  
160.800     2.83021  
160.900     2.83095  
161.000     2.83169  
161.100     2.83242  
161.200     2.83316  
161.300     2.83390  
161.400     2.83464  
161.500     2.83538  
161.600     2.83612  
161.700     2.83686  
161.800     2.83760  
161.900     2.83834  
162.000     2.83908  
162.100     2.83982  
162.200     2.84056  
162.300     2.84130  
162.400     2.84204  
162.500     2.84279  
162.600     2.84353  
162.700     2.84427  
162.800     2.84501  
162.900     2.84575  
163.000     2.84649  
163.100     2.84724  
163.200     2.84798  
163.300     2.84872  
163.400     2.84947  
163.500     2.85021  
163.600     2.85095  
163.700     2.85170  
163.800     2.85244  
163.900     2.85318  
164.000     2.85393  
164.100     2.85467  
164.200     2.85542  
164.300     2.85616  
164.400     2.85691  
164.500     2.85765  
164.600     2.85840  
164.700     2.85914  
164.800     2.85989  
164.900     2.86063  
165.000     2.86138  
165.100     2.86212  
165.200     2.86287  
165.300     2.86362  
165.400     2.86436  
165.500     2.86511  
165.600     2.86586  
165.700     2.86660  
165.800     2.86735  
165.900     2.86810  
166.000     2.86885  
166.100     2.86959  
166.200     2.87034  
166.300     2.87109  
166.400     2.87184  
166.500     2.87259  
166.600     2.87334  
166.700     2.87409  
166.800     2.87484  
166.900     2.87558  
167.000     2.87633  
167.100     2.87708  
167.200     2.87783  
167.300     2.87858  
167.400     2.87933  
167.500     2.88008  
167.600     2.88084  
167.700     2.88159  
167.800     2.88234  
167.900     2.88309  
168.000     2.88384  
168.100     2.88459  
168.200     2.88534  
168.300     2.88610  
168.400     2.88685  
168.500     2.88760  
168.600     2.88835  
168.700     2.88910  
168.800     2.88986  
168.900     2.89061  
169.000     2.89136  
169.100     2.89212  
169.200     2.89287  
169.300     2.89362  
169.400     2.89438  
169.500     2.89513  
169.600     2.89589  
169.700     2.89664  
169.800     2.89740  
169.900     2.89815  
170.000     2.89891  
170.100     2.89966  
170.200     2.90042  
170.300     2.90117  
170.400     2.90193  
170.500     2.90268  
170.600     2.90344  
170.700     2.90420  
170.800     2.90495  
170.900     2.90571  
171.000     2.90647  
171.100     2.90722  
171.200     2.90798  
171.300     2.90874  
171.400     2.90949  
171.500     2.91025  
171.600     2.91101  
171.700     2.91177  
171.800     2.91253  
171.900     2.91328  
172.000     2.91404  
172.100     2.91480  
172.200     2.91556  
172.300     2.91632  
172.400     2.91708  
172.500     2.91784  
172.600     2.91860  
172.700     2.91936  
172.800     2.92012  
172.900     2.92088  
173.000     2.92164  
173.100     2.92240  
173.200     2.92316  
173.300     2.92392  
173.400     2.92468  
173.500     2.92544  
173.600     2.92620  
173.700     2.92697  
173.800     2.92773  
173.900     2.92849  
174.000     2.92925  
174.100     2.93001  
174.200     2.93078  
174.300     2.93154  
174.400     2.93230  
174.500     2.93306  
174.600     2.93383  
174.700     2.93459  
174.800     2.93535  
174.900     2.93612  
175.000     2.93688  
175.100     2.93765  
175.200     2.93841  
175.300     2.93917  
175.400     2.93994  
175.500     2.94070  
175.600     2.94147  
175.700     2.94223  
175.800     2.94300  
175.900     2.94376  
176.000     2.94453  
176.100     2.94530  
176.200     2.94606  
176.300     2.94683  
176.400     2.94759  
176.500     2.94836  
176.600     2.94913  
176.700     2.94989  
176.800     2.95066  
176.900     2.95143  
177.000     2.95220  
177.100     2.95296  
177.200     2.95373  
177.300     2.95450  
177.400     2.95527  
177.500     2.95604  
177.600     2.95680  
177.700     2.95757  
177.800     2.95834  
177.900     2.95911  
178.000     2.95988  
178.100     2.96065  
178.200     2.96142  
178.300     2.96219  
178.400     2.96296  
178.500     2.96373  
178.600     2.96450  
178.700     2.96527  
178.800     2.96604  
178.900     2.96681  
179.000     2.96758  
179.100     2.96835  
179.200     2.96912  
179.300     2.96989  
179.400     2.97067  
179.500     2.97144  
179.600     2.97221  
179.700     2.97298  
179.800     2.97375  
179.900     2.97453  
180.000     2.97530  
180.100     2.97607  
180.200     2.97684  
180.300     2.97762  
180.400     2.97839  
180.500     2.97916  
180.600     2.97994  
180.700     2.98071  
180.800     2.98148  
180.900     2.98226  
181.000     2.98303  
181.100     2.98381  
181.200     2.98458  
181.300     2.98536  
181.400     2.98613  
181.500     2.98691  
181.600     2.98768  
181.700     2.98846  
181.800     2.98923  
181.900     2.99001  
182.000     2.99079  
182.100     2.99156  
182.200     2.99234  
182.300     2.99312  
182.400     2.99389  
182.500     2.99467  
182.600     2.99545  
182.700     2.99622  
182.800     2.99700  
182.900     2.99778  
183.000     2.99856  
183.100     2.99933  
183.200     3.00011  
183.300     3.00089  
183.400     3.00167  
183.500     3.00245  
183.600     3.00323  
183.700     3.00401  
183.800     3.00479  
183.900     3.00556  
184.000     3.00634  
184.100     3.00712  
184.200     3.00790  
184.300     3.00868  
184.400     3.00946  
184.500     3.01024  
184.600     3.01102  
184.700     3.01181  
184.800     3.01259  
184.900     3.01337  
185.000     3.01415  
185.100     3.01493  
185.200     3.01571  
185.300     3.01649  
185.400     3.01728  
185.500     3.01806  
185.600     3.01884  
185.700     3.01962  
185.800     3.02041  
185.900     3.02119  
186.000     3.02197  
186.100     3.02275  
186.200     3.02354  
186.300     3.02432  
186.400     3.02510  
186.500     3.02589  
186.600     3.02667  
186.700     3.02746  
186.800     3.02824  
186.900     3.02903  
187.000     3.02981  
187.100     3.03059  
187.200     3.03138  
187.300     3.03217  
187.400     3.03295  
187.500     3.03374  
187.600     3.03452  
187.700     3.03531  
187.800     3.03609  
187.900     3.03688  
188.000     3.03767  
188.100     3.03845  
188.200     3.03924  
188.300     3.04003  
188.400     3.04081  
188.500     3.04160  
188.600     3.04239  
188.700     3.04318  
188.800     3.04396  
188.900     3.04475  
189.000     3.04554  
189.100     3.04633  
189.200     3.04712  
189.300     3.04790  
189.400     3.04869  
189.500     3.04948  
189.600     3.05027  
189.700     3.05106  
189.800     3.05185  
189.900     3.05264  
190.000     3.05343  
190.100     3.05422  
190.200     3.05501  
190.300     3.05580  
190.400     3.05659  
190.500     3.05738  
190.600     3.05817  
190.700     3.05896  
190.800     3.05975  
190.900     3.06054  
191.000     3.06134  
191.100     3.06213  
191.200     3.06292  
191.300     3.06371  
191.400     3.06450  
191.500     3.06530  
191.600     3.06609  
191.700     3.06688  
191.800     3.06767  
191.900     3.06847  
192.000     3.06926  
192.100     3.07005  
192.200     3.07085  
192.300     3.07164  
192.400     3.07243  
192.500     3.07323  
192.600     3.07402  
192.700     3.07482  
192.800     3.07561  
192.900     3.07641  
193.000     3.07720  
193.100     3.07800  
193.200     3.07879  
193.300     3.07959  
193.400     3.08038  
193.500     3.08118  
193.600     3.08197  
193.700     3.08277  
193.800     3.08357  
193.900     3.08436  
194.000     3.08516  
194.100     3.08596  
194.200     3.08675  
194.300     3.08755  
194.400     3.08835  
194.500     3.08915  
194.600     3.08994  
194.700     3.09074  
194.800     3.09154  
194.900     3.09234  
195.000     3.09314  
195.100     3.09393  
195.200     3.09473  
195.300     3.09553  
195.400     3.09633  
195.500     3.09713  
195.600     3.09793  
195.700     3.09873  
195.800     3.09953  
195.900     3.10033  
196.000     3.10113  
196.100     3.10193  
196.200     3.10273  
196.300     3.10353  
196.400     3.10433  
196.500     3.10513  
196.600     3.10593  
196.700     3.10673  
196.800     3.10753  
196.900     3.10833  
197.000     3.10914  
197.100     3.10994  
197.200     3.11074  
197.300     3.11154  
197.400     3.11234  
197.500     3.11315  
197.600     3.11395  
197.700     3.11475  
197.800     3.11556  
197.900     3.11636  
198.000     3.11716  
198.100     3.11797  
198.200     3.11877  
198.300     3.11957  
198.400     3.12038  
198.500     3.12118  
198.600     3.12199  
198.700     3.12279  
198.800     3.12360  
198.900     3.12440  
199.000     3.12521  
199.100     3.12601  
199.200     3.12682  
199.300     3.12762  
199.400     3.12843  
199.500     3.12923  
199.600     3.13004  
199.700     3.13085  
199.800     3.13165  
199.900     3.13246  
200.000     3.13326  
200.100     3.13407  
200.200     3.13488  
200.300     3.13569  
200.400     3.13649  
200.500     3.13730  
200.600     3.13811  
200.700     3.13892  
200.800     3.13973  
200.900     3.14053  
201.000     3.14134  
201.100     3.14215  
201.200     3.14296  
201.300     3.14377  
201.400     3.14458  
201.500     3.14539  
201.600     3.14620  
201.700     3.14701  
201.800     3.14782  
201.900     3.14863  
202.000     3.14944  
202.100     3.15025  
202.200     3.15106  
202.300     3.15187  
202.400     3.15268  
202.500     3.15349  
202.600     3.15430  
202.700     3.15511  
202.800     3.15592  
202.900     3.15673  
203.000     3.15755  
203.100     3.15836  
203.200     3.15917  
203.300     3.15998  
203.400     3.16080  
203.500     3.16161  
203.600     3.16242  
203.700     3.16323  
203.800     3.16405  
203.900     3.16486  
204.000     3.16567  
204.100     3.16649  
204.200     3.16730  
204.300     3.16812  
204.400     3.16893  
204.500     3.16974  
204.600     3.17056  
204.700     3.17137  
204.800     3.17219  
204.900     3.17300  
205.000     3.17382  
205.100     3.17463  
205.200     3.17545  
205.300     3.17626  
205.400     3.17708  
205.500     3.17790  
205.600     3.17871  
205.700     3.17953  
205.800     3.18035  
205.900     3.18116  
206.000     3.18198  
206.100     3.18280  
206.200     3.18361  
206.300     3.18443  
206.400     3.18525  
206.500     3.18607  
206.600     3.18688  
206.700     3.18770  
206.800     3.18852  
206.900     3.18934  
207.000     3.19016  
207.100     3.19098  
207.200     3.19180  
207.300     3.19261  
207.400     3.19343  
207.500     3.19425  
207.600     3.19507  
207.700     3.19589  
207.800     3.19671  
207.900     3.19753  
208.000     3.19835  
208.100     3.19917  
208.200     3.19999  
208.300     3.20082  
208.400     3.20164  
208.500     3.20246  
208.600     3.20328  
208.700     3.20410  
208.800     3.20492  
208.900     3.20574  
209.000     3.20657  
209.100     3.20739  
209.200     3.20821  
209.300     3.20903  
209.400     3.20986  
209.500     3.21068  
209.600     3.21150  
209.700     3.21232  
209.800     3.21315  
209.900     3.21397  
210.000     3.21479  
210.100     3.21562  
210.200     3.21644  
210.300     3.21727  
210.400     3.21809  
210.500     3.21892  
210.600     3.21974  
210.700     3.22057  
210.800     3.22139  
210.900     3.22222  
211.000     3.22304  
211.100     3.22387  
211.200     3.22469  
211.300     3.22552  
211.400     3.22634  
211.500     3.22717  
211.600     3.22800  
211.700     3.22882  
211.800     3.22965  
211.900     3.23048  
212.000     3.23130  
212.100     3.23213  
212.200     3.23296  
212.300     3.23379  
212.400     3.23462  
212.500     3.23544  
212.600     3.23627  
212.700     3.23710  
212.800     3.23793  
212.900     3.23876  
213.000     3.23959  
213.100     3.24041  
213.200     3.24124  
213.300     3.24207  
213.400     3.24290  
213.500     3.24373  
213.600     3.24456  
213.700     3.24539  
213.800     3.24622  
213.900     3.24705  
214.000     3.24788  
214.100     3.24871  
214.200     3.24954  
214.300     3.25038  
214.400     3.25121  
214.500     3.25204  
214.600     3.25287  
214.700     3.25370  
214.800     3.25453  
214.900     3.25537  
215.000     3.25620  
215.100     3.25703  
215.200     3.25786  
215.300     3.25870  
215.400     3.25953  
215.500     3.26036  
215.600     3.26120  
215.700     3.26203  
215.800     3.26286  
215.900     3.26370  
216.000     3.26453  
216.100     3.26536  
216.200     3.26620  
216.300     3.26703  
216.400     3.26787  
216.500     3.26870  
216.600     3.26954  
216.700     3.27037  
216.800     3.27121  
216.900     3.27204  
217.000     3.27288  
217.100     3.27372  
217.200     3.27455  
217.300     3.27539  
217.400     3.27622  
217.500     3.27706  
217.600     3.27790  
217.700     3.27873  
217.800     3.27957  
217.900     3.28041  
218.000     3.28125  
218.100     3.28208  
218.200     3.28292  
218.300     3.28376  
218.400     3.28460  
218.500     3.28544  
218.600     3.28627  
218.700     3.28711  
218.800     3.28795  
218.900     3.28879  
219.000     3.28963  
219.100     3.29047  
219.200     3.29131  
219.300     3.29215  
219.400     3.29299  
219.500     3.29383  
219.600     3.29467  
219.700     3.29551  
219.800     3.29635  
219.900     3.29719  
220.000     3.29803  
220.100     3.29887  
220.200     3.29971  
220.300     3.30055  
220.400     3.30140  
220.500     3.30224  
220.600     3.30308  
220.700     3.30392  
220.800     3.30476  
220.900     3.30561  
221.000     3.30645  
221.100     3.30729  
221.200     3.30814  
221.300     3.30898  
221.400     3.30982  
221.500     3.31067  
221.600     3.31151  
221.700     3.31235  
221.800     3.31320  
221.900     3.31404  
222.000     3.31489  
222.100     3.31573  
222.200     3.31657  
222.300     3.31742  
222.400     3.31826  
222.500     3.31911  
222.600     3.31996  
222.700     3.32080  
222.800     3.32165  
222.900     3.32249  
223.000     3.32334  
223.100     3.32419  
223.200     3.32503  
223.300     3.32588  
223.400     3.32672  
223.500     3.32757  
223.600     3.32842  
223.700     3.32927  
223.800     3.33011  
223.900     3.33096  
224.000     3.33181  
224.100     3.33266  
224.200     3.33351  
224.300     3.33435  
224.400     3.33520  
224.500     3.33605  
224.600     3.33690  
224.700     3.33775  
224.800     3.33860  
224.900     3.33945  
225.000     3.34030  
225.100     3.34115  
225.200     3.34200  
225.300     3.34285  
225.400     3.34370  
225.500     3.34455  
225.600     3.34540  
225.700     3.34625  
225.800     3.34710  
225.900     3.34795  
226.000     3.34880  
226.100     3.34966  
226.200     3.35051  
226.300     3.35136  
226.400     3.35221  
226.500     3.35306  
226.600     3.35392  
226.700     3.35477  
226.800     3.35562  
226.900     3.35647  
227.000     3.35733  
227.100     3.35818  
227.200     3.35903  
227.300     3.35989  
227.400     3.36074  
227.500     3.36160  
227.600     3.36245  
227.700     3.36331  
227.800     3.36416  
227.900     3.36501  
228.000     3.36587  
228.100     3.36672  
228.200     3.36758  
228.300     3.36844  
228.400     3.36929  
228.500     3.37015  
228.600     3.37100  
228.700     3.37186  
228.800     3.37272  
228.900     3.37357  
229.000     3.37443  
229.100     3.37529  
229.200     3.37614  
229.300     3.37700  
229.400     3.37786  
229.500     3.37872  
229.600     3.37957  
229.700     3.38043  
229.800     3.38129  
229.900     3.38215  
230.000     3.38301  
230.100     3.38386  
230.200     3.38472  
230.300     3.38558  
230.400     3.38644  
230.500     3.38730  
230.600     3.38816  
230.700     3.38902  
230.800     3.38988  
230.900     3.39074  
231.000     3.39160  
231.100     3.39246  
231.200     3.39332  
231.300     3.39418  
231.400     3.39504  
231.500     3.39591  
231.600     3.39677  
231.700     3.39763  
231.800     3.39849  
231.900     3.39935  
232.000     3.40021  
232.100     3.40108  
232.200     3.40194  
232.300     3.40280  
232.400     3.40366  
232.500     3.40453  
232.600     3.40539  
232.700     3.40625  
232.800     3.40712  
232.900     3.40798  
233.000     3.40885  
233.100     3.40971  
233.200     3.41057  
233.300     3.41144  
233.400     3.41230  
233.500     3.41317  
233.600     3.41403  
233.700     3.41490  
233.800     3.41576  
233.900     3.41663  
234.000     3.41749  
234.100     3.41836  
234.200     3.41923  
234.300     3.42009  
234.400     3.42096  
234.500     3.42183  
234.600     3.42269  
234.700     3.42356  
234.800     3.42443  
234.900     3.42529  
235.000     3.42616  
235.100     3.42703  
235.200     3.42790  
235.300     3.42877  
235.400     3.42963  
235.500     3.43050  
235.600     3.43137  
235.700     3.43224  
235.800     3.43311  
235.900     3.43398  
236.000     3.43485  
236.100     3.43572  
236.200     3.43659  
236.300     3.43746  
236.400     3.43833  
236.500     3.43920  
236.600     3.44007  
236.700     3.44094  
236.800     3.44181  
236.900     3.44268  
237.000     3.44355  
237.100     3.44442  
237.200     3.44529  
237.300     3.44617  
237.400     3.44704  
237.500     3.44791  
237.600     3.44878  
237.700     3.44966  
237.800     3.45053  
237.900     3.45140  
238.000     3.45227  
238.100     3.45315  
238.200     3.45402  
238.300     3.45489  
238.400     3.45577  
238.500     3.45664  
238.600     3.45752  
238.700     3.45839  
238.800     3.45927  
238.900     3.46014  
239.000     3.46101  
239.100     3.46189  
239.200     3.46277  
239.300     3.46364  
239.400     3.46452  
239.500     3.46539  
239.600     3.46627  
239.700     3.46714  
239.800     3.46802  
239.900     3.46890  
240.000     3.46977  
240.100     3.47065  
240.200     3.47153  
240.300     3.47241  
240.400     3.47328  
240.500     3.47416  
240.600     3.47504  
240.700     3.47592  
240.800     3.47679  
240.900     3.47767  
241.000     3.47855  
241.100     3.47943  
241.200     3.48031  
241.300     3.48119  
241.400     3.48207  
241.500     3.48295  
241.600     3.48383  
241.700     3.48471  
241.800     3.48559  
241.900     3.48647  
242.000     3.48735  
242.100     3.48823  
242.200     3.48911  
242.300     3.48999  
242.400     3.49087  
242.500     3.49175  
242.600     3.49264  
242.700     3.49352  
242.800     3.49440  
242.900     3.49528  
243.000     3.49616  
243.100     3.49705  
243.200     3.49793  
243.300     3.49881  
243.400     3.49970  
243.500     3.50058  
243.600     3.50146  
243.700     3.50235  
243.800     3.50323  
243.900     3.50411  
244.000     3.50500  
244.100     3.50588  
244.200     3.50677  
244.300     3.50765  
244.400     3.50854  
244.500     3.50942  
244.600     3.51031  
244.700     3.51119  
244.800     3.51208  
244.900     3.51297  
245.000     3.51385  
245.100     3.51474  
245.200     3.51562  
245.300     3.51651  
245.400     3.51740  
245.500     3.51829  
245.600     3.51917  
245.700     3.52006  
245.800     3.52095  
245.900     3.52184  
246.000     3.52272  
246.100     3.52361  
246.200     3.52450  
246.300     3.52539  
246.400     3.52628  
246.500     3.52717  
246.600     3.52806  
246.700     3.52895  
246.800     3.52984  
246.900     3.53073  
247.000     3.53162  
247.100     3.53251  
247.200     3.53340  
247.300     3.53429  
247.400     3.53518  
247.500     3.53607  
247.600     3.53696  
247.700     3.53785  
247.800     3.53874  
247.900     3.53964  
248.000     3.54053  
248.100     3.54142  
248.200     3.54231  
248.300     3.54320  
248.400     3.54410  
248.500     3.54499  
248.600     3.54588  
248.700     3.54678  
248.800     3.54767  
248.900     3.54856  
249.000     3.54946  
249.100     3.55035  
249.200     3.55125  
249.300     3.55214  
249.400     3.55303  
249.500     3.55393  
249.600     3.55482  
249.700     3.55572  
249.800     3.55662  
249.900     3.55751  
250.000     3.55841  
250.100     3.55930  
250.200     3.56020  
250.300     3.56110  
250.400     3.56199  
250.500     3.56289  
250.600     3.56379  
250.700     3.56468  
250.800     3.56558  
250.900     3.56648  
251.000     3.56738  
251.100     3.56827  
251.200     3.56917  
251.300     3.57007  
251.400     3.57097  
251.500     3.57187  
251.600     3.57277  
251.700     3.57367  
251.800     3.57457  
251.900     3.57547  
252.000     3.57637  
252.100     3.57727  
252.200     3.57817  
252.300     3.57907  
252.400     3.57997  
252.500     3.58087  
252.600     3.58177  
252.700     3.58267  
252.800     3.58357  
252.900     3.58447  
253.000     3.58537  
253.100     3.58628  
253.200     3.58718  
253.300     3.58808  
253.400     3.58898  
253.500     3.58989  
253.600     3.59079  
253.700     3.59169  
253.800     3.59260  
253.900     3.59350  
254.000     3.59440  
254.100     3.59531  
254.200     3.59621  
254.300     3.59712  
254.400     3.59802  
254.500     3.59892  
254.600     3.59983  
254.700     3.60073  
254.800     3.60164  
254.900     3.60255  
255.000     3.60345  
255.100     3.60436  
255.200     3.60526  
255.300     3.60617  
255.400     3.60708  
255.500     3.60798  
255.600     3.60889  
255.700     3.60980  
255.800     3.61070  
255.900     3.61161  
256.000     3.61252  
256.100     3.61343  
256.200     3.61434  
256.300     3.61524  
256.400     3.61615  
256.500     3.61706  
256.600     3.61797  
256.700     3.61888  
256.800     3.61979  
256.900     3.62070  
257.000     3.62161  
257.100     3.62252  
257.200     3.62343  
257.300     3.62434  
257.400     3.62525  
257.500     3.62616  
257.600     3.62707  
257.700     3.62798  
257.800     3.62889  
257.900     3.62980  
258.000     3.63072  
258.100     3.63163  
258.200     3.63254  
258.300     3.63345  
258.400     3.63437  
258.500     3.63528  
258.600     3.63619  
258.700     3.63710  
258.800     3.63802  
258.900     3.63893  
259.000     3.63985  
259.100     3.64076  
259.200     3.64167  
259.300     3.64259  
259.400     3.64350  
259.500     3.64442  
259.600     3.64533  
259.700     3.64625  
259.800     3.64716  
259.900     3.64808  
260.000     3.64899  
260.100     3.64991  
260.200     3.65083  
260.300     3.65174  
260.400     3.65266  
260.500     3.65358  
260.600     3.65449  
260.700     3.65541  
260.800     3.65633  
260.900     3.65725  
261.000     3.65817  
261.100     3.65908  
261.200     3.66000  
261.300     3.66092  
261.400     3.66184  
261.500     3.66276  
261.600     3.66368  
261.700     3.66460  
261.800     3.66552  
261.900     3.66644  
262.000     3.66736  
262.100     3.66828  
262.200     3.66920  
262.300     3.67012  
262.400     3.67104  
262.500     3.67196  
262.600     3.67288  
262.700     3.67380  
262.800     3.67472  
262.900     3.67565  
263.000     3.67657  
263.100     3.67749  
263.200     3.67841  
263.300     3.67934  
263.400     3.68026  
263.500     3.68118  
263.600     3.68210  
263.700     3.68303  
263.800     3.68395  
263.900     3.68488  
264.000     3.68580  
264.100     3.68672  
264.200     3.68765  
264.300     3.68857  
264.400     3.68950  
264.500     3.69042  
264.600     3.69135  
264.700     3.69228  
264.800     3.69320  
264.900     3.69413  
265.000     3.69505  
265.100     3.69598  
265.200     3.69691  
265.300     3.69783  
265.400     3.69876  
265.500     3.69969  
265.600     3.70062  
265.700     3.70154  
265.800     3.70247  
265.900     3.70340  
266.000     3.70433  
266.100     3.70526  
266.200     3.70619  
266.300     3.70712  
266.400     3.70804  
266.500     3.70897  
266.600     3.70990  
266.700     3.71083  
266.800     3.71176  
266.900     3.71269  
267.000     3.71362  
267.100     3.71456  
267.200     3.71549  
267.300     3.71642  
267.400     3.71735  
267.500     3.71828  
267.600     3.71921  
267.700     3.72014  
267.800     3.72108  
267.900     3.72201  
268.000     3.72294  
268.100     3.72388  
268.200     3.72481  
268.300     3.72574  
268.400     3.72668  
268.500     3.72761  
268.600     3.72854  
268.700     3.72948  
268.800     3.73041  
268.900     3.73135  
269.000     3.73228  
269.100     3.73322  
269.200     3.73415  
269.300     3.73509  
269.400     3.73602  
269.500     3.73696  
269.600     3.73790  
269.700     3.73883  
269.800     3.73977  
269.900     3.74070  
270.000     3.74164  
270.100     3.74258  
270.200     3.74352  
270.300     3.74445  
270.400     3.74539  
270.500     3.74633  
270.600     3.74727  
270.700     3.74821  
270.800     3.74915  
270.900     3.75009  
271.000     3.75102  
271.100     3.75196  
271.200     3.75290  
271.300     3.75384  
271.400     3.75478  
271.500     3.75572  
271.600     3.75666  
271.700     3.75761  
271.800     3.75855  
271.900     3.75949  
272.000     3.76043  
272.100     3.76137  
272.200     3.76231  
272.300     3.76325  
272.400     3.76420  
272.500     3.76514  
272.600     3.76608  
272.700     3.76703  
272.800     3.76797  
272.900     3.76891  
273.000     3.76986  
273.100     3.77080  
273.200     3.77174  
273.300     3.77269  
273.400     3.77363  
273.500     3.77458  
273.600     3.77552  
273.700     3.77647  
273.800     3.77741  
273.900     3.77836  
274.000     3.77930  
274.100     3.78025  
274.200     3.78120  
274.300     3.78214  
274.400     3.78309  
274.500     3.78404  
274.600     3.78498  
274.700     3.78593  
274.800     3.78688  
274.900     3.78783  
275.000     3.78877  
275.100     3.78972  
275.200     3.79067  
275.300     3.79162  
275.400     3.79257  
275.500     3.79352  
275.600     3.79447  
275.700     3.79542  
275.800     3.79637  
275.900     3.79732  
276.000     3.79827  
276.100     3.79922  
276.200     3.80017  
276.300     3.80112  
276.400     3.80207  
276.500     3.80302  
276.600     3.80398  
276.700     3.80493  
276.800     3.80588  
276.900     3.80683  
277.000     3.80778  
277.100     3.80874  
277.200     3.80969  
277.300     3.81064  
277.400     3.81160  
277.500     3.81255  
277.600     3.81350  
277.700     3.81446  
277.800     3.81541  
277.900     3.81637  
278.000     3.81732  
278.100     3.81828  
278.200     3.81923  
278.300     3.82019  
278.400     3.82114  
278.500     3.82210  
278.600     3.82306  
278.700     3.82401  
278.800     3.82497  
278.900     3.82593  
279.000     3.82688  
279.100     3.82784  
279.200     3.82880  
279.300     3.82976  
279.400     3.83071  
279.500     3.83167  
279.600     3.83263  
279.700     3.83359  
279.800     3.83455  
279.900     3.83551  
280.000     3.83647  
280.100     3.83743  
280.200     3.83839  
280.300     3.83935  
280.400     3.84031  
280.500     3.84127  
280.600     3.84223  
280.700     3.84319  
280.800     3.84415  
280.900     3.84511  
281.000     3.84608  
281.100     3.84704  
281.200     3.84800  
281.300     3.84896  
281.400     3.84992  
281.500     3.85089  
281.600     3.85185  
281.700     3.85281  
281.800     3.85378  
281.900     3.85474  
282.000     3.85571  
282.100     3.85667  
282.200     3.85763  
282.300     3.85860  
282.400     3.85956  
282.500     3.86053  
282.600     3.86150  
282.700     3.86246  
282.800     3.86343  
282.900     3.86439  
283.000     3.86536  
283.100     3.86633  
283.200     3.86729  
283.300     3.86826  
283.400     3.86923  
283.500     3.87020  
283.600     3.87116  
283.700     3.87213  
283.800     3.87310  
283.900     3.87407  
284.000     3.87504  
284.100     3.87601  
284.200     3.87698  
284.300     3.87794  
284.400     3.87891  
284.500     3.87988  
284.600     3.88085  
284.700     3.88183  
284.800     3.88280  
284.900     3.88377  
285.000     3.88474  
285.100     3.88571  
285.200     3.88668  
285.300     3.88765  
285.400     3.88863  
285.500     3.88960  
285.600     3.89057  
285.700     3.89154  
285.800     3.89252  
285.900     3.89349  
286.000     3.89446  
286.100     3.89544  
286.200     3.89641  
286.300     3.89739  
286.400     3.89836  
286.500     3.89933  
286.600     3.90031  
286.700     3.90128  
286.800     3.90226  
286.900     3.90324  
287.000     3.90421  
287.100     3.90519  
287.200     3.90616  
287.300     3.90714  
287.400     3.90812  
287.500     3.90910  
287.600     3.91007  
287.700     3.91105  
287.800     3.91203  
287.900     3.91301  
288.000     3.91399  
288.100     3.91496  
288.200     3.91594  
288.300     3.91692  
288.400     3.91790  
288.500     3.91888  
288.600     3.91986  
288.700     3.92084  
288.800     3.92182  
288.900     3.92280  
289.000     3.92378  
289.100     3.92476  
289.200     3.92574  
289.300     3.92673  
289.400     3.92771  
289.500     3.92869  
289.600     3.92967  
289.700     3.93065  
289.800     3.93164  
289.900     3.93262  
290.000     3.93360  
290.100     3.93459  
290.200     3.93557  
290.300     3.93656  
290.400     3.93754  
290.500     3.93852  
290.600     3.93951  
290.700     3.94049  
290.800     3.94148  
290.900     3.94246  
291.000     3.94345  
291.100     3.94444  
291.200     3.94542  
291.300     3.94641  
291.400     3.94740  
291.500     3.94838  
291.600     3.94937  
291.700     3.95036  
291.800     3.95134  
291.900     3.95233  
292.000     3.95332  
292.100     3.95431  
292.200     3.95530  
292.300     3.95629  
292.400     3.95728  
292.500     3.95826  
292.600     3.95925  
292.700     3.96024  
292.800     3.96123  
292.900     3.96222  
293.000     3.96322  
293.100     3.96421  
293.200     3.96520  
293.300     3.96619  
293.400     3.96718  
293.500     3.96817  
293.600     3.96916  
293.700     3.97016  
293.800     3.97115  
293.900     3.97214  
294.000     3.97314  
294.100     3.97413  
294.200     3.97512  
294.300     3.97612  
294.400     3.97711  
294.500     3.97811  
294.600     3.97910  
294.700     3.98009  
294.800     3.98109  
294.900     3.98209  
295.000     3.98308  
295.100     3.98408  
295.200     3.98507  
295.300     3.98607  
295.400     3.98707  
295.500     3.98806  
295.600     3.98906  
295.700     3.99006  
295.800     3.99106  
295.900     3.99205  
296.000     3.99305  
296.100     3.99405  
296.200     3.99505  
296.300     3.99605  
296.400     3.99705  
296.500     3.99805  
296.600     3.99905  
296.700     4.00005  
296.800     4.00105  
296.900     4.00205  
297.000     4.00305  
297.100     4.00405  
297.200     4.00505  
297.300     4.00605  
297.400     4.00705  
297.500     4.00806  
297.600     4.00906  
297.700     4.01006  
297.800     4.01106  
297.900     4.01207  
298.000     4.01307  
298.100     4.01407  
298.200     4.01508  
298.300     4.01608  
298.400     4.01709  
298.500     4.01809  
298.600     4.01909  
298.700     4.02010  
298.800     4.02111  
298.900     4.02211  
299.000     4.02312  
299.100     4.02412  
299.200     4.02513  
299.300     4.02614  
299.400     4.02714  
299.500     4.02815  
299.600     4.02916  
299.700     4.03017  
299.800     4.03117  
299.900     4.03218  
300.000     4.03319 
300.100     4.03420  
300.200     4.03521  
300.300     4.03622  
300.400     4.03723  
300.500     4.03824  
300.600     4.03925  
300.700     4.04026  
300.800     4.04127  
300.900     4.04228  
301.000     4.04329  
301.100     4.04430  
301.200     4.04531  
301.300     4.04632  
301.400     4.04734  
301.500     4.04835  
301.600     4.04936  
301.700     4.05037  
301.800     4.05139  
301.900     4.05240  
302.000     4.05341  
302.100     4.05443  
302.200     4.05544  
302.300     4.05646  
302.400     4.05747  
302.500     4.05849  
302.600     4.05950  
302.700     4.06052  
302.800     4.06153  
302.900     4.06255  
303.000     4.06357  
303.100     4.06458  
303.200     4.06560  
303.300     4.06662  
303.400     4.06763  
303.500     4.06865  
303.600     4.06967  
303.700     4.07069  
303.800     4.07171  
303.900     4.07273  
304.000     4.07374  
304.100     4.07476  
304.200     4.07578  
304.300     4.07680  
304.400     4.07782  
304.500     4.07884  
304.600     4.07986  
304.700     4.08088  
304.800     4.08191  
304.900     4.08293  
305.000     4.08395  
305.100     4.08497  
305.200     4.08599  
305.300     4.08702  
305.400     4.08804  
305.500     4.08906  
305.600     4.09008  
305.700     4.09111  
305.800     4.09213  
305.900     4.09316  
306.000     4.09418  
306.100     4.09521  
306.200     4.09623  
306.300     4.09726  
306.400     4.09828  
306.500     4.09931  
306.600     4.10033  
306.700     4.10136  
306.800     4.10238  
306.900     4.10341  
307.000     4.10444  
307.100     4.10547  
307.200     4.10649  
307.300     4.10752  
307.400     4.10855  
307.500     4.10958  
307.600     4.11061  
307.700     4.11164  
307.800     4.11266  
307.900     4.11369  
308.000     4.11472  
308.100     4.11575  
308.200     4.11678  
308.300     4.11782  
308.400     4.11885  
308.500     4.11988  
308.600     4.12091  
308.700     4.12194  
308.800     4.12297  
308.900     4.12400  
309.000     4.12504  
309.100     4.12607  
309.200     4.12710  
309.300     4.12814  
309.400     4.12917  
309.500     4.13020  
309.600     4.13124  
309.700     4.13227  
309.800     4.13331  
309.900     4.13434  
310.000     4.13538  
310.100     4.13641  
310.200     4.13745  
310.300     4.13848  
310.400     4.13952  
310.500     4.14056  
310.600     4.14159  
310.700     4.14263  
310.800     4.14367  
310.900     4.14471  
311.000     4.14574  
311.100     4.14678  
311.200     4.14782  
311.300     4.14886  
311.400     4.14990  
311.500     4.15094  
311.600     4.15198  
311.700     4.15302  
311.800     4.15406  
311.900     4.15510  
312.000     4.15614  
312.100     4.15718  
312.200     4.15822  
312.300     4.15926  
312.400     4.16031  
312.500     4.16135  
312.600     4.16239  
312.700     4.16343  
312.800     4.16448  
312.900     4.16552  
313.000     4.16656  
313.100     4.16761  
313.200     4.16865  
313.300     4.16970  
313.400     4.17074  
313.500     4.17179  
313.600     4.17283  
313.700     4.17388  
313.800     4.17492  
313.900     4.17597  
314.000     4.17702  
314.100     4.17806  
314.200     4.17911  
314.300     4.18016  
314.400     4.18120  
314.500     4.18225  
314.600     4.18330  
314.700     4.18435  
314.800     4.18540  
314.900     4.18645  
315.000     4.18750  
315.100     4.18854  
315.200     4.18959  
315.300     4.19064  
315.400     4.19169  
315.500     4.19275  
315.600     4.19380  
315.700     4.19485  
315.800     4.19590  
315.900     4.19695  
316.000     4.19800  
316.100     4.19906  
316.200     4.20011  
316.300     4.20116  
316.400     4.20221  
316.500     4.20327  
316.600     4.20432  
316.700     4.20538  
316.800     4.20643  
316.900     4.20748  
317.000     4.20854  
317.100     4.20959  
317.200     4.21065  
317.300     4.21171  
317.400     4.21276  
317.500     4.21382  
317.600     4.21488  
317.700     4.21593  
317.800     4.21699  
317.900     4.21805  
318.000     4.21910  
318.100     4.22016  
318.200     4.22122  
318.300     4.22228  
318.400     4.22334  
318.500     4.22440  
318.600     4.22546  
318.700     4.22652  
318.800     4.22758  
318.900     4.22864  
319.000     4.22970  
319.100     4.23076  
319.200     4.23182  
319.300     4.23288  
319.400     4.23394  
319.500     4.23501  
319.600     4.23607  
319.700     4.23713  
319.800     4.23820  
319.900     4.23926  
320.000     4.24032  
320.100     4.24139  
320.200     4.24245  
320.300     4.24351  
320.400     4.24458  
320.500     4.24564  
320.600     4.24671  
320.700     4.24778  
320.800     4.24884  
320.900     4.24991  
321.000     4.25097  
321.100     4.25204  
321.200     4.25311  
321.300     4.25418  
321.400     4.25524  
321.500     4.25631  
321.600     4.25738  
321.700     4.25845  
321.800     4.25952  
321.900     4.26059  
322.000     4.26166  
322.100     4.26273  
322.200     4.26380  
322.300     4.26487  
322.400     4.26594  
322.500     4.26701  
322.600     4.26808  
322.700     4.26915  
322.800     4.27022  
322.900     4.27130  
323.000     4.27237  
323.100     4.27344  
323.200     4.27451  
323.300     4.27559  
323.400     4.27666  
323.500     4.27773  
323.600     4.27881  
323.700     4.27988  
323.800     4.28096  
323.900     4.28203  
324.000     4.28311  
324.100     4.28418  
324.200     4.28526  
324.300     4.28634  
324.400     4.28741  
324.500     4.28849  
324.600     4.28957  
324.700     4.29065  
324.800     4.29172  
324.900     4.29280  
325.000     4.29388  
325.100     4.29496  
325.200     4.29604  
325.300     4.29712  
325.400     4.29820  
325.500     4.29928  
325.600     4.30036  
325.700     4.30144  
325.800     4.30252  
325.900     4.30360  
326.000     4.30468  
326.100     4.30576  
326.200     4.30684  
326.300     4.30793  
326.400     4.30901  
326.500     4.31009  
326.600     4.31118  
326.700     4.31226  
326.800     4.31334  
326.900     4.31443  
327.000     4.31551  
327.100     4.31660  
327.200     4.31768  
327.300     4.31877  
327.400     4.31985  
327.500     4.32094  
327.600     4.32202  
327.700     4.32311  
327.800     4.32420  
327.900     4.32529  
328.000     4.32637  
328.100     4.32746  
328.200     4.32855  
328.300     4.32964  
328.400     4.33073  
328.500     4.33181  
328.600     4.33290  
328.700     4.33399  
328.800     4.33508  
328.900     4.33617  
329.000     4.33726  
329.100     4.33836  
329.200     4.33945  
329.300     4.34054  
329.400     4.34163  
329.500     4.34272  
329.600     4.34381  
329.700     4.34491  
329.800     4.34600  
329.900     4.34709  
330.000     4.34819  
330.100     4.34928  
330.200     4.35038  
330.300     4.35147  
330.400     4.35256  
330.500     4.35366  
330.600     4.35476  
330.700     4.35585  
330.800     4.35695  
330.900     4.35804  
331.000     4.35914  
331.100     4.36024  
331.200     4.36133  
331.300     4.36243  
331.400     4.36353  
331.500     4.36463  
331.600     4.36573  
331.700     4.36683  
331.800     4.36793  
331.900     4.36902  
332.000     4.37012  
332.100     4.37122  
332.200     4.37233  
332.300     4.37343  
332.400     4.37453  
332.500     4.37563  
332.600     4.37673  
332.700     4.37783  
332.800     4.37893  
332.900     4.38004  
333.000     4.38114  
333.100     4.38224  
333.200     4.38335  
333.300     4.38445  
333.400     4.38556  
333.500     4.38666  
333.600     4.38776  
333.700     4.38887  
333.800     4.38998  
333.900     4.39108  
334.000     4.39219  
334.100     4.39329  
334.200     4.39440  
334.300     4.39551  
334.400     4.39662  
334.500     4.39772  
334.600     4.39883  
334.700     4.39994  
334.800     4.40105  
334.900     4.40216  
335.000     4.40327  
335.100     4.40438  
335.200     4.40549  
335.300     4.40660  
335.400     4.40771  
335.500     4.40882  
335.600     4.40993  
335.700     4.41104  
335.800     4.41215  
335.900     4.41326  
336.000     4.41438  
336.100     4.41549  
336.200     4.41660  
336.300     4.41772  
336.400     4.41883  
336.500     4.41994  
336.600     4.42106  
336.700     4.42217  
336.800     4.42329  
336.900     4.42440  
337.000     4.42552  
337.100     4.42663  
337.200     4.42775  
337.300     4.42887  
337.400     4.42998  
337.500     4.43110  
337.600     4.43222  
337.700     4.43334  
337.800     4.43446  
337.900     4.43557  
338.000     4.43669  
338.100     4.43781  
338.200     4.43893  
338.300     4.44005  
338.400     4.44117  
338.500     4.44229  
338.600     4.44341  
338.700     4.44453  
338.800     4.44566  
338.900     4.44678  
339.000     4.44790  
339.100     4.44902  
339.200     4.45014  
339.300     4.45127  
339.400     4.45239  
339.500     4.45351  
339.600     4.45464  
339.700     4.45576  
339.800     4.45689  
339.900     4.45801  
340.000     4.45914  
340.100     4.46026  
340.200     4.46139  
340.300     4.46252  
340.400     4.46364  
340.500     4.46477  
340.600     4.46590  
340.700     4.46702  
340.800     4.46815  
340.900     4.46928  
341.000     4.47041  
341.100     4.47154  
341.200     4.47267  
341.300     4.47380  
341.400     4.47493  
341.500     4.47606  
341.600     4.47719  
341.700     4.47832  
341.800     4.47945  
341.900     4.48058  
342.000     4.48171  
342.100     4.48285  
342.200     4.48398  
342.300     4.48511  
342.400     4.48624  
342.500     4.48738  
342.600     4.48851  
342.700     4.48965  
342.800     4.49078  
342.900     4.49191  
343.000     4.49305  
343.100     4.49419  
343.200     4.49532  
343.300     4.49646  
343.400     4.49759  
343.500     4.49873  
343.600     4.49987  
343.700     4.50101  
343.800     4.50214  
343.900     4.50328  
344.000     4.50442  
344.100     4.50556  
344.200     4.50670  
344.300     4.50784  
344.400     4.50898  
344.500     4.51012  
344.600     4.51126  
344.700     4.51240  
344.800     4.51354  
344.900     4.51468  
345.000     4.51582  
345.100     4.51697  
345.200     4.51811  
345.300     4.51925  
345.400     4.52039  
345.500     4.52154  
345.600     4.52268  
345.700     4.52383  
345.800     4.52497  
345.900     4.52611  
346.000     4.52726  
346.100     4.52841  
346.200     4.52955  
346.300     4.53070  
346.400     4.53184  
346.500     4.53299  
346.600     4.53414  
346.700     4.53529  
346.800     4.53643  
346.900     4.53758  
347.000     4.53873  
347.100     4.53988  
347.200     4.54103  
347.300     4.54218  
347.400     4.54333  
347.500     4.54448  
347.600     4.54563  
347.700     4.54678  
347.800     4.54793  
347.900     4.54908  
348.000     4.55023  
348.100     4.55139  
348.200     4.55254  
348.300     4.55369  
348.400     4.55484  
348.500     4.55600  
348.600     4.55715  
348.700     4.55831  
348.800     4.55946  
348.900     4.56062  
349.000     4.56177  
349.100     4.56293  
349.200     4.56408  
349.300     4.56524  
349.400     4.56640  
349.500     4.56755  
349.600     4.56871  
349.700     4.56987  
349.800     4.57103  
349.900     4.57218  
350.000     4.57334   